-8.0	19.818937058196077
-7.989987484355444	19.852018581500367
-7.979974968710889	19.900218480868276
-7.969962453066333	19.976520471779125
-7.9599499374217775	20.060090306109476
-7.949937421777221	20.131780862799392
-7.939924906132666	20.19308597991709
-7.92991239048811	20.216685747231953
-7.919899874843554	20.188129415891893
-7.909887359198999	20.114671717213536
-7.899874843554443	20.00991939278637
-7.889862327909888	19.887895212168072
-7.8798498122653315	19.771938978611374
-7.869837296620776	19.715682846549175
-7.85982478097622	19.76952725155619
-7.849812265331664	19.933909668676954
-7.839799749687109	20.15272173805232
-7.829787234042553	20.359142894577598
-7.819774718397998	20.535386969008414
-7.809762202753442	20.702991636883112
-7.7997496871088865	20.86690066508398
-7.78973717146433	21.003734430679668
-7.779724655819774	21.106434742520644
-7.769712140175219	21.173731663810898
-7.759699624530663	21.19415376611148
-7.749687108886108	21.16570149960109
-7.739674593241552	21.11702821402346
-7.729662077596997	21.09230712840552
-7.719649561952441	21.133115780016503
-7.7096370463078845	21.242671170738102
-7.699624530663329	21.37249750667528
-7.689612015018773	21.452064544522006
-7.679599499374218	21.445403943527936
-7.669586983729662	21.36601949710228
-7.659574468085107	21.26096915073744
-7.649561952440551	21.162018635024012
-7.639549436795995	21.058124927128038
-7.629536921151439	20.93335531608154
-7.619524405506883	20.793521466960396
-7.609511889862328	20.65515553556868
-7.599499374217772	20.563505939901912
-7.589486858573217	20.536267419556975
-7.579474342928661	20.52225043710518
-7.569461827284105	20.47397259774129
-7.55944931163955	20.396807512974835
-7.5494367959949935	20.32198235367436
-7.539424280350438	20.25264766618827
-7.529411764705882	20.169944942752206
-7.519399249061326	20.057720236798957
-7.509386733416771	19.913112922649074
-7.499374217772215	19.762895806339547
-7.48936170212766	19.635350513380278
-7.479349186483104	19.54694158056643
-7.4693366708385485	19.533347894959967
-7.459324155193992	19.592198325515614
-7.449311639549437	19.673831917117354
-7.439299123904881	19.749274850019013
-7.429286608260325	19.80842280615874
-7.41927409261577	19.8228472839091
-7.409261576971214	19.751168921163764
-7.399249061326659	19.575679763767305
-7.3892365456821025	19.30712956912689
-7.3792240300375465	18.98119055992486
-7.369211514392991	18.645041796716256
-7.359198998748435	18.341175648570257
-7.34918648310388	18.10491497189583
-7.339173967459324	17.955169077531046
-7.329161451814769	17.89961588958449
-7.319148936170213	17.917542297526854
-7.3091364205256575	17.97211408885595
-7.299123904881101	18.030512278848793
-7.289111389236545	18.071348646194174
-7.27909887359199	18.07009955345083
-7.269086357947434	18.004577843339092
-7.259073842302879	17.87569021642905
-7.249061326658323	17.682159532012435
-7.239048811013767	17.442858825515188
-7.2290362953692116	17.209707374680136
-7.2190237797246555	17.037501741136722
-7.2090112640801	16.90809724622749
-7.198998748435544	16.803478772743574
-7.188986232790989	16.7090455152183
-7.178973717146433	16.606026754866754
-7.168961201501878	16.474180398446826
-7.158948685857322	16.303114106222054
-7.148936170212766	16.10031356090054
-7.13892365456821	15.893329034500615
-7.128911138923654	15.716566115640308
-7.118898623279099	15.598611254794735
-7.108886107634543	15.528559356684843
-7.098873591989987	15.445726160742762
-7.088861076345432	15.306571972739713
-7.078848560700876	15.122920911035688
-7.068836045056321	14.917023727450637
-7.0588235294117645	14.72245913030557
-7.048811013767209	14.54968800253241
-7.038798498122653	14.399030469651947
-7.028785982478098	14.243295090897107
-7.018773466833542	14.052648223673971
-7.008760951188986	13.82746785709534
-6.998748435544431	13.595984626866246
-6.988735919899875	13.392385012451033
-6.9787234042553195	13.247983214273189
-6.968710888610763	13.154643688025246
-6.958698372966207	13.083719478483303
-6.948685857321652	13.016132717421575
-6.938673341677096	12.918987896368714
-6.928660826032541	12.815936059021904
-6.918648310387985	12.736638928773196
-6.908635794743429	12.68269083150596
-6.8986232790988735	12.614435257751857
-6.888610763454318	12.545489110267384
-6.878598247809762	12.491190980669286
-6.868585732165206	12.411436930163022
-6.858573216520651	12.351297277482715
-6.848560700876095	12.3218505057743
-6.83854818523154	12.3723586309468
-6.828535669586984	12.414371925871231
-6.818523153942428	12.377314864707738
-6.808510638297872	12.326188086368028
-6.798498122653316	12.259228382280359
-6.788485607008761	12.152879664641834
-6.778473091364205	12.05702800803231
-6.768460575719649	12.023887142616138
-6.758448060075094	12.095303443014009
-6.748435544430539	12.252681417313331
-6.7384230287859825	12.523132063448102
-6.7284105131414265	12.885503974034542
-6.718397997496871	13.223040569226315
-6.708385481852315	13.513039616408703
-6.69837296620776	13.814671666866664
-6.688360450563204	14.109155779424613
-6.678347934918648	14.304316032089682
-6.668335419274093	14.4754178001646
-6.658322903629537	14.631018773965083
-6.648310387984981	14.709720459883227
-6.638297872340425	14.710105456543205
-6.628285356695869	14.642889425875541
-6.618272841051314	14.589209351654105
-6.608260325406759	14.63550026993774
-6.598247809762203	14.731345000410393
-6.588235294117647	14.928676272841695
-6.578222778473092	15.188043119172052
-6.5682102628285355	15.450481636559322
-6.55819774718398	15.713649662942107
-6.548185231539424	15.911802058181364
-6.538172715894868	16.11413643035773
-6.528160200250313	16.33213716753569
-6.518147684605757	16.47296827046055
-6.508135168961202	16.632665239172706
-6.498122653316646	16.87997865833476
-6.4881101376720896	17.128888527997272
-6.478097622027534	17.373036610953026
-6.468085106382979	17.482892257925933
-6.458072590738423	17.582838372359557
-6.448060075093867	17.721531129583187
-6.438047559449312	17.82322391688043
-6.428035043804756	18.001893443525706
-6.418022528160201	18.28640816564661
-6.4080100125156445	18.636006250862323
-6.397997496871088	18.982562149085513
-6.387984981226533	19.382164842826462
-6.377972465581977	19.808777987117015
-6.367959949937422	20.14048727659402
-6.357947434292866	20.307410455189594
-6.34793491864831	20.378018757829867
-6.337922403003755	20.442092264692942
-6.3279098873591995	20.60133059991847
-6.317897371714643	20.839170428647247
-6.307884856070087	21.02767070762498
-6.297872340425532	21.157947009833553
-6.287859824780976	21.281736727105457
-6.277847309136421	21.408840614576327
-6.267834793491865	21.515930944952125
-6.257822277847309	21.625553057189006
-6.2478097622027535	21.76864268889201
-6.2377972465581975	21.935516903454555
-6.227784730913642	22.082864799925886
-6.217772215269086	22.164656147495393
-6.20775969962453	22.33852876392602
-6.197747183979975	22.566886419381017
-6.18773466833542	22.714812951873537
-6.177722152690864	22.85503729813533
-6.167709637046308	23.061807884738506
-6.157697121401752	23.23867478175713
-6.147684605757196	23.37192306332864
-6.137672090112641	23.446050479157993
-6.127659574468085	23.550211894046942
-6.117647058823529	23.791924500461775
-6.107634543178974	23.95124460901558
-6.097622027534418	24.010081180819753
-6.0876095118898625	24.051388988856598
-6.0775969962453065	24.090553991524384
-6.06758448060075	24.089040652819964
-6.057571964956195	24.057938679466034
-6.04755944931164	24.00572725579657
-6.037546933667084	24.08952664843
-6.027534418022528	24.264692614292546
-6.017521902377973	24.437298504258607
-6.007509386733417	24.49425243400146
-5.997496871088861	24.464059073605952
-5.987484355444305	24.377359926075183
-5.977471839799749	24.244466176650153
-5.967459324155194	24.168218275644886
-5.957446808510639	24.18804209497808
-5.947434292866083	24.11453188675953
-5.937421777221527	23.966418761650964
-5.927409261576971	23.88134438341062
-5.9173967459324155	23.87338793435343
-5.90738423028786	23.865808080305058
-5.897371714643304	23.747325991076373
-5.887359198998748	23.57338443247144
-5.877346683354192	23.417540026062266
-5.867334167709637	23.362270662676647
-5.857321652065082	23.42916709046398
-5.847309136420526	23.477117547437196
-5.83729662077597	23.411430335152772
-5.827284105131414	23.24946514903448
-5.817271589486858	22.96701553374947
-5.807259073842303	22.609084108116406
-5.797246558197747	22.213730949810675
-5.787234042553191	21.980104560268288
-5.777221526908636	21.833348326152404
-5.767209011264081	21.766425236531102
-5.7571964956195245	21.56899785528973
-5.747183979974968	21.31334059788179
-5.737171464330412	21.19578684649302
-5.727158948685857	21.134701436142393
-5.717146433041302	21.04593106168272
-5.707133917396746	20.825746935512047
-5.69712140175219	20.49198087302422
-5.687108886107635	20.157310946258104
-5.677096370463079	19.910464276374537
-5.667083854818523	19.70924255532729
-5.657071339173967	19.461393210622564
-5.647058823529411	19.36713009567447
-5.637046307884856	19.269619735375276
-5.627033792240301	19.14678433894721
-5.617021276595745	18.959919435263064
-5.607008760951189	18.785087804016992
-5.596996245306633	18.573457386358122
-5.5869837296620775	18.49828836892489
-5.576971214017522	18.405989428571058
-5.566958698372966	18.380480560532174
-5.55694618272841	18.305221498816415
-5.546933667083855	18.21157396960718
-5.536921151439299	18.195803532287407
-5.526908635794744	18.09096466105015
-5.516896120150188	17.84721238416544
-5.5068836045056315	17.75264815648617
-5.496871088861076	17.728091784232255
-5.486858573216521	17.672441033943358
-5.476846057571965	17.58086299876342
-5.466833541927409	17.522787929825753
-5.456821026282853	17.40695560422436
-5.446808510638298	17.2921199100279
-5.4367959949937426	17.223418020620983
-5.4267834793491865	17.017839250303027
-5.41677096370463	16.964631869923977
-5.406758448060075	16.92014099234027
-5.396745932415519	16.92176903557381
-5.386733416770964	17.003012925217195
-5.376720901126408	17.001027960448873
-5.366708385481852	16.95167659005344
-5.356695869837297	16.936327819192925
-5.346683354192741	16.894214594696532
-5.336670838548185	16.859086573829035
-5.326658322903629	16.816843170495417
-5.316645807259073	16.751789734443605
-5.306633291614518	16.731726162976702
-5.296620775969963	16.73288128921226
-5.286608260325407	16.751978232831707
-5.276595744680851	16.754100786141674
-5.2665832290362955	16.762044827067083
-5.256570713391739	16.84931029107948
-5.246558197747184	16.911686769796688
-5.236545682102628	16.90816491429603
-5.226533166458072	16.907855664989913
-5.216520650813517	16.858316602302395
-5.206508135168962	16.843002412983687
-5.196495619524406	16.83756355327065
-5.18648310387985	16.798518781971186
-5.1764705882352935	16.76799910974492
-5.166458072590738	16.754224260551233
-5.156445556946183	16.706016259015794
-5.146433041301627	16.66529538816368
-5.136420525657071	16.583910672723146
-5.126408010012516	16.52723101232486
-5.11639549436796	16.517128141170105
-5.1063829787234045	16.50719525063198
-5.0963704630788484	16.492754968059902
-5.086357947434292	16.39070656541937
-5.076345431789737	16.296785471017696
-5.066332916145182	16.21927485538518
-5.056320400500626	16.123774997323768
-5.04630788485607	16.09984251498078
-5.036295369211514	16.008477679144473
-5.026282853566959	16.001973406706988
-5.016270337922403	16.00398299532508
-5.006257822277847	16.005714466758956
-4.996245306633291	15.879321127630543
-4.986232790988735	15.857369506655024
-4.97622027534418	15.860616596630178
-4.966207759699625	15.883112627278202
-4.956195244055069	15.89429064978328
-4.946182728410513	15.86408202415979
-4.9361702127659575	15.881940713747106
-4.926157697121402	15.89170179263674
-4.916145181476846	15.84058712552443
-4.90613266583229	15.80344728097536
-4.896120150187734	15.739801042204155
-4.886107634543179	15.662986159760209
-4.876095118898624	15.620089868451151
-4.866082603254068	15.433213766799485
-4.8560700876095115	15.350696362916175
-4.8460575719649555	15.272460053683531
-4.8360450563204	15.25214759446102
-4.826032540675845	15.298645718474603
-4.816020025031289	15.248652568586113
-4.806007509386733	15.287787631975606
-4.795994993742178	15.318070404909339
-4.785982478097623	15.293418232982019
-4.7759699624530665	15.25376746252504
-4.76595744680851	15.162990785615365
-4.755944931163954	15.174129508027589
-4.745932415519399	15.220511353801125
-4.735919899874844	15.23159295484548
-4.725907384230288	15.013009389005132
-4.715894868585732	14.814403134724717
-4.705882352941176	14.830919331527035
-4.6958698372966206	14.940265981730592
-4.685857321652065	14.906055553512282
-4.675844806007509	14.818225480860963
-4.665832290362953	14.890850096284641
-4.655819774718398	14.833714954023716
-4.645807259073843	14.897066639654463
-4.635794743429287	15.087475474729247
-4.625782227784731	15.084976498678067
-4.615769712140175	15.066365801344602
-4.605757196495619	15.072195418444286
-4.595744680851064	15.153624326861834
-4.585732165206508	15.19675555663744
-4.575719649561952	15.173326062249792
-4.565707133917396	15.233058160183733
-4.555694618272841	15.24798212349794
-4.545682102628286	15.309909259102989
-4.53566958698373	15.180435546641869
-4.5256570713391735	15.143599942410441
-4.515644555694618	15.124617857693345
-4.505632040050063	15.129358312016747
-4.495619524405507	15.119115671491791
-4.485607008760951	15.143875327809182
-4.475594493116395	15.18793132926825
-4.46558197747184	15.17406535075732
-4.4555694618272845	15.184302975330372
-4.4455569461827285	15.197908768781435
-4.435544430538172	15.20698524675959
-4.425531914893616	15.287313917448877
-4.415519399249061	15.287719069023778
-4.405506883604506	15.30072660718904
-4.39549436795995	15.388657528885721
-4.385481852315394	15.41026500993326
-4.375469336670839	15.461313036982364
-4.365456821026283	15.479776353185306
-4.355444305381727	15.486480811251557
-4.345431789737171	15.492892941725334
-4.335419274092615	15.521693232989428
-4.32540675844806	15.595366719801463
-4.315394242803505	15.601031531053602
-4.305381727158949	15.58244923968392
-4.295369211514393	15.57149693785439
-4.285356695869837	15.57201625357071
-4.275344180225281	15.560993000503098
-4.265331664580726	15.544174873830041
-4.25531914893617	15.526696083457711
-4.245306633291614	15.52207213519895
-4.235294117647059	15.552033513032807
-4.225281602002504	15.636914066829561
-4.215269086357948	15.754075324421681
-4.2052565707133915	15.862709196540091
-4.1952440550688355	15.96486085456082
-4.18523153942428	16.112755153402595
-4.175219023779725	16.160192690993146
-4.165206508135169	16.23519883244908
-4.155193992490613	16.345995510322798
-4.145181476846057	16.443460460991332
-4.135168961201502	16.583235749195463
-4.1251564455569465	16.692846017360374
-4.11514392991239	16.816241667914525
-4.105131414267834	16.923373766980806
-4.095118898623279	17.00257515433145
-4.085106382978723	17.0560249623096
-4.075093867334168	17.178953487310693
-4.065081351689612	17.545274110520495
-4.055068836045056	17.71130155909919
-4.045056320400501	17.895817821142813
-4.035043804755945	18.171660482421114
-4.025031289111389	18.616650813140012
-4.015018773466833	18.847078525682257
-4.005006257822277	18.99189857622875
-3.994993742177722	19.143291464742685
-3.9849812265331668	19.374098644739643
-3.9749687108886107	19.586839898726065
-3.9649561952440546	19.70818672135089
-3.9549436795994994	19.7721787728923
-3.9449311639549434	19.937722156219923
-3.934918648310388	20.151602946749673
-3.924906132665832	20.461106620650003
-3.914893617021277	20.806070758363408
-3.904881101376721	21.106731190226668
-3.8948685857321648	21.238628486967382
-3.8848560700876096	21.368337278443622
-3.8748435544430535	21.41157893935921
-3.8648310387984983	21.48460026091308
-3.8548185231539422	21.641604659280315
-3.844806007509387	21.71962830915031
-3.834793491864831	21.813203228817382
-3.824780976220275	21.987494479669692
-3.8147684605757197	22.158176640674807
-3.8047559449311636	22.30158828393388
-3.7947434292866085	22.53763585121459
-3.7847309136420524	22.686677002320753
-3.774718397997497	22.898648758505786
-3.764705882352941	23.111749109307375
-3.754693366708385	23.297847659893
-3.74468085106383	23.559347926034715
-3.734668335419274	23.9431169227916
-3.7246558197747186	24.044733445076293
-3.7146433041301625	24.080429630397283
-3.7046307884856065	24.112292527900284
-3.6946182728410513	24.14189326886814
-3.684605757196495	24.256043838192504
-3.67459324155194	24.31683138823298
-3.664580725907384	24.249959016138636
-3.6545682102628287	24.107265156747747
-3.6445556946182727	23.85299350977091
-3.6345431789737166	23.649085153280932
-3.6245306633291614	23.510528476554324
-3.6145181476846053	23.39387094738765
-3.60450563204005	23.2405320613592
-3.594493116395494	23.032866451030966
-3.584480600750939	22.778635119075325
-3.574468085106383	22.558597349003847
-3.5644555694618267	22.29272531437095
-3.5544430538172715	21.873520377361725
-3.5444305381727155	21.45124817323072
-3.5344180225281603	21.035540234592986
-3.524405506883604	20.653825582873413
-3.514392991239049	20.31850058491075
-3.504380475594493	20.003308243272212
-3.494367959949937	19.71460649090649
-3.4843554443053817	19.590733399580735
-3.4743429286608256	19.463541597222093
-3.4643304130162704	19.3159273793678
-3.4543178973717144	19.221009193495952
-3.444305381727159	19.125497011969646
-3.434292866082603	18.94795418189736
-3.424280350438047	18.686162607286832
-3.414267834793492	18.367921837411192
-3.4042553191489358	18.11908432982133
-3.3942428035043806	17.813312917901097
-3.3842302878598245	17.50440592509178
-3.3742177722152693	17.188708562304388
-3.3642052565707132	16.851365692048294
-3.354192740926157	16.531597740490632
-3.344180225281602	16.376626643954726
-3.334167709637046	16.21986058628518
-3.3241551939924907	16.060889531630103
-3.3141426783479346	15.957260319022712
-3.3041301627033794	15.876928360583014
-3.2941176470588234	15.804698705677989
-3.2841051314142673	15.747656349851027
-3.274092615769712	15.657117778092683
-3.264080100125156	15.54600611513767
-3.254067584480601	15.411483268790061
-3.2440550688360448	15.40052720344623
-3.2340425531914896	15.40808847048634
-3.2240300375469335	15.169224655545332
-3.2140175219023774	15.065354328315609
-3.2040050062578223	14.90040745984686
-3.193992490613266	14.657671858841478
-3.183979974968711	14.618274857748842
-3.173967459324155	14.559358118042464
-3.1639549436795997	14.475593514366997
-3.1539424280350437	14.448745809519883
-3.1439299123904876	14.415823354988323
-3.1339173967459324	14.439876469968434
-3.1239048811013763	14.448938658358458
-3.113892365456821	14.453573386255666
-3.103879849812265	14.46380799054824
-3.09386733416771	14.506454647557332
-3.083854818523154	14.484103914873566
-3.0738423028785977	14.32537796379339
-3.0638297872340425	14.336366679901815
-3.0538172715894865	14.381348462196643
-3.0438047559449313	14.281147672814258
-3.033792240300375	14.31860544749887
-3.02377972465582	14.389283319496226
-3.013767209011264	14.332978458390738
-3.003754693366708	14.35357330553022
-2.9937421777221527	14.29911131958417
-2.9837296620775966	14.356508149172937
-2.9737171464330414	14.377661082747244
-2.9637046307884853	14.388043468886869
-2.95369211514393	14.324998790333314
-2.943679599499374	14.17493417961798
-2.933667083854818	13.980786694603017
-2.923654568210263	13.905222745123387
-2.9136420525657067	13.86417490102526
-2.9036295369211516	13.913170282425341
-2.8936170212765955	13.86841402178388
-2.8836045056320403	13.83805163975043
-2.873591989987484	13.772272098927537
-2.863579474342928	13.730764147111968
-2.853566958698373	13.65822470743751
-2.843554443053817	13.652085022765641
-2.8335419274092617	13.725574736467646
-2.8235294117647056	13.733769582003188
-2.8135168961201504	13.719200741909528
-2.8035043804755944	13.787429531140287
-2.7934918648310383	13.818661156565803
-2.783479349186483	13.949898534968629
-2.773466833541927	14.021099673920212
-2.763454317897372	13.987981692303514
-2.7534418022528158	13.901512834181919
-2.7434292866082606	13.93664326967719
-2.7334167709637045	14.019507820456129
-2.7234042553191484	14.089006900356035
-2.7133917396745932	14.121147268770113
-2.703379224030037	14.122869782858844
-2.693366708385482	14.102772668700666
-2.683354192740926	14.115788636199754
-2.6733416770963707	14.133921432962442
-2.6633291614518146	14.105156050267015
-2.6533166458072586	14.07922969731733
-2.6433041301627034	14.061746294843001
-2.6332916145181473	14.035474574890616
-2.623279098873592	14.029863643199668
-2.613266583229036	13.994939405377558
-2.603254067584481	13.927771999406742
-2.593241551939925	13.922559538834124
-2.5832290362953687	13.927337504853645
-2.5732165206508135	13.86551389139398
-2.5632040050062574	13.870200642865592
-2.5531914893617023	13.999598258181404
-2.543178973717146	14.171355064595032
-2.533166458072591	14.275755927885204
-2.523153942428035	14.330860923350071
-2.513141426783479	14.432964470522101
-2.5031289111389237	14.464466041878218
-2.4931163954943676	14.466784863185557
-2.4831038798498124	14.487437355307312
-2.4730913642052563	14.579426475190417
-2.463078848560701	14.723704972630768
-2.453066332916145	14.830818394932383
-2.443053817271589	14.896941128516557
-2.433041301627034	14.874581643257018
-2.4230287859824777	14.840817277296752
-2.4130162703379225	14.872595284199459
-2.4030037546933665	14.922323015239034
-2.3929912390488113	15.018195082436534
-2.382978723404255	15.260543348829943
-2.372966207759699	15.53003086511115
-2.362953692115144	15.782372131564577
-2.352941176470588	16.009776363513765
-2.3429286608260327	16.248020318302906
-2.3329161451814766	16.469765992850228
-2.3229036295369214	16.640140820208032
-2.3128911138923653	16.769797636830877
-2.3028785982478093	16.978791546121315
-2.292866082603254	17.135763651666384
-2.282853566958698	17.271926895958014
-2.272841051314143	17.35637080941585
-2.2628285356695867	17.460498995133488
-2.2528160200250316	17.622906042442793
-2.2428035043804755	17.82902071225524
-2.2327909887359194	18.037654518293706
-2.2227784730913642	18.24239680297646
-2.212765957446808	18.504316152006606
-2.202753441802253	18.779024915169913
-2.192740926157697	18.9857969817622
-2.1827284105131417	19.16337645534899
-2.1727158948685856	19.363831233007055
-2.1627033792240296	19.45644336502709
-2.1526908635794744	19.45523958643131
-2.1426783479349183	19.388365448440158
-2.132665832290363	19.31734859432019
-2.122653316645807	19.347285342450093
-2.112640801001252	19.408253085367054
-2.1026282853566958	19.413745112058812
-2.0926157697121397	19.450430089730478
-2.0826032540675845	19.5729814149529
-2.0725907384230284	19.78185798107629
-2.0625782227784732	20.013258384479485
-2.052565707133917	20.20554340995272
-2.042553191489362	20.481921738021672
-2.032540675844806	20.75933732807582
-2.02252816020025	20.867550970996838
-2.0125156445556946	20.862185149279775
-2.0025031289111386	20.85983604742968
-1.9924906132665834	20.882622958564834
-1.9824780976220273	20.90977549525783
-1.9724655819774712	20.929921632770043
-1.962453066332916	20.876224933755132
-1.95244055068836	20.779434814958865
-1.9424280350438048	20.597188563437232
-1.9324155193992487	20.31597471294518
-1.9224030037546935	20.0939484556443
-1.9123904881101375	19.993533191284325
-1.9023779724655814	19.958324324864225
-1.8923654568210262	19.969813594786515
-1.8823529411764701	20.005636769583017
-1.872340425531915	20.019601236780268
-1.8623279098873589	20.15052425129068
-1.8523153942428037	20.28347118818499
-1.8423028785982476	20.361548087789515
-1.8322903629536915	20.413134086291592
-1.8222778473091363	20.44928502850652
-1.8122653316645803	20.456217043502374
-1.802252816020025	20.496681099314575
-1.792240300375469	20.56304494049465
-1.7822277847309138	20.575855684357094
-1.7722152690863577	20.55855713809708
-1.7622027534418017	20.543518417709567
-1.7521902377972465	20.53828057955504
-1.7421777221526904	20.515941668753957
-1.7321652065081352	20.51451310952045
-1.7221526908635791	20.540086785090605
-1.712140175219024	20.51792645815554
-1.7021276595744679	20.40260925109579
-1.6921151439299118	20.266346767535666
-1.6821026282853566	20.157601624553195
-1.6720901126408005	20.121777092070396
-1.6620775969962454	20.17399965743687
-1.6520650813516893	20.260141891669544
-1.642052565707134	20.328908571284135
-1.632040050062578	20.38775296800378
-1.622027534418022	20.40392582130025
-1.6120150187734668	20.408640015730388
-1.6020025031289107	20.42152018248074
-1.5919899874843555	20.448462086030485
-1.5819774718397994	20.513934037142914
-1.5719649561952442	20.587885761279924
-1.5619524405506882	20.591173973291816
-1.551939924906132	20.563619209884106
-1.541927409261577	20.52577984863711
-1.5319148936170208	20.466187384211764
-1.5219023779724656	20.351967219401036
-1.5118898623279096	20.158495938822465
-1.5018773466833544	20.039404241460094
-1.4918648310387983	19.94995180749675
-1.4818523153942422	19.842717786421648
-1.471839799749687	19.73570345338493
-1.461827284105131	19.648200714268732
-1.4518147684605758	19.562924970900205
-1.4418022528160197	19.479775156956613
-1.4317897371714645	19.41847024082199
-1.4217772215269084	19.42821838816548
-1.4117647058823524	19.431493172520696
-1.4017521902377972	19.37492908604911
-1.391739674593241	19.32141475428198
-1.381727158948686	19.26535635682396
-1.3717146433041298	19.22360156406235
-1.3617021276595747	19.21354349472178
-1.3516896120150186	19.235832869750876
-1.3416770963704625	19.245725634206668
-1.3316645807259073	19.232840210782417
-1.3216520650813512	19.180348782540833
-1.311639549436796	19.05581653265741
-1.30162703379224	18.87970561008385
-1.2916145181476848	18.684362947140148
-1.2816020025031287	18.478897382020172
-1.2715894868585726	18.31387523979602
-1.2615769712140175	18.20940998875181
-1.2515644555694614	18.055048748882157
-1.2415519399249062	17.84964732261012
-1.2315394242803501	17.629884432431453
-1.221526908635795	17.376486608304774
-1.2115143929912389	17.156267840595103
-1.2015018773466828	16.971075222028837
-1.1914893617021276	16.800165808776413
-1.1814768460575715	16.63163553226684
-1.1714643304130163	16.48284422904385
-1.1614518147684603	16.250257428906178
-1.151439299123905	15.949301339108613
-1.141426783479349	15.652905089987105
-1.131414267834793	15.444841504924518
-1.1214017521902377	15.244541290505223
-1.1113892365456817	15.014982242731064
-1.1013767209011265	14.797912454796426
-1.0913642052565704	14.647684275895452
-1.0813516896120152	14.535718484692108
-1.0713391739674591	14.412445912707838
-1.061326658322903	14.266838582264485
-1.0513141426783479	14.111844673460634
-1.0413016270337918	14.010269676367438
-1.0312891113892366	13.934907221903345
-1.0212765957446805	13.874232262532084
-1.0112640801001254	13.816182741446257
-1.0012515644555693	13.779877936736156
-0.9912390488110132	13.768139266578316
-0.981226533166458	13.77553810073766
-0.971214017521902	13.728759205701122
-0.9612015018773468	13.696934118106812
-0.9511889862327907	13.694658935613857
-0.9411764705882355	13.61328292300959
-0.9311639549436794	13.449063345581019
-0.9211514392991234	13.211294093794438
-0.9111389236545682	13.020276526763796
-0.9011264080100121	12.942816468016607
-0.8911138923654569	12.864614423671929
-0.8811013767209008	12.809029967546387
-0.8710888610763456	12.762539941427088
-0.8610763454317896	12.727760851746694
-0.8510638297872335	12.719450983390338
-0.8410513141426783	12.693410528093702
-0.8310387984981222	12.616167709777566
-0.821026282853567	12.556697424074585
-0.811013767209011	12.581099898959666
-0.8010012515644558	12.682150459801607
-0.7909887359198997	12.852229731619639
-0.7809762202753436	12.94449525514554
-0.7709637046307884	12.955314497302826
-0.7609511889862324	12.991564377670176
-0.7509386733416772	13.072256248073597
-0.7409261576971211	13.162548009084546
-0.7309136420525659	13.270215914854662
-0.7209011264080099	13.401248692362012
-0.7108886107634538	13.505448975193078
-0.7008760951188986	13.599769233448953
-0.6908635794743425	13.676440410106581
-0.6808510638297873	13.728745329729295
-0.6708385481852313	13.764735459985696
-0.6608260325406761	13.751997299152325
-0.65081351689612	13.72336845560285
-0.6408010012515639	13.696653887588758
-0.6307884856070087	13.707595563178026
-0.6207759699624527	13.78503561091366
-0.6107634543178975	13.894249933125778
-0.6007509386733414	13.957257831442702
-0.5907384230287862	13.906134794838971
-0.5807259073842301	13.819966937778766
-0.5707133917396741	13.6905802084904
-0.5607008760951189	13.518824489230347
-0.5506883604505628	13.35391381148668
-0.5406758448060076	13.234618751902447
-0.5306633291614515	13.141769855369516
-0.5206508135168963	13.062783215335235
-0.5106382978723403	13.058137157598875
-0.5006257822277842	13.10851045903842
-0.490613266583229	13.100010176920422
-0.48060075093867294	13.110057558317433
-0.47058823529411775	13.112068135540989
-0.4605757196495617	13.107528492764176
-0.4505632040050065	13.147669360181538
-0.4405506883604504	13.214626049337179
-0.43053817271589434	13.297585101819347
-0.42052565707133915	13.37875667362291
-0.4105131414267831	13.43193412108181
-0.4005006257822279	13.429061140799343
-0.3904881101376718	13.406218089865154
-0.38047559449311663	13.388025813842775
-0.37046307884856056	13.387684646623054
-0.3604505632040045	13.393312788827341
-0.3504380475594493	13.391666290344995
-0.3404255319148932	13.401659479269732
-0.33041301627033803	13.435199343977803
-0.32040050062578196	13.400671451132576
-0.3103879849812259	13.342858540487432
-0.3003754693366707	13.305853703007552
-0.2903629536921146	13.28592491907902
-0.28035043804755944	13.225602331783396
-0.27033792240300336	13.145328395169445
-0.2603254067584482	13.11762233186372
-0.2503128911138921	13.10493895941023
-0.24030037546933602	13.098509995061626
-0.23028785982478084	13.109172925298937
-0.22027534418022476	13.124301519679396
-0.21026282853566958	13.134413233432818
-0.2002503128911135	13.103498532960515
-0.19023779724655832	13.014348469843195
-0.18022528160200224	12.957093642466123
-0.17021276595744617	12.935101564985183
-0.16020025031289098	12.940683795898485
-0.1501877346683349	12.997575019879113
-0.14017521902377972	13.091314608103227
-0.13016270337922364	13.19016862489885
-0.12015018773466846	13.300967415091927
-0.11013767209011238	13.4245966067655
-0.10012515644555631	13.52291059126924
-0.09011264080100112	13.567509595475507
-0.08010012515644505	13.526137368329351
-0.07008760951188986	13.391194869823043
-0.060075093867333784	13.210769724320123
-0.0500625782227786	13.022380313953922
-0.04005006257822252	12.842812225670164
-0.030037546933666448	12.668664347609123
-0.02002503128911126	12.48782195509643
-0.010012515644555187	12.317634679950936
0.0	12.112049257198928
