-8.0	23.722494531696725
-7.989987484355444	24.383629313037698
-7.979974968710889	25.070923511202768
-7.969962453066333	25.75135075907656
-7.9599499374217775	26.393320476923822
-7.949937421777221	26.993564920676533
-7.939924906132666	27.55407699864096
-7.92991239048811	28.05946124686005
-7.919899874843554	28.497987078792086
-7.909887359198999	28.866190313539832
-7.899874843554443	29.139452247439646
-7.889862327909888	29.281061359752194
-7.8798498122653315	29.294416169134198
-7.869837296620776	29.24417637184369
-7.85982478097622	29.226038188391655
-7.849812265331664	29.304586589316067
-7.839799749687109	29.463950583593927
-7.829787234042553	29.622591296250693
-7.819774718397998	29.71082791955603
-7.809762202753442	29.704432778340255
-7.7997496871088865	29.613661259357542
-7.78973717146433	29.473162931418074
-7.779724655819774	29.31257241926414
-7.769712140175219	29.157334362506994
-7.759699624530663	29.018835480476156
-7.749687108886108	28.855463685974986
-7.739674593241552	28.607693449578477
-7.729662077596997	28.270576754639862
-7.719649561952441	27.889198574671706
-7.7096370463078845	27.513012909530325
-7.699624530663329	27.173527317569736
-7.689612015018773	26.834721140425973
-7.679599499374218	26.428641195965223
-7.669586983729662	25.920753984398466
-7.659574468085107	25.340260312948978
-7.649561952440551	24.783093929801364
-7.639549436795995	24.348318982124795
-7.629536921151439	24.0437365801769
-7.619524405506883	23.803223977726596
-7.609511889862328	23.57742063220122
-7.599499374217772	23.345473534312593
-7.589486858573217	23.099006377801125
-7.579474342928661	22.84566658743271
-7.569461827284105	22.604109934926864
-7.55944931163955	22.392570872154387
-7.5494367959949935	22.2281779602641
-7.539424280350438	22.114005053024297
-7.529411764705882	22.0352338457566
-7.519399249061326	21.97125821980626
-7.509386733416771	21.89925743689302
-7.499374217772215	21.844173405527755
-7.48936170212766	21.872810863005352
-7.479349186483104	21.992591842209713
-7.4693366708385485	22.1567615681422
-7.459324155193992	22.32015705369684
-7.449311639549437	22.429709061235847
-7.439299123904881	22.466055509613234
-7.429286608260325	22.462969829655357
-7.41927409261577	22.48340662760446
-7.409261576971214	22.578457002195876
-7.399249061326659	22.74516265654539
-7.3892365456821025	22.943607219020947
-7.3792240300375465	23.156927956752668
-7.369211514392991	23.375592825882787
-7.359198998748435	23.600288110689583
-7.34918648310388	23.857149515293205
-7.339173967459324	24.145881539106533
-7.329161451814769	24.422416045894188
-7.319148936170213	24.645970249538216
-7.3091364205256575	24.804669050905623
-7.299123904881101	24.887349905358224
-7.289111389236545	24.87944363872909
-7.27909887359199	24.804917508171382
-7.269086357947434	24.71435060685277
-7.259073842302879	24.645720169071357
-7.249061326658323	24.631961172731884
-7.239048811013767	24.685027344611353
-7.2290362953692116	24.786948169729037
-7.2190237797246555	24.89602345204188
-7.2090112640801	24.956123159138837
-7.198998748435544	24.939080724217284
-7.188986232790989	24.842855780243717
-7.178973717146433	24.673609975496888
-7.168961201501878	24.45349251116581
-7.158948685857322	24.23789937464242
-7.148936170212766	24.073446018942548
-7.13892365456821	23.940805694454514
-7.128911138923654	23.77597579347904
-7.118898623279099	23.53903496770834
-7.108886107634543	23.237173135198482
-7.098873591989987	22.88987155216378
-7.088861076345432	22.499077379049574
-7.078848560700876	22.066195556351307
-7.068836045056321	21.647831313042992
-7.0588235294117645	21.3072605873411
-7.048811013767209	21.050693720887256
-7.038798498122653	20.848337913956396
-7.028785982478098	20.656997598770793
-7.018773466833542	20.439362906402827
-7.008760951188986	20.216190771072853
-6.998748435544431	20.026151560817617
-6.988735919899875	19.860217972208567
-6.9787234042553195	19.678624277883408
-6.968710888610763	19.474438759154147
-6.958698372966207	19.238008611797383
-6.948685857321652	18.979876815508998
-6.938673341677096	18.72361862406212
-6.928660826032541	18.46762372583667
-6.918648310387985	18.24898230430568
-6.908635794743429	18.107399931022975
-6.8986232790988735	18.017734959443626
-6.888610763454318	17.91935818699034
-6.878598247809762	17.83106266064607
-6.868585732165206	17.80729600278133
-6.858573216520651	17.864091626138137
-6.848560700876095	17.988611733958614
-6.83854818523154	18.143954286639545
-6.828535669586984	18.334247841971496
-6.818523153942428	18.507015538591585
-6.808510638297872	18.638140333073625
-6.798498122653316	18.845976536476964
-6.788485607008761	19.160992107783382
-6.778473091364205	19.51987170447395
-6.768460575719649	19.86752070153768
-6.758448060075094	20.195560543083626
-6.748435544430539	20.566155764618507
-6.7384230287859825	21.02890536501866
-6.7284105131414265	21.60893217829856
-6.718397997496871	22.303870532502724
-6.708385481852315	23.082433734432588
-6.69837296620776	23.93539666050965
-6.688360450563204	24.795558832515095
-6.678347934918648	25.611987530528612
-6.668335419274093	26.418265516695357
-6.658322903629537	27.255793428989342
-6.648310387984981	28.059933837915693
-6.638297872340425	28.789022022082506
-6.628285356695869	29.56020917714469
-6.618272841051314	30.507490867390565
-6.608260325406759	31.59254380684527
-6.598247809762203	32.71833366084887
-6.588235294117647	33.819797894486946
-6.578222778473092	34.9100202490158
-6.5682102628285355	36.01532380593311
-6.55819774718398	37.10316391250173
-6.548185231539424	38.16558035742422
-6.538172715894868	39.25731446934156
-6.528160200250313	40.482524677304745
-6.518147684605757	41.9246012496864
-6.508135168961202	43.51386977731029
-6.498122653316646	45.15767606392843
-6.4881101376720896	46.820479201821
-6.478097622027534	48.53719675546976
-6.468085106382979	50.31343889845298
-6.458072590738423	52.134164093864776
-6.448060075093867	53.928718571571
-6.438047559449312	55.68056643243506
-6.428035043804756	57.42443110726075
-6.418022528160201	59.179468116260175
-6.4080100125156445	60.8626743894996
-6.397997496871088	62.35755357258854
-6.387984981226533	63.665550157163494
-6.377972465581977	64.842433374721
-6.367959949937422	65.90292337623357
-6.357947434292866	66.78212764158376
-6.34793491864831	67.44351994915684
-6.337922403003755	67.97932907529697
-6.3279098873591995	68.55137847239925
-6.317897371714643	69.23665747721513
-6.307884856070087	70.0202834780133
-6.297872340425532	70.86394566832632
-6.287859824780976	71.73412157957522
-6.277847309136421	72.64327854877138
-6.267834793491865	73.62734510401809
-6.257822277847309	74.68204123540161
-6.2478097622027535	75.7380398243325
-6.2377972465581975	76.66644401394069
-6.227784730913642	77.41546060863857
-6.217772215269086	78.07054165034222
-6.20775969962453	78.70643760572712
-6.197747183979975	79.32104534873109
-6.18773466833542	79.85079290607288
-6.177722152690864	80.22604701466932
-6.167709637046308	80.3448582698507
-6.157697121401752	80.23590792738726
-6.147684605757196	80.00332636552334
-6.137672090112641	79.64915718120534
-6.127659574468085	79.25511394568868
-6.117647058823529	78.89334768347176
-6.107634543178974	78.53420058883643
-6.097622027534418	78.21681128545644
-6.0876095118898625	78.07983395687195
-6.0775969962453065	78.10551440378097
-6.06758448060075	78.1587102985014
-6.057571964956195	78.16011178945274
-6.04755944931164	78.03469124575443
-6.037546933667084	77.96746701247662
-6.027534418022528	77.87520234907369
-6.017521902377973	77.65664523910617
-6.007509386733417	77.41821678623482
-5.997496871088861	77.25572376201241
-5.987484355444305	76.94857852330799
-5.977471839799749	76.47682454644986
-5.967459324155194	75.91073851839747
-5.957446808510639	75.1101808482114
-5.947434292866083	74.14675034190947
-5.937421777221527	73.0953159899244
-5.927409261576971	72.04506537611121
-5.9173967459324155	71.00698713924301
-5.90738423028786	69.89830415376952
-5.897371714643304	68.66300763343646
-5.887359198998748	67.38415352217991
-5.877346683354192	66.31498424896571
-5.867334167709637	65.45988091785502
-5.857321652065082	64.6426745289988
-5.847309136420526	63.73736000352772
-5.83729662077597	62.6471797696602
-5.827284105131414	61.34111024756474
-5.817271589486858	59.880593524580135
-5.807259073842303	58.267622133608945
-5.797246558197747	56.52044027749658
-5.787234042553191	54.930983765453576
-5.777221526908636	53.588672764758364
-5.767209011264081	52.21967762535757
-5.7571964956195245	50.97978524361048
-5.747183979974968	49.79259318292535
-5.737171464330412	48.32688560800911
-5.727158948685857	46.959435222981135
-5.717146433041302	45.832056752228844
-5.707133917396746	44.78225285283464
-5.69712140175219	43.620756134815544
-5.687108886107635	42.31511143545517
-5.677096370463079	41.04011650366033
-5.667083854818523	39.78591164635361
-5.657071339173967	38.58519619267626
-5.647058823529411	37.449489287692295
-5.637046307884856	36.33024275005566
-5.627033792240301	35.56605884802049
-5.617021276595745	34.80240799386881
-5.607008760951189	33.8208055554711
-5.596996245306633	32.94336676750628
-5.5869837296620775	32.265054323131174
-5.576971214017522	31.695420080935637
-5.566958698372966	31.10956924766979
-5.55694618272841	30.692579894780614
-5.546933667083855	30.44772998189508
-5.536921151439299	30.28156323606404
-5.526908635794744	30.14666543689998
-5.516896120150188	30.012769355667523
-5.5068836045056315	29.87832764635823
-5.496871088861076	29.784911897918594
-5.486858573216521	29.715811963391836
-5.476846057571965	29.669587275169103
-5.466833541927409	29.6463355454095
-5.456821026282853	29.627313533385
-5.446808510638298	29.614897881332457
-5.4367959949937426	29.607606007126684
-5.4267834793491865	29.60337484302537
-5.41677096370463	29.600869827767873
-5.406758448060075	29.599320221455223
-5.396745932415519	29.598303145397267
-5.386733416770964	29.59759262423296
-5.376720901126408	29.597068054314832
-5.366708385481852	29.596663683180356
-5.356695869837297	29.596342164674795
-5.346683354192741	29.596081051222694
-5.336670838548185	29.595865937092285
-5.326658322903629	29.595686954036783
-5.316645807259073	29.59553694690845
-5.306633291614518	29.595410494002877
-5.296620775969963	29.59530335692694
-5.286608260325407	29.59521215323638
-5.276595744680851	29.595134148199293
-5.2665832290362955	29.59506711310392
-5.256570713391739	29.595009222923913
-5.246558197747184	29.5949589788723
-5.236545682102628	29.59491514781839
-5.226533166458072	29.5948767138603
-5.216520650813517	29.594842839100924
-5.206508135168962	29.594812831638876
-5.196495619524406	29.59478611934596
-5.18648310387985	29.594762228348884
-5.1764705882352935	29.59474076536423
-5.166458072590738	29.59472140320203
-5.156445556946183	29.59470386887781
-5.146433041301627	29.59468793387258
-5.136420525657071	29.59467339307138
-5.126408010012516	29.448829038390162
-5.11639549436796	29.439394713279075
-5.1063829787234045	29.43938352928446
-5.0963704630788484	29.439373235672928
-5.086357947434292	29.439363745852685
-5.076345431789737	29.439354982216376
-5.066332916145182	29.32322840807895
-5.056320400500626	29.316346615158114
-5.04630788485607	29.31424337322958
-5.036295369211514	29.13302990332857
-5.026282853566959	29.13101685808583
-5.016270337922403	28.885088449246965
-5.006257822277847	28.831740854222584
-4.996245306633291	28.62275856134595
-4.986232790988735	28.41012436146056
-4.97622027534418	28.255768270961664
-4.966207759699625	28.183524901165807
-4.956195244055069	27.936057053381994
-4.946182728410513	27.674338624065122
-4.9361702127659575	27.18679233929734
-4.926157697121402	26.92764299402554
-4.916145181476846	26.231690395001053
-4.90613266583229	25.372101497173244
-4.896120150187734	25.074387076175377
-4.886107634543179	24.610128764090383
-4.876095118898624	23.945268693313814
-4.866082603254068	23.519747311820606
-4.8560700876095115	23.13953603728392
-4.8460575719649555	22.893888048353816
-4.8360450563204	22.58717965710018
-4.826032540675845	22.301190669288584
-4.816020025031289	21.892783991432438
-4.806007509386733	21.629542017226093
-4.795994993742178	21.456180732042064
-4.785982478097623	21.288400376598137
-4.7759699624530665	21.25292707821257
-4.76595744680851	21.167874528839263
-4.755944931163954	21.078057197857692
-4.745932415519399	21.078588510250754
-4.735919899874844	20.880786618230708
-4.725907384230288	20.83969574465867
-4.715894868585732	20.911891694473187
-4.705882352941176	20.933677027400638
-4.6958698372966206	20.934455074418462
-4.685857321652065	20.932031965802235
-4.675844806007509	21.070680933842617
-4.665832290362953	21.071290615499574
-4.655819774718398	21.072138417491697
-4.645807259073843	21.073007782359703
-4.635794743429287	21.07389699948999
-4.625782227784731	21.074806675714218
-4.615769712140175	21.075737457382836
-4.605757196495619	21.07669003430381
-4.595744680851064	21.077665144068014
-4.585732165206508	21.078663576796554
-4.575719649561952	21.079686180348723
-4.565707133917396	21.080733866033277
-4.555694618272841	21.08180761487036
-4.545682102628286	21.08290848445719
-4.53566958698373	21.0840376164967
-4.5256570713391735	21.085196245056935
-4.515644555694618	21.086385705638175
-4.505632040050063	21.087607445137028
-4.495619524405507	21.088863032811425
-4.485607008760951	21.09015417236919
-4.475594493116395	21.09148271532661
-4.46558197747184	21.092850675813317
-4.4555694618272845	21.09426024704
-4.4455569461827285	21.09571381969868
-4.435544430538172	21.09721400266439
-4.425531914893616	21.098763646881018
-4.415519399249061	21.10036587971318
-4.405506883604506	21.10202425136333
-4.39549436795995	21.10374451098334
-4.385481852315394	21.105560739465144
-4.375469336670839	21.107906901055575
-4.365456821026283	21.11464754723807
-4.355444305381727	21.160538516408305
-4.345431789737171	21.179847627839745
-4.335419274092615	21.18221569317672
-4.32540675844806	21.184938023145296
-4.315394242803505	21.188277216545316
-4.305381727158949	21.191024766890923
-4.295369211514393	21.193816937704817
-4.285356695869837	21.197007198675387
-4.275344180225281	21.20111229842392
-4.265331664580726	21.207991582418327
-4.25531914893617	21.27304433101224
-4.245306633291614	21.312645979977024
-4.235294117647059	21.34154874640499
-4.225281602002504	21.432569440672584
-4.215269086357948	21.499262927638853
-4.2052565707133915	21.696997245363907
-4.1952440550688355	22.01287211403484
-4.18523153942428	22.390880122481164
-4.175219023779725	22.703167669556546
-4.165206508135169	22.95739710197536
-4.155193992490613	23.14247981311082
-4.145181476846057	23.366961324442094
-4.135168961201502	23.587302313655098
-4.1251564455569465	23.824363594447934
-4.11514392991239	24.162637954455484
-4.105131414267834	24.606196954697804
-4.095118898623279	25.181745130335198
-4.085106382978723	25.64583003287284
-4.075093867334168	26.35215099695825
-4.065081351689612	26.97476356361949
-4.055068836045056	27.621838711315853
-4.045056320400501	28.229261386637187
-4.035043804755945	28.95602838729239
-4.025031289111389	29.777561173540946
-4.015018773466833	30.35268204278568
-4.005006257822277	30.922360212306845
-3.994993742177722	31.701864307389926
-3.9849812265331668	32.55138225518521
-3.9749687108886107	33.39001469760812
-3.9649561952440546	34.21614259355546
-3.9549436795994994	35.056400505342445
-3.9449311639549434	35.98160391759046
-3.934918648310388	37.005672288059195
-3.924906132665832	38.02382654263997
-3.914893617021277	39.06861340211631
-3.904881101376721	40.16524454366055
-3.8948685857321648	41.05689374187651
-3.8848560700876096	41.706594642967964
-3.8748435544430535	42.26256924523317
-3.8648310387984983	42.76742189641
-3.8548185231539422	43.05773733474748
-3.844806007509387	43.379951718908856
-3.834793491864831	43.73899390027374
-3.824780976220275	44.24702643498079
-3.8147684605757197	44.78853430645468
-3.8047559449311636	45.374185359131594
-3.7947434292866085	45.88949628478807
-3.7847309136420524	46.30164273512012
-3.774718397997497	46.543758256122324
-3.764705882352941	46.531431862453715
-3.754693366708385	46.45814535156599
-3.74468085106383	46.4349304089447
-3.734668335419274	46.35432733294913
-3.7246558197747186	46.128608530774414
-3.7146433041301625	45.667590877495165
-3.7046307884856065	45.17924874200882
-3.6946182728410513	44.81462064990486
-3.684605757196495	44.27046725326271
-3.67459324155194	43.40169192915247
-3.664580725907384	42.27995664159394
-3.6545682102628287	41.19528917610535
-3.6445556946182727	40.30715663464755
-3.6345431789737166	39.455606697491824
-3.6245306633291614	38.73455834498644
-3.6145181476846053	38.12402429240127
-3.60450563204005	37.34785822137125
-3.594493116395494	36.43407341586977
-3.584480600750939	35.459643616473116
-3.574468085106383	34.616215791668964
-3.5644555694618267	33.802223306839224
-3.5544430538172715	32.895450721666975
-3.5444305381727155	31.80376447343919
-3.5344180225281603	31.144296905094972
-3.524405506883604	30.079597972422572
-3.514392991239049	29.178010595163467
-3.504380475594493	28.676886817451066
-3.494367959949937	28.303331554293596
-3.4843554443053817	28.032986338952025
-3.4743429286608256	27.73804351837
-3.4643304130162704	27.576693971754885
-3.4543178973717144	27.454525856751005
-3.444305381727159	26.87927956918568
-3.434292866082603	26.548610867586916
-3.424280350438047	26.141061866783357
-3.414267834793492	26.06622742526629
-3.4042553191489358	26.25278776271094
-3.3942428035043806	26.51958416057629
-3.3842302878598245	26.88031564305064
-3.3742177722152693	27.277488730024967
-3.3642052565707132	27.47997944068135
-3.354192740926157	27.955536780566337
-3.344180225281602	28.52178552136992
-3.334167709637046	29.168849016866915
-3.3241551939924907	29.716614414891485
-3.3141426783479346	30.258794847263253
-3.3041301627033794	30.89916414956411
-3.2941176470588234	31.52111652644386
-3.2841051314142673	31.953212193728227
-3.274092615769712	32.3703075253846
-3.264080100125156	32.972519012510986
-3.254067584480601	33.828593720991044
-3.2440550688360448	34.57872025363391
-3.2340425531914896	35.13175273765572
-3.2240300375469335	35.72339726735701
-3.2140175219023774	36.454947290217206
-3.2040050062578223	37.20397856353089
-3.193992490613266	37.98504911093608
-3.183979974968711	38.58489262196489
-3.173967459324155	39.17811772280947
-3.1639549436795997	39.90322357003527
-3.1539424280350437	40.70881505651677
-3.1439299123904876	41.68300961196958
-3.1339173967459324	42.392789868126506
-3.1239048811013763	42.65818233068892
-3.113892365456821	42.75015755576492
-3.103879849812265	42.96781135343219
-3.09386733416771	43.086371167032276
-3.083854818523154	43.138914158552886
-3.0738423028785977	43.189754051237706
-3.0638297872340425	43.27652826857069
-3.0538172715894865	43.386949757763695
-3.0438047559449313	43.269347720141624
-3.033792240300375	43.014820011490215
-3.02377972465582	42.70044548581625
-3.013767209011264	42.305582011685345
-3.003754693366708	41.8753416970432
-2.9937421777221527	41.429439571122586
-2.9837296620775966	40.950340111379255
-2.9737171464330414	40.41682445671514
-2.9637046307884853	39.69467579229191
-2.95369211514393	38.851800509986106
-2.943679599499374	38.035244218767964
-2.933667083854818	37.151305468302
-2.923654568210263	36.22185532172221
-2.9136420525657067	35.396314909505996
-2.9036295369211516	34.73172075517764
-2.8936170212765955	34.05776509876295
-2.8836045056320403	33.171172840731124
-2.873591989987484	32.12200849009719
-2.863579474342928	30.936821388327726
-2.853566958698373	29.948888410228676
-2.843554443053817	29.03769236760395
-2.8335419274092617	28.23064733886745
-2.8235294117647056	27.63416311745518
-2.8135168961201504	27.041128511861704
-2.8035043804755944	26.469586292797157
-2.7934918648310383	26.043911013071142
-2.783479349186483	25.74244840820118
-2.773466833541927	25.482828399173613
-2.763454317897372	25.12819142543255
-2.7534418022528158	24.801345315838393
-2.7434292866082606	24.57586527526167
-2.7334167709637045	24.429733113026604
-2.7234042553191484	24.26439338368213
-2.7133917396745932	24.147463707662332
-2.703379224030037	24.013297285284523
-2.693366708385482	23.919588439304242
-2.683354192740926	23.881256436779438
-2.6733416770963707	23.85520783400925
-2.6633291614518146	23.827768659235833
-2.6533166458072586	23.786091575258975
-2.6433041301627034	23.75899740577556
-2.6332916145181473	23.610341883820645
-2.623279098873592	23.583384655520444
-2.613266583229036	23.38917805193474
-2.603254067584481	23.382297564124823
-2.593241551939925	23.378625195366467
-2.5832290362953687	23.375939374078822
-2.5732165206508135	23.37692137823525
-2.5632040050062574	23.365803580383947
-2.5531914893617023	23.37331464497557
-2.543178973717146	23.37217605576432
-2.533166458072591	23.04888167507965
-2.523153942428035	22.63666084320459
-2.513141426783479	22.650169670303015
-2.5031289111389237	22.52036340959718
-2.4931163954943676	22.582596351551775
-2.4831038798498124	22.65811297918396
-2.4730913642052563	22.434592557556893
-2.463078848560701	22.35129480271026
-2.453066332916145	22.31212947339597
-2.443053817271589	22.110235001843456
-2.433041301627034	21.841657377917116
-2.4230287859824777	21.68349504350525
-2.4130162703379225	21.526026547103502
-2.4030037546933665	21.315408150601204
-2.3929912390488113	21.266404069308106
-2.382978723404255	21.29515861406567
-2.372966207759699	21.206113539996323
-2.362953692115144	21.091084316147334
-2.352941176470588	20.950345234286996
-2.3429286608260327	21.097166841587114
-2.3329161451814766	21.05212577647462
-2.3229036295369214	21.025567762518733
-2.3128911138923653	21.191047272398706
-2.3028785982478093	21.09664939644313
-2.292866082603254	21.092039866302546
-2.282853566958698	21.07219671358477
-2.272841051314143	21.071705102567574
-2.2628285356695867	21.071072792691286
-2.2528160200250316	21.071116173298396
-2.2428035043804755	21.117125156465818
-2.2327909887359194	21.1287269984918
-2.2227784730913642	21.155072205256715
-2.212765957446808	21.173447048540833
-2.202753441802253	21.183273956973427
-2.192740926157697	21.201765090905006
-2.1827284105131417	21.20992045210514
-2.1727158948685856	21.235480274315893
-2.1627033792240296	21.26970813448019
-2.1526908635794744	21.27778227431717
-2.1426783479349183	21.273840416197775
-2.132665832290363	21.289263482148268
-2.122653316645807	21.303199908152635
-2.112640801001252	21.3353902962669
-2.1026282853566958	21.369856925523965
-2.0926157697121397	21.392669485151064
-2.0826032540675845	21.456303519572828
-2.0725907384230284	21.620126673056053
-2.0625782227784732	21.754646332104628
-2.052565707133917	21.861557395563032
-2.042553191489362	21.970769537950964
-2.032540675844806	22.169270543205492
-2.02252816020025	22.349318258682644
-2.0125156445556946	22.62855141162927
-2.0025031289111386	22.879916413827708
-1.9924906132665834	23.078590084850248
-1.9824780976220273	23.225995423629662
-1.9724655819774712	23.32637843198714
-1.962453066332916	23.421644799670663
-1.95244055068836	23.480604631490888
-1.9424280350438048	23.500736626092028
-1.9324155193992487	23.56787827802391
-1.9224030037546935	23.742141256872603
-1.9123904881101375	23.92543355730523
-1.9023779724655814	24.165860284924847
-1.8923654568210262	24.33603370966982
-1.8823529411764701	24.39978946854396
-1.872340425531915	24.502505179707825
-1.8623279098873589	24.665268362777553
-1.8523153942428037	24.805727208525187
-1.8423028785982476	24.913077237074827
-1.8322903629536915	24.999668980570902
-1.8222778473091363	25.024584222556232
-1.8122653316645803	24.946047349933924
-1.802252816020025	24.809049426321298
-1.792240300375469	24.634335652581075
-1.7822277847309138	24.447395292294605
-1.7722152690863577	24.281167278509475
-1.7622027534418017	24.1666078618174
-1.7521902377972465	24.081727512146998
-1.7421777221526904	23.915526184126556
-1.7321652065081352	23.720133484750455
-1.7221526908635791	23.575432267267356
-1.712140175219024	23.298796937300544
-1.7021276595744679	22.963928637118816
-1.6921151439299118	22.78705349358839
-1.6821026282853566	22.592388247358112
-1.6720901126408005	22.334787349398123
-1.6620775969962454	22.092047721762594
-1.6520650813516893	21.81658219920568
-1.642052565707134	21.329262347987164
-1.632040050062578	20.854406982445305
-1.622027534418022	20.55956988629909
-1.6120150187734668	20.37696035509148
-1.6020025031289107	20.23442831683747
-1.5919899874843555	20.09023144068819
-1.5819774718397994	20.042013870921235
-1.5719649561952442	19.97333282986835
-1.5619524405506882	19.79340051065639
-1.551939924906132	19.352224805742626
-1.541927409261577	18.982780929027296
-1.5319148936170208	18.53572473829931
-1.5219023779724656	18.115678607748368
-1.5118898623279096	17.76017161915515
-1.5018773466833544	17.4636030651231
-1.4918648310387983	17.17328660048826
-1.4818523153942422	16.854844539407495
-1.471839799749687	16.540115773814055
-1.461827284105131	16.319729208281746
-1.4518147684605758	16.045508196736748
-1.4418022528160197	15.847542139099042
-1.4317897371714645	15.448764631308954
-1.4217772215269084	14.887504880864723
-1.4117647058823524	14.670968891496416
-1.4017521902377972	14.558067182233126
-1.391739674593241	14.532598685847343
-1.381727158948686	14.375591402532407
-1.3717146433041298	14.315148598995352
-1.3617021276595747	14.29904637183204
-1.3516896120150186	14.29769349917735
-1.3416770963704625	14.269815474377122
-1.3316645807259073	14.319796941965652
-1.3216520650813512	14.359192873218642
-1.311639549436796	14.358600102162917
-1.30162703379224	14.334948286797262
-1.2916145181476848	14.250406614349691
-1.2816020025031287	14.10871317536812
-1.2715894868585726	14.21765322333336
-1.2615769712140175	14.286056776621718
-1.2515644555694614	14.326960907289953
-1.2415519399249062	14.291754798417651
-1.2315394242803501	14.386332189134603
-1.221526908635795	14.545359308607813
-1.2115143929912389	14.818847310484033
-1.2015018773466828	14.952708195129013
-1.1914893617021276	15.054597054542027
-1.1814768460575715	15.053846174599993
-1.1714643304130163	15.037529227225214
-1.1614518147684603	14.952607424207951
-1.151439299123905	14.904439247664165
-1.141426783479349	14.900700156853018
-1.131414267834793	14.960391430018888
-1.1214017521902377	15.082337039642834
-1.1113892365456817	15.160909588476438
-1.1013767209011265	15.13514526065503
-1.0913642052565704	15.049911783713183
-1.0813516896120152	15.035456376128224
-1.0713391739674591	15.144411062991361
-1.061326658322903	15.286342737057806
-1.0513141426783479	15.444169020060217
-1.0413016270337918	15.6418899225379
-1.0312891113892366	15.855526477878973
-1.0212765957446805	16.04235034253038
-1.0112640801001254	16.180552889354214
-1.0012515644555693	16.292039712103044
-0.9912390488110132	16.420616831021967
-0.981226533166458	16.552402607525654
-0.971214017521902	16.62958897566373
-0.9612015018773468	16.6645185893565
-0.9511889862327907	16.660300855666897
-0.9411764705882355	16.636310575026652
-0.9311639549436794	16.62926349153543
-0.9211514392991234	16.632748353782905
-0.9111389236545682	16.648177785884794
-0.9011264080100121	16.683789147862978
-0.8911138923654569	16.74160126233002
-0.8811013767209008	16.820172173368437
-0.8710888610763456	16.892060926004095
-0.8610763454317896	16.935495250513604
-0.8510638297872335	16.94867536389981
-0.8410513141426783	16.95791912228765
-0.8310387984981222	16.986555450945602
-0.821026282853567	17.023155429149057
-0.811013767209011	17.078934701447714
-0.8010012515644558	17.184842401404293
-0.7909887359198997	17.345247729859896
-0.7809762202753436	17.56912281597758
-0.7709637046307884	17.819842637152405
-0.7609511889862324	18.0445429944923
-0.7509386733416772	18.216565451687135
-0.7409261576971211	18.31298283136381
-0.7309136420525659	18.328074819361667
-0.7209011264080099	18.29579891808
-0.7108886107634538	18.230759565125336
-0.7008760951188986	18.110379415341484
-0.6908635794743425	17.975029789678484
-0.6808510638297873	17.874184367840567
-0.6708385481852313	17.805930121741618
-0.6608260325406761	17.766750981172187
-0.65081351689612	17.757758700938798
-0.6408010012515639	17.8127645670524
-0.6307884856070087	17.956748893805134
-0.6207759699624527	18.16040276553158
-0.6107634543178975	18.3991203984188
-0.6007509386733414	18.65077000321771
-0.5907384230287862	18.87571304422452
-0.5807259073842301	19.06159294811612
-0.5707133917396741	19.227525749767167
-0.5607008760951189	19.42899695632008
-0.5506883604505628	19.675793347070236
-0.5406758448060076	19.88979665846765
-0.5306633291614515	20.042209423621944
-0.5206508135168963	20.145362418333
-0.5106382978723403	20.210814047160405
-0.5006257822277842	20.223763314409794
-0.490613266583229	20.191421315703604
-0.48060075093867294	20.173315832880107
-0.47058823529411775	20.21860067530553
-0.4605757196495617	20.266391384608518
-0.4505632040050065	20.232845821206123
-0.4405506883604504	20.134988370060864
-0.43053817271589434	20.000774662564414
-0.42052565707133915	19.8316773956599
-0.4105131414267831	19.65551289914347
-0.4005006257822279	19.48574882007961
-0.3904881101376718	19.320885155637797
-0.38047559449311663	19.21765351242972
-0.37046307884856056	19.190865765612386
-0.3604505632040045	19.212735550693555
-0.3504380475594493	19.29671939333462
-0.3404255319148932	19.372786872205175
-0.33041301627033803	19.44870328523328
-0.32040050062578196	19.4948421345314
-0.3103879849812259	19.48880584439381
-0.3003754693366707	19.446263968574367
-0.2903629536921146	19.38461445249753
-0.28035043804755944	19.26234762320929
-0.27033792240300336	19.059701970451144
-0.2603254067584482	18.76305079665869
-0.2503128911138921	18.479135148946725
-0.24030037546933602	18.272887136752807
-0.23028785982478084	18.0569567633806
-0.22027534418022476	17.811171467377928
-0.21026282853566958	17.499674747739054
-0.2002503128911135	17.177065840918115
-0.19023779724655832	16.839864533610235
-0.18022528160200224	16.37211558858599
-0.17021276595744617	15.80181033745762
-0.16020025031289098	15.235177682744713
-0.1501877346683349	14.803052756689265
-0.14017521902377972	14.302873026911332
-0.13016270337922364	13.70239029912016
-0.12015018773466846	13.38711146066743
-0.11013767209011238	13.146090866578746
-0.10012515644555631	12.811943807035595
-0.09011264080100112	12.379711797374641
-0.08010012515644505	11.983416959524284
-0.07008760951188986	11.540341643111814
-0.060075093867333784	11.067142799040804
-0.0500625782227786	10.576499463501065
-0.04005006257822252	10.19608479906859
-0.030037546933666448	9.910540571498547
-0.02002503128911126	9.702334939570271
-0.010012515644555187	9.46106712387062
0.0	9.273060710635223
