-8.0	3.9035137373779545
-7.989987484355444	3.7318866309079968
-7.979974968710889	3.7013179350192837
-7.969962453066333	3.634472393707653
-7.9599499374217775	3.4276408034057773
-7.949937421777221	3.450726371690313
-7.939924906132666	3.452529761443135
-7.92991239048811	3.487792356051755
-7.919899874843554	3.3871682605543914
-7.909887359198999	3.2627691718065774
-7.899874843554443	3.2229508551456885
-7.889862327909888	3.2115148855854554
-7.8798498122653315	3.16351962062508
-7.869837296620776	3.100849808501745
-7.85982478097622	3.079811304039533
-7.849812265331664	3.0332667806503584
-7.839799749687109	3.033489341188409
-7.829787234042553	3.011339818913887
-7.819774718397998	3.005947649991497
-7.809762202753442	3.0453294002462346
-7.7997496871088865	3.0789462441041278
-7.78973717146433	3.115677047962203
-7.779724655819774	3.175821334962554
-7.769712140175219	3.205259142648485
-7.759699624530663	3.2357289356947954
-7.749687108886108	3.262533225060531
-7.739674593241552	3.2819590594947927
-7.729662077596997	3.3109165736216033
-7.719649561952441	3.3449894232140185
-7.7096370463078845	3.377786485076255
-7.699624530663329	3.4170681840644903
-7.689612015018773	3.4814189977622303
-7.679599499374218	3.5677894088040647
-7.669586983729662	3.6495109034122675
-7.659574468085107	3.739513527587367
-7.649561952440551	3.860671201287415
-7.639549436795995	4.02025434091043
-7.629536921151439	4.2091351586133
-7.619524405506883	4.405092237880736
-7.609511889862328	4.612928888453946
-7.599499374217772	4.873150448119867
-7.589486858573217	5.20175615860726
-7.579474342928661	5.593591748172845
-7.569461827284105	6.007459607226107
-7.55944931163955	6.394402783161727
-7.5494367959949935	6.74564604115212
-7.539424280350438	7.0728333113635955
-7.529411764705882	7.389198981358862
-7.519399249061326	7.71120459772195
-7.509386733416771	8.046973721249238
-7.499374217772215	8.405423050545748
-7.48936170212766	8.814475258278573
-7.479349186483104	9.306296101520871
-7.4693366708385485	9.917364101239247
-7.459324155193992	10.628820237325218
-7.449311639549437	11.39714213476826
-7.439299123904881	12.20829699233893
-7.429286608260325	13.054152885849282
-7.41927409261577	13.915020822989417
-7.409261576971214	14.730336785160976
-7.399249061326659	15.44384622977008
-7.3892365456821025	16.044477449799036
-7.3792240300375465	16.56359659893188
-7.369211514392991	17.02639281884588
-7.359198998748435	17.42215722610394
-7.34918648310388	17.753749796298184
-7.339173967459324	18.06204793297452
-7.329161451814769	18.375602429908916
-7.319148936170213	18.67990127061362
-7.3091364205256575	18.940662116092525
-7.299123904881101	19.134109629249874
-7.289111389236545	19.260357863346936
-7.27909887359199	19.3327338190454
-7.269086357947434	19.372583672124794
-7.259073842302879	19.41162633314125
-7.249061326658323	19.477972562012454
-7.239048811013767	19.574490540246206
-7.2290362953692116	19.66657771154877
-7.2190237797246555	19.709883618997974
-7.2090112640801	19.687972199253764
-7.198998748435544	19.602718827181853
-7.188986232790989	19.45827252075045
-7.178973717146433	19.273172673642115
-7.168961201501878	19.076908668046865
-7.158948685857322	18.88337007339684
-7.148936170212766	18.686618569832646
-7.13892365456821	18.473148548225055
-7.128911138923654	18.22111109027144
-7.118898623279099	17.903903268520867
-7.108886107634543	17.50582150048792
-7.098873591989987	17.03367580283366
-7.088861076345432	16.523333980866628
-7.078848560700876	16.020764035361108
-7.068836045056321	15.563336420075126
-7.0588235294117645	15.17272620608036
-7.048811013767209	14.83541723835361
-7.038798498122653	14.505066714739552
-7.028785982478098	14.139999361780754
-7.018773466833542	13.728766744020202
-7.008760951188986	13.299556008922439
-6.998748435544431	12.890147222726474
-6.988735919899875	12.51585796287153
-6.9787234042553195	12.172963180860126
-6.968710888610763	11.8520022829475
-6.958698372966207	11.552270356089188
-6.948685857321652	11.275515229670091
-6.938673341677096	11.021495423263437
-6.928660826032541	10.785969499744855
-6.918648310387985	10.553508525921407
-6.908635794743429	10.327436428927795
-6.8986232790988735	10.126070450800945
-6.888610763454318	9.929818258334825
-6.878598247809762	9.707135203829445
-6.868585732165206	9.452610738777631
-6.858573216520651	9.172474250301464
-6.848560700876095	8.866500113586362
-6.83854818523154	8.54111604983407
-6.828535669586984	8.220771921728401
-6.818523153942428	7.925618355932257
-6.808510638297872	7.668672648661175
-6.798498122653316	7.4568882262897676
-6.788485607008761	7.2876845320023955
-6.778473091364205	7.149112729911112
-6.768460575719649	7.029069853004822
-6.758448060075094	6.914827940570151
-6.748435544430539	6.79804167353996
-6.7384230287859825	6.663614532511821
-6.7284105131414265	6.5003525082808835
-6.718397997496871	6.342570860682415
-6.708385481852315	6.227794233346712
-6.69837296620776	6.153056171411454
-6.688360450563204	6.103277263574638
-6.678347934918648	6.0818801758450665
-6.668335419274093	6.189601608683999
-6.658322903629537	6.381705793369946
-6.648310387984981	6.659345093682948
-6.638297872340425	7.078434455161732
-6.628285356695869	7.517365492536192
-6.618272841051314	8.022283490527037
-6.608260325406759	8.49921233341413
-6.598247809762203	9.105765969361402
-6.588235294117647	9.950695851843966
-6.578222778473092	10.923400449337343
-6.5682102628285355	11.774972785282953
-6.55819774718398	12.549665607236667
-6.548185231539424	13.313697678307904
-6.538172715894868	13.978630251575343
-6.528160200250313	14.61368681152879
-6.518147684605757	15.425618378566494
-6.508135168961202	16.373712948866356
-6.498122653316646	17.264974332957294
-6.4881101376720896	18.111264760887714
-6.478097622027534	18.95612310291472
-6.468085106382979	19.810179121716835
-6.458072590738423	20.603554424144328
-6.448060075093867	21.25562753303614
-6.438047559449312	21.749974736579453
-6.428035043804756	22.12965053452521
-6.418022528160201	22.465035707217645
-6.4080100125156445	22.779606920267447
-6.397997496871088	23.018032976308337
-6.387984981226533	23.113434493660275
-6.377972465581977	23.06922596822741
-6.367959949937422	22.938882236540486
-6.357947434292866	22.768074452505367
-6.34793491864831	22.573430180510837
-6.337922403003755	22.32746167663719
-6.3279098873591995	22.016851238237397
-6.317897371714643	21.68154578024869
-6.307884856070087	21.33875413739611
-6.297872340425532	20.968004869961508
-6.287859824780976	20.581051461888368
-6.277847309136421	20.17112746344402
-6.267834793491865	19.78933482737612
-6.257822277847309	19.44774865604895
-6.2478097622027535	19.17273599278924
-6.2377972465581975	19.000513109790717
-6.227784730913642	18.874804283426037
-6.217772215269086	18.770568904522793
-6.20775969962453	18.67245933722576
-6.197747183979975	18.609242975287074
-6.18773466833542	18.56181397896039
-6.177722152690864	18.528378489777825
-6.167709637046308	18.429728496684355
-6.157697121401752	18.369999783480726
-6.147684605757196	18.35465969924873
-6.137672090112641	18.347744564754237
-6.127659574468085	18.34768078279245
-6.117647058823529	18.346716647415068
-6.107634543178974	18.34373033483944
-6.097622027534418	18.340841180567825
-6.0876095118898625	18.338484154105224
-6.0775969962453065	18.336596926574774
-6.06758448060075	18.335063241026038
-6.057571964956195	18.333790816093774
-6.04755944931164	18.332717187847106
-6.037546933667084	18.331801185624165
-6.027534418022528	18.331013570535493
-6.017521902377973	18.330331190329428
-6.007509386733417	18.329734721498944
-5.997496871088861	18.32920820082026
-5.987484355444305	18.32873887434384
-5.977471839799749	18.328316847511005
-5.967459324155194	18.32793456877673
-5.957446808510639	18.32758629297018
-5.947434292866083	18.32726761689909
-5.937421777221527	18.326975115733525
-5.927409261576971	18.326706072788905
-5.9173967459324155	18.32621161966228
-5.90738423028786	18.275224645266917
-5.897371714643304	18.17256137547146
-5.887359198998748	17.940101233779718
-5.877346683354192	17.81556760777474
-5.867334167709637	17.668505194976113
-5.857321652065082	17.49459544449855
-5.847309136420526	17.250215139492205
-5.83729662077597	17.113344412488964
-5.827284105131414	17.36039145192663
-5.817271589486858	17.622374667894558
-5.807259073842303	17.831608059377114
-5.797246558197747	18.371757342163207
-5.787234042553191	19.043974011913438
-5.777221526908636	19.256741071145296
-5.767209011264081	19.488324438208004
-5.7571964956195245	19.59498037718335
-5.747183979974968	19.78095040915381
-5.737171464330412	19.81639823207151
-5.727158948685857	19.829554267100793
-5.717146433041302	19.924294583787994
-5.707133917396746	19.936878400285618
-5.69712140175219	20.03875232163941
-5.687108886107635	20.0399654601121
-5.677096370463079	20.040827382536012
-5.667083854818523	20.04178897389716
-5.657071339173967	20.042862659191467
-5.647058823529411	20.044062762225572
-5.637046307884856	20.045405942263358
-5.627033792240301	20.046911766635663
-5.617021276595745	20.048603489453
-5.607008760951189	20.050509132348083
-5.596996245306633	20.05266302050525
-5.5869837296620775	20.05510803974874
-5.576971214017522	20.05789916108251
-5.566958698372966	20.06110972922331
-5.55694618272841	20.06484611460389
-5.546933667083855	20.069296443616402
-5.536921151439299	20.07494142223056
-5.526908635794744	20.083532396121647
-5.516896120150188	20.101468326368522
-5.5068836045056315	20.137767715816008
-5.496871088861076	20.17894405988016
-5.486858573216521	20.22661452976325
-5.476846057571965	20.30668620116696
-5.466833541927409	20.43357712396808
-5.456821026282853	20.584447171993332
-5.446808510638298	20.7827185914973
-5.4367959949937426	21.025214578737383
-5.4267834793491865	21.370237098458478
-5.41677096370463	21.961921030712755
-5.406758448060075	22.695953218614477
-5.396745932415519	23.607270893340967
-5.386733416770964	24.756886075215792
-5.376720901126408	26.017504808929043
-5.366708385481852	27.229936379012987
-5.356695869837297	28.277876149709282
-5.346683354192741	29.333032812831156
-5.336670838548185	30.474999189957202
-5.326658322903629	31.560544149426594
-5.316645807259073	32.50918279996856
-5.306633291614518	33.4178732394263
-5.296620775969963	34.28874838708297
-5.286608260325407	35.06423012364792
-5.276595744680851	35.75471114026971
-5.2665832290362955	36.43838252643045
-5.256570713391739	37.11486653455808
-5.246558197747184	37.669831212045814
-5.236545682102628	38.041450745735965
-5.226533166458072	38.1553828022696
-5.216520650813517	37.92407728260475
-5.206508135168962	37.40573447897644
-5.196495619524406	36.684988547784876
-5.18648310387985	35.68783413135037
-5.1764705882352935	34.394863291980165
-5.166458072590738	32.97814071637502
-5.156445556946183	31.629081662085678
-5.146433041301627	30.360207589225336
-5.136420525657071	29.0549225071197
-5.126408010012516	27.76811595669407
-5.11639549436796	26.542728097076274
-5.1063829787234045	25.428666760279555
-5.0963704630788484	24.37116720651136
-5.086357947434292	23.363349039951895
-5.076345431789737	22.412221220994105
-5.066332916145182	21.503267094592577
-5.056320400500626	20.770087986113303
-5.04630788485607	20.166062207772512
-5.036295369211514	19.671673999096893
-5.026282853566959	19.24096039587898
-5.016270337922403	18.90716368412385
-5.006257822277847	18.6114726457678
-4.996245306633291	18.33574013663851
-4.986232790988735	18.193172875276552
-4.97622027534418	18.123651433428133
-4.966207759699625	18.068206389444295
-4.956195244055069	18.014215806649986
-4.946182728410513	17.980689036348277
-4.9361702127659575	17.964041796440334
-4.926157697121402	17.953141576572136
-4.916145181476846	17.94523860227863
-4.90613266583229	17.939232398997202
-4.896120150187734	17.934453374755986
-4.886107634543179	17.93049526255422
-4.876095118898624	17.927118930341397
-4.866082603254068	17.924180777703988
-4.8560700876095115	17.921589624926806
-4.8460575719649555	17.91928348598957
-4.8360450563204	17.917217448676272
-4.826032540675845	17.91535726244063
-4.816020025031289	17.913675801615536
-4.806007509386733	17.912150997095328
-4.795994993742178	17.91076454452957
-4.785982478097623	17.90950104406396
-4.7759699624530665	17.908347394655898
-4.76595744680851	17.90729234839741
-4.755944931163954	17.9063261716662
-4.745932415519399	17.905440381402627
-4.735919899874844	17.90462753643077
-4.725907384230288	17.903881070353556
-4.715894868585732	17.90319515653367
-4.705882352941176	17.902564598212475
-4.6958698372966206	17.901984738532505
-4.685857321652065	17.901451386438307
-4.675844806007509	17.90096075531727
-4.665832290362953	17.900509411909333
-4.655819774718398	17.900094233526644
-4.645807259073843	17.899712372023313
-4.635794743429287	17.899361223268084
-4.625782227784731	17.899038401120126
-4.615769712140175	17.89874171510445
-4.605757196495619	17.89846915113973
-4.595744680851064	17.8982188547959
-4.585732165206508	17.897989116658398
-4.575719649561952	17.897778359456407
-4.565707133917396	17.897585126675562
-4.555694618272841	17.897408072427883
-4.545682102628286	17.897245952392446
-4.53566958698373	17.897097615674006
-4.5256570713391735	17.89696199745354
-4.515644555694618	17.89683811232634
-4.505632040050063	17.896725048240953
-4.495619524405507	17.8966219609666
-4.485607008760951	17.89652806902811
-4.475594493116395	17.89644264905695
-4.46558197747184	17.896365031514687
-4.4555694618272845	17.896294596751428
-4.4455569461827285	17.896230771367133
-4.435544430538172	17.896173024847695
-4.425531914893616	17.896120866451625
-4.415519399249061	17.896073842325762
-4.405506883604506	17.896031532831152
-4.39549436795995	17.895993550062226
-4.385481852315394	17.895959535544062
-4.375469336670839	17.89592915809443
-4.365456821026283	17.89590211183782
-4.355444305381727	17.895878114360873
-4.345431789737171	17.895856904998425
-4.335419274092615	17.89583824324117
-4.32540675844806	17.89582190725629
-4.315394242803505	17.8958076925128
-4.305381727158949	17.89579541050476
-4.295369211514393	17.895784887565135
-4.285356695869837	17.895775963764244
-4.275344180225281	17.895768491886766
-4.265331664580726	17.895762336482104
-4.25531914893617	17.895757372982708
-4.245306633291614	17.895753486885894
-4.235294117647059	17.89575057299468
-4.225281602002504	17.895748534713462
-4.215269086357948	17.895747283394783
-4.2052565707133915	17.895746737733646
-4.1952440550688355	17.895746823205393
-4.18523153942428	17.895750357757006
-4.175219023779725	17.41546109839033
-4.165206508135169	17.053477837821124
-4.155193992490613	16.14222527804164
-4.145181476846057	15.230840895538334
-4.135168961201502	14.42868746728322
-4.1251564455569465	13.435813525874947
-4.11514392991239	12.065824698012285
-4.105131414267834	11.382423524353653
-4.095118898623279	10.42293300214566
-4.085106382978723	9.062076040846389
-4.075093867334168	7.864767134032526
-4.065081351689612	7.136463164076357
-4.055068836045056	6.759798691737854
-4.045056320400501	6.736568098329805
-4.035043804755945	6.588798296384757
-4.025031289111389	7.72578568760597
-4.015018773466833	9.969403675802658
-4.005006257822277	12.409109098787802
-3.994993742177722	15.37749717226525
-3.9849812265331668	17.301876254183053
-3.9749687108886107	20.662806192168873
-3.9649561952440546	22.214299321620263
-3.9549436795994994	23.564157297944192
-3.9449311639549434	25.355014589657227
-3.934918648310388	26.444724223866046
-3.924906132665832	26.941848216799883
-3.914893617021277	28.444631435329043
-3.904881101376721	28.79261974694828
-3.8948685857321648	29.013863252340197
-3.8848560700876096	29.01383561752225
-3.8748435544430535	29.013898917646166
-3.8648310387984983	29.013965270353204
-3.8548185231539422	29.01403482877997
-3.844806007509387	29.12350197134567
-3.834793491864831	29.123578431266555
-3.824780976220275	29.12365860629366
-3.8147684605757197	29.123742682316685
-3.8047559449311636	29.12383085605698
-3.7947434292866085	29.12392333438883
-3.7847309136420524	29.12402033488925
-3.774718397997497	29.12412208642316
-3.764705882352941	29.124228829766892
-3.754693366708385	29.12434081827415
-3.74468085106383	29.124458318588488
-3.734668335419274	29.124581611407212
-3.7246558197747186	29.12471099230295
-3.7146433041301625	29.12484677260867
-3.7046307884856065	29.12498928037464
-3.6946182728410513	29.125138861405613
-3.684605757196495	29.125295880388776
-3.67459324155194	29.125460722124668
-3.664580725907384	29.125633792874492
-3.6545682102628287	29.125815521841083
-3.6445556946182727	29.126006362801622
-3.6345431789737166	29.12620679591513
-3.6245306633291614	29.126417329730575
-3.6145181476846053	29.126638503426065
-3.60450563204005	29.126870889314986
-3.594493116395494	29.127115095660628
-3.584480600750939	29.127371769848377
-3.574468085106383	29.12764160197232
-3.5644555694618267	29.12792532890283
-3.5544430538172715	29.12822373891276
-3.5444305381727155	29.12853767695278
-3.5344180225281603	29.128868050680584
-3.524405506883604	29.129215837365976
-3.514392991239049	29.12958209181247
-3.504380475594493	29.12996795545816
-3.494367959949937	29.130374666841902
-3.4843554443053817	29.130803573648638
-3.4743429286608256	29.13125614657592
-3.4643304130162704	29.131733995296162
-3.4543178973717144	29.13223888682145
-3.444305381727159	29.1327727666118
-3.434292866082603	29.133337782800428
-3.424280350438047	29.133936313938857
-3.414267834793492	29.134571000687636
-3.4042553191489358	29.13524478189043
-3.3942428035043806	29.13596093546409
-3.3842302878598245	29.136723124508897
-3.3742177722152693	29.13753544898072
-3.3642052565707132	29.138402503164553
-3.354192740926157	29.13932943903322
-3.344180225281602	29.140322035368655
-3.334167709637046	29.141386772265143
-3.3241551939924907	29.142530910359554
-3.3141426783479346	29.14376257390888
-3.3041301627033794	29.145090836805217
-3.2941176470588234	29.146525811051376
-3.2841051314142673	29.14807873858531
-3.274092615769712	29.149762090423632
-3.264080100125156	29.15158968315912
-3.254067584480601	29.15357683392923
-3.2440550688360448	29.15574059462742
-3.2340425531914896	29.158100142613335
-3.2240300375469335	29.160677487208854
-3.2140175219023774	29.163498909033265
-3.2040050062578223	29.16659863033906
-3.193992490613266	29.170031410536424
-3.183979974968711	29.173926739908353
-3.173967459324155	29.178744839076998
-3.1639549436795997	29.186424849759913
-3.1539424280350437	29.203527206373206
-3.1439299123904876	29.234865816120568
-3.1339173967459324	29.26215989374105
-3.1239048811013763	29.285029173979673
-3.113892365456821	29.336115133274433
-3.103879849812265	29.428296026244993
-3.09386733416771	29.544404225630373
-3.083854818523154	29.648921827959015
-3.0738423028785977	29.810476051103063
-3.0638297872340425	30.108155995561635
-3.0538172715894865	30.56362455795542
-3.0438047559449313	31.12193633740855
-3.033792240300375	31.721822530114927
-3.02377972465582	32.36916099611053
-3.013767209011264	33.20696445518163
-3.003754693366708	34.33176098045778
-2.9937421777221527	35.65432185050116
-2.9837296620775966	37.082823402746826
-2.9737171464330414	38.4942261875359
-2.9637046307884853	39.82878565098997
-2.95369211514393	41.0802820033373
-2.943679599499374	42.21405493799443
-2.933667083854818	43.25583585174341
-2.923654568210263	44.395547391762435
-2.9136420525657067	45.69644318860048
-2.9036295369211516	46.98473978535431
-2.8936170212765955	48.08835301416764
-2.8836045056320403	49.02525106731931
-2.873591989987484	49.896225078598114
-2.863579474342928	50.82024995951589
-2.853566958698373	51.80607891047213
-2.843554443053817	52.79199981051693
-2.8335419274092617	53.71448244624987
-2.8235294117647056	54.451779399244614
-2.8135168961201504	55.095425057265565
-2.8035043804755944	55.66606954968958
-2.7934918648310383	56.17009255442695
-2.783479349186483	56.68793391805449
-2.773466833541927	57.224266136529224
-2.763454317897372	57.65120910151149
-2.7534418022528158	57.90157333848669
-2.7434292866082606	58.03323312356661
-2.7334167709637045	57.992257054874415
-2.7234042553191484	57.868594449465625
-2.7133917396745932	57.75984374483954
-2.703379224030037	57.642170362378025
-2.693366708385482	57.42946331573778
-2.683354192740926	57.07529259862678
-2.6733416770963707	56.606084795983705
-2.6633291614518146	55.86700520473408
-2.6533166458072586	54.73362841291821
-2.6433041301627034	53.37350373333178
-2.6332916145181473	51.97681602527324
-2.623279098873592	50.52165870856762
-2.613266583229036	48.948601318941996
-2.603254067584481	47.325965063855946
-2.593241551939925	45.76409179065456
-2.5832290362953687	44.274037964985034
-2.5732165206508135	42.79284607805229
-2.5632040050062574	41.42380618902082
-2.5531914893617023	40.16971668037052
-2.543178973717146	39.05967223333201
-2.533166458072591	38.278433924297445
-2.523153942428035	37.764183814604436
-2.513141426783479	37.360242672310115
-2.5031289111389237	37.060863518608855
-2.4931163954943676	36.87623844567599
-2.4831038798498124	36.754835575993006
-2.4730913642052563	36.69441044470312
-2.463078848560701	36.65651782090521
-2.453066332916145	36.61398979584228
-2.443053817271589	36.5956960890774
-2.433041301627034	36.581435055676586
-2.4230287859824777	36.56984634260206
-2.4130162703379225	36.56027479713706
-2.4030037546933665	36.55241831698166
-2.3929912390488113	36.55898818988513
-2.382978723404255	36.59910111859683
-2.372966207759699	36.36096328150766
-2.362953692115144	36.26934590101339
-2.352941176470588	36.47372668740409
-2.3429286608260327	36.80939534286526
-2.3329161451814766	36.74923342582197
-2.3229036295369214	37.18339996594323
-2.3128911138923653	37.79674383848049
-2.3028785982478093	38.120500403552775
-2.292866082603254	38.726910203658704
-2.282853566958698	39.38869235598758
-2.272841051314143	39.59205309015002
-2.2628285356695867	40.16560576893634
-2.2528160200250316	40.45662801595501
-2.2428035043804755	40.68048462539157
-2.2327909887359194	40.8196504000416
-2.2227784730913642	40.98590821232215
-2.212765957446808	41.01016804268133
-2.202753441802253	41.03133772760145
-2.192740926157697	41.04191888861369
-2.1827284105131417	41.051747007881296
-2.1727158948685856	41.08431738577011
-2.1627033792240296	41.14401402008593
-2.1526908635794744	41.18187370430492
-2.1426783479349183	41.22826583123189
-2.132665832290363	41.31310098132555
-2.122653316645807	41.46111174057771
-2.112640801001252	41.72037563889806
-2.1026282853566958	42.15605371016704
-2.0926157697121397	42.772524159673026
-2.0826032540675845	43.59749395844779
-2.0725907384230284	44.59828359295562
-2.0625782227784732	45.78681896782467
-2.052565707133917	47.26830293550894
-2.042553191489362	48.84783987637297
-2.032540675844806	50.305024869120885
-2.02252816020025	51.62438243223486
-2.0125156445556946	52.93329172733258
-2.0025031289111386	54.19624929639625
-1.9924906132665834	55.385279993196605
-1.9824780976220273	56.471793133253705
-1.9724655819774712	57.31453708033072
-1.962453066332916	57.87689724139892
-1.95244055068836	58.270756332060536
-1.9424280350438048	58.53372744186118
-1.9324155193992487	58.8048853668222
-1.9224030037546935	59.18139338559923
-1.9123904881101375	59.52576904037954
-1.9023779724655814	59.85559568833464
-1.8923654568210262	60.23681865782169
-1.8823529411764701	60.60570864715441
-1.872340425531915	60.89278772756578
-1.8623279098873589	61.02020522816782
-1.8523153942428037	61.023350745264594
-1.8423028785982476	61.02549889680013
-1.8322903629536915	61.177231964419455
-1.8222778473091363	61.51557871230374
-1.8122653316645803	61.920370091068555
-1.802252816020025	62.15568709615051
-1.792240300375469	62.217240795336714
-1.7822277847309138	62.283825928854895
-1.7722152690863577	62.423259573490704
-1.7622027534418017	62.4881883117712
-1.7521902377972465	62.55141005199865
-1.7421777221526904	62.63519285849559
-1.7321652065081352	62.713734512435025
-1.7221526908635791	62.808114469460676
-1.712140175219024	62.89412991721044
-1.7021276595744679	62.86869602403769
-1.6921151439299118	62.705683490020405
-1.6821026282853566	62.50268538103021
-1.6720901126408005	62.390332482652205
-1.6620775969962454	62.291260484782725
-1.6520650813516893	62.196305753163436
-1.642052565707134	62.19153069486917
-1.632040050062578	62.22977215653956
-1.622027534418022	62.19305897672719
-1.6120150187734668	61.98410053062424
-1.6020025031289107	61.70333190139567
-1.5919899874843555	61.47661833549482
-1.5819774718397994	61.32442672149828
-1.5719649561952442	61.22097576368817
-1.5619524405506882	61.03365826182186
-1.551939924906132	60.707548380946555
-1.541927409261577	60.25774168580026
-1.5319148936170208	59.73111976296129
-1.5219023779724656	59.17912728980727
-1.5118898623279096	58.46517314516269
-1.5018773466833544	57.6657749638681
-1.4918648310387983	56.846795873660916
-1.4818523153942422	55.86772204176997
-1.471839799749687	54.69615285964993
-1.461827284105131	53.54727636290291
-1.4518147684605758	52.31620790301806
-1.4418022528160197	51.078144956439615
-1.4317897371714645	49.84041215716722
-1.4217772215269084	48.74438210999758
-1.4117647058823524	47.7461957075056
-1.4017521902377972	46.726721714291834
-1.391739674593241	45.634698971116194
-1.381727158948686	44.88783938769733
-1.3717146433041298	44.318670532802315
-1.3617021276595747	43.87474705432612
-1.3516896120150186	43.33728053358911
-1.3416770963704625	42.86083611932159
-1.3316645807259073	42.478401034378464
-1.3216520650813512	42.09470119447457
-1.311639549436796	41.6093927464548
-1.30162703379224	41.16310996152584
-1.2916145181476848	41.22985922261691
-1.2816020025031287	41.51440130098009
-1.2715894868585726	41.65247153676445
-1.2615769712140175	41.93567697518263
-1.2515644555694614	42.251550806709155
-1.2415519399249062	42.50464848747559
-1.2315394242803501	42.9306845033552
-1.221526908635795	43.622505007041525
-1.2115143929912389	44.216237244891026
-1.2015018773466828	44.7520799708809
-1.1914893617021276	45.41464143524938
-1.1814768460575715	46.20063539867066
-1.1714643304130163	47.12721085822364
-1.1614518147684603	48.127244285297415
-1.151439299123905	49.18424192743317
-1.141426783479349	50.172139842061874
-1.131414267834793	51.08511067278739
-1.1214017521902377	51.817433062078926
-1.1113892365456817	52.36983637651137
-1.1013767209011265	52.95935808747038
-1.0913642052565704	53.689130384986605
-1.0813516896120152	54.500307082720646
-1.0713391739674591	55.20516191594381
-1.061326658322903	55.83136826706359
-1.0513141426783479	56.33859476661178
-1.0413016270337918	56.73511020076715
-1.0312891113892366	57.02625489617959
-1.0212765957446805	57.27698273752903
-1.0112640801001254	57.61335872072082
-1.0012515644555693	57.98849607681324
-0.9912390488110132	58.1769194685036
-0.981226533166458	58.16634960197109
-0.971214017521902	58.06206899655661
-0.9612015018773468	57.86493963346197
-0.9511889862327907	57.59500008849985
-0.9411764705882355	57.354459154110636
-0.9311639549436794	57.103340585751226
-0.9211514392991234	56.852654669907
-0.9111389236545682	56.557254691073396
-0.9011264080100121	56.00400491987972
-0.8911138923654569	55.33054581445616
-0.8811013767209008	54.713131984568555
-0.8710888610763456	54.180939333907205
-0.8610763454317896	53.63324492319342
-0.8510638297872335	53.159657032891865
-0.8410513141426783	52.676975054622645
-0.8310387984981222	52.05511252692617
-0.821026282853567	51.238877811694145
-0.811013767209011	50.249340582623496
-0.8010012515644558	49.223533462291016
-0.7909887359198997	48.2007983263398
-0.7809762202753436	47.18872997722198
-0.7709637046307884	46.280905872714
-0.7609511889862324	45.50787106663091
-0.7509386733416772	44.70221250604329
-0.7409261576971211	43.84880030617402
-0.7309136420525659	43.05704685500569
-0.7209011264080099	42.36618666563734
-0.7108886107634538	41.68716383999929
-0.7008760951188986	40.990922271323434
-0.6908635794743425	40.330708888932875
-0.6808510638297873	39.73465893705522
-0.6708385481852313	39.157464682143214
-0.6608260325406761	38.579857380215465
-0.65081351689612	38.0584496297648
-0.6408010012515639	37.64468579915575
-0.6307884856070087	37.3312358334869
-0.6207759699624527	37.084597655766906
-0.6107634543178975	36.93339868109266
-0.6007509386733414	36.87493990064716
-0.5907384230287862	36.92760834850283
-0.5807259073842301	37.11186034510242
-0.5707133917396741	37.416783455519855
-0.5607008760951189	37.81582414168573
-0.5506883604505628	38.26724019379464
-0.5406758448060076	38.671771703991936
-0.5306633291614515	38.92862213311241
-0.5206508135168963	39.16430406371001
-0.5106382978723403	39.50532926870206
-0.5006257822277842	39.89551642490867
-0.490613266583229	40.30954512648794
-0.48060075093867294	40.81354312880775
-0.47058823529411775	41.31706315424471
-0.4605757196495617	41.77911099152617
-0.4505632040050065	42.293002073344574
-0.4405506883604504	42.81214328218668
-0.43053817271589434	43.28247812835837
-0.42052565707133915	43.814949650034634
-0.4105131414267831	44.49876637326543
-0.4005006257822279	45.28279188674733
-0.3904881101376718	46.033946850014644
-0.38047559449311663	46.6870216259902
-0.37046307884856056	47.16379905690179
-0.3604505632040045	47.475329884072934
-0.3504380475594493	47.708554217975305
-0.3404255319148932	47.91327269327105
-0.33041301627033803	48.12061925752003
-0.32040050062578196	48.42581614626001
-0.3103879849812259	48.891686679600205
-0.3003754693366707	49.44615934413327
-0.2903629536921146	50.03363244729731
-0.28035043804755944	50.55857543284249
-0.27033792240300336	50.944228770356375
-0.2603254067584482	51.2329530498963
-0.2503128911138921	51.42498448646675
-0.24030037546933602	51.53330367106135
-0.23028785982478084	51.68090458600792
-0.22027534418022476	51.909939479023656
-0.21026282853566958	52.13941675333946
-0.2002503128911135	52.23852741425697
-0.19023779724655832	52.34129063429289
-0.18022528160200224	52.46336944261174
-0.17021276595744617	52.51505453213483
-0.16020025031289098	52.45662007896659
-0.1501877346683349	52.21139134926142
-0.14017521902377972	51.81044669615958
-0.13016270337922364	51.45534624451355
-0.12015018773466846	51.15356266615384
-0.11013767209011238	50.84585346502169
-0.10012515644555631	50.5439111317678
-0.09011264080100112	50.27266013260579
-0.08010012515644505	49.93445573051217
-0.07008760951188986	49.57889043463173
-0.060075093867333784	49.27210082717594
-0.0500625782227786	48.97498181610252
-0.04005006257822252	48.66372791573966
-0.030037546933666448	48.344305618554365
-0.02002503128911126	47.97355443625844
-0.010012515644555187	47.49104569598941
0.0	46.93767363860724
