-8.0	5.550246556595648
-7.989987484355444	5.65050662127878
-7.979974968710889	5.744616488857786
-7.969962453066333	5.814589768733718
-7.9599499374217775	5.844197498406253
-7.949937421777221	5.8313978822078285
-7.939924906132666	5.792699646904686
-7.92991239048811	5.75530227912632
-7.919899874843554	5.74292458766094
-7.909887359198999	5.765050173788608
-7.899874843554443	5.815672512674387
-7.889862327909888	5.880933540608597
-7.8798498122653315	5.949209379116359
-7.869837296620776	6.0157564137266455
-7.85982478097622	6.079273283910372
-7.849812265331664	6.135590021594806
-7.839799749687109	6.176004841030144
-7.829787234042553	6.1924202115629186
-7.819774718397998	6.184705363010721
-7.809762202753442	6.163908212487651
-7.7997496871088865	6.148342313370475
-7.78973717146433	6.1546818999112824
-7.779724655819774	6.189490230056579
-7.769712140175219	6.2462682851551286
-7.759699624530663	6.309648191771254
-7.749687108886108	6.363954294942895
-7.739674593241552	6.4005238274932506
-7.729662077596997	6.418978982068718
-7.719649561952441	6.422471445326631
-7.7096370463078845	6.412463929846434
-7.699624530663329	6.389041596848981
-7.689612015018773	6.3563211378577815
-7.679599499374218	6.3258056494395145
-7.669586983729662	6.311822645879779
-7.659574468085107	6.32187058176226
-7.649561952440551	6.350973638303611
-7.639549436795995	6.385489477902075
-7.629536921151439	6.412244946918969
-7.619524405506883	6.424265521042831
-7.609511889862328	6.419349516102777
-7.599499374217772	6.3956306424283484
-7.589486858573217	6.3501064573075645
-7.579474342928661	6.281195377667876
-7.569461827284105	6.191376401518028
-7.55944931163955	6.086262538114114
-7.5494367959949935	5.971084893382077
-7.539424280350438	5.8488096049842895
-7.529411764705882	5.721687978789703
-7.519399249061326	5.593072957214944
-7.509386733416771	5.4662108558645635
-7.499374217772215	5.341718388992401
-7.48936170212766	5.2173967168553785
-7.479349186483104	5.09004127360732
-7.4693366708385485	4.956481470851449
-7.459324155193992	4.814034976299043
-7.449311639549437	4.662050835936844
-7.439299123904881	4.502668766240954
-7.429286608260325	4.337795270336577
-7.41927409261577	4.164876804839484
-7.409261576971214	3.977843314293967
-7.399249061326659	3.7740762422467555
-7.3892365456821025	3.5602138065040103
-7.3792240300375465	3.350247920622302
-7.369211514392991	3.1578613527826502
-7.359198998748435	2.9906109455831182
-7.34918648310388	2.8505523046347507
-7.339173967459324	2.738773433555875
-7.329161451814769	2.6577396392078114
-7.319148936170213	2.6083905966962493
-7.3091364205256575	2.5853640853939877
-7.299123904881101	2.5768615474032415
-7.289111389236545	2.571201877063244
-7.27909887359199	2.5641079716004893
-7.269086357947434	2.559111059773198
-7.259073842302879	2.5612416345897144
-7.249061326658323	2.571812071316884
-7.239048811013767	2.5897499115005944
-7.2290362953692116	2.616328428055514
-7.2190237797246555	2.656560469377177
-7.2090112640801	2.7151328297849195
-7.198998748435544	2.790670150551892
-7.188986232790989	2.8734462039790243
-7.178973717146433	2.9489992079658602
-7.168961201501878	3.0060844043122374
-7.158948685857322	3.0437173630459364
-7.148936170212766	3.071486663563577
-7.13892365456821	3.1022351601044296
-7.128911138923654	3.143245895883778
-7.118898623279099	3.1935009554026803
-7.108886107634543	3.2481353722639974
-7.098873591989987	3.3041472447655895
-7.088861076345432	3.3614725409675006
-7.078848560700876	3.4193763593121815
-7.068836045056321	3.472737852495161
-7.0588235294117645	3.512599410450403
-7.048811013767209	3.5316508421749364
-7.038798498122653	3.5308245248502343
-7.028785982478098	3.5211124969676115
-7.018773466833542	3.5177353447571846
-7.008760951188986	3.5301641455303523
-6.998748435544431	3.555508282314666
-6.988735919899875	3.5805979925696056
-6.9787234042553195	3.591232503134384
-6.968710888610763	3.581029017334557
-6.958698372966207	3.5527907052572942
-6.948685857321652	3.512701048070255
-6.938673341677096	3.4646039408695453
-6.928660826032541	3.410235798278655
-6.918648310387985	3.3533144943279853
-6.908635794743429	3.30088834767498
-6.8986232790988735	3.259565383624342
-6.888610763454318	3.230864610745394
-6.878598247809762	3.2102877548043343
-6.868585732165206	3.1896025795328207
-6.858573216520651	3.1591193837237848
-6.848560700876095	3.109333298393255
-6.83854818523154	3.0338255951248847
-6.828535669586984	2.9334020837077777
-6.818523153942428	2.8181609929721416
-6.808510638297872	2.7044848357507627
-6.798498122653316	2.6077105811235786
-6.788485607008761	2.5347715398559854
-6.778473091364205	2.4817148393755044
-6.768460575719649	2.43795894621852
-6.758448060075094	2.394186864209144
-6.748435544430539	2.348241639230124
-6.7384230287859825	2.3057984765519044
-6.7284105131414265	2.2765418168377565
-6.718397997496871	2.268030987672769
-6.708385481852315	2.279909117056892
-6.69837296620776	2.3025610860045824
-6.688360450563204	2.323030316090964
-6.678347934918648	2.3346583724299923
-6.668335419274093	2.3422099037655078
-6.658322903629537	2.3581614981891748
-6.648310387984981	2.3941549303664544
-6.638297872340425	2.454658128535197
-6.628285356695869	2.5358648857920176
-6.618272841051314	2.628392630418518
-6.608260325406759	2.721861390530629
-6.598247809762203	2.8104490639758772
-6.588235294117647	2.8973514894925616
-6.578222778473092	2.9942717432828196
-6.5682102628285355	3.1141778407789906
-6.55819774718398	3.261659641165001
-6.548185231539424	3.428929165643249
-6.538172715894868	3.6014184440901023
-6.528160200250313	3.76809459834934
-6.518147684605757	3.9273367855024413
-6.508135168961202	4.084483140755832
-6.498122653316646	4.24585069373864
-6.4881101376720896	4.415748193237858
-6.478097622027534	4.596532014479522
-6.468085106382979	4.787029198703313
-6.458072590738423	4.978737477027923
-6.448060075093867	5.155662470022525
-6.438047559449312	5.301749208201616
-6.428035043804756	5.411001209647175
-6.418022528160201	5.491394387500648
-6.4080100125156445	5.559411950961678
-6.397997496871088	5.629602162003053
-6.387984981226533	5.705691544904745
-6.377972465581977	5.777931244386885
-6.367959949937422	5.828358695392587
-6.357947434292866	5.841027461788473
-6.34793491864831	5.810042647401127
-6.337922403003755	5.739746932000077
-6.3279098873591995	5.638416988016791
-6.317897371714643	5.511903496275723
-6.307884856070087	5.362023297060503
-6.297872340425532	5.18955901795033
-6.287859824780976	4.998631346640664
-6.277847309136421	4.798941054627657
-6.267834793491865	4.603746607206987
-6.257822277847309	4.424095275202625
-6.2478097622027535	4.262731661940901
-6.2377972465581975	4.111971704364625
-6.227784730913642	3.957808216810286
-6.217772215269086	3.7887357754456357
-6.20775969962453	3.6038522287476837
-6.197747183979975	3.4138551864601103
-6.18773466833542	3.2337967943699635
-6.177722152690864	3.0741952650085334
-6.167709637046308	2.9380929452953874
-6.157697121401752	2.8243324009780584
-6.147684605757196	2.731219069004411
-6.137672090112641	2.6565441016992155
-6.127659574468085	2.59524116304988
-6.117647058823529	2.5380094547565233
-6.107634543178974	2.472743386405348
-6.097622027534418	2.38870349089643
-6.0876095118898625	2.2819184380636353
-6.0775969962453065	2.1587494871234423
-6.06758448060075	2.034331855015732
-6.057571964956195	1.9256974992157359
-6.04755944931164	1.8436966688789496
-6.037546933667084	1.7886053268344217
-6.027534418022528	1.751003786123327
-6.017521902377973	1.716673644364906
-6.007509386733417	1.6738055766320303
-5.997496871088861	1.6196285941845423
-5.987484355444305	1.5615299746071634
-5.977471839799749	1.5102707456631037
-5.967459324155194	1.4705989685246816
-5.957446808510639	1.438316677786806
-5.947434292866083	1.4063737541723746
-5.937421777221527	1.3729985991063303
-5.927409261576971	1.3436368842855368
-5.9173967459324155	1.3259738469385116
-5.90738423028786	1.3238069057305126
-5.897371714643304	1.3346909883787372
-5.887359198998748	1.3515644400308542
-5.877346683354192	1.3660329990844087
-5.867334167709637	1.3715314094707178
-5.857321652065082	1.3655339474806045
-5.847309136420526	1.350208946138543
-5.83729662077597	1.3311849105840072
-5.827284105131414	1.3147978857561216
-5.817271589486858	1.304987592257347
-5.807259073842303	1.301544798736786
-5.797246558197747	1.300991997945299
-5.787234042553191	1.2994647412091966
-5.777221526908636	1.2950533672425304
-5.767209011264081	1.2878492196446094
-5.7571964956195245	1.2789054897731265
-5.747183979974968	1.2702671913465113
-5.737171464330412	1.2655547267897578
-5.727158948685857	1.2685703045590082
-5.717146433041302	1.279774843425608
-5.707133917396746	1.2941983736490803
-5.69712140175219	1.303832285229634
-5.687108886107635	1.3029689718492115
-5.677096370463079	1.291831574019587
-5.667083854818523	1.2755434462657689
-5.657071339173967	1.2598088835533032
-5.647058823529411	1.247320101872813
-5.637046307884856	1.2375792416400964
-5.627033792240301	1.228889308373432
-5.617021276595745	1.2191669963238765
-5.607008760951189	1.2048444572855388
-5.596996245306633	1.180892834955903
-5.5869837296620775	1.144043230063631
-5.576971214017522	1.0965254321988336
-5.566958698372966	1.0458262106759992
-5.55694618272841	0.9996730380213935
-5.546933667083855	0.9601885988999865
-5.536921151439299	0.9220244725321334
-5.526908635794744	0.875893723420338
-5.516896120150188	0.8146072073034164
-5.5068836045056315	0.7372785942006947
-5.496871088861076	0.6496330718203449
-5.486858573216521	0.5614494240083088
-5.476846057571965	0.483130171988389
-5.466833541927409	0.4225491865367683
-5.456821026282853	0.3827773214175096
-5.446808510638298	0.3615313658478419
-5.4367959949937426	0.35289162290064374
-5.4267834793491865	0.3504854150909726
-5.41677096370463	0.3503285661549645
-5.406758448060075	0.35195368933309656
-5.396745932415519	0.35762907490395157
-5.386733416770964	0.37043714532101907
-5.376720901126408	0.3926346330367454
-5.366708385481852	0.4255537900900611
-5.356695869837297	0.4706382278233679
-5.346683354192741	0.5295075050833432
-5.336670838548185	0.6019618557165343
-5.326658322903629	0.6840743406983556
-5.316645807259073	0.7695733690537986
-5.306633291614518	0.8542006190742591
-5.296620775969963	0.9385292497023973
-5.286608260325407	1.0256832688527764
-5.276595744680851	1.1162150978007732
-5.2665832290362955	1.2058474462077389
-5.256570713391739	1.2880485650415334
-5.246558197747184	1.3575369462848679
-5.236545682102628	1.410897198154609
-5.226533166458072	1.4455261989749875
-5.216520650813517	1.460146743697593
-5.206508135168962	1.4569960626833844
-5.196495619524406	1.4430949199998115
-5.18648310387985	1.4289702526359558
-5.1764705882352935	1.4253638903355115
-5.166458072590738	1.439484335268126
-5.156445556946183	1.4724317578995954
-5.146433041301627	1.5188694808542331
-5.136420525657071	1.5690303723898797
-5.126408010012516	1.6123424368941355
-5.11639549436796	1.6413099947850829
-5.1063829787234045	1.6536865756021888
-5.0963704630788484	1.6515780361346442
-5.086357947434292	1.638531871600299
-5.076345431789737	1.617704948166535
-5.066332916145182	1.5929853265650051
-5.056320400500626	1.571115432854145
-5.04630788485607	1.5608324439730052
-5.036295369211514	1.5680396068425613
-5.026282853566959	1.5912593739339191
-5.016270337922403	1.6224484118716271
-5.006257822277847	1.652707675861993
-4.996245306633291	1.6770484396451633
-4.986232790988735	1.6940811480556646
-4.97622027534418	1.7028987599062155
-4.966207759699625	1.7022457401753088
-4.956195244055069	1.6933316031686383
-4.946182728410513	1.6825072878413394
-4.9361702127659575	1.6794343576119384
-4.926157697121402	1.6909337014386636
-4.916145181476846	1.7157847673002427
-4.90613266583229	1.7457262015763921
-4.896120150187734	1.77182640042024
-4.886107634543179	1.7895383947563284
-4.876095118898624	1.7974795853014947
-4.866082603254068	1.7926930043522866
-4.8560700876095115	1.7691920754168295
-4.8460575719649555	1.7221967377661411
-4.8360450563204	1.6538310356266468
-4.826032540675845	1.5747298595720463
-4.816020025031289	1.4998660722584074
-4.806007509386733	1.441306435793951
-4.795994993742178	1.4024606512077933
-4.785982478097623	1.3771369873240167
-4.7759699624530665	1.3534653274968054
-4.76595744680851	1.3197532178337672
-4.755944931163954	1.2686391325113637
-4.745932415519399	1.1979085115378325
-4.735919899874844	1.1092565301441266
-4.725907384230288	1.00722016865068
-4.715894868585732	0.8986935986092626
-4.705882352941176	0.791678127780531
-4.6958698372966206	0.6927768402725505
-4.685857321652065	0.6050310691032303
-4.675844806007509	0.5279289586899435
-4.665832290362953	0.4594572173275279
-4.655819774718398	0.3982829407919963
-4.645807259073843	0.3443459223134614
-4.635794743429287	0.2978561100345484
-4.625782227784731	0.25808286097832456
-4.615769712140175	0.22312988026878253
-4.605757196495619	0.19071380542759783
-4.595744680851064	0.15926468108239358
-4.585732165206508	0.1287541351260221
-4.575719649561952	0.10080521997154895
-4.565707133917396	0.07775451806814049
-4.555694618272841	0.06098277727818715
-4.545682102628286	0.04971580955936525
-4.53566958698373	0.04142026131009197
-4.5256570713391735	0.03354733061811152
-4.515644555694618	0.025096137524881136
-4.505632040050063	0.016746586710758148
-4.495619524405507	0.009776258367255607
-4.485607008760951	0.004943247268532692
-4.475594493116395	0.0021540282903524605
-4.46558197747184	0.000806747341417424
-4.4555694618272845	0.0002593066843034253
-4.4455569461827285	7.145927083154238e-05
-4.435544430538172	1.6871965397339718e-05
-4.425531914893616	3.4110477956240438e-06
-4.415519399249061	5.902170687710971e-07
-4.405506883604506	8.73669032003922e-08
-4.39549436795995	1.1059108988230899e-08
-4.385481852315394	1.1966664278353173e-09
-4.375469336670839	1.1065249197075878e-10
-4.365456821026283	8.740824692926198e-12
-4.355444305381727	5.896937928460533e-13
-4.345431789737171	3.3968351079079645e-14
-4.335419274092615	1.6703103211788777e-15
-4.32540675844806	7.009791044435009e-17
-4.315394242803505	2.510251324500875e-18
-4.305381727158949	7.669382834418934e-20
-4.295369211514393	1.9987969627067917e-21
-4.285356695869837	4.443062411398665e-23
-4.275344180225281	8.42263262674853e-25
-4.265331664580726	1.361496446562061e-26
-4.25531914893617	1.8764828946166602e-28
-4.245306633291614	2.204919061528591e-30
-4.235294117647059	2.2086402355166707e-32
-4.225281602002504	1.8858597475130944e-34
-4.215269086357948	1.3725140387268372e-36
-4.2052565707133915	8.513750193926341e-39
-4.1952440550688355	4.5008853076917595e-41
-4.18523153942428	2.0278061105849488e-43
-4.175219023779725	7.78550691819787e-46
-4.165206508135169	2.5471923454029456e-48
-4.155193992490613	7.101253552934009e-51
-4.145181476846057	1.6869114421702663e-53
-4.135168961201502	3.4144475052893803e-56
-4.1251564455569465	5.888539800504529e-59
-4.11514392991239	8.652528481947e-62
-4.105131414267834	1.0832206593770644e-64
-4.095118898623279	1.1553682578576436e-67
-4.085106382978723	1.0498940407569146e-70
-4.075093867334168	8.128019353233234e-74
-4.065081351689612	5.360824030629573e-77
-4.055068836045056	3.01217283576383e-80
-4.045056320400501	1.4418637821912807e-83
-4.035043804755945	5.879759736846496e-87
-4.025031289111389	2.0425907949617088e-90
-4.015018773466833	6.044848966510909e-94
-4.005006257822277	1.5239406433416641e-97
-3.994993742177722	3.272847121671866e-101
-3.9849812265331668	5.987635007328015e-105
-3.9749687108886107	9.331554340812425e-109
-3.9649561952440546	1.2388511337515221e-112
-3.9549436795994994	1.4010329174419513e-116
-3.9449311639549434	1.3497069018244372e-120
-3.934918648310388	1.1076193402335173e-124
-3.924906132665832	7.74282986458091e-129
-3.914893617021277	4.6106841944341255e-133
-3.904881101376721	2.3387618633572436e-137
-3.8948685857321648	1.0105556180713723e-141
-3.8848560700876096	3.7195189120327783e-146
-3.8748435544430535	1.1661770915865764e-150
-3.8648310387984983	3.1145289705607004e-155
-3.8548185231539422	7.085482322767388e-160
-3.844806007509387	1.3730765830856689e-164
-3.834793491864831	2.2665619732768915e-169
-3.824780976220275	3.2229216824272565e-174
-3.8147684605757197	2.7194384138633415e-171
-3.8047559449311636	1.7554822193084362e-166
-3.7947434292866085	9.652781760014226e-162
-3.7847309136420524	4.5211339983862993e-157
-3.774718397997497	1.8037697942120228e-152
-3.764705882352941	6.129904106363476e-148
-3.754693366708385	1.7744554127233725e-143
-3.74468085106383	4.375375613189678e-139
-3.734668335419274	9.18976557935465e-135
-3.7246558197747186	1.6441156586198754e-130
-3.7146433041301625	2.5055273043961432e-126
-3.7046307884856065	3.2524060257961575e-122
-3.6946182728410513	3.5962445621184173e-118
-3.684605757196495	3.387135144751026e-114
-3.67459324155194	2.7174069376843896e-110
-3.664580725907384	1.8570161696672377e-106
-3.6545682102628287	1.0809747391155238e-102
-3.6445556946182727	5.359870100983148e-99
-3.6345431789737166	2.2637676510394664e-95
-3.6245306633291614	8.144197728894794e-92
-3.6145181476846053	2.4957647950445964e-88
-3.60450563204005	6.514752181631494e-85
-3.594493116395494	1.4485419125233233e-81
-3.584480600750939	2.743488710027943e-78
-3.574468085106383	4.426029139854138e-75
-3.5644555694618267	6.082251656447443e-72
-3.5544430538172715	7.11956707734667e-69
-3.5444305381727155	7.0987511099541e-66
-3.5344180225281603	6.02905963349509e-63
-3.524405506883604	4.3617082514090556e-60
-3.514392991239049	2.687838874831658e-57
-3.504380475594493	1.4108786889650897e-54
-3.494367959949937	6.308356933713147e-52
-3.4843554443053817	2.4026106904602267e-49
-3.4743429286608256	7.794561197908324e-47
-3.4643304130162704	2.153980633737246e-44
-3.4543178973717144	5.0703127976561443e-42
-3.444305381727159	1.0166508868590196e-39
-3.434292866082603	1.7364200402657244e-37
-3.424280350438047	2.5263055414673016e-35
-3.414267834793492	3.130892340239577e-33
-3.4042553191489358	3.305259777015364e-31
-3.3942428035043806	2.972375167477586e-29
-3.3842302878598245	2.277033033500185e-27
-3.3742177722152693	1.485977331194632e-25
-3.3642052565707132	8.261231084448705e-24
-3.354192740926157	3.9127655648194317e-22
-3.344180225281602	1.5788890501467232e-20
-3.334167709637046	5.4284733999776535e-19
-3.3241551939924907	1.5903819817499078e-17
-3.3141426783479346	3.970772528657504e-16
-3.3041301627033794	8.450212210494806e-15
-3.2941176470588234	1.5331014142680848e-13
-3.2841051314142673	2.3719513212063467e-12
-3.274092615769712	3.1306275604011685e-11
-3.264080100125156	3.5265991599314813e-10
-3.254067584480601	3.392741532245286e-09
-3.2440550688360448	2.7897457896138645e-08
-3.2340425531914896	1.9626481813924107e-07
-3.2240300375469335	1.1828835175804458e-06
-3.2140175219023774	6.117139169120422e-06
-3.2040050062578223	2.7194518905439794e-05
-3.193992490613266	0.00010415733429008677
-3.183979974968711	0.0003445313939413787
-3.173967459324155	0.000986780718968964
-3.1639549436795997	0.0024536717337432785
-3.1539424280350437	0.005311299158041318
-3.1439299123904876	0.010039948897524483
-3.1339173967459324	0.016648794132892476
-3.1239048811013763	0.024421452355823835
-3.113892365456821	0.032219939295145494
-3.103879849812265	0.039454620087380404
-3.09386733416771	0.04710004163935906
-3.083854818523154	0.05772960679784445
-3.0738423028785977	0.07416205199167578
-3.0638297872340425	0.09755264469876107
-3.0538172715894865	0.12634028488528395
-3.0438047559449313	0.15681056641341365
-3.033792240300375	0.18491379756360202
-3.02377972465582	0.20830247961736736
-3.013767209011264	0.2275524257975301
-3.003754693366708	0.24609773864642956
-2.9937421777221527	0.2691757848055909
-2.9837296620775966	0.30233801098073865
-2.9737171464330414	0.349732336441938
-2.9637046307884853	0.4123064612420272
-2.95369211514393	0.48671114084820194
-2.943679599499374	0.566047378172606
-2.933667083854818	0.6428767861416864
-2.923654568210263	0.713419638983676
-2.9136420525657067	0.7804934979226433
-2.9036295369211516	0.8527283527247635
-2.8936170212765955	0.9398566972095554
-2.8836045056320403	1.0470827739489603
-2.873591989987484	1.1725098295591931
-2.863579474342928	1.3091006240516578
-2.853566958698373	1.4489731808293063
-2.843554443053817	1.586255389671297
-2.8335419274092617	1.716564635326054
-2.8235294117647056	1.8348343876942808
-2.8135168961201504	1.935113207456385
-2.8035043804755944	2.0138486805624805
-2.7934918648310383	2.0739497236410878
-2.783479349186483	2.1251685298635685
-2.773466833541927	2.179285961481871
-2.763454317897372	2.2432351210967245
-2.7534418022528158	2.3148892306135416
-2.7434292866082606	2.3840636193015325
-2.7334167709637045	2.4383644452828834
-2.7234042553191484	2.471233421559771
-2.7133917396745932	2.4873716985279026
-2.703379224030037	2.5007117802929892
-2.693366708385482	2.5249554721748733
-2.683354192740926	2.5632443361015023
-2.6733416770963707	2.60474450907354
-2.6633291614518146	2.6303577539986516
-2.6533166458072586	2.623287441831529
-2.6433041301627034	2.577941438744008
-2.6332916145181473	2.5025563739494134
-2.623279098873592	2.4148182055211724
-2.613266583229036	2.333600927822167
-2.603254067584481	2.271312995263911
-2.593241551939925	2.229527509768689
-2.5832290362953687	2.198339058570013
-2.5732165206508135	2.1594887824169016
-2.5632040050062574	2.093175735605966
-2.5531914893617023	1.986734384337611
-2.543178973717146	1.8413715722864132
-2.533166458072591	1.6733396189811036
-2.523153942428035	1.5083885454452826
-2.513141426783479	1.3713914987693767
-2.5031289111389237	1.2754654443400704
-2.4931163954943676	1.2160647095731536
-2.4831038798498124	1.1739784147688133
-2.4730913642052563	1.1261991360573154
-2.463078848560701	1.0581545323689503
-2.453066332916145	0.9695541682542342
-2.443053817271589	0.8706215911413316
-2.433041301627034	0.7725393621911548
-2.4230287859824777	0.6800874645571142
-2.4130162703379225	0.5918472562817789
-2.4030037546933665	0.5059393023645002
-2.3929912390488113	0.42451381155987783
-2.382978723404255	0.3528805461563398
-2.372966207759699	0.29530115569831267
-2.362953692115144	0.25200346918981537
-2.352941176470588	0.21952978703861487
-2.3429286608260327	0.19317808195898173
-2.3329161451814766	0.16931747853272985
-2.3229036295369214	0.14645531987424149
-2.3128911138923653	0.12516625110130608
-2.3028785982478093	0.1072630795964169
-2.292866082603254	0.09437914245528357
-2.282853566958698	0.08642900716066582
-2.272841051314143	0.08102725404567675
-2.2628285356695867	0.0746318182754185
-2.2528160200250316	0.06472195076118967
-2.2428035043804755	0.05127767948716803
-2.2327909887359194	0.03647767185433495
-2.2227784730913642	0.0231262022611288
-2.212765957446808	0.013171749242487638
-2.202753441802253	0.007212876727138909
-2.192740926157697	0.004888386281826777
-2.1827284105131417	0.005468884043588618
-2.1727158948685856	0.008098703067325734
-2.1627033792240296	0.011686581439318118
-2.1526908635794744	0.014888893780775713
-2.1426783479349183	0.016551601170509626
-2.132665832290363	0.016420865246850713
-2.122653316645807	0.01549346307643382
-2.112640801001252	0.015606733374799392
-2.1026282853566958	0.01854138247670632
-2.0926157697121397	0.025272576527878562
-2.0826032540675845	0.03574499461214911
-2.0725907384230284	0.04910259012203652
-2.0625782227784732	0.06413633990899889
-2.052565707133917	0.07977626209110347
-2.042553191489362	0.09551686070300096
-2.032540675844806	0.11171409740355313
-2.02252816020025	0.12975035345928015
-2.0125156445556946	0.1520045112871753
-2.0025031289111386	0.18142465145095613
-1.9924906132665834	0.22063092687019284
-1.9824780976220273	0.27096536242350605
-1.9724655819774712	0.3321960622580854
-1.962453066332916	0.4031867477553768
-1.95244055068836	0.483118347356017
-1.9424280350438048	0.5724855213083866
-1.9324155193992487	0.6732334639935298
-1.9224030037546935	0.7878160292309548
-1.9123904881101375	0.9174470607971535
-1.9023779724655814	1.0602086211976265
-1.8923654568210262	1.2100141053624085
-1.8823529411764701	1.3577420732660448
-1.872340425531915	1.4952892167223022
-1.8623279098873589	1.6208919966631579
-1.8523153942428037	1.7414618061787832
-1.8423028785982476	1.868655732489949
-1.8322903629536915	2.010807261073346
-1.8222778473091363	2.167450498023933
-1.8122653316645803	2.330920283587933
-1.802252816020025	2.4920912146934397
-1.792240300375469	2.643750651749677
-1.7822277847309138	2.7800624197700916
-1.7722152690863577	2.896928709980565
-1.7622027534418017	2.996137255489609
-1.7521902377972465	3.088164207369242
-1.7421777221526904	3.186488229529539
-1.7321652065081352	3.2952442284851093
-1.7221526908635791	3.40147092885567
-1.712140175219024	3.4803257893213213
-1.7021276595744679	3.5090537181683956
-1.6921151439299118	3.4780530567481485
-1.6821026282853566	3.392436978214638
-1.6720901126408005	3.266847590660786
-1.6620775969962454	3.1193944462441983
-1.6520650813516893	2.9671761938741654
-1.642052565707134	2.8222892340943524
-1.632040050062578	2.6875089521707443
-1.622027534418022	2.553944988088844
-1.6120150187734668	2.404704675794678
-1.6020025031289107	2.2251837744782286
-1.5919899874843555	2.013969884574939
-1.5819774718397994	1.785878934008713
-1.5719649561952442	1.5643797425879928
-1.5619524405506882	1.3693033737502405
-1.551939924906132	1.2087169106607825
-1.541927409261577	1.079080601620095
-1.5319148936170208	0.970900935454066
-1.5219023779724656	0.8744284127844961
-1.5118898623279096	0.7825212727519397
-1.5018773466833544	0.6914537308021405
-1.4918648310387983	0.6012811482477766
-1.4818523153942422	0.5158067733239042
-1.471839799749687	0.4411851203388649
-1.461827284105131	0.3830280840369015
-1.4518147684605758	0.3433781684822438
-1.4418022528160197	0.31952129405337304
-1.4317897371714645	0.30564605490085467
-1.4217772215269084	0.2963319417582348
-1.4117647058823524	0.2894684784196785
-1.4017521902377972	0.2868305945822021
-1.391739674593241	0.2924067981810413
-1.381727158948686	0.3098531654137859
-1.3717146433041298	0.34058558294394575
-1.3617021276595747	0.3836004523780893
-1.3516896120150186	0.4371299595555283
-1.3416770963704625	0.5006822424703911
-1.3316645807259073	0.5753611079113273
-1.3216520650813512	0.6620005198502403
-1.311639549436796	0.7591370533236502
-1.30162703379224	0.8631239621478354
-1.2916145181476848	0.970234767621204
-1.2816020025031287	1.0782716898576732
-1.2715894868585726	1.185715992776164
-1.2615769712140175	1.2893766047493525
-1.2515644555694614	1.3836865776209748
-1.2415519399249062	1.4635730290208104
-1.2315394242803501	1.5289235597681814
-1.221526908635795	1.5861245536265123
-1.2115143929912389	1.6442301525951402
-1.2015018773466828	1.708468510704336
-1.1914893617021276	1.7765533128782893
-1.1814768460575715	1.840357420358179
-1.1714643304130163	1.8903478457348717
-1.1614518147684603	1.91904546710088
-1.151439299123905	1.9230382512888724
-1.141426783479349	1.9046800322806356
-1.131414267834793	1.8721827665360713
-1.1214017521902377	1.8360471818137498
-1.1113892365456817	1.8040132109130425
-1.1013767209011265	1.7795628987596999
-1.0913642052565704	1.7647841636206838
-1.0813516896120152	1.7627720192671923
-1.0713391739674591	1.7759463263378619
-1.061326658322903	1.8023511333520592
-1.0513141426783479	1.8340967379134632
-1.0413016270337918	1.8594203477206177
-1.0312891113892366	1.8672452886115063
-1.0212765957446805	1.85244272536555
-1.0112640801001254	1.8193193547781492
-1.0012515644555693	1.780405568901238
-0.9912390488110132	1.7499455949060545
-0.981226533166458	1.7358572539436485
-0.971214017521902	1.735740988204792
-0.9612015018773468	1.7395641165906348
-0.9511889862327907	1.7368846222851761
-0.9411764705882355	1.7236452003135825
-0.9311639549436794	1.7039437442859702
-0.9211514392991234	1.6857052081030042
-0.9111389236545682	1.6740530164501917
-0.9011264080100121	1.6679943742169292
-0.8911138923654569	1.6623890876922969
-0.8811013767209008	1.6522046205080747
-0.8710888610763456	1.635381750436232
-0.8610763454317896	1.6135128755086874
-0.8510638297872335	1.591139867590069
-0.8410513141426783	1.5737847517420902
-0.8310387984981222	1.5649069250718879
-0.821026282853567	1.563600614329121
-0.811013767209011	1.5650305351246199
-0.8010012515644558	1.5631559140706923
-0.7909887359198997	1.553327186629684
-0.7809762202753436	1.5333618710529862
-0.7709637046307884	1.5036762121625948
-0.7609511889862324	1.4670801860959117
-0.7509386733416772	1.4278313227720796
-0.7409261576971211	1.389854501166972
-0.7309136420525659	1.355187566905679
-0.7209011264080099	1.3237148367725715
-0.7108886107634538	1.29415582064934
-0.7008760951188986	1.2655984908319882
-0.6908635794743425	1.239053353252738
-0.6808510638297873	1.2188627781301375
-0.6708385481852313	1.2137069403605842
-0.6608260325406761	1.2362439978533613
-0.65081351689612	1.2997823435577878
-0.6408010012515639	1.4115061820493142
-0.6307884856070087	1.5653894084863376
-0.6207759699624527	1.741023360065403
-0.6107634543178975	1.9121851365251623
-0.6007509386733414	2.0609340037716852
-0.5907384230287862	2.186763091114701
-0.5807259073842301	2.30325354564855
-0.5707133917396741	2.424954291553325
-0.5607008760951189	2.55534026509257
-0.5506883604505628	2.6853070353385102
-0.5406758448060076	2.8021172913105294
-0.5306633291614515	2.899817591773155
-0.5206508135168963	2.982258941027742
-0.5106382978723403	3.0581810953913293
-0.5006257822277842	3.1349752489615974
-0.490613266583229	3.216870775583443
-0.48060075093867294	3.3072256649829144
-0.47058823529411775	3.410457129195923
-0.4605757196495617	3.530261637411993
-0.4505632040050065	3.6652874236342017
-0.4405506883604504	3.8069084667505786
-0.43053817271589434	3.942483795457213
-0.42052565707133915	4.0621847983281585
-0.4105131414267831	4.16361364481718
-0.4005006257822279	4.250454822062711
-0.3904881101376718	4.3272190359369755
-0.38047559449311663	4.3956089546808315
-0.37046307884856056	4.456028687406053
-0.3604505632040045	4.512573073356276
-0.3504380475594493	4.5757848411400035
-0.3404255319148932	4.658077487687646
-0.33041301627033803	4.7632759110680825
-0.32040050062578196	4.879689380057526
-0.3103879849812259	4.985725755893348
-0.3003754693366707	5.0652386332435215
-0.2903629536921146	5.118851547131398
-0.28035043804755944	5.161290544510647
-0.27033792240300336	5.20896565609833
-0.2603254067584482	5.269815396743502
-0.2503128911138921	5.3420348096432
-0.24030037546933602	5.418616756611379
-0.23028785982478084	5.490978950449719
-0.22027534418022476	5.549159350568973
-0.21026282853566958	5.582295644736951
-0.2002503128911135	5.583368708479479
-0.19023779724655832	5.555630394436725
-0.18022528160200224	5.514130323332149
-0.17021276595744617	5.480591391240179
-0.16020025031289098	5.476122511549569
-0.1501877346683349	5.515278318722658
-0.14017521902377972	5.601188814452952
-0.13016270337922364	5.72250232897993
-0.12015018773466846	5.85554492324261
-0.11013767209011238	5.972810321155105
-0.10012515644555631	6.053743216153523
-0.09011264080100112	6.0918642527844105
-0.08010012515644505	6.094720858342804
-0.07008760951188986	6.0774523897272745
-0.060075093867333784	6.054536487065978
-0.0500625782227786	6.035082826415256
-0.04005006257822252	6.023820345512882
-0.030037546933666448	6.025043803250595
-0.02002503128911126	6.044168564033808
-0.010012515644555187	6.08403024197587
0.0	6.139784984263021
