-8.0	43.42287284230697
-7.989987484355444	43.42229577498421
-7.979974968710889	43.31061461597175
-7.969962453066333	43.08619101045437
-7.9599499374217775	42.68617808639869
-7.949937421777221	42.04455412814057
-7.939924906132666	41.16353803535581
-7.92991239048811	40.137410054359584
-7.919899874843554	39.12927624222534
-7.909887359198999	38.32468715346327
-7.899874843554443	37.86094866483902
-7.889862327909888	37.793098206553076
-7.8798498122653315	38.12509203649293
-7.869837296620776	38.817351822147955
-7.85982478097622	39.78052716612643
-7.849812265331664	40.90731269649996
-7.839799749687109	42.12271906438834
-7.829787234042553	43.380424798214044
-7.819774718397998	44.640075496725785
-7.809762202753442	45.85792340521033
-7.7997496871088865	47.00287789849875
-7.78973717146433	48.064702968918276
-7.779724655819774	49.05865399940247
-7.769712140175219	49.996665549214406
-7.759699624530663	50.853789902182676
-7.749687108886108	51.59111414712015
-7.739674593241552	52.166599302580394
-7.729662077596997	52.521781270786796
-7.719649561952441	52.58616113655196
-7.7096370463078845	52.30507781453623
-7.699624530663329	51.68879149617232
-7.689612015018773	50.853418900212525
-7.679599499374218	49.96667188379583
-7.669586983729662	49.16974378419175
-7.659574468085107	48.52187430923731
-7.649561952440551	48.00598093804596
-7.639549436795995	47.56707600427371
-7.629536921151439	47.13590390327408
-7.619524405506883	46.66547779510623
-7.609511889862328	46.146871701471696
-7.599499374217772	45.60265872639652
-7.589486858573217	45.083594039163366
-7.579474342928661	44.655579267028635
-7.569461827284105	44.36980777061223
-7.55944931163955	44.23213670756024
-7.5494367959949935	44.1923709830434
-7.539424280350438	44.17382011036948
-7.529411764705882	44.125034851528156
-7.519399249061326	44.038775909218536
-7.509386733416771	43.92845230532041
-7.499374217772215	43.807450020367014
-7.48936170212766	43.68635793575519
-7.479349186483104	43.5676849414126
-7.4693366708385485	43.453313519894635
-7.459324155193992	43.358707564653294
-7.449311639549437	43.307319257034436
-7.439299123904881	43.3263697946774
-7.429286608260325	43.44642937434709
-7.41927409261577	43.68497197754977
-7.409261576971214	44.02540357899058
-7.399249061326659	44.4170045337316
-7.3892365456821025	44.80672173087075
-7.3792240300375465	45.170131000092745
-7.369211514392991	45.501665330143446
-7.359198998748435	45.78614774291296
-7.34918648310388	45.99776337001531
-7.339173967459324	46.12600433377664
-7.329161451814769	46.19342256378441
-7.319148936170213	46.243527902817725
-7.3091364205256575	46.31588351685476
-7.299123904881101	46.43222451469988
-7.289111389236545	46.59102970538912
-7.27909887359199	46.771092102221075
-7.269086357947434	46.95229224108035
-7.259073842302879	47.13155203916293
-7.249061326658323	47.32175453054356
-7.239048811013767	47.51867511265784
-7.2290362953692116	47.6755369214486
-7.2190237797246555	47.74855497048641
-7.2090112640801	47.74687324174772
-7.198998748435544	47.704537203048694
-7.188986232790989	47.65362059617103
-7.178973717146433	47.646664289009784
-7.168961201501878	47.718065513936644
-7.158948685857322	47.84493573823598
-7.148936170212766	47.99598436179408
-7.13892365456821	48.171108707737986
-7.128911138923654	48.40328662511803
-7.118898623279099	48.7285526964311
-7.108886107634543	49.144255822003075
-7.098873591989987	49.64753278114644
-7.088861076345432	50.255483684354864
-7.078848560700876	50.9765538187864
-7.068836045056321	51.75274714725274
-7.0588235294117645	52.43503052017418
-7.048811013767209	52.84354453416497
-7.038798498122653	52.845631824032566
-7.028785982478098	52.42310854162651
-7.018773466833542	51.66488852302373
-7.008760951188986	50.66991430587739
-6.998748435544431	49.50189500267759
-6.988735919899875	48.192624585361344
-6.9787234042553195	46.713611375215095
-6.968710888610763	45.10025049127498
-6.958698372966207	43.42786769163034
-6.948685857321652	41.69570049188204
-6.938673341677096	39.86857922194892
-6.928660826032541	37.943209926868526
-6.918648310387985	35.942375141514844
-6.908635794743429	33.942402329867576
-6.8986232790988735	32.04923220161662
-6.888610763454318	30.33637413706942
-6.878598247809762	28.862888007011545
-6.868585732165206	27.664851301902868
-6.858573216520651	26.72520383104138
-6.848560700876095	25.977152983729518
-6.83854818523154	25.349155153397408
-6.828535669586984	24.837292764456063
-6.818523153942428	24.435252750879375
-6.808510638297872	24.167477204360328
-6.798498122653316	23.87976257583592
-6.788485607008761	23.477703352233075
-6.778473091364205	23.089159462091928
-6.768460575719649	22.864179781555627
-6.758448060075094	22.972827519233427
-6.748435544430539	23.290397813522663
-6.7384230287859825	23.66446507126685
-6.7284105131414265	23.94248016252338
-6.718397997496871	24.3811951488251
-6.708385481852315	24.949470839288058
-6.69837296620776	25.501103709607218
-6.688360450563204	26.163690313734485
-6.678347934918648	27.020553187788305
-6.668335419274093	27.982776770185914
-6.658322903629537	28.94435397764508
-6.648310387984981	29.84915456707634
-6.638297872340425	30.756411628823166
-6.628285356695869	31.67692249924503
-6.618272841051314	32.52853162456493
-6.608260325406759	33.24726578601287
-6.598247809762203	33.77883538936483
-6.588235294117647	34.09237061692205
-6.578222778473092	34.18754126215835
-6.5682102628285355	34.085594565696844
-6.55819774718398	33.82734109256013
-6.548185231539424	33.45434894704803
-6.538172715894868	32.99251584042996
-6.528160200250313	32.450961679501134
-6.518147684605757	31.818935901696186
-6.508135168961202	31.096643111651595
-6.498122653316646	30.30372024763247
-6.4881101376720896	29.456049069549476
-6.478097622027534	28.63297230390683
-6.468085106382979	27.95154842027241
-6.458072590738423	27.42343282522618
-6.448060075093867	27.003713485923054
-6.438047559449312	26.696455940966455
-6.428035043804756	26.501451336243036
-6.418022528160201	26.390757727671822
-6.4080100125156445	26.355988371562702
-6.397997496871088	26.331067026190556
-6.387984981226533	26.2615555511911
-6.377972465581977	26.76783447961901
-6.367959949937422	27.8516683225305
-6.357947434292866	29.62497619791555
-6.34793491864831	31.784663422275184
-6.337922403003755	33.39159956017051
-6.3279098873591995	34.5554183406083
-6.317897371714643	35.196334157442315
-6.307884856070087	35.6306385757299
-6.297872340425532	35.84710774105194
-6.287859824780976	36.063770331088016
-6.277847309136421	36.354723444987904
-6.267834793491865	36.76707642474789
-6.257822277847309	37.417979832464646
-6.2478097622027535	38.443824869390426
-6.2377972465581975	39.87657747707893
-6.227784730913642	41.61845148225946
-6.217772215269086	43.58359730806035
-6.20775969962453	45.7291427327046
-6.197747183979975	48.03851351369134
-6.18773466833542	50.47201598434487
-6.177722152690864	52.956229929367105
-6.167709637046308	55.44137137481243
-6.157697121401752	57.89468530613821
-6.147684605757196	60.26587303969076
-6.137672090112641	62.46332034877493
-6.127659574468085	64.37151821679268
-6.117647058823529	65.91466835843737
-6.107634543178974	67.10396569741982
-6.097622027534418	68.02153821873954
-6.0876095118898625	68.75716553885411
-6.0775969962453065	69.37716396017868
-6.06758448060075	69.9085857672941
-6.057571964956195	70.32946978391851
-6.04755944931164	70.58689855968865
-6.037546933667084	70.62721597763344
-6.027534418022528	70.40176523242938
-6.017521902377973	69.90415980226533
-6.007509386733417	69.17801781206788
-5.997496871088861	68.30584515756308
-5.987484355444305	67.37577709578261
-5.977471839799749	66.40506570200357
-5.967459324155194	65.35612868847768
-5.957446808510639	64.21638048508268
-5.947434292866083	63.050376236343354
-5.937421777221527	61.944251590509154
-5.927409261576971	60.940658620340855
-5.9173967459324155	59.922156376565056
-5.90738423028786	58.68603624592392
-5.897371714643304	57.19273099801589
-5.887359198998748	55.65990226078462
-5.877346683354192	54.72962830482121
-5.867334167709637	54.19850467296524
-5.857321652065082	54.10823654230911
-5.847309136420526	54.4405740092915
-5.83729662077597	54.88095736909498
-5.827284105131414	55.387583786036615
-5.817271589486858	56.061538021784315
-5.807259073842303	56.938718463370414
-5.797246558197747	57.95864506307737
-5.787234042553191	58.908797078897635
-5.777221526908636	59.70459377849284
-5.767209011264081	60.42007655431534
-5.7571964956195245	61.10705045087298
-5.747183979974968	61.7865919143135
-5.737171464330412	62.387104904118246
-5.727158948685857	62.814538435349924
-5.717146433041302	63.04500765973757
-5.707133917396746	63.19995894806679
-5.69712140175219	63.20245470738181
-5.687108886107635	62.99871439313638
-5.677096370463079	62.6064703817619
-5.667083854818523	62.07630932855899
-5.657071339173967	61.452499402712185
-5.647058823529411	60.78455220057689
-5.637046307884856	60.12677450123231
-5.627033792240301	59.49486360733182
-5.617021276595745	58.79198569723641
-5.607008760951189	58.01944844631687
-5.596996245306633	57.297490119638475
-5.5869837296620775	56.56425488544797
-5.576971214017522	55.73790353896268
-5.566958698372966	54.740271218975494
-5.55694618272841	53.48911614177419
-5.546933667083855	51.99033987716338
-5.536921151439299	50.5148423869212
-5.526908635794744	49.134432991494286
-5.516896120150188	47.681205359378836
-5.5068836045056315	46.09758162162441
-5.496871088861076	44.534371418443484
-5.486858573216521	42.959614828733365
-5.476846057571965	41.240242367101345
-5.466833541927409	39.430838899578426
-5.456821026282853	37.6560312347889
-5.446808510638298	35.935129283380796
-5.4367959949937426	34.28088890170619
-5.4267834793491865	32.94138624352173
-5.41677096370463	31.90253476015805
-5.406758448060075	31.129815576121917
-5.396745932415519	30.536877695566677
-5.386733416770964	30.07740283395887
-5.376720901126408	29.730533080601923
-5.366708385481852	29.49004032319617
-5.356695869837297	29.345893952087277
-5.346683354192741	29.24090286655453
-5.336670838548185	29.15668017905216
-5.326658322903629	29.075846679017978
-5.316645807259073	29.018431962968943
-5.306633291614518	28.99530103403908
-5.296620775969963	28.981096604260596
-5.286608260325407	28.970909192904706
-5.276595744680851	28.9631113879381
-5.2665832290362955	28.95687579757694
-5.256570713391739	28.951734676379456
-5.246558197747184	28.94740333741714
-5.236545682102628	28.943695775201505
-5.226533166458072	28.940482719843168
-5.216520650813517	28.9376698556696
-5.206508135168962	28.93518584790827
-5.196495619524406	28.9329753223227
-5.18648310387985	28.93099447426673
-5.1764705882352935	28.929208157596474
-5.166458072590738	28.92758785935149
-5.156445556946183	28.926110236831875
-5.146433041301627	28.92475603072743
-5.136420525657071	28.923509240549045
-5.126408010012516	28.922356489111436
-5.11639549436796	28.921286526684465
-5.1063829787234045	28.92028984026826
-5.0963704630788484	28.919358343129986
-5.086357947434292	28.918485126317723
-5.076345431789737	28.917664258480844
-5.066332916145182	28.91689062364521
-5.056320400500626	28.91615978902287
-5.04630788485607	28.915467896742648
-5.036295369211514	28.914811574746604
-5.026282853566959	28.914187863129328
-5.016270337922403	28.913594152984487
-5.006257822277847	28.9130281354324
-4.996245306633291	28.912487758972773
-4.986232790988735	28.911971193674948
-4.97622027534418	28.911476801007854
-4.966207759699625	28.911003108338324
-4.956195244055069	28.910548787309043
-4.946182728410513	28.91011263545127
-4.9361702127659575	28.909693560503015
-4.926157697121402	28.90929056699784
-4.916145181476846	28.908902744763576
-4.90613266583229	28.90852925903338
-4.896120150187734	28.908169341920033
-4.886107634543179	28.907822285046915
-4.876095118898624	28.90748743316223
-4.866082603254068	28.907164178590516
-4.8560700876095115	28.90685195640008
-4.8460575719649555	28.90655024018207
-4.8360450563204	28.90625853835514
-4.826032540675845	28.90597639092083
-4.816020025031289	28.905703366607934
-4.806007509386733	28.905439060351792
-4.795994993742178	28.905183091063744
-4.785982478097623	28.90493509965147
-4.7759699624530665	28.904694747257498
-4.76595744680851	28.904461713687226
-4.755944931163954	28.904235696002203
-4.745932415519399	28.904016407257927
-4.735919899874844	28.903803575367537
-4.725907384230288	28.90359694207683
-4.715894868585732	28.90339626203621
-4.705882352941176	28.90320130195861
-4.6958698372966206	28.90301183985319
-4.685857321652065	28.90282766432588
-4.675844806007509	28.902648573939526
-4.665832290362953	28.902474376626827
-4.655819774718398	28.902304889150255
-4.645807259073843	28.902139936604357
-4.635794743429287	28.90197935195543
-4.625782227784731	28.901822975615335
-4.615769712140175	28.901670653087084
-4.605757196495619	28.79723134594379
-4.595744680851064	28.674195275104903
-4.585732165206508	28.180459241641586
-4.575719649561952	27.4297734769894
-4.565707133917396	26.04089347197466
-4.555694618272841	24.892768988698663
-4.545682102628286	23.149721348688278
-4.53566958698373	22.397213142362933
-4.5256570713391735	22.003582662389054
-4.515644555694618	21.64069514989075
-4.505632040050063	21.56586021648445
-4.495619524405507	21.708908344054024
-4.485607008760951	21.732200556941116
-4.475594493116395	21.93201863600817
-4.46558197747184	21.95739875840445
-4.4555694618272845	21.989778264739392
-4.4455569461827285	21.990150269881465
-4.435544430538172	21.99052603513439
-4.425531914893616	21.990908085305435
-4.415519399249061	21.99129650747039
-4.405506883604506	21.991691385772725
-4.39549436795995	21.992092801102064
-4.385481852315394	21.992500830759035
-4.375469336670839	21.992915548107014
-4.365456821026283	21.99333702221048
-4.355444305381727	21.993765317460905
-4.345431789737171	21.994200493190444
-4.335419274092615	21.994642603273967
-4.32540675844806	21.995091695720657
-4.315394242803505	21.995547812255786
-4.305381727158949	21.99601098789427
-4.295369211514393	21.99648125050738
-4.285356695869837	21.996958620384564
-4.275344180225281	21.997443109792677
-4.265331664580726	21.997934722535224
-4.25531914893617	21.998433453514977
-4.245306633291614	21.99893928830417
-4.235294117647059	21.999452202726545
-4.225281602002504	21.999972162457787
-4.215269086357948	22.00049912265112
-4.2052565707133915	22.00103302759691
-4.1952440550688355	22.00157381042769
-4.18523153942428	22.00212139288167
-4.175219023779725	22.002675685142233
-4.165206508135169	22.00323658577484
-4.155193992490613	22.003803981788362
-4.145181476846057	22.00437774885565
-4.135168961201502	22.004957751737223
-4.1251564455569465	22.005543844964365
-4.11514392991239	22.00613587385408
-4.105131414267834	22.006733675948833
-4.095118898623279	22.007337083000984
-4.085106382978723	22.007945923656845
-4.075093867334168	22.008560027040545
-4.065081351689612	22.009179227497423
-4.055068836045056	22.009803370832806
-4.045056320400501	22.010432322483116
-4.035043804755945	22.011065978185723
-4.025031289111389	22.01170427788438
-4.015018773466833	22.012347223828456
-4.005006257822277	22.012994904113903
-3.994993742177722	22.01364752329214
-3.9849812265331668	22.01430544217086
-3.9749687108886107	22.014969229583603
-3.9649561952440546	22.0156397297706
-3.9549436795994994	22.01631815016549
-3.9449311639549434	22.01700617592937
-3.934918648310388	22.01770611968167
-3.924906132665832	22.018421117793128
-3.914893617021277	22.01915538873369
-3.904881101376721	22.019914574969704
-3.8948685857321648	22.020706198921786
-3.8848560700876096	22.02154027754192
-3.8748435544430535	22.022430162800564
-3.8648310387984983	22.023393713569735
-3.8548185231539422	22.02445497081792
-3.844806007509387	22.02564662717939
-3.834793491864831	22.027013801398564
-3.824780976220275	22.028620041837474
-3.8147684605757197	22.030557280385832
-3.8047559449311636	22.03296303069255
-3.7947434292866085	22.036051321777446
-3.7847309136420524	22.040170658471283
-3.774718397997497	22.045917854283847
-3.764705882352941	22.054376194354955
-3.754693366708385	22.06765801452722
-3.74468085106383	22.09019993711178
-3.734668335419274	22.130874522168025
-3.7246558197747186	22.200914671410956
-3.7146433041301625	22.315847056384545
-3.7046307884856065	22.512980136945895
-3.6946182728410513	22.855034632482926
-3.684605757196495	23.405966732573656
-3.67459324155194	24.11698323884282
-3.664580725907384	24.942465534053234
-3.6545682102628287	25.9469233670742
-3.6445556946182727	27.177670158963718
-3.6345431789737166	28.547013099811906
-3.6245306633291614	29.914725236154734
-3.6145181476846053	31.216485381893218
-3.60450563204005	32.47583981487458
-3.594493116395494	33.796354651232335
-3.584480600750939	35.150568323521355
-3.574468085106383	36.442206864961925
-3.5644555694618267	37.55715792544488
-3.5544430538172715	38.39869584501631
-3.5444305381727155	38.87173401637953
-3.5344180225281603	38.96966371892117
-3.524405506883604	38.7491444551051
-3.514392991239049	38.221865998179
-3.504380475594493	37.374939347472775
-3.494367959949937	36.25257576283167
-3.4843554443053817	34.93042752190902
-3.4743429286608256	33.46910291237347
-3.4643304130162704	31.941688225055056
-3.4543178973717144	30.455726532541988
-3.444305381727159	29.173824650619867
-3.434292866082603	28.075654839349646
-3.424280350438047	27.11579456412847
-3.414267834793492	26.278723054284626
-3.4042553191489358	25.472611105717508
-3.3942428035043806	24.758947283027865
-3.3842302878598245	24.208502745802864
-3.3742177722152693	23.818217665068214
-3.3642052565707132	23.500645179430634
-3.354192740926157	23.246466588685102
-3.344180225281602	23.07881429759073
-3.334167709637046	22.96491509920993
-3.3241551939924907	22.875919885476062
-3.3141426783479346	22.80885453662549
-3.3041301627033794	22.770461063334565
-3.2941176470588234	22.747272441030184
-3.2841051314142673	22.730646790024654
-3.274092615769712	22.717676185684258
-3.264080100125156	22.70718139908961
-3.254067584480601	22.698524655728846
-3.2440550688360448	22.69129635490999
-3.2340425531914896	22.685208901287652
-3.2240300375469335	22.6800494156152
-3.2140175219023774	22.675654591775352
-3.2040050062578223	22.671895894279725
-3.193992490613266	22.668670226887567
-3.183979974968711	22.665893722790678
-3.173967459324155	22.663497420792062
-3.1639549436795997	22.661424139964573
-3.1539424280350437	22.659626151257452
-3.1439299123904876	22.65806340040231
-3.1339173967459324	22.65670212507594
-3.1239048811013763	22.655513761854802
-3.113892365456821	22.654474071043133
-3.103879849812265	22.65356242840576
-3.09386733416771	22.6527612467956
-3.083854818523154	22.652055500240664
-3.0738423028785977	22.651432329788868
-3.0638297872340425	22.650880715247563
-3.0538172715894865	22.650391200492713
-3.0438047559449313	22.649955662732086
-3.033792240300375	22.649621578904327
-3.02377972465582	22.67801342837144
-3.013767209011264	22.676958842043508
-3.003754693366708	22.634658024715495
-2.9937421777221527	22.41686116991086
-2.9837296620775966	22.4269886282408
-2.9737171464330414	22.45157339139782
-2.9637046307884853	22.21667833510696
-2.95369211514393	22.099621429325822
-2.943679599499374	22.645263321932653
-2.933667083854818	23.375713741459816
-2.923654568210263	23.810152847437283
-2.9136420525657067	24.483216885032807
-2.9036295369211516	24.780570332719133
-2.8936170212765955	24.823045121544826
-2.8836045056320403	25.110832723378948
-2.873591989987484	25.28622574684175
-2.863579474342928	25.357439784615178
-2.853566958698373	25.396124587315633
-2.843554443053817	25.471190565767714
-2.8335419274092617	25.471965505671285
-2.8235294117647056	25.472777327904925
-2.8135168961201504	25.47362919989661
-2.8035043804755944	25.47452417831669
-2.7934918648310383	25.47546571473759
-2.783479349186483	25.47645773285919
-2.773466833541927	25.477504723247513
-2.763454317897372	25.47861185960382
-2.7534418022528158	25.479785141440072
-2.7434292866082606	25.481031569031508
-2.7334167709637045	25.482359357628447
-2.7234042553191484	25.483778199079964
-2.7133917396745932	25.48529958012844
-2.703379224030037	25.486937167429215
-2.693366708385482	25.48870726939999
-2.683354192740926	25.490629383611772
-2.6733416770963707	25.4927268346463
-2.6633291614518146	25.495027500460075
-2.6533166458072586	25.497564617295765
-2.6433041301627034	25.500377658709123
-2.6332916145181473	25.5035133700765
-2.623279098873592	25.507027484475174
-2.613266583229036	25.510989611652516
-2.603254067584481	25.515502259023048
-2.593241551939925	25.520781488348064
-2.5832290362953687	25.527495622128445
-2.5732165206508135	25.537928724280476
-2.5632040050062574	25.557041286269637
-2.5531914893617023	25.586484489001123
-2.543178973717146	25.626633898545037
-2.533166458072591	25.69374830641964
-2.523153942428035	25.78142013323938
-2.513141426783479	25.909914483428956
-2.5031289111389237	26.12832959958739
-2.4931163954943676	26.40878723763251
-2.4831038798498124	26.737807961729185
-2.4730913642052563	27.2350187377815
-2.463078848560701	27.952812091248802
-2.453066332916145	28.773353201435913
-2.443053817271589	29.68958245050192
-2.433041301627034	30.69607445405777
-2.4230287859824777	31.780041560757173
-2.4130162703379225	32.85300063072436
-2.4030037546933665	33.96776344632205
-2.3929912390488113	35.04666962239162
-2.382978723404255	36.05189624215132
-2.372966207759699	37.059794631304754
-2.362953692115144	38.080267495950224
-2.352941176470588	39.119977308868464
-2.3429286608260327	40.154085411963756
-2.3329161451814766	41.147227938812875
-2.3229036295369214	42.01129131015191
-2.3128911138923653	42.653280676823755
-2.3028785982478093	43.046617810978404
-2.292866082603254	43.2136584764412
-2.282853566958698	43.12491615040914
-2.272841051314143	42.75803932371567
-2.2628285356695867	42.262760252815504
-2.2528160200250316	41.70683168735178
-2.2428035043804755	41.004965281944166
-2.2327909887359194	40.17547796251144
-2.2227784730913642	39.25197756017671
-2.212765957446808	38.203377744824664
-2.202753441802253	37.08932105336544
-2.192740926157697	35.994360733036366
-2.1827284105131417	34.814125651211775
-2.1727158948685856	33.73568767875432
-2.1627033792240296	32.73462626898896
-2.1526908635794744	31.63974533746255
-2.1426783479349183	30.40905182903688
-2.132665832290363	29.365400037212517
-2.122653316645807	28.49712082742268
-2.112640801001252	27.688780583653
-2.1026282853566958	27.20358410282221
-2.0926157697121397	27.093387407687892
-2.0826032540675845	27.23422944567396
-2.0725907384230284	27.66017477641123
-2.0625782227784732	28.66423481402911
-2.052565707133917	30.193199798144175
-2.042553191489362	31.868240899305725
-2.032540675844806	33.355924977075546
-2.02252816020025	34.64463986039342
-2.0125156445556946	36.23226489328358
-2.0025031289111386	37.85159349437585
-1.9924906132665834	39.377590884510326
-1.9824780976220273	40.88240008252072
-1.9724655819774712	42.38397219095266
-1.962453066332916	43.91660395634078
-1.95244055068836	45.35706192668716
-1.9424280350438048	46.66248023075844
-1.9324155193992487	47.8493933960092
-1.9224030037546935	48.919860430285276
-1.9123904881101375	49.8306993275839
-1.9023779724655814	50.60526415201505
-1.8923654568210262	51.3560400681499
-1.8823529411764701	52.129815533319686
-1.872340425531915	52.899570167165564
-1.8623279098873589	53.65330983547157
-1.8523153942428037	54.418428834746805
-1.8423028785982476	55.135547936668644
-1.8322903629536915	55.72002890614644
-1.8222778473091363	56.15610031524734
-1.8122653316645803	56.45877212064296
-1.802252816020025	56.63787810913438
-1.792240300375469	56.645266774388425
-1.7822277847309138	56.441780237524405
-1.7722152690863577	56.0822651229856
-1.7622027534418017	55.61989121267873
-1.7521902377972465	55.112993007249464
-1.7421777221526904	54.61524701662513
-1.7321652065081352	54.12375545142536
-1.7221526908635791	53.62310842180402
-1.712140175219024	53.09941431554441
-1.7021276595744679	52.49668307416987
-1.6921151439299118	51.811156308869144
-1.6821026282853566	51.09289936822243
-1.6720901126408005	50.42753874902768
-1.6620775969962454	49.858113811876784
-1.6520650813516893	49.3877496195203
-1.642052565707134	49.16122433035991
-1.632040050062578	49.33007556614417
-1.622027534418022	49.871285234203235
-1.6120150187734668	50.640644752144446
-1.6020025031289107	51.41671269162303
-1.5919899874843555	52.169159044307094
-1.5819774718397994	52.91866609716914
-1.5719649561952442	53.63000564567206
-1.5619524405506882	54.248850935661196
-1.551939924906132	54.70377685264882
-1.541927409261577	55.025164845178324
-1.5319148936170208	55.260807301555985
-1.5219023779724656	55.42935578906818
-1.5118898623279096	55.57905127110549
-1.5018773466833544	55.7324651352702
-1.4918648310387983	55.885951325931956
-1.4818523153942422	56.04611322825102
-1.471839799749687	56.182219462612636
-1.461827284105131	56.29521659758879
-1.4518147684605758	56.36011749829484
-1.4418022528160197	56.28638673124727
-1.4317897371714645	56.0317756680758
-1.4217772215269084	55.686303596991046
-1.4117647058823524	55.27780088150863
-1.4017521902377972	54.75485223320946
-1.391739674593241	54.03163139862038
-1.381727158948686	53.1780572541209
-1.3717146433041298	52.23566842547926
-1.3617021276595747	51.179805422181175
-1.3516896120150186	50.08850904682824
-1.3416770963704625	48.98829855230875
-1.3316645807259073	47.85918533465941
-1.3216520650813512	46.732868021952974
-1.311639549436796	45.60347921635442
-1.30162703379224	44.47939164254128
-1.2916145181476848	43.358862601623315
-1.2816020025031287	42.44799069908102
-1.2715894868585726	42.05399427222301
-1.2615769712140175	42.20656277804271
-1.2515644555694614	42.8177742781093
-1.2415519399249062	43.77828545913835
-1.2315394242803501	44.810569281711196
-1.221526908635795	45.89976413643694
-1.2115143929912389	47.084012534848725
-1.2015018773466828	48.291799707890995
-1.1914893617021276	49.40607964276202
-1.1814768460575715	50.312169007204176
-1.1714643304130163	50.9434187711025
-1.1614518147684603	51.32968460712434
-1.151439299123905	51.44715890770788
-1.141426783479349	51.30986669113954
-1.131414267834793	50.98825901999889
-1.1214017521902377	50.568773968716414
-1.1113892365456817	50.10020975790446
-1.1013767209011265	49.561270173149936
-1.0913642052565704	48.90445303366281
-1.0813516896120152	48.10048897672838
-1.0713391739674591	47.13369239033503
-1.061326658322903	46.000267665537535
-1.0513141426783479	44.69053921473067
-1.0413016270337918	43.23380649055049
-1.0312891113892366	41.71219857240881
-1.0212765957446805	40.19463774996994
-1.0112640801001254	38.70166758065363
-1.0012515644555693	37.238821594144675
-0.9912390488110132	35.847820733425074
-0.981226533166458	34.53822316165572
-0.971214017521902	33.24563087055774
-0.9612015018773468	32.05605717681136
-0.9511889862327907	30.991935839274227
-0.9411764705882355	30.07603337420546
-0.9311639549436794	29.255662949376724
-0.9211514392991234	28.148265726458618
-0.9111389236545682	26.868632361728586
-0.9011264080100121	25.6938093737043
-0.8911138923654569	24.5134198704469
-0.8811013767209008	23.4403109623785
-0.8710888610763456	22.560700592392234
-0.8610763454317896	21.88823768398409
-0.8510638297872335	21.61583314797627
-0.8410513141426783	21.547440507962513
-0.8310387984981222	21.646081022162093
-0.821026282853567	21.72594144097679
-0.811013767209011	21.96762052023225
-0.8010012515644558	22.424721883145814
-0.7909887359198997	23.00266976200847
-0.7809762202753436	23.572341450216925
-0.7709637046307884	24.115562336400124
-0.7609511889862324	24.627930431688053
-0.7509386733416772	25.17048107855803
-0.7409261576971211	25.677374110892043
-0.7309136420525659	26.05236049230387
-0.7209011264080099	26.350159930119688
-0.7108886107634538	26.61704530310002
-0.7008760951188986	26.845596122023593
-0.6908635794743425	27.01689325299767
-0.6808510638297873	27.09699077697739
-0.6708385481852313	27.05563520102547
-0.6608260325406761	26.884421463865984
-0.65081351689612	26.57763749980293
-0.6408010012515639	26.118583431157877
-0.6307884856070087	25.48403653532659
-0.6207759699624527	24.66819107820659
-0.6107634543178975	23.71236768795597
-0.6007509386733414	22.728981623649556
-0.5907384230287862	21.810840731564916
-0.5807259073842301	21.010861878269377
-0.5707133917396741	20.30705725160123
-0.5607008760951189	19.690826186051094
-0.5506883604505628	19.184386869774197
-0.5406758448060076	18.746995542360526
-0.5306633291614515	18.43465561619809
-0.5206508135168963	18.205581149941086
-0.5106382978723403	18.10821585757879
-0.5006257822277842	18.174333268194754
-0.490613266583229	18.318732353278293
-0.48060075093867294	18.37107916803094
-0.47058823529411775	18.42472474416531
-0.4605757196495617	18.43533522754013
-0.4505632040050065	18.381665502622383
-0.4405506883604504	18.468141802858153
-0.43053817271589434	18.669593572219114
-0.42052565707133915	18.961651311727383
-0.4105131414267831	19.340427176366855
-0.4005006257822279	19.769872256435463
-0.3904881101376718	20.16609541398697
-0.38047559449311663	20.60030401377322
-0.37046307884856056	21.093291809528
-0.3604505632040045	21.553338250412803
-0.3504380475594493	21.961493778914264
-0.3404255319148932	22.332844311350815
-0.33041301627033803	22.68866469810673
-0.32040050062578196	23.04731042472696
-0.3103879849812259	23.405642285413972
-0.3003754693366707	23.70998880689055
-0.2903629536921146	23.947853231847578
-0.28035043804755944	24.140862048957647
-0.27033792240300336	24.325881172662413
-0.2603254067584482	24.51262587116063
-0.2503128911138921	24.669111753190595
-0.24030037546933602	24.761506679215746
-0.23028785982478084	24.746455750087154
-0.22027534418022476	24.560634288335706
-0.21026282853566958	24.200747045719893
-0.2002503128911135	23.735638063850423
-0.19023779724655832	23.235432121556347
-0.18022528160200224	22.71878989915766
-0.17021276595744617	22.163081560381993
-0.16020025031289098	21.554669387055636
-0.1501877346683349	20.89018452412232
-0.14017521902377972	20.18877759177299
-0.13016270337922364	19.479748318311078
-0.12015018773466846	18.794979196403144
-0.11013767209011238	18.159540718637466
-0.10012515644555631	17.562941777618605
-0.09011264080100112	17.00551008195205
-0.08010012515644505	16.542732769711552
-0.07008760951188986	16.19600976248942
-0.060075093867333784	15.910758045224593
-0.0500625782227786	15.656332309253806
-0.04005006257822252	15.422395140969266
-0.030037546933666448	15.2152935424874
-0.02002503128911126	15.052901786819874
-0.010012515644555187	14.938017211259282
0.0	14.862816320222283
