-8.0	67.89064962673359
-7.989987484355444	68.62950007474052
-7.979974968710889	69.27553851070729
-7.969962453066333	69.89232229992844
-7.9599499374217775	70.38125049926286
-7.949937421777221	70.59431579537677
-7.939924906132666	70.47321408583308
-7.92991239048811	70.0363539841817
-7.919899874843554	69.33255595767707
-7.909887359198999	68.47329231648384
-7.899874843554443	67.65375733203305
-7.889862327909888	66.8815362168364
-7.8798498122653315	66.00952826751623
-7.869837296620776	64.92736505223853
-7.85982478097622	63.62999250302327
-7.849812265331664	62.23077138710099
-7.839799749687109	60.83701258047744
-7.829787234042553	59.51747863935831
-7.819774718397998	58.35346789236562
-7.809762202753442	57.35336421393331
-7.7997496871088865	56.38330229686551
-7.78973717146433	55.29738604510379
-7.779724655819774	54.018651682000424
-7.769712140175219	52.58207126956684
-7.759699624530663	51.06771841196441
-7.749687108886108	49.648915419824306
-7.739674593241552	48.458369810810126
-7.729662077596997	47.4351503109684
-7.719649561952441	46.555359774202216
-7.7096370463078845	45.87679711609197
-7.699624530663329	45.47964890426922
-7.689612015018773	45.37809503969908
-7.679599499374218	45.498248393735174
-7.669586983729662	45.81012486208439
-7.659574468085107	46.342065433539474
-7.649561952440551	47.03233750448076
-7.639549436795995	47.74807872826103
-7.629536921151439	48.40312446158385
-7.619524405506883	48.97275862951996
-7.609511889862328	49.47665154118815
-7.599499374217772	50.00542120961341
-7.589486858573217	50.58201561965528
-7.579474342928661	51.12070230042853
-7.569461827284105	51.48033085240232
-7.55944931163955	51.587064720623054
-7.5494367959949935	51.52218097637423
-7.539424280350438	51.43666159443114
-7.529411764705882	51.40012796988827
-7.519399249061326	51.35340015055086
-7.509386733416771	51.17755047059702
-7.499374217772215	50.7715585976407
-7.48936170212766	50.19316240167991
-7.479349186483104	49.473935157597836
-7.4693366708385485	48.611074427765416
-7.459324155193992	47.66724334043066
-7.449311639549437	46.75561577010697
-7.439299123904881	46.005666803568644
-7.429286608260325	45.37304772118928
-7.41927409261577	44.73401391214508
-7.409261576971214	44.08171464832923
-7.399249061326659	43.47721771992949
-7.3892365456821025	42.94557326164313
-7.3792240300375465	42.4454662463035
-7.369211514392991	41.96327911965937
-7.359198998748435	41.569176155278036
-7.34918648310388	41.32652234302393
-7.339173967459324	41.2448570474823
-7.329161451814769	41.27320204169464
-7.319148936170213	41.35690406444446
-7.3091364205256575	41.51610798957385
-7.299123904881101	41.83282594307858
-7.289111389236545	42.41909343132577
-7.27909887359199	43.27787910151365
-7.269086357947434	44.29524170274234
-7.259073842302879	45.40009691211386
-7.249061326658323	46.565988321020185
-7.239048811013767	47.758980835947455
-7.2290362953692116	48.977911284470245
-7.2190237797246555	50.26108900500342
-7.2090112640801	51.55557045608242
-7.198998748435544	52.78705061150325
-7.188986232790989	53.88591054995369
-7.178973717146433	54.84137880599944
-7.168961201501878	55.658715439765054
-7.158948685857322	56.38463498140822
-7.148936170212766	57.02593228506326
-7.13892365456821	57.542661785076376
-7.128911138923654	57.92159877619602
-7.118898623279099	58.09080871238186
-7.108886107634543	58.0039519406908
-7.098873591989987	57.65948710883258
-7.088861076345432	56.96356055109919
-7.078848560700876	55.92436551815375
-7.068836045056321	54.843759294550466
-7.0588235294117645	53.965312517659825
-7.048811013767209	53.34449733541522
-7.038798498122653	53.014637542864875
-7.028785982478098	52.85612407894541
-7.018773466833542	52.659669519788665
-7.008760951188986	52.293031493818944
-6.998748435544431	51.719604320967726
-6.988735919899875	50.99320029275932
-6.9787234042553195	50.270422003871964
-6.968710888610763	49.701412184107184
-6.958698372966207	49.30785314054647
-6.948685857321652	49.10356898940968
-6.938673341677096	49.169405472791574
-6.928660826032541	49.5538370080232
-6.918648310387985	50.19812644692511
-6.908635794743429	50.91237830313737
-6.8986232790988735	51.497209788582076
-6.888610763454318	51.85790288449967
-6.878598247809762	51.96938248927916
-6.868585732165206	51.90737081306762
-6.858573216520651	51.8355395774895
-6.848560700876095	51.75681270365819
-6.83854818523154	51.589122682313814
-6.828535669586984	51.36582820127491
-6.818523153942428	51.155195935802304
-6.808510638297872	50.832775164374404
-6.798498122653316	50.2468752015467
-6.788485607008761	49.35067532165018
-6.778473091364205	48.221854062597046
-6.768460575719649	47.06080012173643
-6.758448060075094	45.9029840730062
-6.748435544430539	44.73291517233481
-6.7384230287859825	43.65285900835545
-6.7284105131414265	42.73066331225613
-6.718397997496871	41.79755334094347
-6.708385481852315	40.97937211978384
-6.69837296620776	40.25351974125934
-6.688360450563204	39.58917585590247
-6.678347934918648	39.002993479219484
-6.668335419274093	38.613929632887846
-6.658322903629537	38.54725276744463
-6.648310387984981	39.192407378264015
-6.638297872340425	40.38392582473922
-6.628285356695869	41.826941576004245
-6.618272841051314	43.52962967009046
-6.608260325406759	45.02699437045577
-6.598247809762203	46.36865889322112
-6.588235294117647	47.84915775127265
-6.578222778473092	49.09353831211876
-6.5682102628285355	49.96375199909975
-6.55819774718398	50.59037829411442
-6.548185231539424	51.10474117404141
-6.538172715894868	51.44188909583215
-6.528160200250313	51.49134814268464
-6.518147684605757	51.28546323181875
-6.508135168961202	50.83559908711964
-6.498122653316646	50.07104290795608
-6.4881101376720896	49.05632130810654
-6.478097622027534	47.82856825094438
-6.468085106382979	46.40631650347499
-6.458072590738423	44.880763083516634
-6.448060075093867	43.31093485411415
-6.438047559449312	41.68387388711385
-6.428035043804756	40.01573338378414
-6.418022528160201	38.343072073154765
-6.4080100125156445	36.65347872491022
-6.397997496871088	34.935712361203876
-6.387984981226533	33.23680718638474
-6.377972465581977	31.585711953602228
-6.367959949937422	29.997695901464965
-6.357947434292866	28.483576531872547
-6.34793491864831	27.035942206943037
-6.337922403003755	25.669033637788722
-6.3279098873591995	24.44604689711121
-6.317897371714643	23.397119548933453
-6.307884856070087	22.498447962025633
-6.297872340425532	21.75146689418862
-6.287859824780976	21.168794817625816
-6.277847309136421	20.73813656616203
-6.267834793491865	20.45900527463231
-6.257822277847309	20.33918197350773
-6.2478097622027535	20.34709269059071
-6.2377972465581975	20.406254111865113
-6.227784730913642	20.458015159404773
-6.217772215269086	20.486216421656096
-6.20775969962453	20.482543435973696
-6.197747183979975	20.4708239752914
-6.18773466833542	20.516869380473985
-6.177722152690864	20.643506722678303
-6.167709637046308	20.848364662850557
-6.157697121401752	21.243955648388553
-6.147684605757196	22.011881500433073
-6.137672090112641	23.277719722735362
-6.127659574468085	25.093300752357763
-6.117647058823529	27.314363186444215
-6.107634543178974	29.858867671400297
-6.097622027534418	32.58332828591518
-6.0876095118898625	35.3801858199027
-6.0775969962453065	38.37004841480242
-6.06758448060075	41.410823385757745
-6.057571964956195	44.28610607915419
-6.04755944931164	46.95954307317716
-6.037546933667084	49.39422808020611
-6.027534418022528	51.53353775634496
-6.017521902377973	53.421293755021225
-6.007509386733417	55.19681984220223
-5.997496871088861	56.96929189564769
-5.987484355444305	58.75022673090872
-5.977471839799749	60.45597661754095
-5.967459324155194	62.03554260937122
-5.957446808510639	63.370259534923825
-5.947434292866083	64.40631996071231
-5.937421777221527	65.28879350093914
-5.927409261576971	66.10503994416989
-5.9173967459324155	66.88646070324006
-5.90738423028786	67.57411444030319
-5.897371714643304	68.09405092882737
-5.887359198998748	68.44957485300422
-5.877346683354192	68.66392271502589
-5.867334167709637	68.60662594660542
-5.857321652065082	68.24078276939713
-5.847309136420526	67.72051683514198
-5.83729662077597	67.01631236514264
-5.827284105131414	66.15369881287317
-5.817271589486858	65.13309696031168
-5.807259073842303	63.919645555464136
-5.797246558197747	62.60296427804287
-5.787234042553191	61.13170068863353
-5.777221526908636	59.49917743996149
-5.767209011264081	57.7684869603418
-5.7571964956195245	56.021709604038215
-5.747183979974968	54.138773398574926
-5.737171464330412	51.98013847864742
-5.727158948685857	49.67074221049762
-5.717146433041302	47.50959949964319
-5.707133917396746	45.39307734205829
-5.69712140175219	43.38018278993843
-5.687108886107635	41.53131177339695
-5.677096370463079	39.717817589111746
-5.667083854818523	38.01171316436338
-5.657071339173967	36.418238124470975
-5.647058823529411	34.989980722228886
-5.637046307884856	33.977597091356785
-5.627033792240301	33.32782086713856
-5.617021276595745	32.878978486595464
-5.607008760951189	32.48430135745967
-5.596996245306633	32.17877351695159
-5.5869837296620775	32.02289901174217
-5.576971214017522	31.941577229451106
-5.566958698372966	31.882387207809348
-5.55694618272841	31.83355005358229
-5.546933667083855	31.79431727582783
-5.536921151439299	31.764604116831993
-5.526908635794744	31.743097297652465
-5.516896120150188	31.727856814754666
-5.5068836045056315	31.717059792248115
-5.496871088861076	31.709305218289458
-5.486858573216521	31.703617404931805
-5.476846057571965	31.699346943492024
-5.466833541927409	31.6960679065866
-5.456821026282853	31.69349989253537
-5.446808510638298	31.69145546940621
-5.4367959949937426	31.689806523491093
-5.4267834793491865	31.688463160948587
-5.41677096370463	31.68736054093952
-5.406758448060075	31.686450615142018
-5.396745932415519	31.68569688304847
-5.386733416770964	31.68507100509094
-5.376720901126408	31.684550569281715
-5.366708385481852	31.684117582769925
-5.356695869837297	31.683757426157385
-5.346683354192741	31.683458108858154
-5.336670838548185	31.68320972461384
-5.326658322903629	31.683004043338485
-5.316645807259073	31.682834198232197
-5.306633291614518	31.682694441232023
-5.296620775969963	31.682579948741783
-5.286608260325407	31.68248666524103
-5.276595744680851	31.682411176041217
-5.2665832290362955	31.68235060288155
-5.256570713391739	31.68230251769835
-5.246558197747184	31.682264871034903
-5.236545682102628	31.682235932364406
-5.226533166458072	31.682214240183512
-5.216520650813517	31.682198560169706
-5.206508135168962	31.682187850026057
-5.196495619524406	31.68218122989372
-5.18648310387985	31.68217795741453
-5.1764705882352935	31.68217740668659
-5.166458072590738	31.682179050485832
-5.156445556946183	31.68218244523246
-5.146433041301627	31.68218721826731
-5.136420525657071	31.682193057074667
-5.126408010012516	31.68219970014746
-5.11639549436796	31.682206929239044
-5.1063829787234045	31.682214562787266
-5.0963704630788484	31.68222245033038
-5.086357947434292	31.6822304677623
-5.076345431789737	31.682238513299847
-5.066332916145182	31.682246504052955
-5.056320400500626	31.68225437310724
-5.04630788485607	31.68226206704132
-5.036295369211514	31.682269543813504
-5.026282853566959	31.682276770963036
-5.016270337922403	31.682283724078353
-5.006257822277847	31.682290385493214
-4.996245306633291	31.682296743176543
-4.986232790988735	31.68230278978779
-4.97622027534418	31.682308521872987
-4.966207759699625	31.682313939181196
-4.956195244055069	31.682319044083492
-4.946182728410513	31.68232384107966
-4.9361702127659575	31.682328336379744
-4.926157697121402	31.682332537549375
-4.916145181476846	31.68233645321008
-4.90613266583229	31.68234009278596
-4.896120150187734	31.682343466290472
-4.886107634543179	31.682346584147368
-4.876095118898624	31.682349457040626
-4.866082603254068	31.682352095789472
-4.8560700876095115	31.682354511244625
-4.8460575719649555	31.682356714202577
-4.8360450563204	31.68235871533565
-4.826032540675845	31.682360525134992
-4.816020025031289	31.682362153864897
-4.806007509386733	31.682363611526817
-4.795994993742178	31.682364913817953
-4.785982478097623	31.518245356508583
-4.7759699624530665	31.518187793619663
-4.76595744680851	31.16119011939857
-4.755944931163954	30.087247679097523
-4.745932415519399	29.515156809012005
-4.735919899874844	27.61639434860086
-4.725907384230288	25.78600778675011
-4.715894868585732	23.505829547485657
-4.705882352941176	20.240573814654827
-4.6958698372966206	17.743423415612437
-4.685857321652065	14.988966763906111
-4.675844806007509	12.33174934219029
-4.665832290362953	10.150366604107964
-4.655819774718398	6.15165147666523
-4.645807259073843	4.336084589037873
-4.635794743429287	3.3338249407416383
-4.625782227784731	2.6108016775823097
-4.615769712140175	1.8259212351771277
-4.605757196495619	1.1623718906320255
-4.595744680851064	1.4605700633151584
-4.585732165206508	1.2633712485473731
-4.575719649561952	1.5661298395889343
-4.565707133917396	2.6304912903826168
-4.555694618272841	3.389647561071859
-4.545682102628286	4.812731630052479
-4.53566958698373	6.564956779387557
-4.5256570713391735	8.196295861928304
-4.515644555694618	9.979057168315125
-4.505632040050063	13.165119056900455
-4.495619524405507	16.05032879816303
-4.485607008760951	19.36813522959508
-4.475594493116395	22.348064285154532
-4.46558197747184	24.470340315003323
-4.4555694618272845	27.046892212273505
-4.4455569461827285	29.141909135550026
-4.435544430538172	30.01964474893452
-4.425531914893616	30.990506652317258
-4.415519399249061	30.990460324274913
-4.405506883604506	30.990460612218826
-4.39549436795995	30.990460947462623
-4.385481852315394	30.99046133631295
-4.375469336670839	30.990461785880242
-4.365456821026283	30.990462304166503
-4.355444305381727	30.990462900176425
-4.345431789737171	30.99046358404293
-4.335419274092615	30.99046436716862
-4.32540675844806	30.99046526238565
-4.315394242803505	30.99046628413619
-4.305381727158949	30.990467448676423
-4.295369211514393	30.99046877430723
-4.285356695869837	30.990470281635478
-4.275344180225281	30.99047199386957
-4.265331664580726	30.990473937154636
-4.25531914893617	30.990476140952538
-4.245306633291614	30.990478638473302
-4.235294117647059	30.990481467164887
-4.225281602002504	30.990484669270064
-4.215269086357948	30.990488292459858
-4.2052565707133915	30.990492390554767
-4.1952440550688355	30.990497024346535
-4.18523153942428	30.990502262535472
-4.175219023779725	30.990508182800518
-4.165206508135169	30.990514873021706
-4.155193992490613	30.990522432678713
-4.145181476846057	30.99053097445163
-4.135168961201502	30.99054062605596
-4.1251564455569465	30.990551532347727
-4.11514392991239	30.99056385774129
-4.105131414267834	30.990577788989565
-4.095118898623279	30.990593538384946
-4.085106382978723	30.990611347448684
-4.075093867334168	30.990631491189
-4.065081351689612	30.990654283022238
-4.055068836045056	30.99068008046813
-4.045056320400501	30.990709291750594
-4.035043804755945	30.9907423834596
-4.025031289111389	30.990779889459507
-4.015018773466833	30.990822421263488
-4.005006257822277	30.990870680137593
-3.994993742177722	30.990925471249103
-3.9849812265331668	30.99098772023751
-3.9749687108886107	30.991058492664752
-3.9649561952440546	30.991139016895755
-3.9549436795994994	30.991230711079652
-3.9449311639549434	30.9913352150479
-3.934918648310388	30.991454428129117
-3.924906132665832	30.991590554108956
-3.914893617021277	30.991746154854074
-3.904881101376721	30.991924214484452
-3.8948685857321648	30.992128216448023
-3.8848560700876096	30.99236223645087
-3.8748435544430535	30.992631054975586
-3.8648310387984983	30.992940294129237
-3.8548185231539422	30.993296584891677
-3.844806007509387	30.99370777258644
-3.834793491864831	30.994183170734413
-3.824780976220275	30.994733876588338
-3.8147684605757197	30.995373165900332
-3.8047559449311636	30.996116990291984
-3.7947434292866085	30.996984608629553
-3.7847309136420524	30.99799939501897
-3.774718397997497	30.99918988188431
-3.764705882352941	31.000591119347092
-3.754693366708385	31.002246465482646
-3.74468085106383	31.00420997235435
-3.734668335419274	31.00654961170523
-3.7246558197747186	31.00935171476653
-3.7146433041301625	31.01272723067814
-3.7046307884856065	31.01682084224338
-3.6946182728410513	31.021824853912175
-3.684605757196495	31.02800163899866
-3.67459324155194	31.03572261286756
-3.664580725907384	31.045541270632462
-3.6545682102628287	31.05833949983428
-3.6445556946182727	31.075630335392816
-3.6345431789737166	31.100156240649863
-3.6245306633291614	31.1368684534965
-3.6145181476846053	31.194212190206358
-3.60450563204005	31.286531025254494
-3.594493116395494	31.438766800056865
-3.584480600750939	31.68358817725565
-3.574468085106383	32.027323245139655
-3.5644555694618267	32.57324784819162
-3.5544430538172715	33.34376639287125
-3.5444305381727155	34.20438099437751
-3.5344180225281603	35.25926274968358
-3.524405506883604	36.787931647725685
-3.514392991239049	38.80134242766703
-3.504380475594493	40.997439856743455
-3.494367959949937	43.16553839523755
-3.4843554443053817	45.21735399907307
-3.4743429286608256	47.2134521509202
-3.4643304130162704	49.06927272333209
-3.4543178973717144	50.83465778771617
-3.444305381727159	52.591162785184956
-3.434292866082603	54.26785178165218
-3.424280350438047	55.70865337524749
-3.414267834793492	56.914683263566126
-3.4042553191489358	57.908491550668664
-3.3942428035043806	58.769155839523826
-3.3842302878598245	59.53912933095352
-3.3742177722152693	60.26913725493125
-3.3642052565707132	61.00321036716651
-3.354192740926157	61.68801561082355
-3.344180225281602	62.26582734356831
-3.334167709637046	62.66149554934373
-3.3241551939924907	62.82185592489024
-3.3141426783479346	62.80815206537488
-3.3041301627033794	62.73360678537099
-3.2941176470588234	62.654824184556446
-3.2841051314142673	62.58489062647671
-3.274092615769712	62.43134572481986
-3.264080100125156	62.163555590862885
-3.254067584480601	61.8400860989782
-3.2440550688360448	61.41805035149797
-3.2340425531914896	60.763579184784795
-3.2240300375469335	59.83499679644015
-3.2140175219023774	58.66353970544297
-3.2040050062578223	57.269535195655536
-3.193992490613266	55.572227505863346
-3.183979974968711	53.641022904225814
-3.173967459324155	51.65407679024393
-3.1639549436795997	49.633665705303066
-3.1539424280350437	47.61523287459746
-3.1439299123904876	45.589496599720526
-3.1339173967459324	43.63507718653694
-3.1239048811013763	41.80901457595955
-3.113892365456821	39.95137354436564
-3.103879849812265	38.036427173072546
-3.09386733416771	36.14921180760131
-3.083854818523154	34.38660320275429
-3.0738423028785977	32.74804801910626
-3.0638297872340425	31.230800984335414
-3.0538172715894865	29.983057662133994
-3.0438047559449313	29.104593084882268
-3.033792240300375	28.459021485602232
-3.02377972465582	28.12040502953444
-3.013767209011264	27.864558496497477
-3.003754693366708	27.506228818516796
-2.9937421777221527	27.184003725200213
-2.9837296620775966	26.96551938835283
-2.9737171464330414	26.87268325773647
-2.9637046307884853	26.829741310871057
-2.95369211514393	26.809002354887674
-2.943679599499374	26.795686039175358
-2.933667083854818	26.786600077276812
-2.923654568210263	26.780569272116846
-2.9136420525657067	26.77647626430703
-2.9036295369211516	26.773536579635216
-2.8936170212765955	26.77130498271662
-2.8836045056320403	26.769538925194766
-2.873591989987484	26.768100166435715
-2.863579474342928	26.766903753749705
-2.853566958698373	26.765893461273055
-2.843554443053817	26.76502978862963
-2.8335419274092617	26.764283757735267
-2.8235294117647056	26.763633457089643
-2.8135168961201504	26.76306196159265
-2.8035043804755944	26.762555991628773
-2.7934918648310383	26.762105000537872
-2.783479349186483	26.761700528157412
-2.773466833541927	26.76133572935822
-2.763454317897372	26.761005022836564
-2.7534418022528158	26.76070382527127
-2.7434292866082606	26.76042834755173
-2.7334167709637045	26.76017543696696
-2.7234042553191484	26.759942453919567
-2.7133917396745932	26.759727174880613
-2.703379224030037	26.759527715489305
-2.693366708385482	26.759342469251425
-2.683354192740926	26.75917005840991
-2.6733416770963707	26.75900929437789
-2.6633291614518146	26.75885914573026
-2.6533166458072586	26.75871871220251
-2.6433041301627034	26.758587203487682
-2.6332916145181473	26.758463921883113
-2.623279098873592	26.758348248038097
-2.613266583229036	26.7582396292091
-2.603254067584481	26.75813756954924
-2.593241551939925	26.7580416220537
-2.5832290362953687	26.757951381856355
-2.5732165206508135	26.75786648063274
-2.5632040050062574	26.75778658191057
-2.5531914893617023	26.757702712233858
-2.543178973717146	26.68804507212994
-2.533166458072591	26.263085260186926
-2.523153942428035	26.164989083219957
-2.513141426783479	26.29348478396524
-2.5031289111389237	26.160463463736036
-2.4931163954943676	26.117614452165768
-2.4831038798498124	26.07706838379109
-2.4730913642052563	26.03313088716449
-2.463078848560701	26.662931913805377
-2.453066332916145	27.54124482901545
-2.443053817271589	28.215796847823924
-2.433041301627034	29.370616337376813
-2.4230287859824777	30.347637957987757
-2.4130162703379225	31.14612594022621
-2.4030037546933665	31.65396825164568
-2.3929912390488113	32.28277265752283
-2.382978723404255	32.34465622929071
-2.372966207759699	32.70587507506594
-2.362953692115144	32.86645030044409
-2.352941176470588	32.86656463363396
-2.3429286608260327	32.866688346827125
-2.3329161451814766	32.86682247498411
-2.3229036295369214	32.86696808038794
-2.3128911138923653	32.867126350517175
-2.3028785982478093	32.86729861418953
-2.292866082603254	32.86748635991303
-2.282853566958698	32.86769125676661
-2.272841051314143	32.86791517818504
-2.2628285356695867	32.868160229087266
-2.2528160200250316	32.86842877686795
-2.2428035043804755	32.8687234868711
-2.2327909887359194	32.86904736309288
-2.2227784730913642	32.86940379502688
-2.212765957446808	32.869796611784444
-2.202753441802253	32.87023014492047
-2.192740926157697	32.87070930180247
-2.1827284105131417	32.87123965193235
-2.1727158948685856	32.87182752944014
-2.1627033792240296	32.87248015613315
-2.1526908635794744	32.87320579118159
-2.1426783479349183	32.874013916015
-2.132665832290363	32.874915466709844
-2.122653316645807	32.87592313170057
-2.112640801001252	32.877051741036965
-2.1026282853566958	32.87831878620945
-2.0926157697121397	32.879745129271065
-2.0826032540675845	32.88135599067767
-2.0725907384230284	32.88318235369384
-2.0625782227784732	32.88526300082723
-2.052565707133917	32.88764752452418
-2.042553191489362	32.89040086608172
-2.032540675844806	32.893610299617784
-2.02252816020025	32.89739641791819
-2.0125156445556946	32.90193083835637
-2.0025031289111386	32.90746550096997
-1.9924906132665834	32.91438241540389
-1.9824780976220273	32.923279551019164
-1.9724655819774712	32.935116844720945
-1.962453066332916	32.9514393191205
-1.95244055068836	32.97461617222784
-1.9424280350438048	33.008034694919345
-1.9324155193992487	33.059367658422275
-1.9224030037546935	33.15326649823138
-1.9123904881101375	33.295168370997146
-1.9023779724655814	33.516489564235194
-1.8923654568210262	33.88514161255491
-1.8823529411764701	34.44332379650796
-1.872340425531915	35.2624949365208
-1.8623279098873589	36.32044789875845
-1.8523153942428037	37.45279234353754
-1.8423028785982476	38.757016578917735
-1.8322903629536915	40.30171354697011
-1.8222778473091363	41.90996205297172
-1.8122653316645803	43.4659259998935
-1.802252816020025	45.04838501814342
-1.792240300375469	46.627412467880745
-1.7822277847309138	48.15446458317501
-1.7722152690863577	49.73953501938131
-1.7622027534418017	51.265507660907375
-1.7521902377972465	52.57256105391541
-1.7421777221526904	53.75100879697275
-1.7321652065081352	54.99405311864968
-1.7221526908635791	56.342792730540936
-1.712140175219024	57.66282276519597
-1.7021276595744679	58.882848789406744
-1.6921151439299118	59.856421787211005
-1.6821026282853566	60.73893265430282
-1.6720901126408005	61.526983214144096
-1.6620775969962454	62.131033755075315
-1.6520650813516893	62.50821901662857
-1.642052565707134	62.73081962530937
-1.632040050062578	62.885062907187134
-1.622027534418022	62.92561444560775
-1.6120150187734668	62.77748670060055
-1.6020025031289107	62.46851251125483
-1.5919899874843555	61.95875300209505
-1.5819774718397994	61.31341809938535
-1.5719649561952442	60.591827589299875
-1.5619524405506882	59.808951806843474
-1.551939924906132	58.9956264844133
-1.541927409261577	58.11093861328479
-1.5319148936170208	57.1042704495931
-1.5219023779724656	55.977143198214236
-1.5118898623279096	54.78812643534665
-1.5018773466833544	53.55176493395826
-1.4918648310387983	52.25867121255463
-1.4818523153942422	50.86509756813824
-1.471839799749687	49.23681297093249
-1.461827284105131	47.534538364623195
-1.4518147684605758	45.79360662003872
-1.4418022528160197	43.868031895063886
-1.4317897371714645	41.75773765581108
-1.4217772215269084	39.38585710359397
-1.4117647058823524	37.2007487046624
-1.4017521902377972	35.280271333758456
-1.391739674593241	33.67793817113652
-1.381727158948686	32.25346805787942
-1.3717146433041298	30.92106107720986
-1.3617021276595747	29.489789265912066
-1.3516896120150186	28.211544378422094
-1.3416770963704625	27.28186771247184
-1.3316645807259073	26.696147549094178
-1.3216520650813512	26.00089526739206
-1.311639549436796	25.122745875148144
-1.30162703379224	24.33136495401351
-1.2916145181476848	23.77712939264844
-1.2816020025031287	23.53218810388246
-1.2715894868585726	23.24548656802713
-1.2615769712140175	23.10177552898063
-1.2515644555694614	23.052107661090368
-1.2415519399249062	23.03217355533025
-1.2315394242803501	23.02143705488141
-1.221526908635795	23.013259058420598
-1.2115143929912389	23.006445265372488
-1.2015018773466828	23.000654117090566
-1.1914893617021276	22.995688737802297
-1.1814768460575715	22.991399529052963
-1.1714643304130163	22.98766657096801
-1.1614518147684603	22.984393091355162
-1.151439299123905	22.981501078367728
-1.141426783479349	22.978927756508657
-1.131414267834793	22.976619225319617
-1.1214017521902377	22.88501859339652
-1.1113892365456817	22.846680267390486
-1.1013767209011265	22.708643016190695
-1.0913642052565704	22.622948121556064
-1.0813516896120152	22.517062460438833
-1.0713391739674591	22.107659648756293
-1.061326658322903	21.711426652244324
-1.0513141426783479	21.435500880730693
-1.0413016270337918	21.1998939180734
-1.0312891113892366	20.88377061693955
-1.0212765957446805	20.160276454806763
-1.0112640801001254	19.092574134297738
-1.0012515644555693	17.885603376502257
-0.9912390488110132	16.831452776187238
-0.981226533166458	16.688892821974758
-0.971214017521902	16.24975727907655
-0.9612015018773468	16.25072899242823
-0.9511889862327907	16.178004193997293
-0.9411764705882355	16.052217677869095
-0.9311639549436794	15.90039506746697
-0.9211514392991234	16.38566367110459
-0.9111389236545682	16.778561706944654
-0.9011264080100121	16.86658760354383
-0.8911138923654569	16.877692236859847
-0.8811013767209008	16.87682362989472
-0.8710888610763456	16.98696611980567
-0.8610763454317896	17.103738058623925
-0.8510638297872335	17.102240249708178
-0.8410513141426783	17.099919143625716
-0.8310387984981222	17.097605675792828
-0.821026282853567	17.095345351310645
-0.811013767209011	17.093200092658957
-0.8010012515644558	17.091254066997795
-0.7909887359198997	17.089623887249903
-0.7809762202753436	17.08848320702567
-0.7709637046307884	17.08816976815771
-0.7609511889862324	17.089884750541923
-0.7509386733416772	17.09931507579908
-0.7409261576971211	17.121267029023887
-0.7309136420525659	17.135200484080237
-0.7209011264080099	17.15300087779681
-0.7108886107634538	17.187071750788533
-0.7008760951188986	17.251884981638415
-0.6908635794743425	17.321247817155864
-0.6808510638297873	17.40077362872815
-0.6708385481852313	17.56709142534021
-0.6608260325406761	17.797820210020145
-0.65081351689612	18.084154450976197
-0.6408010012515639	18.443536689825645
-0.6307884856070087	18.9113747332962
-0.6207759699624527	19.465822521448416
-0.6107634543178975	20.189202982092485
-0.6007509386733414	20.96725880402173
-0.5907384230287862	21.755915845632472
-0.5807259073842301	22.621763344158126
-0.5707133917396741	23.61203736758315
-0.5607008760951189	24.695211062337993
-0.5506883604505628	25.79954865465264
-0.5406758448060076	26.811763325023275
-0.5306633291614515	27.690740125448446
-0.5206508135168963	28.428908025059265
-0.5106382978723403	29.014471672372725
-0.5006257822277842	29.40793909865392
-0.490613266583229	29.614807295547763
-0.48060075093867294	29.634873306838642
-0.47058823529411775	29.471460516318352
-0.4605757196495617	29.198479007749153
-0.4505632040050065	28.926689188828934
-0.4405506883604504	28.74536367273788
-0.43053817271589434	28.68906859452122
-0.42052565707133915	28.73358452597642
-0.4105131414267831	28.838587076936047
-0.4005006257822279	28.961419296578388
-0.3904881101376718	29.05360230803964
-0.38047559449311663	29.082748848481724
-0.37046307884856056	29.028333940268773
-0.3604505632040045	28.865280529374836
-0.3504380475594493	28.58874777234548
-0.3404255319148932	28.229128887915962
-0.33041301627033803	27.859819570641946
-0.32040050062578196	27.577661627645618
-0.3103879849812259	27.44087575495366
-0.3003754693366707	27.440899836734705
-0.2903629536921146	27.54127478204359
-0.28035043804755944	27.69020597460248
-0.27033792240300336	27.82124514345277
-0.2603254067584482	27.878982395696706
-0.2503128911138921	27.86430314811431
-0.24030037546933602	27.790517055375574
-0.23028785982478084	27.634491968246884
-0.22027534418022476	27.391828494056398
-0.21026282853566958	27.10666391241776
-0.2002503128911135	26.88809866419891
-0.19023779724655832	26.827597928403936
-0.18022528160200224	26.900205697029712
-0.17021276595744617	27.02808860314687
-0.16020025031289098	27.110012251772797
-0.1501877346683349	27.040120493616502
-0.14017521902377972	26.770957661014712
-0.13016270337922364	26.283389732179756
-0.12015018773466846	25.574502963276363
-0.11013767209011238	24.738126592473574
-0.10012515644555631	23.93222180508335
-0.09011264080100112	23.23300054004618
-0.08010012515644505	22.599327432333858
-0.07008760951188986	21.933008741787248
-0.060075093867333784	21.15785324966776
-0.0500625782227786	20.265070408978865
-0.04005006257822252	19.312668010679634
-0.030037546933666448	18.425280931287425
-0.02002503128911126	17.649542259933675
-0.010012515644555187	16.944551651182866
0.0	16.198854599171025
