-8.0	47.210031376408686
-7.989987484355444	47.853608144161775
-7.979974968710889	48.4607071554696
-7.969962453066333	49.21047557520865
-7.9599499374217775	50.029809880181894
-7.949937421777221	50.73266530005608
-7.939924906132666	51.03681771603409
-7.92991239048811	50.95887516767279
-7.919899874843554	50.74024647855346
-7.909887359198999	50.52456210875182
-7.899874843554443	50.40880414056965
-7.889862327909888	50.4649205682903
-7.8798498122653315	50.67209791852348
-7.869837296620776	50.97981434404182
-7.85982478097622	51.33157627303134
-7.849812265331664	51.80677008298615
-7.839799749687109	52.394885943728255
-7.829787234042553	52.979571286457556
-7.819774718397998	53.373296149966485
-7.809762202753442	53.45971106498723
-7.7997496871088865	53.34533051118029
-7.78973717146433	53.09666055195885
-7.779724655819774	52.77154358538544
-7.769712140175219	52.52260332243271
-7.759699624530663	52.368707445234364
-7.749687108886108	52.169700530091376
-7.739674593241552	51.83615104545262
-7.729662077596997	51.34058222728396
-7.719649561952441	50.79566018720249
-7.7096370463078845	50.341704508868624
-7.699624530663329	50.065481414378546
-7.689612015018773	50.00002043033174
-7.679599499374218	50.09919980486408
-7.669586983729662	50.289211568860196
-7.659574468085107	50.50259866585447
-7.649561952440551	50.63745109570625
-7.639549436795995	50.69003240002489
-7.629536921151439	50.67162752476729
-7.619524405506883	50.585932656914345
-7.609511889862328	50.485797302092976
-7.599499374217772	50.44871655959146
-7.589486858573217	50.48915552844393
-7.579474342928661	50.55739652428207
-7.569461827284105	50.58410957591562
-7.55944931163955	50.541183842114386
-7.5494367959949935	50.40546651851105
-7.539424280350438	50.14533323644011
-7.529411764705882	49.751648325188576
-7.519399249061326	49.30743864572321
-7.509386733416771	48.94351729118577
-7.499374217772215	48.67661124208173
-7.48936170212766	48.505770212658064
-7.479349186483104	48.43041468827789
-7.4693366708385485	48.37104376630812
-7.459324155193992	48.271340905225536
-7.449311639549437	48.13629273685525
-7.439299123904881	47.88657707218612
-7.429286608260325	47.676074549995626
-7.41927409261577	47.69779060209617
-7.409261576971214	47.99879984532708
-7.399249061326659	48.39380112801441
-7.3892365456821025	48.60775655780504
-7.3792240300375465	48.585537124340505
-7.369211514392991	48.45240039504117
-7.359198998748435	48.30614983741399
-7.34918648310388	48.193952086243186
-7.339173967459324	48.08450346368472
-7.329161451814769	47.88859370847578
-7.319148936170213	47.63196826483143
-7.3091364205256575	47.452251197224136
-7.299123904881101	47.47837238483762
-7.289111389236545	47.738647491718794
-7.27909887359199	48.09509877550738
-7.269086357947434	48.42933060770289
-7.259073842302879	48.77157255875624
-7.249061326658323	49.042698775743276
-7.239048811013767	49.09762189728583
-7.2290362953692116	48.93689980244463
-7.2190237797246555	48.74534779508671
-7.2090112640801	48.67600646857834
-7.198998748435544	48.722285190964925
-7.188986232790989	48.81273559415814
-7.178973717146433	48.853920206129615
-7.168961201501878	48.81445025600442
-7.158948685857322	48.818227976799136
-7.148936170212766	48.99644987775929
-7.13892365456821	49.35811050542157
-7.128911138923654	49.7075124437379
-7.118898623279099	49.99737881954716
-7.108886107634543	50.28941454741
-7.098873591989987	50.564599512810524
-7.088861076345432	50.73818374443385
-7.078848560700876	50.79175575598128
-7.068836045056321	50.723689638413575
-7.0588235294117645	50.54417665318236
-7.048811013767209	50.34199725972064
-7.038798498122653	50.21359183611669
-7.028785982478098	50.16160686478687
-7.018773466833542	50.11813652246086
-7.008760951188986	50.163581416940104
-6.998748435544431	50.345643616196334
-6.988735919899875	50.526734292181644
-6.9787234042553195	50.652867269449054
-6.968710888610763	50.702364519616204
-6.958698372966207	50.621169465425844
-6.948685857321652	50.255281439625186
-6.938673341677096	49.58272944857015
-6.928660826032541	48.90749374956564
-6.918648310387985	48.44645186139985
-6.908635794743429	48.062018173244
-6.8986232790988735	47.65814655089586
-6.888610763454318	47.35403127362211
-6.878598247809762	47.117310695419675
-6.868585732165206	47.00055957047126
-6.858573216520651	46.9999116583518
-6.848560700876095	47.12913694451788
-6.83854818523154	47.4004600900085
-6.828535669586984	47.68290498909341
-6.818523153942428	47.78135105148406
-6.808510638297872	47.57648931836487
-6.798498122653316	47.213355521258855
-6.788485607008761	46.7759672571054
-6.778473091364205	46.32557051656203
-6.768460575719649	45.91113203939171
-6.758448060075094	45.703045243973826
-6.748435544430539	45.537521031134055
-6.7384230287859825	45.18297294675957
-6.7284105131414265	44.605208595395425
-6.718397997496871	43.802834268762865
-6.708385481852315	43.00431515396984
-6.69837296620776	42.28748542544638
-6.688360450563204	41.65766876564598
-6.678347934918648	41.21482583223052
-6.668335419274093	40.99077929942425
-6.658322903629537	41.00187761946085
-6.648310387984981	41.165363899556326
-6.638297872340425	41.35133846649398
-6.628285356695869	41.48665457328576
-6.618272841051314	41.60010598184505
-6.608260325406759	41.653144208697476
-6.598247809762203	41.61876212635686
-6.588235294117647	41.480596265561154
-6.578222778473092	41.23380121025662
-6.5682102628285355	40.86551722147571
-6.55819774718398	40.363819655523535
-6.548185231539424	39.8310958606457
-6.538172715894868	39.305860546918375
-6.528160200250313	38.8750246080135
-6.518147684605757	38.63794492311184
-6.508135168961202	38.49976401251834
-6.498122653316646	38.24290049959384
-6.4881101376720896	37.82876859477629
-6.478097622027534	37.407942388062196
-6.468085106382979	37.08913048451507
-6.458072590738423	36.7415317007474
-6.448060075093867	36.299383164392594
-6.438047559449312	35.809604266881394
-6.428035043804756	35.354977032029005
-6.418022528160201	35.08885587443291
-6.4080100125156445	34.94961613189049
-6.397997496871088	34.7666528466738
-6.387984981226533	34.48725855974944
-6.377972465581977	34.15515605124656
-6.367959949937422	33.79091964834128
-6.357947434292866	33.409642516731154
-6.34793491864831	33.03721514650954
-6.337922403003755	32.699010783528834
-6.3279098873591995	32.44663917929401
-6.317897371714643	32.26088449159922
-6.307884856070087	32.0279964937726
-6.297872340425532	31.650997014544345
-6.287859824780976	31.202545823843277
-6.277847309136421	30.79995952665129
-6.267834793491865	30.455594240045475
-6.257822277847309	30.14494249120248
-6.2478097622027535	29.91127693483875
-6.2377972465581975	29.804924760562567
-6.227784730913642	29.869324646942918
-6.217772215269086	30.042856041423953
-6.20775969962453	30.219550173374127
-6.197747183979975	30.35835355172987
-6.18773466833542	30.547223238717873
-6.177722152690864	30.782126099969403
-6.167709637046308	31.00377757770098
-6.157697121401752	31.199683033346922
-6.147684605757196	31.45499893964354
-6.137672090112641	31.73499466542475
-6.127659574468085	32.08028570078889
-6.117647058823529	32.5836212515592
-6.107634543178974	33.13100049377803
-6.097622027534418	33.522027308773325
-6.0876095118898625	33.712913275607036
-6.0775969962453065	33.83463219581417
-6.06758448060075	34.058851684457245
-6.057571964956195	34.50296945271672
-6.04755944931164	35.17615374002734
-6.037546933667084	35.93087764406243
-6.027534418022528	36.757917601700626
-6.017521902377973	37.63273553900773
-6.007509386733417	38.532172007482124
-5.997496871088861	39.39744158660851
-5.987484355444305	40.230520219727396
-5.977471839799749	41.05308509948467
-5.967459324155194	41.816807133089775
-5.957446808510639	42.57425005068409
-5.947434292866083	43.365130589219284
-5.937421777221527	44.02260348943633
-5.927409261576971	44.47981456031677
-5.9173967459324155	44.87337515095366
-5.90738423028786	45.132208439316585
-5.897371714643304	45.11961273550646
-5.887359198998748	44.89701665754661
-5.877346683354192	44.65258746357623
-5.867334167709637	44.4147962429838
-5.857321652065082	44.115026605086285
-5.847309136420526	43.80162865377149
-5.83729662077597	43.5024150717749
-5.827284105131414	43.18392253799594
-5.817271589486858	42.76958094840338
-5.807259073842303	42.281348236221966
-5.797246558197747	41.7453119882468
-5.787234042553191	41.24485880173674
-5.777221526908636	40.65058882013891
-5.767209011264081	39.79666404911977
-5.7571964956195245	38.874648167269434
-5.747183979974968	38.14471985724451
-5.737171464330412	37.41405780813177
-5.727158948685857	36.648479628621146
-5.717146433041302	35.800351694796674
-5.707133917396746	35.0403301092088
-5.69712140175219	34.37674938517004
-5.687108886107635	33.74007781232389
-5.677096370463079	33.00781628518554
-5.667083854818523	32.15312752826434
-5.657071339173967	31.40292578854921
-5.647058823529411	30.714110281714593
-5.637046307884856	29.985364340261373
-5.627033792240301	29.291460408581365
-5.617021276595745	28.682280282579676
-5.607008760951189	28.25016519494184
-5.596996245306633	27.607184358572823
-5.5869837296620775	26.687986842386458
-5.576971214017522	25.99284599423555
-5.566958698372966	25.131260464309033
-5.55694618272841	24.500944813243176
-5.546933667083855	23.96575236738715
-5.536921151439299	23.53140397771434
-5.526908635794744	23.265532854054694
-5.516896120150188	23.054443575987044
-5.5068836045056315	22.784632831780538
-5.496871088861076	22.475132316977437
-5.486858573216521	22.2505857830238
-5.476846057571965	22.105517636958552
-5.466833541927409	21.892589852385942
-5.456821026282853	21.745370529606554
-5.446808510638298	21.59592095742722
-5.4367959949937426	21.384139653785628
-5.4267834793491865	21.18086261192707
-5.41677096370463	20.93829586953754
-5.406758448060075	20.70082081727582
-5.396745932415519	20.638330713542462
-5.386733416770964	20.656547699934677
-5.376720901126408	20.67047621141475
-5.366708385481852	20.621092983176762
-5.356695869837297	20.565710324778
-5.346683354192741	20.51879992689267
-5.336670838548185	20.478325671045642
-5.326658322903629	20.462826944473285
-5.316645807259073	20.420023704843707
-5.306633291614518	20.381280802562664
-5.296620775969963	20.37710484699789
-5.286608260325407	20.37589401640759
-5.276595744680851	20.352963526722426
-5.2665832290362955	20.335629980459643
-5.256570713391739	20.308512843572135
-5.246558197747184	20.2601739253602
-5.236545682102628	20.23065916526613
-5.226533166458072	20.231345696144142
-5.216520650813517	20.25682677010031
-5.206508135168962	20.288454525114872
-5.196495619524406	20.29227900591804
-5.18648310387985	20.293015511242743
-5.1764705882352935	20.293580724842634
-5.166458072590738	20.294116541784312
-5.156445556946183	20.294533653766138
-5.146433041301627	20.290755197271846
-5.136420525657071	20.276736075272744
-5.126408010012516	20.27597431986542
-5.11639549436796	20.2764005181834
-5.1063829787234045	20.276835535631754
-5.0963704630788484	20.27725676137301
-5.086357947434292	20.27766435511992
-5.076345431789737	20.278058847810204
-5.066332916145182	20.27844073567695
-5.056320400500626	20.27881047935516
-5.04630788485607	20.27916850944666
-5.036295369211514	20.279515231304117
-5.026282853566959	20.27985102900929
-5.016270337922403	20.280176268647683
-5.006257822277847	20.280491300976728
-4.996245306633291	20.280796463575854
-4.986232790988735	20.281092082558487
-4.97622027534418	20.281378473916625
-4.966207759699625	20.281655944560743
-4.956195244055069	20.281924793109518
-4.946182728410513	20.282185310476596
-4.9361702127659575	20.28243778029503
-4.926157697121402	20.282682479213687
-4.916145181476846	20.282919677094945
-4.90613266583229	20.283149637137768
-4.896120150187734	20.283372611272245
-4.886107634543179	20.28290568324258
-4.876095118898624	20.2831154425702
-4.866082603254068	20.28331895260228
-4.8560700876095115	20.14096607414848
-4.8460575719649555	20.141157766106456
-4.8360450563204	20.141343878515755
-4.826032540675845	20.14152462193642
-4.816020025031289	20.14170020809422
-4.806007509386733	20.061698274995962
-4.795994993742178	20.100877983829122
-4.785982478097623	20.116786417462947
-4.7759699624530665	20.031622274472866
-4.76595744680851	20.090388768823892
-4.755944931163954	20.089823111588185
-4.745932415519399	19.958847506843853
-4.735919899874844	19.906046334216335
-4.725907384230288	19.755095707377553
-4.715894868585732	19.406030362038802
-4.705882352941176	19.097578803901992
-4.6958698372966206	18.936251425328564
-4.685857321652065	18.73308200805893
-4.675844806007509	18.08874391424682
-4.665832290362953	17.862720402318207
-4.655819774718398	17.3695140729776
-4.645807259073843	17.2640866976091
-4.635794743429287	17.4758454995655
-4.625782227784731	17.25783760106663
-4.615769712140175	17.03053321924848
-4.605757196495619	16.61581558826062
-4.595744680851064	16.743395663318285
-4.585732165206508	16.486950912395596
-4.575719649561952	16.05816754567864
-4.565707133917396	15.834198062134844
-4.555694618272841	15.738034994744762
-4.545682102628286	15.453336122892255
-4.53566958698373	15.498421595173326
-4.5256570713391735	15.80728770802925
-4.515644555694618	16.100782173433995
-4.505632040050063	16.627660629322506
-4.495619524405507	17.01618209898739
-4.485607008760951	17.67929744968053
-4.475594493116395	18.03673353918052
-4.46558197747184	18.42786500790182
-4.4555694618272845	18.606922568950797
-4.4455569461827285	18.87481684992537
-4.435544430538172	19.16616161684627
-4.425531914893616	19.34724449131815
-4.415519399249061	19.42312564080978
-4.405506883604506	19.43698302059362
-4.39549436795995	19.640305650170962
-4.385481852315394	19.62721605774499
-4.375469336670839	19.597401834577436
-4.365456821026283	19.59811570656929
-4.355444305381727	19.931735184473762
-4.345431789737171	19.931817792519187
-4.335419274092615	19.95400481699975
-4.32540675844806	19.954038370157
-4.315394242803505	19.95407045845043
-4.305381727158949	19.954102731317086
-4.295369211514393	19.92665592282941
-4.285356695869837	19.926687501882395
-4.275344180225281	19.92672032781666
-4.265331664580726	19.92675333585726
-4.25531914893617	19.926786525134165
-4.245306633291614	19.92681989482781
-4.235294117647059	19.926853444188023
-4.225281602002504	19.926887172556988
-4.215269086357948	19.926921079397445
-4.2052565707133915	19.92695516432767
-4.1952440550688355	19.926989427166223
-4.18523153942428	19.927023867992407
-4.175219023779725	19.927058487236316
-4.165206508135169	19.92709328583695
-4.155193992490613	19.92712826557786
-4.145181476846057	19.92716342992929
-4.135168961201502	19.927198786397057
-4.1251564455569465	19.927234353448778
-4.11514392991239	19.927270181478846
-4.105131414267834	19.927306417022393
-4.095118898623279	19.92734350047169
-4.085106382978723	19.927382776234516
-4.075093867334168	19.927428377121828
-4.065081351689612	19.927493041093577
-4.055068836045056	19.927616015236918
-4.045056320400501	19.9279176453058
-4.035043804755945	19.928760930121797
-4.025031289111389	19.93118613132175
-4.015018773466833	19.93774553303821
-4.005006257822277	19.952382716402383
-3.994993742177722	19.97660595253338
-3.9849812265331668	20.00249183444719
-3.9749687108886107	20.013058335245635
-3.9649561952440546	20.016610505053464
-3.9549436795994994	20.017843344064634
-3.9449311639549434	20.018298979733355
-3.934918648310388	20.01851322012097
-3.924906132665832	20.01867281267475
-3.914893617021277	20.018839691766182
-3.904881101376721	20.019041629110685
-3.8948685857321648	20.019333148282207
-3.8848560700876096	20.01986936644614
-3.8748435544430535	20.021567232330593
-3.8648310387984983	20.03453831189661
-3.8548185231539422	20.112609310351655
-3.844806007509387	20.175169260724033
-3.834793491864831	20.22668248749261
-3.824780976220275	20.26992590957702
-3.8147684605757197	20.292810369691658
-3.8047559449311636	20.322942241703906
-3.7947434292866085	20.365079243187378
-3.7847309136420524	20.422753191312783
-3.774718397997497	20.459275997404518
-3.764705882352941	20.56476387108298
-3.754693366708385	20.83179543996046
-3.74468085106383	21.0078149053938
-3.734668335419274	21.121333634011133
-3.7246558197747186	21.292285933880148
-3.7146433041301625	21.57616569639853
-3.7046307884856065	21.87255910406768
-3.6946182728410513	22.153486929027697
-3.684605757196495	22.45589686124359
-3.67459324155194	22.70723527188644
-3.664580725907384	23.04628702428989
-3.6545682102628287	23.425725703627045
-3.6445556946182727	23.92289697379197
-3.6345431789737166	24.47876199383937
-3.6245306633291614	25.00541443524184
-3.6145181476846053	25.539808864891707
-3.60450563204005	26.166798248299994
-3.594493116395494	26.76752333328
-3.584480600750939	27.298095775366328
-3.574468085106383	27.849500036294653
-3.5644555694618267	28.513477494857074
-3.5544430538172715	29.177510310988207
-3.5444305381727155	29.903483641385677
-3.5344180225281603	30.662119337730246
-3.524405506883604	31.36339375795602
-3.514392991239049	32.098178622202674
-3.504380475594493	32.89654274359888
-3.494367959949937	33.65418729530258
-3.4843554443053817	34.35799469795359
-3.4743429286608256	34.99824770547715
-3.4643304130162704	35.598725355220054
-3.4543178973717144	36.13649059584377
-3.444305381727159	36.78198225056287
-3.434292866082603	37.48364456310008
-3.424280350438047	38.012245047354675
-3.414267834793492	38.51812675758121
-3.4042553191489358	39.026181048324766
-3.3942428035043806	39.348371100210535
-3.3842302878598245	39.53722160778252
-3.3742177722152693	39.77470550328953
-3.3642052565707132	40.11040644577275
-3.354192740926157	40.37981218683515
-3.344180225281602	40.65832953497498
-3.334167709637046	40.8693948864302
-3.3241551939924907	40.97633745075005
-3.3141426783479346	41.156113372522235
-3.3041301627033794	41.3376246458729
-3.2941176470588234	41.40334990246234
-3.2841051314142673	41.36691732106775
-3.274092615769712	41.19131435041154
-3.264080100125156	40.98996958265367
-3.254067584480601	41.10133236236674
-3.2440550688360448	41.29883662079058
-3.2340425531914896	41.369521492606644
-3.2240300375469335	41.15632572483762
-3.2140175219023774	40.77764828051736
-3.2040050062578223	40.107020745579874
-3.193992490613266	39.22424387374026
-3.183979974968711	38.47530571600561
-3.173967459324155	37.76493804942196
-3.1639549436795997	36.93265288222029
-3.1539424280350437	35.855987200832004
-3.1439299123904876	35.017236068590115
-3.1339173967459324	34.06308743800812
-3.1239048811013763	33.06004369086167
-3.113892365456821	32.200734719994806
-3.103879849812265	31.49799992376837
-3.09386733416771	30.76840987283644
-3.083854818523154	30.011279314989302
-3.0738423028785977	29.261319901701427
-3.0638297872340425	28.57113122225473
-3.0538172715894865	28.00554210191211
-3.0438047559449313	27.47974450185399
-3.033792240300375	26.805303210965644
-3.02377972465582	26.276264880441012
-3.013767209011264	25.69880119003425
-3.003754693366708	25.053203931583376
-2.9937421777221527	24.425967166182538
-2.9837296620775966	23.76838303895241
-2.9737171464330414	23.46522846124627
-2.9637046307884853	23.223273955407958
-2.95369211514393	22.846087157266894
-2.943679599499374	22.258898455183687
-2.933667083854818	21.680900419774414
-2.923654568210263	21.260958907833533
-2.9136420525657067	20.975606814754347
-2.9036295369211516	20.719371275503267
-2.8936170212765955	20.32879887817764
-2.8836045056320403	20.127656747776005
-2.873591989987484	19.87581275679208
-2.863579474342928	19.697713759813805
-2.853566958698373	19.61568342722068
-2.843554443053817	19.47779569177236
-2.8335419274092617	19.398884662815462
-2.8235294117647056	19.32314328662523
-2.8135168961201504	19.256064362750188
-2.8035043804755944	19.095366912149455
-2.7934918648310383	18.867325200876262
-2.783479349186483	18.799618545953326
-2.773466833541927	18.693223929270424
-2.763454317897372	18.682286548780468
-2.7534418022528158	18.680118743495004
-2.7434292866082606	18.67922730453762
-2.7334167709637045	18.679859412277683
-2.7234042553191484	18.6847501251709
-2.7133917396745932	18.69628549090881
-2.703379224030037	18.705498610314752
-2.693366708385482	18.700612092487496
-2.683354192740926	18.74415413660195
-2.6733416770963707	18.718107294063675
-2.6633291614518146	18.715867447805806
-2.6533166458072586	18.76274104271466
-2.6433041301627034	18.822660698654992
-2.6332916145181473	18.911530080337005
-2.623279098873592	18.740906482319264
-2.613266583229036	18.653118526796394
-2.603254067584481	18.637238575435095
-2.593241551939925	18.618934936695847
-2.5832290362953687	18.635596314774222
-2.5732165206508135	18.63344598978392
-2.5632040050062574	18.607746275351037
-2.5531914893617023	18.560486828539027
-2.543178973717146	18.563762903837873
-2.533166458072591	18.540346170986002
-2.523153942428035	18.74177606000929
-2.513141426783479	18.22856617242423
-2.5031289111389237	18.369916179233506
-2.4931163954943676	18.441603845303568
-2.4831038798498124	18.503801323450585
-2.4730913642052563	18.70304036488559
-2.463078848560701	18.78587740150026
-2.453066332916145	19.131691335930373
-2.443053817271589	19.203117311728263
-2.433041301627034	19.469663966684408
-2.4230287859824777	19.764905682706157
-2.4130162703379225	20.05146925647227
-2.4030037546933665	20.152038829583805
-2.3929912390488113	20.355849749617594
-2.382978723404255	20.843749383751803
-2.372966207759699	21.069588622118843
-2.362953692115144	21.41599996646531
-2.352941176470588	21.72761779302671
-2.3429286608260327	21.8741170763622
-2.3329161451814766	21.9805999614608
-2.3229036295369214	22.093346030403765
-2.3128911138923653	22.42309853447859
-2.3028785982478093	22.5424487999368
-2.292866082603254	22.709603777456216
-2.282853566958698	22.70518685369587
-2.272841051314143	22.903049231293714
-2.2628285356695867	23.063631942766797
-2.2528160200250316	23.092185980951495
-2.2428035043804755	23.13846863895208
-2.2327909887359194	23.201108376074
-2.2227784730913642	23.269174742184536
-2.212765957446808	23.549893749718585
-2.202753441802253	23.561186252731225
-2.192740926157697	23.593407647631892
-2.1827284105131417	23.716992237922423
-2.1727158948685856	23.741216395560414
-2.1627033792240296	23.77817199494845
-2.1526908635794744	23.80159258759396
-2.1426783479349183	23.85163442664949
-2.132665832290363	23.86470347016933
-2.122653316645807	23.852541617512323
-2.112640801001252	23.859654618275083
-2.1026282853566958	23.91047525828753
-2.0926157697121397	23.96288512664233
-2.0826032540675845	24.000580549927264
-2.0725907384230284	24.044256273181098
-2.0625782227784732	24.157545996324018
-2.052565707133917	24.33451198203909
-2.042553191489362	24.611074141197523
-2.032540675844806	24.794306108124005
-2.02252816020025	24.98609815978234
-2.0125156445556946	25.22300522203318
-2.0025031289111386	25.61098853610178
-1.9924906132665834	26.09242568922754
-1.9824780976220273	26.499915085432818
-1.9724655819774712	26.994399645662345
-1.962453066332916	27.585203174979966
-1.95244055068836	28.088472324409143
-1.9424280350438048	28.628334255979077
-1.9324155193992487	29.20223410655027
-1.9224030037546935	29.57305418572583
-1.9123904881101375	29.929953498958227
-1.9023779724655814	30.579238773107157
-1.8923654568210262	31.29906767421015
-1.8823529411764701	32.135938262382325
-1.872340425531915	33.02885142733127
-1.8623279098873589	33.63696531009627
-1.8523153942428037	34.17223139525447
-1.8423028785982476	34.8506468616955
-1.8322903629536915	35.67086270912877
-1.8222778473091363	36.45575053622347
-1.8122653316645803	37.12095500757324
-1.802252816020025	37.70320368692095
-1.792240300375469	38.167080995521445
-1.7822277847309138	38.83987969406689
-1.7722152690863577	39.60510388110509
-1.7622027534418017	40.290762005092155
-1.7521902377972465	41.00376682849887
-1.7421777221526904	41.68281870804824
-1.7321652065081352	42.26817128691609
-1.7221526908635791	42.718929309985874
-1.712140175219024	43.12516112904625
-1.7021276595744679	43.58692014705334
-1.6921151439299118	43.81676669980651
-1.6821026282853566	44.04725456521256
-1.6720901126408005	44.309837739916325
-1.6620775969962454	44.64951025716734
-1.6520650813516893	44.86727857867755
-1.642052565707134	44.76457700667779
-1.632040050062578	44.58253696956087
-1.622027534418022	44.45703147459866
-1.6120150187734668	44.470104772080596
-1.6020025031289107	44.57820463235644
-1.5919899874843555	44.56065327530524
-1.5819774718397994	44.28984316020114
-1.5719649561952442	43.931171621683816
-1.5619524405506882	43.50703834239717
-1.551939924906132	43.105114288562206
-1.541927409261577	42.61592617011506
-1.5319148936170208	42.0743752159228
-1.5219023779724656	41.55792090088825
-1.5118898623279096	41.00794977504237
-1.5018773466833544	40.39428125589741
-1.4918648310387983	39.743954134648924
-1.4818523153942422	39.065740216366905
-1.471839799749687	38.2830978437191
-1.461827284105131	37.47073188996318
-1.4518147684605758	36.825406236385405
-1.4418022528160197	36.20126711967971
-1.4317897371714645	35.3776222299563
-1.4217772215269084	34.58947104776668
-1.4117647058823524	33.92371581843153
-1.4017521902377972	33.24517480446847
-1.391739674593241	32.55792922034608
-1.381727158948686	31.97769188752538
-1.3717146433041298	31.360063739106792
-1.3617021276595747	30.69570754374935
-1.3516896120150186	30.06391087929106
-1.3416770963704625	29.299213110631644
-1.3316645807259073	28.527456602419083
-1.3216520650813512	28.002965600128977
-1.311639549436796	27.48876621394991
-1.30162703379224	26.768317623180607
-1.2916145181476848	26.12707573760087
-1.2816020025031287	25.35112234418975
-1.2715894868585726	24.9126321137935
-1.2615769712140175	24.503949131077164
-1.2515644555694614	23.888828623451715
-1.2415519399249062	23.451339903186682
-1.2315394242803501	23.183685446490063
-1.221526908635795	22.929654779742037
-1.2115143929912389	22.68666774496448
-1.2015018773466828	22.39404582391414
-1.1914893617021276	22.0016120532366
-1.1814768460575715	21.80731251371357
-1.1714643304130163	21.619575136188388
-1.1614518147684603	21.442206955174644
-1.151439299123905	21.250281374348653
-1.141426783479349	20.977104827095534
-1.131414267834793	20.8034076809541
-1.1214017521902377	20.254616209977275
-1.1113892365456817	19.853485672126105
-1.1013767209011265	19.615107766453114
-1.0913642052565704	19.2914910159756
-1.0813516896120152	18.83519818428319
-1.0713391739674591	18.606762098250346
-1.061326658322903	18.457014275923214
-1.0513141426783479	18.171147262137257
-1.0413016270337918	17.72651314075843
-1.0312891113892366	17.06862676387546
-1.0212765957446805	16.60341730889017
-1.0112640801001254	16.412249744558608
-1.0012515644555693	16.335978508714796
-0.9912390488110132	16.082327064304398
-0.981226533166458	15.585667113820705
-0.971214017521902	15.419774203569865
-0.9612015018773468	15.345425598866571
-0.9511889862327907	14.949320465676706
-0.9411764705882355	14.73099740224843
-0.9311639549436794	14.563256687025161
-0.9211514392991234	14.60750405696749
-0.9111389236545682	14.5745956422877
-0.9011264080100121	14.401713889097943
-0.8911138923654569	14.371261560482733
-0.8811013767209008	14.280780884584468
-0.8710888610763456	14.381037306041465
-0.8610763454317896	14.44074438606577
-0.8510638297872335	14.522174478629312
-0.8410513141426783	14.609873753948031
-0.8310387984981222	14.652520211538862
-0.821026282853567	15.145285978691122
-0.811013767209011	15.200020916775228
-0.8010012515644558	15.38196629978474
-0.7909887359198997	15.529131802983327
-0.7809762202753436	15.674050852297878
-0.7709637046307884	15.764005326970372
-0.7609511889862324	15.845543911826708
-0.7509386733416772	16.005442207190953
-0.7409261576971211	16.19407986118897
-0.7309136420525659	16.36113033919652
-0.7209011264080099	16.52777193815747
-0.7108886107634538	16.754801337913765
-0.7008760951188986	17.00146331084239
-0.6908635794743425	17.222858270031537
-0.6808510638297873	17.4401975396761
-0.6708385481852313	17.71337144322792
-0.6608260325406761	17.952868436904527
-0.65081351689612	18.186433063691652
-0.6408010012515639	18.49657359633051
-0.6307884856070087	18.81644602527538
-0.6207759699624527	19.114858204542834
-0.6107634543178975	19.37448479406496
-0.6007509386733414	19.640234323530102
-0.5907384230287862	19.943575309852573
-0.5807259073842301	20.241263485293548
-0.5707133917396741	20.590394953873343
-0.5607008760951189	21.027514170170992
-0.5506883604505628	21.495927605056696
-0.5406758448060076	21.969054150840154
-0.5306633291614515	22.45455452768956
-0.5206508135168963	22.907126043235905
-0.5106382978723403	23.243632400595978
-0.5006257822277842	23.461961222335475
-0.490613266583229	23.61996910663031
-0.48060075093867294	23.779787997676973
-0.47058823529411775	23.972113073950222
-0.4605757196495617	24.207330490333845
-0.4505632040050065	24.476863209569974
-0.4405506883604504	24.747444115926392
-0.43053817271589434	24.99176467246063
-0.42052565707133915	25.188518507329306
-0.4105131414267831	25.363181179452987
-0.4005006257822279	25.50887275682357
-0.3904881101376718	25.586492939156372
-0.38047559449311663	25.55910788408282
-0.37046307884856056	25.397939409071405
-0.3604505632040045	25.151724657981088
-0.3504380475594493	24.957968502342037
-0.3404255319148932	24.937508170835027
-0.33041301627033803	25.130956139467532
-0.32040050062578196	25.38936531721374
-0.3103879849812259	25.541001242447024
-0.3003754693366707	25.53159411972945
-0.2903629536921146	25.413488469989513
-0.28035043804755944	25.248324882673153
-0.27033792240300336	25.02295047605342
-0.2603254067584482	24.69542526221363
-0.2503128911138921	24.318201521030044
-0.24030037546933602	23.981071094624337
-0.23028785982478084	23.711886269789446
-0.22027534418022476	23.49910472510708
-0.21026282853566958	23.2966230561827
-0.2002503128911135	23.083680058673693
-0.19023779724655832	22.85855956782858
-0.18022528160200224	22.578006578428592
-0.17021276595744617	22.28049079986756
-0.16020025031289098	22.02539032518279
-0.1501877346683349	21.81278458685943
-0.14017521902377972	21.652481792158646
-0.13016270337922364	21.57994604151099
-0.12015018773466846	21.521122248383534
-0.11013767209011238	21.35770970833764
-0.10012515644555631	21.137543237504953
-0.09011264080100112	20.92762820032196
-0.08010012515644505	20.70111309549691
-0.07008760951188986	20.34887358202052
-0.060075093867333784	19.833002394138287
-0.0500625782227786	19.291068498734568
-0.04005006257822252	18.790406606980195
-0.030037546933666448	18.29559173416489
-0.02002503128911126	17.799698231876537
-0.010012515644555187	17.276015559284446
0.0	16.75765024991805
