-8.0	2.066962744769302
-7.989987484355444	2.0337341146788077
-7.979974968710889	1.9803363354233878
-7.969962453066333	1.9203186910595589
-7.9599499374217775	1.8697378106213154
-7.949937421777221	1.8387184408708175
-7.939924906132666	1.828536729067364
-7.92991239048811	1.834552155200003
-7.919899874843554	1.8512472142733605
-7.909887359198999	1.8753204492433284
-7.899874843554443	1.9054907114235846
-7.889862327909888	1.9409961749330544
-7.8798498122653315	1.9816943815420573
-7.869837296620776	2.030224506636899
-7.85982478097622	2.0934807121949968
-7.849812265331664	2.180281569113585
-7.839799749687109	2.29542987511898
-7.829787234042553	2.434352155651122
-7.819774718397998	2.58304202142939
-7.809762202753442	2.7240686189484316
-7.7997496871088865	2.8445746864277317
-7.78973717146433	2.941025316546308
-7.779724655819774	3.0185308418239134
-7.769712140175219	3.086511812979297
-7.759699624530663	3.1541470429340475
-7.749687108886108	3.227809977465507
-7.739674593241552	3.310162223682082
-7.729662077596997	3.3996681469879513
-7.719649561952441	3.491261615236638
-7.7096370463078845	3.5802911521947696
-7.699624530663329	3.6687602497698415
-7.689612015018773	3.76822964890008
-7.679599499374218	3.894585793275657
-7.669586983729662	4.056792113795125
-7.659574468085107	4.247486744809919
-7.649561952440551	4.442292422092309
-7.639549436795995	4.608709618250106
-7.629536921151439	4.719625953607015
-7.619524405506883	4.764051261160831
-7.609511889862328	4.749277857308973
-7.599499374217772	4.693498760295178
-7.589486858573217	4.613861472641605
-7.579474342928661	4.518203968977095
-7.569461827284105	4.406013787102448
-7.55944931163955	4.276641435423037
-7.5494367959949935	4.136836298521492
-7.539424280350438	4.001034589958872
-7.529411764705882	3.885002193037274
-7.519399249061326	3.7989275054265192
-7.509386733416771	3.7451013904940083
-7.499374217772215	3.7206047816832095
-7.48936170212766	3.7219942655894074
-7.479349186483104	3.7482531011660543
-7.4693366708385485	3.7996310997617884
-7.459324155193992	3.8734769334544765
-7.449311639549437	3.961728829188439
-7.439299123904881	4.053705971391914
-7.429286608260325	4.14186383936604
-7.41927409261577	4.224285382653053
-7.409261576971214	4.301539812817823
-7.399249061326659	4.372538120613576
-7.3892365456821025	4.4346223548775585
-7.3792240300375465	4.4865250419969716
-7.369211514392991	4.528716521321175
-7.359198998748435	4.559893436500489
-7.34918648310388	4.574238977532726
-7.339173967459324	4.563198335466258
-7.329161451814769	4.520102011829131
-7.319148936170213	4.443718277611051
-7.3091364205256575	4.33921858934739
-7.299123904881101	4.2173225057287524
-7.289111389236545	4.091760087834221
-7.27909887359199	3.9742935109455972
-7.269086357947434	3.8686591101043954
-7.259073842302879	3.768029687292589
-7.249061326658323	3.6595936212553126
-7.239048811013767	3.533821352659889
-7.2290362953692116	3.3913581911500854
-7.2190237797246555	3.2427631902457925
-7.2090112640801	3.1026312292923026
-7.198998748435544	2.98298828578353
-7.188986232790989	2.8894275990767904
-7.178973717146433	2.8210098659053227
-7.168961201501878	2.7734549961135913
-7.158948685857322	2.743298670251421
-7.148936170212766	2.729429934634753
-7.13892365456821	2.73085917889616
-7.128911138923654	2.744209744826332
-7.118898623279099	2.765202626874947
-7.108886107634543	2.793284893263721
-7.098873591989987	2.8336094759705266
-7.088861076345432	2.89262843203299
-7.078848560700876	2.9708362037627882
-7.068836045056321	3.0599038527773685
-7.0588235294117645	3.147217714767688
-7.048811013767209	3.224216444169699
-7.038798498122653	3.2928545428037608
-7.028785982478098	3.3665580766055556
-7.018773466833542	3.464406102835018
-7.008760951188986	3.6000963347861403
-6.998748435544431	3.7713953088371737
-6.988735919899875	3.957403689807451
-6.9787234042553195	4.126429846278091
-6.968710888610763	4.249890691559029
-6.958698372966207	4.314071361190524
-6.948685857321652	4.323874057239599
-6.938673341677096	4.297791721045767
-6.928660826032541	4.257677908347894
-6.918648310387985	4.219042174233173
-6.908635794743429	4.18705663461411
-6.8986232790988735	4.159404419017822
-6.888610763454318	4.1312874658802485
-6.878598247809762	4.096430785148254
-6.868585732165206	4.044253977639261
-6.858573216520651	3.9605790256380695
-6.848560700876095	3.8365495910651397
-6.83854818523154	3.678909482087366
-6.828535669586984	3.5089196634248676
-6.818523153942428	3.3469309475841973
-6.808510638297872	3.195799097398298
-6.798498122653316	3.039964971417511
-6.788485607008761	2.862201696060253
-6.778473091364205	2.6620797038824184
-6.768460575719649	2.458661631114661
-6.758448060075094	2.2761048567663655
-6.748435544430539	2.1266904915981533
-6.7384230287859825	2.0053997197388096
-6.7284105131414265	1.897011943949949
-6.718397997496871	1.7866494549410572
-6.708385481852315	1.6661953943727665
-6.69837296620776	1.5360229586984178
-6.688360450563204	1.4044513959868965
-6.678347934918648	1.285192622405741
-6.668335419274093	1.1918659701843308
-6.658322903629537	1.1317821349280268
-6.648310387984981	1.1042468225586886
-6.638297872340425	1.1056009858941604
-6.628285356695869	1.1358544321021355
-6.618272841051314	1.1991833432380774
-6.608260325406759	1.297473465473344
-6.598247809762203	1.424794226319544
-6.588235294117647	1.5697296131383598
-6.578222778473092	1.7226169292075832
-6.5682102628285355	1.8790626153142496
-6.55819774718398	2.0368558022993226
-6.548185231539424	2.1918211539863317
-6.538172715894868	2.338078597658593
-6.528160200250313	2.471725373584384
-6.518147684605757	2.5938501442591098
-6.508135168961202	2.7112700065869704
-6.498122653316646	2.8355123074097586
-6.4881101376720896	2.979546052713492
-6.478097622027534	3.1516172715022943
-6.468085106382979	3.3488671857124284
-6.458072590738423	3.5560924413309487
-6.448060075093867	3.7522807062826615
-6.438047559449312	3.921297664482387
-6.428035043804756	4.059425366038729
-6.418022528160201	4.174589068811551
-6.4080100125156445	4.2782431158439795
-6.397997496871088	4.3764890448686184
-6.387984981226533	4.467499654837616
-6.377972465581977	4.546510943304839
-6.367959949937422	4.612426372608256
-6.357947434292866	4.669031833766422
-6.34793491864831	4.720513719721615
-6.337922403003755	4.767757761314189
-6.3279098873591995	4.810523963870851
-6.317897371714643	4.852844719643925
-6.307884856070087	4.90464326860925
-6.297872340425532	4.976556908209758
-6.287859824780976	5.071820322888666
-6.277847309136421	5.18152596618007
-6.267834793491865	5.286846311896526
-6.257822277847309	5.3670481101849505
-6.2478097622027535	5.407854637181303
-6.2377972465581975	5.4037570588213235
-6.227784730913642	5.352712618041451
-6.217772215269086	5.2492197283620765
-6.20775969962453	5.084104136627444
-6.197747183979975	4.852738668083555
-6.18773466833542	4.563924757333231
-6.177722152690864	4.239786955891889
-6.167709637046308	3.9060549831683917
-6.157697121401752	3.582454239504767
-6.147684605757196	3.282109619726902
-6.137672090112641	3.017750293656048
-6.127659574468085	2.805024197777166
-6.117647058823529	2.657969642866393
-6.107634543178974	2.581319672522351
-6.097622027534418	2.566971245907095
-6.0876095118898625	2.596615838350595
-6.0775969962453065	2.647649776121284
-6.06758448060075	2.6996351027007006
-6.057571964956195	2.7396106809578527
-6.04755944931164	2.7632754053319664
-6.037546933667084	2.7699982008946313
-6.027534418022528	2.755871487069673
-6.017521902377973	2.7131708518571402
-6.007509386733417	2.638350198543918
-5.997496871088861	2.5400023067390727
-5.987484355444305	2.43710286036139
-5.977471839799749	2.3483711432123164
-5.967459324155194	2.2825865182654144
-5.957446808510639	2.237254394351714
-5.947434292866083	2.2041489615538605
-5.937421777221527	2.175540890375537
-5.927409261576971	2.147142754561325
-5.9173967459324155	2.1179578211115597
-5.90738423028786	2.088789724490757
-5.897371714643304	2.0605285901676913
-5.887359198998748	2.0330019294158026
-5.877346683354192	2.0054413176146806
-5.867334167709637	1.9785628909971253
-5.857321652065082	1.9559969270110737
-5.847309136420526	1.9426056114849168
-5.83729662077597	1.9405993338798866
-5.827284105131414	1.9475105603384184
-5.817271589486858	1.9585216990934557
-5.807259073842303	1.9708112988244308
-5.797246558197747	1.9853922541420634
-5.787234042553191	2.004850888195577
-5.777221526908636	2.0295272654599943
-5.767209011264081	2.0555641359732193
-5.7571964956195245	2.0762675368133228
-5.747183979974968	2.085876951092001
-5.737171464330412	2.082874019920973
-5.727158948685857	2.069331046793546
-5.717146433041302	2.045858614358932
-5.707133917396746	2.0069679561625815
-5.69712140175219	1.9425473455493738
-5.687108886107635	1.8450984977396434
-5.677096370463079	1.71618639462706
-5.667083854818523	1.5664463361104186
-5.657071339173967	1.4095877931944438
-5.647058823529411	1.255318073667613
-5.637046307884856	1.1060848745171414
-5.627033792240301	0.9594061686886198
-5.617021276595745	0.8133735447865447
-5.607008760951189	0.6704399289535988
-5.596996245306633	0.536534872317394
-5.5869837296620775	0.41729303058414546
-5.576971214017522	0.3153989855078068
-5.566958698372966	0.23075044072442924
-5.55694618272841	0.1620445737488718
-5.546933667083855	0.1079354017172231
-5.536921151439299	0.06723864818765904
-5.526908635794744	0.0385945422383005
-5.516896120150188	0.02012020191717592
-5.5068836045056315	0.009405790499114691
-5.496871088861076	0.003901612990154207
-5.486858573216521	0.001424304996951366
-5.476846057571965	0.0004547321053714909
-5.466833541927409	0.00012637291708325024
-5.456821026282853	3.0460398651404344e-05
-5.446808510638298	6.35006320892786e-06
-5.4367959949937426	1.1423411731068062e-06
-5.4267834793491865	1.769991547622256e-07
-5.41677096370463	2.3583623477990126e-08
-5.406758448060075	2.6984677328129696e-09
-5.396745932415519	2.6483450050426837e-10
-5.386733416770964	2.227072379619512e-11
-5.376720901126408	1.6032768958432543e-12
-5.366708385481852	9.873304841459343e-14
-5.356695869837297	5.197675018329926e-15
-5.346683354192741	2.337775786661069e-16
-5.336670838548185	8.979145899378979e-18
-5.326658322903629	2.943939149673707e-19
-5.316645807259073	8.236353809368903e-21
-5.306633291614518	1.965748141118966e-22
-5.296620775969963	4.0013075797186584e-24
-5.286608260325407	6.944943408838464e-26
-5.276595744680851	1.0276710560196851e-27
-5.2665832290362955	1.2962722455802245e-29
-5.256570713391739	1.3936162952819748e-31
-5.246558197747184	1.2768851366286927e-33
-5.236545682102628	9.969787834641099e-36
-5.226533166458072	6.633080414576213e-38
-5.216520650813517	3.76023187035188e-40
-5.206508135168962	1.8161967899930383e-42
-5.196495619524406	7.473816764628779e-45
-5.18648310387985	2.6202243870685444e-47
-5.1764705882352935	7.825978562919914e-50
-5.166458072590738	1.9912812104868254e-52
-5.156445556946183	4.3163000380848935e-55
-5.146433041301627	7.970186061539517e-58
-5.136420525657071	1.253709688971001e-60
-5.126408010012516	1.6799333646458086e-63
-5.11639549436796	1.9175617648193292e-66
-5.1063829787234045	1.864512361626304e-69
-5.0963704630788484	1.544317930406418e-72
-5.086357947434292	1.0895850244983046e-75
-5.076345431789737	6.548417044459978e-79
-5.066332916145182	3.35243600057321e-82
-5.056320400500626	1.4619485051888172e-85
-5.04630788485607	5.430624360207335e-89
-5.036295369211514	1.7183532759273102e-92
-5.026282853566959	4.631473859757851e-96
-5.016270337922403	1.0633329195490414e-99
-5.006257822277847	2.079514306539969e-103
-4.996245306633291	3.4641493706230054e-107
-4.986232790988735	4.9155585287624965e-111
-4.97622027534418	5.941420487989294e-115
-4.966207759699625	6.117141381784029e-119
-4.956195244055069	5.364722524615163e-123
-4.946182728410513	4.0076176280297354e-127
-4.9361702127659575	2.5501477808477243e-131
-4.926157697121402	1.382242667915183e-135
-4.916145181476846	6.381796689243622e-140
-4.90613266583229	2.5098122030178142e-144
-4.896120150187734	8.407734143254698e-149
-4.886107634543179	2.3991428201659463e-153
-4.876095118898624	5.831396081515924e-158
-4.866082603254068	1.2073361868776138e-162
-4.8560700876095115	2.1292324428753592e-167
-4.8460575719649555	3.198578857699102e-172
-4.8360450563204	4.092890610344644e-177
-4.826032540675845	4.4611031418388344e-182
-4.816020025031289	4.141840895003813e-187
-4.806007509386733	3.2755448748268945e-192
-4.795994993742178	2.2065443816999614e-197
-4.785982478097623	1.2661370957994486e-202
-4.7759699624530665	6.188533342021856e-208
-4.76595744680851	2.576520837532574e-213
-4.755944931163954	9.137312814219643e-219
-4.745932415519399	2.760210647827837e-224
-4.735919899874844	7.10239548428e-230
-4.725907384230288	1.5567051410051026e-235
-4.715894868585732	2.9063421793824913e-241
-4.705882352941176	4.6219580721814615e-247
-4.6958698372966206	6.261006072382087e-253
-4.685857321652065	7.22438881097417e-259
-4.675844806007509	7.100631210404909e-265
-4.665832290362953	5.944723494213949e-271
-4.655819774718398	4.239408001968438e-277
-4.645807259073843	2.575239487657025e-283
-4.635794743429287	1.3325051025041644e-289
-4.625782227784731	5.872986286417154e-296
-4.615769712140175	2.2048951377189678e-302
-4.605757196495619	7.50754215613216e-309
-4.595744680851064	1.4696223306124388e-303
-4.585732165206508	4.030389658657285e-297
-4.575719649561952	9.415148366170506e-291
-4.565707133917396	1.8734673951489425e-284
-4.555694618272841	3.175440278468267e-278
-4.545682102628286	4.58459100572933e-272
-4.53566958698373	5.638142987411597e-266
-4.5256570713391735	5.906230774702573e-260
-4.515644555694618	5.2701572950234944e-254
-4.505632040050063	4.005673816912182e-248
-4.495619524405507	2.59338159688335e-242
-4.485607008760951	1.4301978028836958e-236
-4.475594493116395	6.71838097098898e-231
-4.46558197747184	2.6882644364956247e-225
-4.4555694618272845	9.162588555509096e-220
-4.4455569461827285	2.660132212699686e-214
-4.435544430538172	6.578503321616158e-209
-4.425531914893616	1.385765717740562e-203
-4.415519399249061	2.486516622670754e-198
-4.405506883604506	3.800421439538982e-193
-4.39549436795995	4.9477869503860036e-188
-4.385481852315394	5.486925468978461e-183
-4.375469336670839	5.183056822721163e-178
-4.365456821026283	4.1704384694635584e-173
-4.355444305381727	2.8583559131168905e-168
-4.345431789737171	1.6687440504470467e-163
-4.335419274092615	8.298545790832838e-159
-4.32540675844806	3.515224755108364e-154
-4.315394242803505	1.26836146836562e-149
-4.305381727158949	3.898269150188489e-145
-4.295369211514393	1.0205621109232592e-140
-4.285356695869837	2.2758618687354197e-136
-4.275344180225281	4.3230593403117424e-132
-4.265331664580726	6.994800513001729e-128
-4.25531914893617	9.640472239658526e-124
-4.245306633291614	1.1317750675819431e-119
-4.235294117647059	1.1317767690553556e-115
-4.225281602002504	9.640515719564808e-112
-4.215269086357948	6.994853093159961e-108
-4.2052565707133915	4.32310483674252e-104
-4.1952440550688355	2.2758926646463674e-100
-4.18523153942428	1.0205789904281291e-96
-4.175219023779725	3.898345353525959e-93
-4.165206508135169	1.2683900795216586e-89
-4.155193992490613	3.5153146345165195e-86
-4.145181476846057	8.298782977846992e-83
-4.135168961201502	1.6687967793548163e-79
-4.1251564455569465	2.8584548653699773e-76
-4.11514392991239	4.17059546827999e-73
-4.105131414267834	5.183267679783754e-70
-4.095118898623279	5.4871654223492407e-67
-4.085106382978723	4.948018513311061e-64
-4.075093867334168	3.800611077843604e-61
-4.065081351689612	2.4866485042958657e-58
-4.055068836045056	1.385843651081407e-55
-4.045056320400501	6.578894914431964e-53
-4.035043804755945	2.6602996465618035e-50
-4.025031289111389	9.163198277614201e-48
-4.015018773466833	2.688453745955552e-45
-4.005006257822277	6.718882807282597e-43
-3.994993742177722	1.4303115834795962e-40
-3.9849812265331668	2.5936027400161e-38
-3.9749687108886107	4.006043319137359e-36
-3.9649561952440546	5.270689910250762e-34
-3.9549436795994994	5.906895779737003e-32
-3.9449311639549434	5.638865352551644e-30
-3.934918648310388	4.585276591714324e-28
-3.924906132665832	3.176010794776492e-26
-3.914893617021277	1.8738845502289432e-24
-3.904881101376721	9.417829270335009e-23
-3.8948685857321648	4.031901645210833e-21
-3.8848560700876096	1.470368423999867e-19
-3.8748435544430535	4.567814797538141e-18
-3.8648310387984983	1.2088441677266704e-16
-3.8548185231539422	2.725410036774997e-15
-3.844806007509387	5.235082020669656e-14
-3.834793491864831	8.568230857354213e-13
-3.824780976220275	1.195100350406028e-11
-3.8147684605757197	1.4209166631976765e-10
-3.8047559449311636	1.4406026391923896e-09
-3.7947434292866085	1.2461641731167037e-08
-3.7847309136420524	9.205204196409208e-08
-3.774718397997497	5.814115135784285e-07
-3.764705882352941	3.146157317134757e-06
-3.754693366708385	1.462863825505159e-05
-3.74468085106383	5.869994773691882e-05
-3.734668335419274	0.0002045373140947988
-3.7246558197747186	0.0006241269879079815
-3.7146433041301625	0.001685690909523758
-3.7046307884856065	0.004079060943497283
-3.6946182728410513	0.008948858000101824
-3.684605757196495	0.01796812249948888
-3.67459324155194	0.03321640859802333
-3.664580725907384	0.05673780006444888
-3.6545682102628287	0.08991775424716571
-3.6445556946182727	0.1332058623749556
-3.6345431789737166	0.18663620132214254
-3.6245306633291614	0.2507917180889423
-3.6145181476846053	0.32722000429435727
-3.60450563204005	0.41790747776463966
-3.594493116395494	0.524569955071859
-3.584480600750939	0.648364889523145
-3.574468085106383	0.7892541332586119
-3.5644555694618267	0.9441926280313487
-3.5544430538172715	1.105572788103017
-3.5444305381727155	1.2627801112207917
-3.5344180225281603	1.4071531820000296
-3.524405506883604	1.5363325497333742
-3.514392991239049	1.6535100558877731
-3.504380475594493	1.7618337146629992
-3.494367959949937	1.8590833598071372
-3.4843554443053817	1.937424329880934
-3.4743429286608256	1.9882177084678494
-3.4643304130162704	2.0075915519023355
-3.4543178973717144	1.9984917871704035
-3.444305381727159	1.9685943544558537
-3.434292866082603	1.927015152729259
-3.424280350438047	1.8827582301785493
-3.414267834793492	1.8446378044283975
-3.4042553191489358	1.8201851917229632
-3.3942428035043806	1.8128246894201412
-3.3842302878598245	1.8199592963584463
-3.3742177722152693	1.8347426776463807
-3.3642052565707132	1.8505078381004172
-3.354192740926157	1.8635879309630883
-3.344180225281602	1.8719674861832154
-3.334167709637046	1.8724168819975715
-3.3241551939924907	1.8609994330113098
-3.3141426783479346	1.8374965086648252
-3.3041301627033794	1.808550070732323
-3.2941176470588234	1.785036860334471
-3.2841051314142673	1.7757287387275176
-3.274092615769712	1.7831133333914353
-3.264080100125156	1.8040061250178931
-3.254067584480601	1.832511672177405
-3.2440550688360448	1.8622898377929165
-3.2340425531914896	1.8879302511537959
-3.2240300375469335	1.9064667074896087
-3.2140175219023774	1.918544892220205
-3.2040050062578223	1.9278436642902814
-3.193992490613266	1.9387536632196665
-3.183979974968711	1.9538122450138933
-3.173967459324155	1.9721000056684712
-3.1639549436795997	1.9888421048032738
-3.1539424280350437	1.9962508582633418
-3.1439299123904876	1.9857140111087734
-3.1339173967459324	1.950838726291341
-3.1239048811013763	1.8899233709392538
-3.113892365456821	1.8063575979317157
-3.103879849812265	1.7067068047180451
-3.09386733416771	1.5976849651596343
-3.083854818523154	1.483606053294115
-3.0738423028785977	1.3654175063641076
-3.0638297872340425	1.2416780934424154
-3.0538172715894865	1.1108596627663228
-3.0438047559449313	0.9735423351104587
-3.033792240300375	0.8332610610598802
-3.02377972465582	0.6957102157184477
-3.013767209011264	0.5668625179712528
-3.003754693366708	0.4511294791610316
-2.9937421777221527	0.35077079266506284
-2.9837296620775966	0.26676204872856496
-2.9737171464330414	0.1998878593699125
-2.9637046307884853	0.1506586802760286
-2.95369211514393	0.11805529512718288
-2.943679599499374	0.09847018216906642
-2.933667083854818	0.08619348645368502
-2.923654568210263	0.07553281053969352
-2.9136420525657067	0.0631999134901684
-2.9036295369211516	0.0491741942903135
-2.8936170212765955	0.03546754155875958
-2.8836045056320403	0.024032826149688217
-2.873591989987484	0.01555804006895567
-2.863579474342928	0.009660608618203738
-2.853566958698373	0.00566146820606679
-2.843554443053817	0.0030444525912361395
-2.8335419274092617	0.0014619492263613482
-2.8235294117647056	0.0006146244954418736
-2.8135168961201504	0.00022346412025292233
-2.8035043804755944	6.977248725552085e-05
-2.7934918648310383	1.863713964689623e-05
-2.783479349186483	4.2501721128191055e-06
-2.773466833541927	8.266030442674741e-07
-2.763454317897372	1.370261289566307e-07
-2.7534418022528158	1.935509333095014e-08
-2.7434292866082606	2.329183902556807e-09
-2.7334167709637045	2.3877699511148785e-10
-2.7234042553191484	2.0851728169754193e-11
-2.7133917396745932	1.55110867245453e-12
-2.703379224030037	9.828506424955323e-14
-2.693366708385482	5.304873524959531e-15
-2.683354192740926	2.4389516421084994e-16
-2.6733416770963707	9.55149065841577e-18
-2.6633291614518146	3.1862399800278837e-19
-2.6533166458072586	9.053675628667516e-21
-2.6433041301627034	2.1913430436696105e-22
-2.6332916145181473	4.5178803927669254e-24
-2.623279098873592	7.934105517843364e-26
-2.613266583229036	1.1868615968316624e-27
-2.603254067584481	1.5123107355846282e-29
-2.593241551939925	1.6414242243453338e-31
-2.5832290362953687	1.5175376843754242e-33
-2.5732165206508135	1.1950799808790932e-35
-2.5632040050062574	8.016656927293924e-38
-2.5531914893617023	4.580664295973256e-40
-2.543178973717146	2.229474298985015e-42
-2.533166458072591	9.24305026458757e-45
-2.523153942428035	3.2641266272089102e-47
-2.513141426783479	9.818779803401603e-50
-2.5031289111389237	2.5158623842998447e-52
-2.4931163954943676	5.491046000191156e-55
-2.4831038798498124	1.0208504413531773e-57
-2.4730913642052563	1.616620190928963e-60
-2.463078848560701	2.180683890395326e-63
-2.453066332916145	2.50562813723938e-66
-2.443053817271589	4.85251528779396e-69
-2.433041301627034	2.453792799375759e-66
-2.4230287859824777	2.1368591466031592e-63
-2.4130162703379225	1.5851175325929532e-60
-2.4030037546933665	1.0016035135320682e-57
-2.3929912390488113	5.391143619500765e-55
-2.382978723404255	2.4718317916361816e-52
-2.372966207759699	9.654117113569768e-50
-2.362953692115144	3.21192243113347e-47
-2.352941176470588	9.102908522145683e-45
-2.3429286608260327	2.1976700350864263e-42
-2.3329161451814766	4.5197807776015654e-40
-2.3229036295369214	7.918651990528344e-38
-2.3128911138923653	1.181875682015173e-35
-2.3028785982478093	1.5027547230839416e-33
-2.292866082603254	1.6278374007768225e-31
-2.282853566958698	1.5022889915440585e-29
-2.272841051314143	1.1812202632380537e-27
-2.2628285356695867	7.913372096273131e-26
-2.2528160200250316	4.5171807126650196e-24
-2.2428035043804755	2.197225494753477e-22
-2.2327909887359194	9.107816031128732e-21
-2.2227784730913642	3.2175371778245296e-19
-2.212765957446808	9.688290909392864e-18
-2.202753441802253	2.486786252009982e-16
-2.192740926157697	5.4420382782970235e-15
-2.1827284105131417	1.0155325446900827e-13
-2.1727158948685856	1.616324719597766e-12
-2.1627033792240296	2.1947208958460683e-11
-2.1526908635794744	2.5432225883535337e-10
-2.1426783479349183	2.5160203474656525e-09
-2.132665832290363	2.1260817252529938e-08
-2.122653316645807	1.535489365232558e-07
-2.112640801001252	9.485304988473164e-07
-2.1026282853566958	5.016803292902719e-06
-2.0926157697121397	2.2747929961022036e-05
-2.0826032540675845	8.858328681598102e-05
-2.0725907384230284	0.0002969485250453267
-2.0625782227784732	0.0008596885695275953
-2.052565707133917	0.002159258872013857
-2.042553191489362	0.004735475188467579
-2.032540675844806	0.009151603504427936
-2.02252816020025	0.015789788468518737
-2.0125156445556946	0.02477203120028233
-2.0025031289111386	0.03622015665586348
-1.9924906132665834	0.050859775245215524
-1.9824780976220273	0.07067884755987829
-1.9724655819774712	0.09919395300141001
-1.962453066332916	0.14091791263956227
-1.95244055068836	0.1998461213083372
-1.9424280350438048	0.2773139473769277
-1.9324155193992487	0.3704542376668461
-1.9224030037546935	0.4729951641825312
-1.9123904881101375	0.5789493824720564
-1.9023779724655814	0.6867649832474995
-1.8923654568210262	0.7996884104104004
-1.8823529411764701	0.9209553539944575
-1.872340425531915	1.0482403626629289
-1.8623279098873589	1.1734420869497462
-1.8523153942428037	1.2881912162550413
-1.8423028785982476	1.3891836377882119
-1.8322903629536915	1.478404531068151
-1.8222778473091363	1.559273011658674
-1.8122653316645803	1.6328280436897897
-1.802252816020025	1.6966112150926245
-1.792240300375469	1.7467872193104703
-1.7822277847309138	1.7823038632634447
-1.7722152690863577	1.8075050714891032
-1.7622027534418017	1.8294141398293706
-1.7521902377972465	1.850848077954298
-1.7421777221526904	1.866102589325831
-1.7321652065081352	1.8645878800835625
-1.7221526908635791	1.8400240735720372
-1.712140175219024	1.7972624032991573
-1.7021276595744679	1.7511685272455813
-1.6921151439299118	1.7189691720498856
-1.6821026282853566	1.7118514658937931
-1.6720901126408005	1.730380681573697
-1.6620775969962454	1.7647202377179911
-1.6520650813516893	1.7989782046340546
-1.642052565707134	1.8186494200886594
-1.632040050062578	1.8180616545475567
-1.622027534418022	1.8027714024329171
-1.6120150187734668	1.784765082813683
-1.6020025031289107	1.774537505422204
-1.5919899874843555	1.7761597026208173
-1.5819774718397994	1.7872082647113217
-1.5719649561952442	1.8012621622986038
-1.5619524405506882	1.8110768454522923
-1.551939924906132	1.8122069890767707
-1.541927409261577	1.805907007830477
-1.5319148936170208	1.798770993152387
-1.5219023779724656	1.7984301519567387
-1.5118898623279096	1.808360596765296
-1.5018773466833544	1.8259792154134147
-1.4918648310387983	1.8450349318050165
-1.4818523153942422	1.8591479858664264
-1.471839799749687	1.8631876043007587
-1.461827284105131	1.8532624793015555
-1.4518147684605758	1.8282916303856425
-1.4418022528160197	1.7924976253952452
-1.4317897371714645	1.7542877966767874
-1.4217772215269084	1.7199285863193083
-1.4117647058823524	1.686962699195263
-1.4017521902377972	1.6435743328749572
-1.391739674593241	1.574832546510247
-1.381727158948686	1.4715118161339857
-1.3717146433041298	1.3359786365536113
-1.3617021276595747	1.1814614511439994
-1.3516896120150186	1.0250095376336295
-1.3416770963704625	0.8792587308917982
-1.3316645807259073	0.7492733831750664
-1.3216520650813512	0.6357277602047601
-1.311639549436796	0.5394727449546773
-1.30162703379224	0.4621307616860864
-1.2916145181476848	0.40283402680609354
-1.2816020025031287	0.35592504361570476
-1.2715894868585726	0.3132507018183536
-1.2615769712140175	0.2694309666170759
-1.2515644555694614	0.22520216350096925
-1.2415519399249062	0.18591996461346427
-1.2315394242803501	0.1568746221437968
-1.221526908635795	0.13934591544707906
-1.2115143929912389	0.1298656939502759
-1.2015018773466828	0.12242777410290309
-1.1914893617021276	0.11180799298507012
-1.1814768460575715	0.09599853351917889
-1.1714643304130163	0.0765287605230124
-1.1614518147684603	0.05683146607437254
-1.151439299123905	0.040017798708743946
-1.141426783479349	0.027494019490802008
-1.131414267834793	0.018923705356466147
-1.1214017521902377	0.013088889844731263
-1.1113892365456817	0.008847519214667041
-1.1013767209011265	0.005601758839455474
-1.0913642052565704	0.0032004906267720993
-1.0813516896120152	0.001609183420833416
-1.0713391739674591	0.0007015943824844254
-1.061326658322903	0.0002630955023286143
-1.0513141426783479	8.448281829625862e-05
-1.0413016270337918	2.3174767785496082e-05
-1.0312891113892366	5.423664348440235e-06
-1.0212765957446805	1.0821654394138312e-06
-1.0112640801001254	1.8401311064579202e-07
-1.0012515644555693	2.6660433569872306e-08
-0.9912390488110132	3.2936746954879458e-09
-0.981226533166458	3.849038465932928e-10
-0.971214017521902	4.634612894461696e-10
-0.9612015018773468	4.10832202572476e-09
-0.9511889862327907	3.3307907954877794e-08
-0.9411764705882355	2.310416231575209e-07
-0.9311639549436794	1.3717151707836665e-06
-0.9211514392991234	6.978493835679225e-06
-0.9111389236545682	3.046237825556949e-05
-0.9011264080100121	0.00011427155035647597
-0.8911138923654569	0.0003690143701227199
-0.8811013767209008	0.0010278857363532534
-0.8710888610763456	0.002475567225773142
-0.8610763454317896	0.005171317467468874
-0.8510638297872335	0.009415510283931235
-0.8410513141426783	0.015071943761484656
-0.8310387984981222	0.02156031733832723
-0.821026282853567	0.02837772155543492
-0.811013767209011	0.03590962425729821
-0.8010012515644558	0.045732292825867465
-0.7909887359198997	0.05978607537337006
-0.7809762202753436	0.07890571861627549
-0.7709637046307884	0.10214372518180655
-0.7609511889862324	0.12778914729051322
-0.7509386733416772	0.15524679617245307
-0.7409261576971211	0.18592609770991045
-0.7309136420525659	0.22229060438952467
-0.7209011264080099	0.2661616881208801
-0.7108886107634538	0.31802156138034354
-0.7008760951188986	0.37779087449772836
-0.6908635794743425	0.44606665933112993
-0.6808510638297873	0.5248171887823655
-0.6708385481852313	0.6175657617860244
-0.6608260325406761	0.7294319638260897
-0.65081351689612	0.866634928033952
-0.6408010012515639	1.0346241753053946
-0.6307884856070087	1.2351308459194874
-0.6207759699624527	1.4643114947502087
-0.6107634543178975	1.7143498562435004
-0.6007509386733414	1.9780807593810086
-0.5907384230287862	2.2527155374743146
-0.5807259073842301	2.5388864544665823
-0.5707133917396741	2.8358608865683745
-0.5607008760951189	3.1379890868290246
-0.5506883604505628	3.4360910811134655
-0.5406758448060076	3.722052849652194
-0.5306633291614515	3.9916983538034634
-0.5206508135168963	4.243172766652748
-0.5106382978723403	4.47276072760589
-0.5006257822277842	4.672758239756025
-0.490613266583229	4.834629770728857
-0.48060075093867294	4.9562368777134
-0.47058823529411775	5.047689294014757
-0.4605757196495617	5.129902144646544
-0.4505632040050065	5.2245138966872515
-0.4405506883604504	5.340992637218808
-0.43053817271589434	5.470863315656916
-0.42052565707133915	5.594598450524427
-0.4105131414267831	5.695606271087978
-0.4005006257822279	5.769057925941997
-0.3904881101376718	5.819508019403414
-0.38047559449311663	5.853100395240062
-0.37046307884856056	5.87319098914991
-0.3604505632040045	5.881156262868229
-0.3504380475594493	5.878625369363849
-0.3404255319148932	5.868968688636963
-0.33041301627033803	5.85822378159775
-0.32040050062578196	5.854044257388216
-0.3103879849812259	5.8606020062526865
-0.3003754693366707	5.872338222702872
-0.2903629536921146	5.874319408173496
-0.28035043804755944	5.852293346482291
-0.27033792240300336	5.803800978659174
-0.2603254067584482	5.737853215625364
-0.2503128911138921	5.662445221873562
-0.24030037546933602	5.573572252664064
-0.23028785982478084	5.45830061224116
-0.22027534418022476	5.308941114529804
-0.21026282853566958	5.13393536962137
-0.2002503128911135	4.955525656608325
-0.19023779724655832	4.79753974673984
-0.18022528160200224	4.674183561509571
-0.17021276595744617	4.587027791775575
-0.16020025031289098	4.528750779430055
-0.1501877346683349	4.487728811951572
-0.14017521902377972	4.449853060862002
-0.13016270337922364	4.398650584972459
-0.12015018773466846	4.316814813063426
-0.11013767209011238	4.190497849538625
-0.10012515644555631	4.014439075921469
-0.09011264080100112	3.794297834902844
-0.08010012515644505	3.544271284870876
-0.07008760951188986	3.2817744248468252
-0.060075093867333784	3.022717955808989
-0.0500625782227786	2.7790959692106423
-0.04005006257822252	2.5579188514796596
-0.030037546933666448	2.3601761211888173
-0.02002503128911126	2.1804041291786276
-0.010012515644555187	2.0088741920331454
0.0	1.8369635863716067
