-8.0	20.236587325562073
-7.989987484355444	19.79559783333683
-7.979974968710889	19.42742809313685
-7.969962453066333	19.05756402323401
-7.9599499374217775	18.68612714094826
-7.949937421777221	18.315932080699366
-7.939924906132666	17.89997344080968
-7.92991239048811	17.470709098885848
-7.919899874843554	17.123070703328743
-7.909887359198999	16.859214891981356
-7.899874843554443	16.623859462945294
-7.889862327909888	16.372156512840764
-7.8798498122653315	16.08270291439042
-7.869837296620776	15.842500705942363
-7.85982478097622	15.646664928644727
-7.849812265331664	15.350982018388008
-7.839799749687109	14.856289657599763
-7.829787234042553	14.261218529175592
-7.819774718397998	13.471980926549586
-7.809762202753442	12.49246563733854
-7.7997496871088865	11.602128106210188
-7.78973717146433	10.739786205458325
-7.779724655819774	9.689678105741953
-7.769712140175219	8.70129895264298
-7.759699624530663	7.941803383782213
-7.749687108886108	7.269255776974541
-7.739674593241552	6.629489989798475
-7.729662077596997	6.227649064164663
-7.719649561952441	5.901269690380491
-7.7096370463078845	5.614685511378487
-7.699624530663329	5.503267337025623
-7.689612015018773	5.365212263758234
-7.679599499374218	5.17656370904384
-7.669586983729662	5.0587258510012525
-7.659574468085107	5.0392405301674446
-7.649561952440551	5.107391468599522
-7.639549436795995	5.215807244420643
-7.629536921151439	5.3320599869665335
-7.619524405506883	5.406448122035183
-7.609511889862328	5.471344601356695
-7.599499374217772	5.577959531069904
-7.589486858573217	5.70912414272154
-7.579474342928661	5.8504184466590585
-7.569461827284105	5.99821598948309
-7.55944931163955	6.167031597057606
-7.5494367959949935	6.372642040205842
-7.539424280350438	6.611585964580136
-7.529411764705882	6.861383137856225
-7.519399249061326	7.101081814201161
-7.509386733416771	7.322023774766753
-7.499374217772215	7.515690510688962
-7.48936170212766	7.671687165828582
-7.479349186483104	7.784316688223016
-7.4693366708385485	7.848494894872868
-7.459324155193992	7.873469578687551
-7.449311639549437	7.898145650081996
-7.439299123904881	7.962032860348021
-7.429286608260325	8.069979955318704
-7.41927409261577	8.203167107845967
-7.409261576971214	8.349062429840355
-7.399249061326659	8.513048415486585
-7.3892365456821025	8.69991403823738
-7.3792240300375465	8.898877770856963
-7.369211514392991	9.09128657769636
-7.359198998748435	9.252588560899529
-7.34918648310388	9.374226712151637
-7.339173967459324	9.466213065295317
-7.329161451814769	9.53682735815175
-7.319148936170213	9.594329482210785
-7.3091364205256575	9.654094929380175
-7.299123904881101	9.72213649162152
-7.289111389236545	9.788091964441945
-7.27909887359199	9.849045778295597
-7.269086357947434	9.904919101144479
-7.259073842302879	9.942028082862826
-7.249061326658323	9.951626722847672
-7.239048811013767	9.95191857986142
-7.2290362953692116	9.985154115728035
-7.2190237797246555	10.092603415327957
-7.2090112640801	10.316480040276456
-7.198998748435544	10.69328175364959
-7.188986232790989	11.235110047343467
-7.178973717146433	11.912819586028371
-7.168961201501878	12.65321738019419
-7.158948685857322	13.392379724313631
-7.148936170212766	14.170750696785944
-7.13892365456821	15.014387659127884
-7.128911138923654	15.923405087601793
-7.118898623279099	16.833462874597007
-7.108886107634543	17.68158786509038
-7.098873591989987	18.472033306598416
-7.088861076345432	19.22572550167111
-7.078848560700876	19.954616139865532
-7.068836045056321	20.650279315020267
-7.0588235294117645	21.282179777977596
-7.048811013767209	21.805734006339748
-7.038798498122653	22.18665050292398
-7.028785982478098	22.41977108011834
-7.018773466833542	22.51337905039223
-7.008760951188986	22.486216295413705
-6.998748435544431	22.38919716399154
-6.988735919899875	22.267044871519506
-6.9787234042553195	22.111159388650776
-6.968710888610763	21.888702570733056
-6.958698372966207	21.579927862925413
-6.948685857321652	21.19132904778424
-6.938673341677096	20.75168162144621
-6.928660826032541	20.290647321820238
-6.918648310387985	19.812180364901916
-6.908635794743429	19.301125224075847
-6.8986232790988735	18.76111592267283
-6.888610763454318	18.219597087372993
-6.878598247809762	17.69648645853494
-6.868585732165206	17.19057945825639
-6.858573216520651	16.693082217428035
-6.848560700876095	16.203439076210074
-6.83854818523154	15.726376275807372
-6.828535669586984	15.260210473899813
-6.818523153942428	14.802416448372067
-6.808510638297872	14.356176648546409
-6.798498122653316	13.920528566828152
-6.788485607008761	13.48723467666355
-6.778473091364205	13.044483400221532
-6.768460575719649	12.575331569707725
-6.758448060075094	12.06813102618114
-6.748435544430539	11.528858716309632
-6.7384230287859825	10.987944338974456
-6.7284105131414265	10.48358213223861
-6.718397997496871	10.023262205625633
-6.708385481852315	9.578779605418523
-6.69837296620776	9.11460099907849
-6.688360450563204	8.616318026867445
-6.678347934918648	8.090686698372403
-6.668335419274093	7.618017715355795
-6.658322903629537	7.242000543462039
-6.648310387984981	6.933332954592516
-6.638297872340425	6.6653984107721564
-6.628285356695869	6.41081113926227
-6.618272841051314	6.155528905640063
-6.608260325406759	5.883665154776382
-6.598247809762203	5.65668170920553
-6.588235294117647	5.471396712351974
-6.578222778473092	5.319896885966045
-6.5682102628285355	5.223743054865617
-6.55819774718398	5.165192029404691
-6.548185231539424	5.123349607476245
-6.538172715894868	5.085235762086031
-6.528160200250313	5.022379867690359
-6.518147684605757	4.990804427532936
-6.508135168961202	4.943579372665232
-6.498122653316646	4.909947780022548
-6.4881101376720896	4.935252243663574
-6.478097622027534	5.015998382561239
-6.468085106382979	5.088126019434054
-6.458072590738423	5.626791621619656
-6.448060075093867	6.619175221600311
-6.438047559449312	7.27725363238005
-6.428035043804756	8.437594388119928
-6.418022528160201	9.33512074171021
-6.4080100125156445	10.776254940109464
-6.397997496871088	12.928300459571565
-6.387984981226533	14.268115276314333
-6.377972465581977	15.557270816999077
-6.367959949937422	16.266132595396527
-6.357947434292866	17.059963063623826
-6.34793491864831	17.93397201659903
-6.337922403003755	18.23456027607901
-6.3279098873591995	18.412981274403794
-6.317897371714643	18.555783593255267
-6.307884856070087	18.652442037197698
-6.297872340425532	18.739686903356475
-6.287859824780976	18.945653317577555
-6.277847309136421	19.37992723788854
-6.267834793491865	19.759022756090665
-6.257822277847309	20.266941323303435
-6.2478097622027535	20.888626293669038
-6.2377972465581975	21.554240009032902
-6.227784730913642	22.217981781083708
-6.217772215269086	22.95870772417589
-6.20775969962453	23.864738401228706
-6.197747183979975	24.81641567133631
-6.18773466833542	25.763241800885613
-6.177722152690864	26.716804884430903
-6.167709637046308	27.670837030620433
-6.157697121401752	28.624882924858372
-6.147684605757196	29.620521831366798
-6.137672090112641	30.688917486342735
-6.127659574468085	31.781173593242606
-6.117647058823529	32.8108863200638
-6.107634543178974	33.74924413675935
-6.097622027534418	34.5766399143161
-6.0876095118898625	35.23588741393856
-6.0775969962453065	35.70054431878953
-6.06758448060075	35.95897418841489
-6.057571964956195	35.99957836867068
-6.04755944931164	35.85174838952102
-6.037546933667084	35.55376295390363
-6.027534418022528	35.13445733074902
-6.017521902377973	34.658118937264696
-6.007509386733417	34.15256501061753
-5.997496871088861	33.56960590125972
-5.987484355444305	32.88997244366446
-5.977471839799749	32.098120544943164
-5.967459324155194	31.244594337385205
-5.957446808510639	30.408841188983665
-5.947434292866083	29.60084116526322
-5.937421777221527	28.7192263160206
-5.927409261576971	27.84578823017069
-5.9173967459324155	27.13107850370418
-5.90738423028786	26.46489950816373
-5.897371714643304	25.839688570595158
-5.887359198998748	25.326696477217848
-5.877346683354192	24.858517924170176
-5.867334167709637	24.561202432983446
-5.857321652065082	24.388380121634906
-5.847309136420526	24.24975554794673
-5.83729662077597	24.15158429292162
-5.827284105131414	24.098701636470352
-5.817271589486858	24.065943507902027
-5.807259073842303	24.04249039715917
-5.797246558197747	24.026832504664323
-5.787234042553191	24.015330959189097
-5.777221526908636	24.006308231484688
-5.767209011264081	23.998987258223853
-5.7571964956195245	23.992892292680484
-5.747183979974968	23.987685877487642
-5.737171464330412	23.98231931980721
-5.727158948685857	23.9743867650207
-5.717146433041302	23.925944227137077
-5.707133917396746	23.83129539467058
-5.69712140175219	23.628991137463643
-5.687108886107635	23.48850689352422
-5.677096370463079	23.179000504163806
-5.667083854818523	23.142084612059985
-5.657071339173967	23.29293126731976
-5.647058823529411	23.24830003829159
-5.637046307884856	23.287026423476483
-5.627033792240301	23.87728575436813
-5.617021276595745	24.22182346702318
-5.607008760951189	24.89755479242346
-5.596996245306633	25.618243900912557
-5.5869837296620775	25.942412963493297
-5.576971214017522	26.116604195693714
-5.566958698372966	26.267563491866895
-5.55694618272841	26.305842858664512
-5.546933667083855	26.303216563595903
-5.536921151439299	26.307720253309697
-5.526908635794744	26.31169708455038
-5.516896120150188	26.316741226861733
-5.5068836045056315	26.32333237197726
-5.496871088861076	26.33234127735542
-5.486858573216521	26.345672663987294
-5.476846057571965	26.367177358350645
-5.466833541927409	26.403313858699814
-5.456821026282853	26.4601429863631
-5.446808510638298	26.54421845041222
-5.4367959949937426	26.703878357016404
-5.4267834793491865	26.93965122822467
-5.41677096370463	27.24178275223216
-5.406758448060075	27.68031026131125
-5.396745932415519	28.384830393415488
-5.386733416770964	29.16652015977443
-5.376720901126408	29.919409559486933
-5.366708385481852	30.74883412741403
-5.356695869837297	31.69500241569993
-5.346683354192741	32.72066081413455
-5.336670838548185	33.72325370175864
-5.326658322903629	34.687101135717306
-5.316645807259073	35.61997061604464
-5.306633291614518	36.558932361512404
-5.296620775969963	37.444780962573944
-5.286608260325407	38.25437648068194
-5.276595744680851	39.02195646232623
-5.2665832290362955	39.78881299081884
-5.256570713391739	40.57794739488175
-5.246558197747184	41.30828910921272
-5.236545682102628	42.00660334478347
-5.226533166458072	42.66573022707564
-5.216520650813517	43.156479820624476
-5.206508135168962	43.40187274073084
-5.196495619524406	43.3945723387932
-5.18648310387985	43.160662007256974
-5.1764705882352935	42.834724653515586
-5.166458072590738	42.47699901262654
-5.156445556946183	42.057825599336184
-5.146433041301627	41.57652155283776
-5.136420525657071	40.91980174284608
-5.126408010012516	40.06268865630662
-5.11639549436796	39.092868798015886
-5.1063829787234045	37.90210270151341
-5.0963704630788484	36.355059701298714
-5.086357947434292	34.7247910617952
-5.076345431789737	33.251609025057846
-5.066332916145182	31.793359614031832
-5.056320400500626	30.338548966377584
-5.04630788485607	28.985880465215033
-5.036295369211514	27.60649765765309
-5.026282853566959	26.23935994691814
-5.016270337922403	25.036225768685924
-5.006257822277847	24.112174794573967
-4.996245306633291	23.452473286333245
-4.986232790988735	22.916731010963474
-4.97622027534418	22.39686180129071
-4.966207759699625	21.982882591514905
-4.956195244055069	21.75529015137006
-4.946182728410513	21.622414056824468
-4.9361702127659575	21.543974025899445
-4.926157697121402	21.476913830743563
-4.916145181476846	21.383597564531986
-4.90613266583229	21.331015091544796
-4.896120150187734	21.304350958562235
-4.886107634543179	21.291171302554122
-4.876095118898624	21.282236023014327
-4.866082603254068	21.27516342869031
-4.8560700876095115	21.269189959679206
-4.8460575719649555	21.26394063383208
-4.8360450563204	21.259211075283638
-4.826032540675845	21.25489064987866
-4.816020025031289	21.250918937922453
-4.806007509386733	21.247260275891374
-4.795994993742178	21.243890119754607
-4.785982478097623	21.240788491351893
-4.7759699624530665	21.23793721110402
-4.76595744680851	21.235318942261
-4.755944931163954	21.23291699858526
-4.745932415519399	21.23071541432062
-4.735919899874844	21.22869906241973
-4.725907384230288	21.226853744160135
-4.715894868585732	21.225166232716806
-4.705882352941176	21.223624275635018
-4.6958698372966206	21.2222165672598
-4.685857321652065	21.220932701920173
-4.675844806007509	21.219763116425607
-4.665832290362953	21.218699027982034
-4.655819774718398	21.2177323715797
-4.645807259073843	21.216855739366224
-4.635794743429287	21.216062323438408
-4.625782227784731	21.21534586276443
-4.615769712140175	21.21470059448458
-4.605757196495619	21.21412120955471
-4.595744680851064	21.213602812532585
-4.585732165206508	21.213140885221573
-4.575719649561952	21.212731253849224
-4.565707133917396	21.212370059452443
-4.555694618272841	21.212053731151425
-4.545682102628286	21.211778962015554
-4.53566958698373	21.211542687248745
-4.5256570713391735	21.211342064448246
-4.515644555694618	21.211174455716083
-4.505632040050063	21.211037411426464
-4.495619524405507	21.21092865547447
-4.485607008760951	21.21084607185128
-4.475594493116395	21.210787692408775
-4.46558197747184	21.210751685692053
-4.4555694618272845	21.210736346732535
-4.4455569461827285	21.210740087706338
-4.435544430538172	21.21076142937303
-4.425531914893616	21.210798993220088
-4.415519399249061	21.210851494245702
-4.405506883604506	21.21091773432058
-4.39549436795995	21.21099659607536
-4.385481852315394	21.211087037266044
-4.375469336670839	21.211188085574726
-4.365456821026283	21.21129883380736
-4.355444305381727	21.211418435454142
-4.345431789737171	21.21154610058146
-4.335419274092615	21.21168109202733
-4.32540675844806	21.211822721875315
-4.315394242803505	21.211970348183858
-4.305381727158949	21.212123371950216
-4.295369211514393	21.212281234290476
-4.285356695869837	21.212443413818193
-4.275344180225281	21.212609424206452
-4.265331664580726	21.212778811918742
-4.25531914893617	21.212951154096203
-4.245306633291614	21.213126056588802
-4.235294117647059	21.213303152120147
-4.225281602002504	21.21348209857579
-4.215269086357948	21.21366257740575
-4.2052565707133915	21.21384429213333
-4.1952440550688355	21.21402696696211
-4.18523153942428	21.214210345474303
-4.175219023779725	21.21439418941399
-4.165206508135169	21.21457827754427
-4.155193992490613	21.214773671743323
-4.145181476846057	21.061097258409706
-4.135168961201502	20.788071373838708
-4.1251564455569465	20.600514461342808
-4.11514392991239	20.364517548540558
-4.105131414267834	19.991230581602267
-4.095118898623279	18.99306948326182
-4.085106382978723	18.80341136868659
-4.075093867334168	18.347034200231214
-4.065081351689612	17.501438403609097
-4.055068836045056	17.18466795550135
-4.045056320400501	17.593351048347426
-4.035043804755945	17.821267885978138
-4.025031289111389	19.076811312345306
-4.015018773466833	19.629256095815073
-4.005006257822277	21.386466187311683
-3.994993742177722	22.73949749557317
-3.9849812265331668	24.42529883053791
-3.9749687108886107	26.840473993132015
-3.9649561952440546	27.42130578392211
-3.9549436795994994	27.711468220751552
-3.9449311639549434	28.93196279981896
-3.934918648310388	29.306451473928174
-3.924906132665832	29.6319937235537
-3.914893617021277	29.632149107906418
-3.904881101376721	29.990342617892804
-3.8948685857321648	30.175284484149746
-3.8848560700876096	30.175458386055777
-3.8748435544430535	30.175637904630012
-3.8648310387984983	30.17582323905346
-3.8548185231539422	30.176014570760966
-3.844806007509387	30.176212087203933
-3.834793491864831	30.176415982169
-3.824780976220275	30.176626456130233
-3.8147684605757197	30.176843716638817
-3.8047559449311636	30.177067978755694
-3.7947434292866085	30.177299465532826
-3.7847309136420524	30.17753840854962
-3.774718397997497	30.177785048512227
-3.764705882352941	30.17803963592452
-3.754693366708385	30.178302431840553
-3.74468085106383	30.17857370871029
-3.734668335419274	30.178853751331737
-3.7246558197747186	30.17914285792528
-3.7146433041301625	30.179441341347665
-3.7046307884856065	30.17974953046703
-3.6946182728410513	30.180067771722907
-3.684605757196495	30.180396430900096
-3.67459324155194	30.180735895149766
-3.664580725907384	30.18108657529725
-3.6545682102628287	30.18144890848346
-3.6445556946182727	30.181823361195377
-3.6345431789737166	30.182210432751322
-3.6245306633291614	30.182610659320805
-3.6145181476846053	30.183024618572595
-3.60450563204005	30.18345293506597
-3.594493116395494	30.183896286522288
-3.584480600750939	30.18435541114379
-3.574468085106383	30.18483111618261
-3.5644555694618267	30.18532428800707
-3.5544430538172715	30.1858359039679
-3.5444305381727155	30.18636704643511
-3.5344180225281603	30.18691891946191
-3.524405506883604	30.187492868637825
-3.514392991239049	30.18809040482557
-3.504380475594493	30.18871323264151
-3.494367959949937	30.189363284746264
-3.4843554443053817	30.19004276326876
-3.4743429286608256	30.19075419001052
-3.4643304130162704	30.191500467478054
-3.4543178973717144	30.1922849532927
-3.444305381727159	30.193111551151908
-3.434292866082603	30.19398482229016
-3.424280350438047	30.19491012234587
-3.414267834793492	30.195893769719078
-3.4042553191489358	30.196943252943953
-3.3942428035043806	30.198067486341312
-3.3842302878598245	30.199277125293992
-3.3742177722152693	30.200584954923105
-3.3642052565707132	30.202006368721094
-3.354192740926157	30.203559956746354
-3.344180225281602	30.205268226125362
-3.334167709637046	30.207158479504425
-3.3241551939924907	30.209263879162297
-3.3141426783479346	30.211624724837414
-3.3041301627033794	30.214289970672034
-3.2941176470588234	30.217318999533777
-3.2841051314142673	30.220783660192705
-3.274092615769712	30.224770555291656
-3.264080100125156	30.229383552761167
-3.254067584480601	30.234746502493685
-3.2440550688360448	30.241006229727645
-3.2340425531914896	30.248336172246994
-3.2240300375469335	30.25694178731716
-3.2140175219023774	30.26707055431844
-3.2040050062578223	30.279032801528555
-3.193992490613266	30.29324550154014
-3.183979974968711	30.31031916117597
-3.173967459324155	30.33121359204599
-3.1639549436795997	30.357491065659133
-3.1539424280350437	30.39177178428353
-3.1439299123904876	30.438970678783452
-3.1339173967459324	30.51070293485527
-3.1239048811013763	30.633673116303083
-3.113892365456821	30.82334118191609
-3.103879849812265	31.134329293758196
-3.09386733416771	31.607240019215865
-3.083854818523154	32.16380548291487
-3.0738423028785977	32.78113689197883
-3.0638297872340425	33.52436990988623
-3.0538172715894865	34.39958885742247
-3.0438047559449313	35.28166798834655
-3.033792240300375	36.19945471424026
-3.02377972465582	37.213554823039516
-3.013767209011264	38.26345943116227
-3.003754693366708	39.37841595454857
-2.9937421777221527	40.70725134319511
-2.9837296620775966	42.05754809001298
-2.9737171464330414	43.250104605979764
-2.9637046307884853	44.25416144917825
-2.95369211514393	45.20997086561578
-2.943679599499374	46.28076410184163
-2.933667083854818	47.52138107319826
-2.923654568210263	48.85340099582465
-2.9136420525657067	50.368443173153736
-2.9036295369211516	51.80748239155687
-2.8936170212765955	52.99471659844616
-2.8836045056320403	54.06120691987025
-2.873591989987484	55.09318078953251
-2.863579474342928	55.97255950716268
-2.853566958698373	56.72122325567118
-2.843554443053817	57.421812843425336
-2.8335419274092617	58.09407916074041
-2.8235294117647056	58.69901385175651
-2.8135168961201504	59.33387914406219
-2.8035043804755944	59.93876467737123
-2.7934918648310383	60.32854968793069
-2.783479349186483	60.52184709008804
-2.773466833541927	60.620994556600564
-2.763454317897372	60.62748096058733
-2.7534418022528158	60.54212344812818
-2.7434292866082606	60.40553021710887
-2.7334167709637045	60.307386033412236
-2.7234042553191484	60.31471684556223
-2.7133917396745932	60.20229529758561
-2.703379224030037	59.709886542800334
-2.693366708385482	58.86945736881111
-2.683354192740926	57.82963951037659
-2.6733416770963707	56.639324768842954
-2.6633291614518146	55.33102601042098
-2.6533166458072586	53.84873105250958
-2.6433041301627034	52.17545529540874
-2.6332916145181473	50.52561944434214
-2.623279098873592	49.13785292104193
-2.613266583229036	47.79038987274449
-2.603254067584481	46.45904079071902
-2.593241551939925	45.17195304392998
-2.5832290362953687	43.893563751231824
-2.5732165206508135	42.72673959735899
-2.5632040050062574	41.83067543178499
-2.5531914893617023	40.949107762151016
-2.543178973717146	40.42079054619376
-2.533166458072591	40.187852885185535
-2.523153942428035	40.05858493888547
-2.513141426783479	39.97202745687331
-2.5031289111389237	39.89257833680004
-2.4931163954943676	39.81639495939811
-2.4831038798498124	39.70605358753376
-2.4730913642052563	39.54271328757661
-2.463078848560701	39.326267120739296
-2.453066332916145	39.460786344343106
-2.443053817271589	39.538819845280706
-2.433041301627034	39.828253150749994
-2.4230287859824777	40.156714640559684
-2.4130162703379225	40.96574120362435
-2.4030037546933665	42.028426250572956
-2.3929912390488113	43.10471681342466
-2.382978723404255	43.89986212419389
-2.372966207759699	44.60386428261407
-2.362953692115144	45.180767610370445
-2.352941176470588	45.59925664649267
-2.3429286608260327	45.85888292861694
-2.3329161451814766	46.047381702357434
-2.3229036295369214	46.13764934969658
-2.3128911138923653	46.29236963319863
-2.3028785982478093	46.52319187923009
-2.292866082603254	46.87990263072055
-2.282853566958698	47.45095820103593
-2.272841051314143	48.24743283817154
-2.2628285356695867	49.25293676117502
-2.2528160200250316	50.53203190489519
-2.2428035043804755	52.088408846454364
-2.2327909887359194	53.63787000229506
-2.2227784730913642	55.01038127937858
-2.212765957446808	56.27426750628184
-2.202753441802253	57.46002088595847
-2.192740926157697	58.59800432601333
-2.1827284105131417	59.66576269928552
-2.1727158948685856	60.60553109424475
-2.1627033792240296	61.351299595689795
-2.1526908635794744	61.937755916676196
-2.1426783479349183	62.36470613258685
-2.132665832290363	62.683829681510055
-2.122653316645807	62.96541569464178
-2.112640801001252	63.0716381132094
-2.1026282853566958	63.1635584621418
-2.0926157697121397	63.3538457872633
-2.0826032540675845	63.58199152772539
-2.0725907384230284	63.78417317942262
-2.0625782227784732	63.9255616037922
-2.052565707133917	64.09524880033409
-2.042553191489362	64.38774258311479
-2.032540675844806	64.78414287221665
-2.02252816020025	65.23340461479255
-2.0125156445556946	65.59398116739406
-2.0025031289111386	65.65926191577125
-1.9924906132665834	65.51626255691609
-1.9824780976220273	65.35483434552023
-1.9724655819774712	65.20211513421332
-1.962453066332916	65.07430409483995
-1.95244055068836	65.02422614743367
-1.9424280350438048	65.05111189973628
-1.9324155193992487	65.03469228497497
-1.9224030037546935	64.96100199163762
-1.9123904881101375	64.7008677669936
-1.9023779724655814	64.34697910984542
-1.8923654568210262	64.1589675375298
-1.8823529411764701	64.00211246977237
-1.872340425531915	63.877749837401616
-1.8623279098873589	63.79181626934952
-1.8523153942428037	63.714781865837494
-1.8423028785982476	63.646353359185746
-1.8322903629536915	63.5071318247629
-1.8222778473091363	63.194942870851705
-1.8122653316645803	62.81906907194781
-1.802252816020025	62.53798277494991
-1.792240300375469	62.248450010871565
-1.7822277847309138	61.86781584278613
-1.7722152690863577	61.42270792574301
-1.7622027534418017	60.78576455036716
-1.7521902377972465	59.916757069301774
-1.7421777221526904	58.834963435259205
-1.7321652065081352	57.64741667643616
-1.7221526908635791	56.426976003734545
-1.712140175219024	55.1295138507359
-1.7021276595744679	53.753708995561496
-1.6921151439299118	52.27366676974557
-1.6821026282853566	50.678725077250164
-1.6720901126408005	48.97675921380321
-1.6620775969962454	47.409232922087114
-1.6520650813516893	46.042917440143256
-1.642052565707134	45.014390710501814
-1.632040050062578	44.243592038383795
-1.622027534418022	43.48215268742629
-1.6120150187734668	42.9322308839556
-1.6020025031289107	42.535635009938304
-1.5919899874843555	42.100794785595106
-1.5819774718397994	41.85031161819727
-1.5719649561952442	41.50352185587753
-1.5619524405506882	41.37729930877946
-1.551939924906132	41.10251893613736
-1.541927409261577	40.71074330385661
-1.5319148936170208	40.44374667397362
-1.5219023779724656	40.03787278896167
-1.5118898623279096	39.87841006343181
-1.5018773466833544	40.10730376720072
-1.4918648310387983	40.58698302893894
-1.4818523153942422	40.75529747677438
-1.471839799749687	41.205059527683964
-1.461827284105131	42.00265970938246
-1.4518147684605758	42.55247618142517
-1.4418022528160197	43.029700244440264
-1.4317897371714645	43.446600612879344
-1.4217772215269084	43.64376307341851
-1.4117647058823524	43.89999096153553
-1.4017521902377972	44.36475997430633
-1.391739674593241	44.97171049174323
-1.381727158948686	45.67769364605106
-1.3717146433041298	46.373085869336464
-1.3617021276595747	47.141726887214986
-1.3516896120150186	47.99390689950039
-1.3416770963704625	48.89590550468177
-1.3316645807259073	49.94496299995126
-1.3216520650813512	51.152963022187244
-1.311639549436796	52.36994138221235
-1.30162703379224	53.477436673046874
-1.2916145181476848	54.39180786685319
-1.2816020025031287	55.18126112210319
-1.2715894868585726	55.92347474083938
-1.2615769712140175	56.51416042440891
-1.2515644555694614	56.891954578367155
-1.2415519399249062	57.0662043514249
-1.2315394242803501	57.11836158002562
-1.221526908635795	57.094677567840506
-1.2115143929912389	56.96264522507347
-1.2015018773466828	56.69276888490143
-1.1914893617021276	56.41597563361424
-1.1814768460575715	56.20776604549192
-1.1714643304130163	55.98566325999972
-1.1614518147684603	55.70603962539658
-1.151439299123905	55.428626353318535
-1.141426783479349	55.133319601763006
-1.131414267834793	54.881787720472836
-1.1214017521902377	54.649671726808386
-1.1113892365456817	54.46783047900466
-1.1013767209011265	54.246908664721886
-1.0913642052565704	53.95951461740487
-1.0813516896120152	53.689546716926905
-1.0713391739674591	53.469377940538266
-1.061326658322903	53.28042196104035
-1.0513141426783479	53.0951346282415
-1.0413016270337918	52.797894680041146
-1.0312891113892366	52.32077855420482
-1.0212765957446805	51.77528716582922
-1.0112640801001254	51.17840150206372
-1.0012515644555693	50.54276130819555
-0.9912390488110132	49.857999105829144
-0.981226533166458	49.21574385838569
-0.971214017521902	48.75114400257933
-0.9612015018773468	48.42830271811191
-0.9511889862327907	48.11524889579522
-0.9411764705882355	47.81605060575955
-0.9311639549436794	47.56832247812321
-0.9211514392991234	47.24482196047132
-0.9111389236545682	46.843587399946585
-0.9011264080100121	46.63320826325833
-0.8911138923654569	46.689558103889254
-0.8811013767209008	46.8145153338118
-0.8710888610763456	46.83747208063578
-0.8610763454317896	46.7008606893532
-0.8510638297872335	46.47297359846853
-0.8410513141426783	46.33700849457695
-0.8310387984981222	46.26765440002824
-0.821026282853567	46.14001083773674
-0.811013767209011	45.88387357615533
-0.8010012515644558	45.57684294679538
-0.7909887359198997	45.328444330813504
-0.7809762202753436	45.10662490676876
-0.7709637046307884	44.902711592056505
-0.7609511889862324	44.74930970823653
-0.7509386733416772	44.60466974076605
-0.7409261576971211	44.44187271394909
-0.7309136420525659	44.27675467146095
-0.7209011264080099	44.143732527976496
-0.7108886107634538	43.964911333705516
-0.7008760951188986	43.71778981383305
-0.6908635794743425	43.576369807230606
-0.6808510638297873	43.63012513857085
-0.6708385481852313	43.84892477261504
-0.6608260325406761	44.15922253906578
-0.65081351689612	44.41258677475522
-0.6408010012515639	44.473880958825504
-0.6307884856070087	44.325603078393826
-0.6207759699624527	44.08016256948965
-0.6107634543178975	43.843067621336694
-0.6007509386733414	43.58920421331357
-0.5907384230287862	43.33809344331065
-0.5807259073842301	43.158122822119886
-0.5707133917396741	43.00893520331792
-0.5607008760951189	42.87656650791681
-0.5506883604505628	42.750549806608355
-0.5406758448060076	42.663248965306586
-0.5306633291614515	42.6008455935049
-0.5206508135168963	42.654008786658004
-0.5106382978723403	42.87665543450892
-0.5006257822277842	43.191059552013286
-0.490613266583229	43.51172095895724
-0.48060075093867294	43.723708090963875
-0.47058823529411775	43.747460163341465
-0.4605757196495617	43.60645957720471
-0.4505632040050065	43.432617693159756
-0.4405506883604504	43.301556281189896
-0.43053817271589434	43.265296767803996
-0.42052565707133915	43.359782405588454
-0.4105131414267831	43.56619823438941
-0.4005006257822279	43.80606901908137
-0.3904881101376718	43.95896551865224
-0.38047559449311663	43.88410782434537
-0.37046307884856056	43.70110097974886
-0.3604505632040045	43.61943250711716
-0.3504380475594493	43.539100085750995
-0.3404255319148932	43.35957770198901
-0.33041301627033803	43.08675241831163
-0.32040050062578196	42.80235002983959
-0.3103879849812259	42.56408385982106
-0.3003754693366707	42.42807431721592
-0.2903629536921146	42.451047425964745
-0.28035043804755944	42.66336306126359
-0.27033792240300336	43.01060502295705
-0.2603254067584482	43.25333783241509
-0.2503128911138921	43.30048720293089
-0.24030037546933602	43.141519779830006
-0.23028785982478084	42.89939474373996
-0.22027534418022476	42.66710454737162
-0.21026282853566958	42.37769067378369
-0.2002503128911135	42.03595840531045
-0.19023779724655832	41.66751940331077
-0.18022528160200224	41.22643606776064
-0.17021276595744617	40.76880634154172
-0.16020025031289098	40.38491874939193
-0.1501877346683349	40.10931704624329
-0.14017521902377972	39.930134892243835
-0.13016270337922364	39.79115210277486
-0.12015018773466846	39.71160507622709
-0.11013767209011238	39.682006377520494
-0.10012515644555631	39.57639346840239
-0.09011264080100112	39.38324657864464
-0.08010012515644505	39.06623793660488
-0.07008760951188986	38.67381362274508
-0.060075093867333784	38.280377359374675
-0.0500625782227786	37.85724108397366
-0.04005006257822252	37.39672073120498
-0.030037546933666448	36.91694535900968
-0.02002503128911126	36.47802812557138
-0.010012515644555187	36.17026561587857
0.0	35.95939266416704
