-8.0	17.90682076252432
-7.989987484355444	17.71655737009972
-7.979974968710889	17.535805390177984
-7.969962453066333	17.3213078247988
-7.9599499374217775	16.994645893157273
-7.949937421777221	16.68029681902465
-7.939924906132666	16.38654342704711
-7.92991239048811	16.072199136022036
-7.919899874843554	15.77523110885409
-7.909887359198999	15.455371368291477
-7.899874843554443	15.161420900788997
-7.889862327909888	14.971917224835556
-7.8798498122653315	14.8467906437665
-7.869837296620776	14.694338202229279
-7.85982478097622	14.440854107235154
-7.849812265331664	14.137483319408028
-7.839799749687109	13.90938421362129
-7.829787234042553	13.789682267811953
-7.819774718397998	13.704518079259309
-7.809762202753442	13.53050043775868
-7.7997496871088865	13.296129060566834
-7.78973717146433	13.048313294901186
-7.779724655819774	12.715973670751252
-7.769712140175219	12.322437588736328
-7.759699624530663	11.918117744047587
-7.749687108886108	11.570035607046034
-7.739674593241552	11.204061111825107
-7.729662077596997	10.85657913552322
-7.719649561952441	10.598665103088049
-7.7096370463078845	10.308723646823918
-7.699624530663329	10.004685976020916
-7.689612015018773	9.766419386244891
-7.679599499374218	9.56248514837443
-7.669586983729662	9.356880075727979
-7.659574468085107	9.165769898336826
-7.649561952440551	8.967294549623183
-7.639549436795995	8.798144678577225
-7.629536921151439	8.677239426149615
-7.619524405506883	8.558722675456654
-7.609511889862328	8.419150129798577
-7.599499374217772	8.254756623569497
-7.589486858573217	8.076790837278839
-7.579474342928661	7.917903620163292
-7.569461827284105	7.779390463812313
-7.55944931163955	7.6820452519597
-7.5494367959949935	7.620572878185724
-7.539424280350438	7.558192506970626
-7.529411764705882	7.4901984855687065
-7.519399249061326	7.448606290899838
-7.509386733416771	7.447244576012968
-7.499374217772215	7.522982049257444
-7.48936170212766	7.669865807009684
-7.479349186483104	7.833024364047672
-7.4693366708385485	7.974861805112797
-7.459324155193992	8.108001189745883
-7.449311639549437	8.249670305611003
-7.439299123904881	8.4004693468965
-7.429286608260325	8.533902593508675
-7.41927409261577	8.655765370838921
-7.409261576971214	8.805178634916727
-7.399249061326659	8.975923642943695
-7.3892365456821025	9.141012436973906
-7.3792240300375465	9.281856693851896
-7.369211514392991	9.42895194398437
-7.359198998748435	9.595405017706065
-7.34918648310388	9.75827499403994
-7.339173967459324	9.901018827346011
-7.329161451814769	10.018504509757108
-7.319148936170213	10.114380306533933
-7.3091364205256575	10.209341080973008
-7.299123904881101	10.317409321950802
-7.289111389236545	10.44971591347546
-7.27909887359199	10.609767575750269
-7.269086357947434	10.799529799897046
-7.259073842302879	11.021298959582124
-7.249061326658323	11.26083450240015
-7.239048811013767	11.49927510516293
-7.2290362953692116	11.726761133993278
-7.2190237797246555	11.908989538358057
-7.2090112640801	12.023832795826236
-7.198998748435544	12.080800356125108
-7.188986232790989	12.112021764363659
-7.178973717146433	12.163239315623056
-7.168961201501878	12.278892011634
-7.158948685857322	12.500096946405275
-7.148936170212766	12.829350175907628
-7.13892365456821	13.18980187063808
-7.128911138923654	13.490611256774745
-7.118898623279099	13.6918563089493
-7.108886107634543	13.797351779680465
-7.098873591989987	13.855597288267298
-7.088861076345432	13.928817632077394
-7.078848560700876	14.051027762610417
-7.068836045056321	14.223521998492636
-7.0588235294117645	14.417622984202026
-7.048811013767209	14.61106499135996
-7.038798498122653	14.80711761529223
-7.028785982478098	15.018342137357587
-7.018773466833542	15.239445532231642
-7.008760951188986	15.462652620396833
-6.998748435544431	15.695765463021802
-6.988735919899875	15.923927464309246
-6.9787234042553195	16.1071851281428
-6.968710888610763	16.21291320731545
-6.958698372966207	16.239036971679386
-6.948685857321652	16.218734738507855
-6.938673341677096	16.201697092079158
-6.928660826032541	16.20486060094947
-6.918648310387985	16.209598681760465
-6.908635794743429	16.203014099670803
-6.8986232790988735	16.188816898269696
-6.888610763454318	16.154288590585324
-6.878598247809762	16.060764809153152
-6.868585732165206	15.894334782242357
-6.858573216520651	15.672092047233892
-6.848560700876095	15.417777622484646
-6.83854818523154	15.15233731142059
-6.828535669586984	14.90193064983593
-6.818523153942428	14.699523636334815
-6.808510638297872	14.560848253470821
-6.798498122653316	14.473381357791983
-6.788485607008761	14.424618387614583
-6.778473091364205	14.404997711494039
-6.768460575719649	14.39060488648408
-6.758448060075094	14.356159658774496
-6.748435544430539	14.274192648250114
-6.7384230287859825	14.127612667701985
-6.7284105131414265	13.926364097074135
-6.718397997496871	13.67664466040024
-6.708385481852315	13.37586037215028
-6.69837296620776	13.050212314428865
-6.688360450563204	12.740042696612225
-6.678347934918648	12.442638308118731
-6.668335419274093	12.13817584965845
-6.658322903629537	11.836038398773962
-6.648310387984981	11.561910237663016
-6.638297872340425	11.345229873803612
-6.628285356695869	11.201066998069315
-6.618272841051314	11.10137370205842
-6.608260325406759	10.97653260173112
-6.598247809762203	10.82143680712833
-6.588235294117647	10.680232219545621
-6.578222778473092	10.585437255481216
-6.5682102628285355	10.505943709243867
-6.55819774718398	10.448162251726705
-6.548185231539424	10.428562100466145
-6.538172715894868	10.396962242418441
-6.528160200250313	10.295127246891782
-6.518147684605757	10.191871113834804
-6.508135168961202	10.098507660447392
-6.498122653316646	9.993353876707642
-6.4881101376720896	9.886558057545807
-6.478097622027534	9.766865488124711
-6.468085106382979	9.721397371887408
-6.458072590738423	9.730504792992548
-6.448060075093867	9.756237682362851
-6.438047559449312	9.814049531662478
-6.428035043804756	9.88140962402575
-6.418022528160201	9.935587110436307
-6.4080100125156445	10.11360130927522
-6.397997496871088	10.595283383974358
-6.387984981226533	10.988577864774731
-6.377972465581977	11.34025225109349
-6.367959949937422	11.598957625638967
-6.357947434292866	11.852794012860501
-6.34793491864831	12.208224429511816
-6.337922403003755	12.592616586051884
-6.3279098873591995	13.010609167734016
-6.317897371714643	13.42910507177616
-6.307884856070087	13.820982451671249
-6.297872340425532	14.096009953038896
-6.287859824780976	14.505430862597246
-6.277847309136421	14.974310595040318
-6.267834793491865	15.309757293714043
-6.257822277847309	15.55203039269133
-6.2478097622027535	15.797461636028766
-6.2377972465581975	16.106705378002868
-6.227784730913642	16.51865791125886
-6.217772215269086	17.099889408238322
-6.20775969962453	17.845792804336945
-6.197747183979975	18.78471732691877
-6.18773466833542	19.439148378027543
-6.177722152690864	19.97545718269852
-6.167709637046308	20.32754995351623
-6.157697121401752	20.598805423692966
-6.147684605757196	20.91169772914818
-6.137672090112641	21.257239059726988
-6.127659574468085	21.601518745444142
-6.117647058823529	21.9998329216013
-6.107634543178974	22.37367774441695
-6.097622027534418	22.68589632532688
-6.0876095118898625	22.909785627873074
-6.0775969962453065	23.168731757961226
-6.06758448060075	23.602149384390962
-6.057571964956195	23.97799106284917
-6.04755944931164	24.222362159697695
-6.037546933667084	24.37035516556614
-6.027534418022528	24.51114490994523
-6.017521902377973	24.634003174035932
-6.007509386733417	24.73435896446838
-5.997496871088861	24.750554260223584
-5.987484355444305	24.660766615004555
-5.977471839799749	24.493253813577407
-5.967459324155194	24.34813816757381
-5.957446808510639	24.21628177626722
-5.947434292866083	24.091308897945932
-5.937421777221527	23.930754172541633
-5.927409261576971	23.83410928550006
-5.9173967459324155	23.769704178944213
-5.90738423028786	23.62179665951623
-5.897371714643304	23.504020448889445
-5.887359198998748	23.3974592463767
-5.877346683354192	23.398657940388834
-5.867334167709637	23.509220457249686
-5.857321652065082	23.672138053898657
-5.847309136420526	23.70628875568082
-5.83729662077597	23.629647515483487
-5.827284105131414	23.478851620191413
-5.817271589486858	23.320155799465837
-5.807259073842303	23.203062420670165
-5.797246558197747	23.169319393671604
-5.787234042553191	23.076235800344705
-5.777221526908636	22.92759281761393
-5.767209011264081	22.648626339170317
-5.7571964956195245	22.444213408885098
-5.747183979974968	22.079918982321384
-5.737171464330412	21.570289119809896
-5.727158948685857	21.280530166384438
-5.717146433041302	21.06807738722172
-5.707133917396746	20.90386592874311
-5.69712140175219	20.893738264042042
-5.687108886107635	20.892674993261963
-5.677096370463079	20.888760006992715
-5.667083854818523	21.022799850959863
-5.657071339173967	21.003579032179946
-5.647058823529411	20.914679877815153
-5.637046307884856	20.736710937627674
-5.627033792240301	20.500994104159272
-5.617021276595745	20.48907142866564
-5.607008760951189	20.53724186259232
-5.596996245306633	20.39678749839503
-5.5869837296620775	20.162478516021785
-5.576971214017522	20.16675674564607
-5.566958698372966	20.19313186108515
-5.55694618272841	20.349638778899422
-5.546933667083855	20.483617805370585
-5.536921151439299	20.568451519240757
-5.526908635794744	20.68677542511745
-5.516896120150188	20.865438521200176
-5.5068836045056315	21.041543925270307
-5.496871088861076	21.262283262149303
-5.486858573216521	21.429830134659298
-5.476846057571965	21.701608837652905
-5.466833541927409	21.79473721531939
-5.456821026282853	21.87369754035683
-5.446808510638298	22.04276005622913
-5.4367959949937426	22.17101758423905
-5.4267834793491865	22.34771875155747
-5.41677096370463	22.459205087210762
-5.406758448060075	22.601171601099573
-5.396745932415519	22.74717353216273
-5.386733416770964	22.857150133810887
-5.376720901126408	22.988284975152443
-5.366708385481852	23.144531188995355
-5.356695869837297	23.3931238055805
-5.346683354192741	23.657630687373555
-5.336670838548185	24.163457783929786
-5.326658322903629	24.722940098114876
-5.316645807259073	25.183367625874354
-5.306633291614518	25.54439003354751
-5.296620775969963	26.037162599513813
-5.286608260325407	26.442139753682813
-5.276595744680851	26.711042505386267
-5.2665832290362955	27.02251437870853
-5.256570713391739	27.23088172144007
-5.246558197747184	27.417052982029993
-5.236545682102628	27.521903143751242
-5.226533166458072	27.601158677473933
-5.216520650813517	27.647045897717952
-5.206508135168962	27.70996660618625
-5.196495619524406	27.726326492949884
-5.18648310387985	27.735260050540134
-5.1764705882352935	27.871009210417203
-5.166458072590738	27.98698781112424
-5.156445556946183	27.876358400005515
-5.146433041301627	27.839539471507273
-5.136420525657071	27.810636804312452
-5.126408010012516	27.64744993410291
-5.11639549436796	27.3476732442297
-5.1063829787234045	27.041563970071717
-5.0963704630788484	26.7861153278521
-5.086357947434292	26.576705963944327
-5.076345431789737	26.3445059139602
-5.066332916145182	26.113621040895293
-5.056320400500626	25.922045652049796
-5.04630788485607	25.71099368920134
-5.036295369211514	25.25090058275525
-5.026282853566959	24.66179409838736
-5.016270337922403	24.143147988928263
-5.006257822277847	23.73975680307207
-4.996245306633291	23.410278206036757
-4.986232790988735	22.987205917450186
-4.97622027534418	22.58004659128887
-4.966207759699625	22.157294416478674
-4.956195244055069	21.78005678253443
-4.946182728410513	21.511931938582087
-4.9361702127659575	21.17540381291321
-4.926157697121402	20.912507594767497
-4.916145181476846	20.74399127852323
-4.90613266583229	20.5602195984389
-4.896120150187734	20.167928511404487
-4.886107634543179	19.75785044970127
-4.876095118898624	19.40504481848781
-4.866082603254068	19.05311392864164
-4.8560700876095115	18.82189015523014
-4.8460575719649555	18.59471730820408
-4.8360450563204	18.445063575532455
-4.826032540675845	18.265862921077275
-4.816020025031289	18.117501288958866
-4.806007509386733	18.00850022869081
-4.795994993742178	17.88252439866203
-4.785982478097623	17.78754135869116
-4.7759699624530665	17.675274101394795
-4.76595744680851	17.523173928938103
-4.755944931163954	17.386320351095964
-4.745932415519399	17.216299647066037
-4.735919899874844	17.068265628862967
-4.725907384230288	16.93842706992502
-4.715894868585732	16.88778727391788
-4.705882352941176	16.827371801635547
-4.6958698372966206	16.7704671800856
-4.685857321652065	16.759056830977503
-4.675844806007509	16.718587365260337
-4.665832290362953	16.658607404557586
-4.655819774718398	16.580825711422907
-4.645807259073843	16.55905443466739
-4.635794743429287	16.52780495147169
-4.625782227784731	16.418135014534663
-4.615769712140175	16.28237079101609
-4.605757196495619	16.216489258074933
-4.595744680851064	16.10242368691352
-4.585732165206508	16.102354472379936
-4.575719649561952	16.105017845709575
-4.565707133917396	16.10449576802395
-4.555694618272841	16.102643940840533
-4.545682102628286	16.087209704293958
-4.53566958698373	16.029510241096226
-4.5256570713391735	15.998857569386194
-4.515644555694618	15.94914711361231
-4.505632040050063	15.9504232241608
-4.495619524405507	15.952792326851705
-4.485607008760951	15.927791392940506
-4.475594493116395	15.866543879098698
-4.46558197747184	15.855444929975908
-4.4555694618272845	15.854734068167275
-4.4455569461827285	15.854622867393859
-4.435544430538172	15.854555801115868
-4.425531914893616	15.85450259452774
-4.415519399249061	15.854459530728642
-4.405506883604506	15.854424621941233
-4.39549436795995	15.854396308942974
-4.385481852315394	15.85437333253359
-4.375469336670839	15.8543546744315
-4.365456821026283	15.854339511366975
-4.355444305381727	15.854327177872666
-4.345431789737171	15.85431713609159
-4.335419274092615	15.854308951308361
-4.32540675844806	15.854302272139849
-4.315394242803505	15.85429681451212
-4.305381727158949	15.854292348708805
-4.295369211514393	15.854288688907825
-4.285356695869837	15.85428568474034
-4.275344180225281	15.92530130144963
-4.265331664580726	15.925523589830469
-4.25531914893617	15.925521910043061
-4.245306633291614	15.925523466537072
-4.235294117647059	15.942658227294066
-4.225281602002504	15.942657278518062
-4.215269086357948	15.942656481947061
-4.2052565707133915	15.952903367411487
-4.1952440550688355	15.963656429593229
-4.18523153942428	15.894792630797077
-4.175219023779725	15.867291087451184
-4.165206508135169	15.943929808224189
-4.155193992490613	15.745434118586779
-4.145181476846057	15.675400202917206
-4.135168961201502	15.666362040949295
-4.1251564455569465	15.666206732123452
-4.11514392991239	15.672278452801166
-4.105131414267834	15.6693879193002
-4.095118898623279	15.80922789269924
-4.085106382978723	15.850027490038675
-4.075093867334168	16.049198551281762
-4.065081351689612	16.171370118242773
-4.055068836045056	16.36273498620942
-4.045056320400501	16.534945154152524
-4.035043804755945	16.440161152185606
-4.025031289111389	16.55449783787947
-4.015018773466833	16.876263412794493
-4.005006257822277	16.85242734705219
-3.994993742177722	17.11368127007544
-3.9849812265331668	17.320129526436222
-3.9749687108886107	17.53009083387958
-3.9649561952440546	17.78431258336775
-3.9549436795994994	18.186319956052234
-3.9449311639549434	18.28766146727343
-3.934918648310388	18.16342755919798
-3.924906132665832	18.56691454164187
-3.914893617021277	18.627988915528242
-3.904881101376721	18.783946166904425
-3.8948685857321648	19.051201373035397
-3.8848560700876096	19.314339941775224
-3.8748435544430535	19.41967809420328
-3.8648310387984983	19.49975627911762
-3.8548185231539422	19.626723028358263
-3.844806007509387	19.727942543272178
-3.834793491864831	19.99756798802323
-3.824780976220275	20.0924787422902
-3.8147684605757197	20.270311130299252
-3.8047559449311636	20.515504480915062
-3.7947434292866085	20.516363630272444
-3.7847309136420524	20.541756023536436
-3.774718397997497	20.558170137747673
-3.764705882352941	20.562215314190095
-3.754693366708385	20.63665760836159
-3.74468085106383	20.790262827803577
-3.734668335419274	20.790111161064857
-3.7246558197747186	20.85030782538607
-3.7146433041301625	20.850815689630025
-3.7046307884856065	20.850634047521662
-3.6946182728410513	20.85044118546642
-3.684605757196495	20.85734330821822
-3.67459324155194	20.858381341962037
-3.664580725907384	20.86023589537271
-3.6545682102628287	20.868116417814537
-3.6445556946182727	20.867854441931346
-3.6345431789737166	20.86757502237128
-3.6245306633291614	20.867290446156087
-3.6145181476846053	20.893718655423644
-3.60450563204005	20.893374891601496
-3.594493116395494	20.893004108934893
-3.584480600750939	20.892602402795
-3.574468085106383	20.892164921503483
-3.5644555694618267	20.891685622862337
-3.5544430538172715	20.891156981811104
-3.5444305381727155	20.890569650142844
-3.5344180225281603	20.889912078227628
-3.524405506883604	20.889170124851997
-3.514392991239049	20.888326707687032
-3.504380475594493	20.887361587872586
-3.494367959949937	20.886251473988732
-3.4843554443053817	20.88497193526245
-3.4743429286608256	20.883544528426015
-3.4643304130162704	20.883549744716408
-3.4543178973717144	20.913829988529155
-3.444305381727159	20.95159566986076
-3.434292866082603	20.951955663310628
-3.424280350438047	20.95153907054355
-3.414267834793492	20.953444035753247
-3.4042553191489358	20.95155634522538
-3.3942428035043806	20.950132053873922
-3.3842302878598245	20.954643731708995
-3.3742177722152693	20.976800222786636
-3.3642052565707132	21.020130154150852
-3.354192740926157	21.041563148322112
-3.344180225281602	21.06850745821639
-3.334167709637046	21.130315738928335
-3.3241551939924907	21.183151192403365
-3.3141426783479346	21.211841451964194
-3.3041301627033794	21.28083950517823
-3.2941176470588234	21.453350378325805
-3.2841051314142673	21.552161634855185
-3.274092615769712	21.72588755163847
-3.264080100125156	21.957108572589373
-3.254067584480601	22.16883894334068
-3.2440550688360448	22.34527301696741
-3.2340425531914896	22.477569968586273
-3.2240300375469335	22.568092105855783
-3.2140175219023774	22.615909900507937
-3.2040050062578223	22.775520198136647
-3.193992490613266	23.000940313239578
-3.183979974968711	23.166243639555322
-3.173967459324155	23.34055929077417
-3.1639549436795997	23.604083525803347
-3.1539424280350437	24.083050300131788
-3.1439299123904876	24.718901564528828
-3.1339173967459324	25.321950552631808
-3.1239048811013763	25.89523004521459
-3.113892365456821	26.417473969207144
-3.103879849812265	26.796889028632698
-3.09386733416771	27.1607246287814
-3.083854818523154	27.587555835384354
-3.0738423028785977	27.89190039504757
-3.0638297872340425	28.254395502492024
-3.0538172715894865	28.56332351302216
-3.0438047559449313	28.839406086754664
-3.033792240300375	29.162787195300073
-3.02377972465582	29.514937691760824
-3.013767209011264	29.98212014070713
-3.003754693366708	30.63680775220117
-2.9937421777221527	31.18880907019168
-2.9837296620775966	31.694892441774947
-2.9737171464330414	32.1343620359122
-2.9637046307884853	32.60730979635699
-2.95369211514393	33.11506508790226
-2.943679599499374	33.597238646105176
-2.933667083854818	34.057032090203684
-2.923654568210263	34.55854615500841
-2.9136420525657067	35.20363404991136
-2.9036295369211516	35.79385664029415
-2.8936170212765955	36.42219346007661
-2.8836045056320403	37.1651459271452
-2.873591989987484	37.82754371804103
-2.863579474342928	38.43633341163439
-2.853566958698373	38.88222874963223
-2.843554443053817	39.327266028973696
-2.8335419274092617	39.7955962362254
-2.8235294117647056	40.26052446545312
-2.8135168961201504	40.634932447768044
-2.8035043804755944	40.8165093791291
-2.7934918648310383	40.912968698595606
-2.783479349186483	41.091742776246136
-2.773466833541927	41.32399770882827
-2.763454317897372	41.54787117038164
-2.7534418022528158	41.62361301499524
-2.7434292866082606	41.60208636467017
-2.7334167709637045	41.6520176849683
-2.7234042553191484	41.80928719168882
-2.7133917396745932	42.10840137696768
-2.703379224030037	42.394955615692126
-2.693366708385482	42.692506404049965
-2.683354192740926	42.82795456204611
-2.6733416770963707	42.714355984299125
-2.6633291614518146	42.55125416327298
-2.6533166458072586	42.308409091945364
-2.6433041301627034	42.249632214798936
-2.6332916145181473	42.276421698989225
-2.623279098873592	42.1184691314423
-2.613266583229036	41.80928799366267
-2.603254067584481	41.39184333926802
-2.593241551939925	40.824010148942726
-2.5832290362953687	40.4434704097143
-2.5732165206508135	40.10108828761623
-2.5632040050062574	39.84307295297078
-2.5531914893617023	39.48721126376739
-2.543178973717146	39.1795378788911
-2.533166458072591	39.116563014150685
-2.523153942428035	39.1481634384669
-2.513141426783479	39.07998362442752
-2.5031289111389237	38.96439407851809
-2.4931163954943676	38.85589993859917
-2.4831038798498124	38.799554763159705
-2.4730913642052563	38.79100836778204
-2.463078848560701	38.775214455751616
-2.453066332916145	38.852031804712226
-2.443053817271589	38.90579546077608
-2.433041301627034	39.021672754796455
-2.4230287859824777	39.05956157485082
-2.4130162703379225	39.129340704182084
-2.4030037546933665	39.33928798990248
-2.3929912390488113	39.31366809663449
-2.382978723404255	39.2228113072426
-2.372966207759699	39.43527267420103
-2.362953692115144	39.91502408193659
-2.352941176470588	40.34357424307948
-2.3429286608260327	40.639114028418085
-2.3329161451814766	41.139720345185395
-2.3229036295369214	41.71172588289923
-2.3128911138923653	42.111309532901075
-2.3028785982478093	42.513760761228674
-2.292866082603254	42.97186760971003
-2.282853566958698	43.47802901492965
-2.272841051314143	44.01537204797378
-2.2628285356695867	44.56177708186117
-2.2528160200250316	45.02162384675591
-2.2428035043804755	45.31232361897084
-2.2327909887359194	45.56533588462336
-2.2227784730913642	45.94606364012374
-2.212765957446808	46.374306799786595
-2.202753441802253	46.77023689229865
-2.192740926157697	47.00282916021076
-2.1827284105131417	47.27009858788397
-2.1727158948685856	47.788878214987406
-2.1627033792240296	48.533458166277434
-2.1526908635794744	49.18594420574262
-2.1426783479349183	49.7574384839851
-2.132665832290363	50.292681653430854
-2.122653316645807	50.706217537232824
-2.112640801001252	51.100042559285065
-2.1026282853566958	51.65641606396863
-2.0926157697121397	52.24515756377998
-2.0826032540675845	52.919743924164656
-2.0725907384230284	53.77748721912136
-2.0625782227784732	54.55002885312606
-2.052565707133917	55.063939837825586
-2.042553191489362	55.487190707345334
-2.032540675844806	55.848826301322234
-2.02252816020025	56.228751620911865
-2.0125156445556946	56.59546608825306
-2.0025031289111386	56.86585380766959
-1.9924906132665834	57.02449128628911
-1.9824780976220273	57.156137692185915
-1.9724655819774712	57.34938059684545
-1.962453066332916	57.29592303394489
-1.95244055068836	57.22298642503513
-1.9424280350438048	57.23243456526967
-1.9324155193992487	57.39502779573514
-1.9224030037546935	57.4451982053307
-1.9123904881101375	57.3951572159849
-1.9023779724655814	57.33577556735694
-1.8923654568210262	57.332218604000275
-1.8823529411764701	57.337907132386256
-1.872340425531915	57.36208175470991
-1.8623279098873589	57.370238654705055
-1.8523153942428037	57.2199468716451
-1.8423028785982476	56.85563031047246
-1.8322903629536915	56.50798599974235
-1.8222778473091363	56.080588779394056
-1.8122653316645803	55.78094021588692
-1.802252816020025	55.36227550893426
-1.792240300375469	54.629473413374996
-1.7822277847309138	54.15524152068942
-1.7722152690863577	53.970308858607474
-1.7622027534418017	53.95697794079908
-1.7521902377972465	53.93421401659006
-1.7421777221526904	53.791238963129146
-1.7321652065081352	53.43471996218718
-1.7221526908635791	52.97189949511516
-1.712140175219024	52.4807387358431
-1.7021276595744679	52.07053374945159
-1.6921151439299118	51.56413628986541
-1.6821026282853566	51.01743215022372
-1.6720901126408005	50.588492439495575
-1.6620775969962454	50.26594329813022
-1.6520650813516893	49.8216363760534
-1.642052565707134	49.283800546946985
-1.632040050062578	48.81834004897268
-1.622027534418022	48.16867813425641
-1.6120150187734668	47.64876233815551
-1.6020025031289107	47.4018521122961
-1.5919899874843555	47.10790885956474
-1.5819774718397994	46.76390517592153
-1.5719649561952442	46.48890834874003
-1.5619524405506882	46.14947021611744
-1.551939924906132	45.78774567605701
-1.541927409261577	45.441337995335026
-1.5319148936170208	45.09089700725108
-1.5219023779724656	44.712136175644304
-1.5118898623279096	44.4421937853264
-1.5018773466833544	44.06116853155486
-1.4918648310387983	43.66184003396713
-1.4818523153942422	43.517777622454325
-1.471839799749687	43.41621567179915
-1.461827284105131	43.27966305594858
-1.4518147684605758	43.448107844893165
-1.4418022528160197	43.55848613356621
-1.4317897371714645	43.4065627881537
-1.4217772215269084	43.401555236981785
-1.4117647058823524	43.38055915945873
-1.4017521902377972	43.12596283221077
-1.391739674593241	43.08856375993017
-1.381727158948686	43.23613026904459
-1.3717146433041298	43.350876873369124
-1.3617021276595747	43.472389668596016
-1.3516896120150186	43.5043004903924
-1.3416770963704625	43.52943110012645
-1.3316645807259073	43.67122441364292
-1.3216520650813512	43.84324254405395
-1.311639549436796	43.89706103098367
-1.30162703379224	44.007315102529326
-1.2916145181476848	44.156024990362525
-1.2816020025031287	44.37703184663994
-1.2715894868585726	44.597196917419204
-1.2615769712140175	44.891301426577286
-1.2515644555694614	45.24211812988106
-1.2415519399249062	45.62188704058613
-1.2315394242803501	46.02329394309133
-1.221526908635795	46.390842441933074
-1.2115143929912389	46.64221962931806
-1.2015018773466828	46.90406889293017
-1.1914893617021276	47.32061310712726
-1.1814768460575715	47.85787165998441
-1.1714643304130163	48.35731711096263
-1.1614518147684603	48.72169463021833
-1.151439299123905	49.01008386782057
-1.141426783479349	49.32653052204231
-1.131414267834793	49.5889828383976
-1.1214017521902377	49.79925580454101
-1.1113892365456817	50.065139420025226
-1.1013767209011265	50.316581957114934
-1.0913642052565704	50.42416261451864
-1.0813516896120152	50.34108253713142
-1.0713391739674591	50.095166565228354
-1.061326658322903	49.900267988179195
-1.0513141426783479	49.81407328095552
-1.0413016270337918	49.85125025779809
-1.0312891113892366	49.907940238802176
-1.0212765957446805	49.957715019779606
-1.0112640801001254	50.03407386342165
-1.0012515644555693	50.024153108876
-0.9912390488110132	49.91009913226384
-0.981226533166458	49.851048658908525
-0.971214017521902	50.081345269509704
-0.9612015018773468	50.542645428183285
-0.9511889862327907	51.00865322163886
-0.9411764705882355	51.38241299071138
-0.9311639549436794	51.6224648333985
-0.9211514392991234	51.632306835917255
-0.9111389236545682	51.47246678672139
-0.9011264080100121	51.15115260605324
-0.8911138923654569	50.62544300128742
-0.8811013767209008	49.98508574223303
-0.8710888610763456	49.33859278683068
-0.8610763454317896	48.848242556174135
-0.8510638297872335	48.530986075935985
-0.8410513141426783	48.230788899288065
-0.8310387984981222	47.89617093852023
-0.821026282853567	47.658667583018826
-0.811013767209011	47.51447859900008
-0.8010012515644558	47.38550449936893
-0.7909887359198997	47.183362902956816
-0.7809762202753436	46.88475254605732
-0.7709637046307884	46.54772771218522
-0.7609511889862324	46.2598728563839
-0.7509386733416772	46.09959539916015
-0.7409261576971211	46.081268384862256
-0.7309136420525659	46.17461251903097
-0.7209011264080099	46.29707624968055
-0.7108886107634538	46.387900847386334
-0.7008760951188986	46.45651918829933
-0.6908635794743425	46.5073127834204
-0.6808510638297873	46.57514071740325
-0.6708385481852313	46.669159086243916
-0.6608260325406761	46.704016347886906
-0.65081351689612	46.60040887919383
-0.6408010012515639	46.3957207243871
-0.6307884856070087	46.14594471025501
-0.6207759699624527	45.78324702722338
-0.6107634543178975	45.348958662045234
-0.6007509386733414	45.00200618560681
-0.5907384230287862	44.73919674844489
-0.5807259073842301	44.51570004389882
-0.5707133917396741	44.38490008048713
-0.5607008760951189	44.32591209430928
-0.5506883604505628	44.30273081775915
-0.5406758448060076	44.24451385938327
-0.5306633291614515	44.12921750711713
-0.5206508135168963	43.94606159029961
-0.5106382978723403	43.739457023558394
-0.5006257822277842	43.57074076911958
-0.490613266583229	43.494987026167514
-0.48060075093867294	43.49217620901778
-0.47058823529411775	43.51378157524523
-0.4605757196495617	43.576910870374924
-0.4505632040050065	43.595669983648946
-0.4405506883604504	43.57769336882509
-0.43053817271589434	43.458843042445686
-0.42052565707133915	43.19655829034427
-0.4105131414267831	42.86137525024514
-0.4005006257822279	42.5332200713932
-0.3904881101376718	42.31649196219322
-0.38047559449311663	42.244891091686526
-0.37046307884856056	42.28447868486842
-0.3604505632040045	42.3627085451794
-0.3504380475594493	42.40979852067068
-0.3404255319148932	42.38596188711834
-0.33041301627033803	42.34152248274668
-0.32040050062578196	42.24564413932342
-0.3103879849812259	41.976825152470596
-0.3003754693366707	41.548778652217834
-0.2903629536921146	41.10386723448278
-0.28035043804755944	40.80727253195726
-0.27033792240300336	40.663816302047664
-0.2603254067584482	40.59366296529583
-0.2503128911138921	40.568915779026014
-0.24030037546933602	40.54462762280026
-0.23028785982478084	40.4640924256422
-0.22027534418022476	40.29640969762676
-0.21026282853566958	40.09235021179626
-0.2002503128911135	39.95001358583155
-0.19023779724655832	39.880465908453196
-0.18022528160200224	39.87267925437346
-0.17021276595744617	39.93924357913216
-0.16020025031289098	40.01244199566891
-0.1501877346683349	39.97028004921221
-0.14017521902377972	39.787312465968114
-0.13016270337922364	39.498448811459994
-0.12015018773466846	39.22590207354889
-0.11013767209011238	39.07806507354226
-0.10012515644555631	38.98798171715312
-0.09011264080100112	38.8661511759206
-0.08010012515644505	38.684205796810424
-0.07008760951188986	38.509252296813486
-0.060075093867333784	38.438662005909364
-0.0500625782227786	38.44934198683751
-0.04005006257822252	38.49460414598924
-0.030037546933666448	38.44106847917075
-0.02002503128911126	38.34274945940353
-0.010012515644555187	38.30793351346565
0.0	38.271585735103315
