-8.0	9.006851774868668
-7.989987484355444	9.065204134120611
-7.979974968710889	9.233390927213323
-7.969962453066333	9.447584760640591
-7.9599499374217775	9.773787805109531
-7.949937421777221	10.198137269619112
-7.939924906132666	10.597485887122165
-7.92991239048811	10.868497868209333
-7.919899874843554	11.074395336521839
-7.909887359198999	11.285150284349408
-7.899874843554443	11.480904903349183
-7.889862327909888	11.690951428300163
-7.8798498122653315	12.022292513581634
-7.869837296620776	12.427279928436796
-7.85982478097622	12.851680574864531
-7.849812265331664	13.322945552698416
-7.839799749687109	13.86320908604442
-7.829787234042553	14.4405927549728
-7.819774718397998	14.995609087235511
-7.809762202753442	15.58823295981491
-7.7997496871088865	16.234419908942268
-7.78973717146433	16.896549593242057
-7.779724655819774	17.546194742226152
-7.769712140175219	18.181125333048307
-7.759699624530663	18.820744405168284
-7.749687108886108	19.4425274962121
-7.739674593241552	20.000663411688983
-7.729662077596997	20.450135112181584
-7.719649561952441	20.840388139657325
-7.7096370463078845	21.278968297851
-7.699624530663329	21.81187872546378
-7.689612015018773	22.41944011321566
-7.679599499374218	23.06281150511224
-7.669586983729662	23.66139804863333
-7.659574468085107	24.136853595662004
-7.649561952440551	24.496731115837214
-7.639549436795995	24.82806967161336
-7.629536921151439	25.2147524760838
-7.619524405506883	25.674382811801237
-7.609511889862328	26.180276793518416
-7.599499374217772	26.706091645862372
-7.589486858573217	27.24747045888989
-7.579474342928661	27.827117084549663
-7.569461827284105	28.415151004949287
-7.55944931163955	28.89891049624885
-7.5494367959949935	29.211743787907128
-7.539424280350438	29.36823529212719
-7.529411764705882	29.393732010943417
-7.519399249061326	29.321607086103587
-7.509386733416771	29.189768793092473
-7.499374217772215	29.048315075875557
-7.48936170212766	28.933915875647795
-7.479349186483104	28.848485740680395
-7.4693366708385485	28.80213471571358
-7.459324155193992	28.82153313250908
-7.449311639549437	28.910486872879865
-7.439299123904881	29.078768248902925
-7.429286608260325	29.35040992726501
-7.41927409261577	29.694047617438468
-7.409261576971214	30.033089101841394
-7.399249061326659	30.314737693580206
-7.3892365456821025	30.52514899418098
-7.3792240300375465	30.67203886044848
-7.369211514392991	30.728581283037336
-7.359198998748435	30.692555753496187
-7.34918648310388	30.626414729603265
-7.339173967459324	30.605867033817205
-7.329161451814769	30.653397287530456
-7.319148936170213	30.76427705476783
-7.3091364205256575	30.944003716714278
-7.299123904881101	31.205538473649476
-7.289111389236545	31.503592766060024
-7.27909887359199	31.68509702676779
-7.269086357947434	31.650905978313762
-7.259073842302879	31.52074422663009
-7.249061326658323	31.470136055388874
-7.239048811013767	31.543762988562314
-7.2290362953692116	31.735725713095192
-7.2190237797246555	32.04983128017407
-7.2090112640801	32.4814187904409
-7.198998748435544	32.9567001660147
-7.188986232790989	33.36866674829837
-7.178973717146433	33.67510141295482
-7.168961201501878	33.908221633025526
-7.158948685857322	34.12673220694645
-7.148936170212766	34.401911903017584
-7.13892365456821	34.821581963385135
-7.128911138923654	35.40772422990724
-7.118898623279099	36.10639280997746
-7.108886107634543	36.864378501483394
-7.098873591989987	37.71511757925217
-7.088861076345432	38.70205190851035
-7.078848560700876	39.67342336896156
-7.068836045056321	40.515325149205886
-7.0588235294117645	41.27577355280702
-7.048811013767209	42.072405250719534
-7.038798498122653	43.018523929425925
-7.028785982478098	44.19144152165566
-7.018773466833542	45.57046362139495
-7.008760951188986	46.932142761758726
-6.998748435544431	48.065252003291356
-6.988735919899875	48.95228429654014
-6.9787234042553195	49.72055885058433
-6.968710888610763	50.532288190261404
-6.958698372966207	51.420265019094074
-6.948685857321652	52.309631368377275
-6.938673341677096	53.118965304610114
-6.928660826032541	53.811079041002884
-6.918648310387985	54.445285962947366
-6.908635794743429	55.05470999699355
-6.8986232790988735	55.6433739072035
-6.888610763454318	56.17300005612497
-6.878598247809762	56.61252528427191
-6.868585732165206	56.93680359388028
-6.858573216520651	57.19796740270355
-6.848560700876095	57.457275737350805
-6.83854818523154	57.775892537246186
-6.828535669586984	58.14832603391111
-6.818523153942428	58.55485688891244
-6.808510638297872	58.89585419998097
-6.798498122653316	59.1746347538743
-6.788485607008761	59.357055941645925
-6.778473091364205	59.39936397653586
-6.768460575719649	59.361870334868826
-6.758448060075094	59.22443826384908
-6.748435544430539	58.92755595439825
-6.7384230287859825	58.43643758762917
-6.7284105131414265	57.769249785582545
-6.718397997496871	57.044596725028704
-6.708385481852315	56.17847291575283
-6.69837296620776	55.23517419613254
-6.688360450563204	54.37036367357872
-6.678347934918648	53.65012817218307
-6.668335419274093	52.968753219100854
-6.658322903629537	52.23565325292934
-6.648310387984981	51.502234387272864
-6.638297872340425	50.70399813636028
-6.628285356695869	49.68588426797185
-6.618272841051314	48.46919482072773
-6.608260325406759	47.141621101663446
-6.598247809762203	45.75586165166695
-6.588235294117647	44.37124932182295
-6.578222778473092	42.97253611440955
-6.5682102628285355	41.48271719750161
-6.55819774718398	39.899560673496026
-6.548185231539424	38.42488317410273
-6.538172715894868	37.09751720266134
-6.528160200250313	35.92174898306051
-6.518147684605757	34.92536325940515
-6.508135168961202	33.962924274488934
-6.498122653316646	32.91081756061616
-6.4881101376720896	31.782953568043247
-6.478097622027534	30.74028792472906
-6.468085106382979	29.73220255159177
-6.458072590738423	28.766105684700758
-6.448060075093867	27.926848403507087
-6.438047559449312	27.22123324198591
-6.428035043804756	26.492709783585045
-6.418022528160201	25.679762344342027
-6.4080100125156445	24.798230154909845
-6.397997496871088	23.994646817259305
-6.387984981226533	23.34091232798861
-6.377972465581977	22.79547063009005
-6.367959949937422	22.300077763808098
-6.357947434292866	21.821712610117267
-6.34793491864831	21.33255762521599
-6.337922403003755	20.848548191214263
-6.3279098873591995	20.386750153879106
-6.317897371714643	19.96336481044061
-6.307884856070087	19.508094353873613
-6.297872340425532	18.98567866469326
-6.287859824780976	18.451960359538035
-6.277847309136421	17.947195493897507
-6.267834793491865	17.453360229557376
-6.257822277847309	16.996900989827246
-6.2478097622027535	16.636383532128857
-6.2377972465581975	16.306208335688588
-6.227784730913642	15.989308734151896
-6.217772215269086	15.749713600588215
-6.20775969962453	15.58236968414313
-6.197747183979975	15.45194889508087
-6.18773466833542	15.352252074634187
-6.177722152690864	15.305025999391132
-6.167709637046308	15.335706476259752
-6.157697121401752	15.375930845606222
-6.147684605757196	15.456698765910069
-6.137672090112641	15.559389839556214
-6.127659574468085	15.70423759279484
-6.117647058823529	15.949667289849097
-6.107634543178974	16.276666498038207
-6.097622027534418	16.640934719895295
-6.0876095118898625	17.015159857005685
-6.0775969962453065	17.4680096067802
-6.06758448060075	17.947920611186394
-6.057571964956195	18.43254327340489
-6.04755944931164	18.889471340474273
-6.037546933667084	19.283359159932576
-6.027534418022528	19.642261368122583
-6.017521902377973	20.01417100941365
-6.007509386733417	20.43698970247555
-5.997496871088861	20.849515992954874
-5.987484355444305	21.289724118578604
-5.977471839799749	21.768178109019573
-5.967459324155194	22.225391554415378
-5.957446808510639	22.58316841547467
-5.947434292866083	22.900026320444198
-5.937421777221527	23.275704079459178
-5.927409261576971	23.669309590461445
-5.9173967459324155	23.98474306536544
-5.90738423028786	24.195809370814256
-5.897371714643304	24.355403965063804
-5.887359198998748	24.4141934167837
-5.877346683354192	24.379876714110956
-5.867334167709637	24.361336917359544
-5.857321652065082	24.36516201232037
-5.847309136420526	24.228522087845896
-5.83729662077597	24.033892430790587
-5.827284105131414	23.8751378062763
-5.817271589486858	23.735985235869173
-5.807259073842303	23.508811939939942
-5.797246558197747	23.24617812078205
-5.787234042553191	22.900581710723092
-5.777221526908636	22.52949422490834
-5.767209011264081	22.25878046608098
-5.7571964956195245	22.0347834582678
-5.747183979974968	21.604311163555266
-5.737171464330412	21.391315975591972
-5.727158948685857	21.192088154475073
-5.717146433041302	20.923172666134793
-5.707133917396746	20.78946633303735
-5.69712140175219	20.76649711329611
-5.687108886107635	20.574235011352165
-5.677096370463079	20.559259552975007
-5.667083854818523	21.103449403544786
-5.657071339173967	21.542460747286096
-5.647058823529411	22.09964972107087
-5.637046307884856	22.56928791744327
-5.627033792240301	23.31689733165438
-5.617021276595745	24.105198365816175
-5.607008760951189	25.026466994327834
-5.596996245306633	25.883700463327987
-5.5869837296620775	26.5265978259378
-5.576971214017522	27.394416500719895
-5.566958698372966	28.48538245179312
-5.55694618272841	29.3751037393129
-5.546933667083855	30.570895657348604
-5.536921151439299	31.666857888735237
-5.526908635794744	32.47423627551863
-5.516896120150188	33.3463585763198
-5.5068836045056315	34.13975839207786
-5.496871088861076	35.225853856340166
-5.486858573216521	36.312471715141335
-5.476846057571965	37.69841101205686
-5.466833541927409	38.73476944318001
-5.456821026282853	39.58509005847914
-5.446808510638298	40.3951829054446
-5.4367959949937426	41.293384546127534
-5.4267834793491865	42.093523180411566
-5.41677096370463	42.88437895792943
-5.406758448060075	43.87501334357044
-5.396745932415519	44.999890337395705
-5.386733416770964	46.09106016293629
-5.376720901126408	47.29189550378962
-5.366708385481852	48.61879034751231
-5.356695869837297	49.700390672259005
-5.346683354192741	50.57675457769284
-5.336670838548185	51.562308953008575
-5.326658322903629	52.620024913286954
-5.316645807259073	53.508576500600064
-5.306633291614518	54.30598046200567
-5.296620775969963	55.19021572585351
-5.286608260325407	56.10160125008476
-5.276595744680851	56.91163799642646
-5.2665832290362955	57.60610356340166
-5.256570713391739	58.094184570930565
-5.246558197747184	58.52147019698078
-5.236545682102628	58.97405338697551
-5.226533166458072	59.492221563893494
-5.216520650813517	60.00886848918638
-5.206508135168962	60.42721215974681
-5.196495619524406	60.66524533529992
-5.18648310387985	60.83478121913401
-5.1764705882352935	60.9858947027836
-5.166458072590738	61.023681484443784
-5.156445556946183	61.05964181853425
-5.146433041301627	61.16397757885897
-5.136420525657071	61.19103025605651
-5.126408010012516	61.053171316039986
-5.11639549436796	60.814651432066775
-5.1063829787234045	60.54257581722994
-5.0963704630788484	60.26731539101159
-5.086357947434292	59.9652165623851
-5.076345431789737	59.6205213449543
-5.066332916145182	59.24811711105802
-5.056320400500626	58.722436499522296
-5.04630788485607	58.10002895820122
-5.036295369211514	57.39264158009996
-5.026282853566959	56.63131478352741
-5.016270337922403	56.015328720806515
-5.006257822277847	55.551839865670175
-4.996245306633291	55.23108627843554
-4.986232790988735	54.77410881415914
-4.97622027534418	54.02372601306224
-4.966207759699625	53.048818733988035
-4.956195244055069	51.99739037580474
-4.946182728410513	50.98390454073481
-4.9361702127659575	49.935130035620794
-4.926157697121402	48.72574355765721
-4.916145181476846	47.50965160274967
-4.90613266583229	46.271389740564985
-4.896120150187734	45.039875759301395
-4.886107634543179	43.73508567490492
-4.876095118898624	42.280671124758825
-4.866082603254068	40.70811716833406
-4.8560700876095115	39.41176010391719
-4.8460575719649555	38.41925782557508
-4.8360450563204	37.453702168786045
-4.826032540675845	36.488897161754714
-4.816020025031289	35.762344131817095
-4.806007509386733	35.12887428065236
-4.795994993742178	34.392779138361874
-4.785982478097623	33.41329214157525
-4.7759699624530665	32.617472424542136
-4.76595744680851	31.908575209453726
-4.755944931163954	31.307694942030523
-4.745932415519399	30.840715554559516
-4.735919899874844	30.354487021936976
-4.725907384230288	29.82972199139014
-4.715894868585732	29.317981854689542
-4.705882352941176	29.05388237664128
-4.6958698372966206	28.92983571907538
-4.685857321652065	28.865038641697698
-4.675844806007509	28.74446729102697
-4.665832290362953	28.520874869437073
-4.655819774718398	28.322413207358025
-4.645807259073843	28.225481458046346
-4.635794743429287	28.178215484316787
-4.625782227784731	28.15387335726089
-4.615769712140175	28.120335575999015
-4.605757196495619	28.099978048027253
-4.595744680851064	28.05725685885916
-4.585732165206508	28.044325822901286
-4.575719649561952	28.043544459490192
-4.565707133917396	28.043599693494162
-4.555694618272841	28.043633481854386
-4.545682102628286	28.043633689747505
-4.53566958698373	28.043541940343214
-4.5256570713391735	28.04264189968309
-4.515644555694618	28.03514360352627
-4.505632040050063	28.008415514783252
-4.495619524405507	27.991920061555753
-4.485607008760951	27.98934071898745
-4.475594493116395	27.989064323034878
-4.46558197747184	27.98903634180543
-4.4555694618272845	27.98903430438131
-4.4455569461827285	27.98903545658243
-4.435544430538172	27.989037428860986
-4.425531914893616	27.989039908944317
-4.415519399249061	27.989042788528714
-4.405506883604506	27.989045980387953
-4.39549436795995	27.989049403349085
-4.385481852315394	27.989052983015124
-4.375469336670839	27.989056653089534
-4.365456821026283	27.989060356022637
-4.355444305381727	27.98906404306622
-4.345431789737171	27.989067673917507
-4.335419274092615	27.989071216103707
-4.32540675844806	27.989074644220434
-4.315394242803505	27.98907793912107
-4.305381727158949	28.011509500836535
-4.295369211514393	28.003046431142444
-4.285356695869837	28.003048447237692
-4.275344180225281	28.00045896584946
-4.265331664580726	28.001863857269676
-4.25531914893617	27.98951664292151
-4.245306633291614	27.7895648672118
-4.235294117647059	27.661450100191363
-4.225281602002504	27.583933856084972
-4.215269086357948	27.539435496639047
-4.2052565707133915	27.59632774600861
-4.1952440550688355	27.493469399740345
-4.18523153942428	27.494027169803125
-4.175219023779725	27.49923714367443
-4.165206508135169	27.459184423834824
-4.155193992490613	27.462253439460593
-4.145181476846057	27.58406987843189
-4.135168961201502	27.55812015051915
-4.1251564455569465	27.70459220767635
-4.11514392991239	27.37165216780456
-4.105131414267834	27.496518543167188
-4.095118898623279	27.529930810722256
-4.085106382978723	27.46701367400415
-4.075093867334168	27.84634041744708
-4.065081351689612	28.134272075607917
-4.055068836045056	28.46207916665969
-4.045056320400501	28.833992106053046
-4.035043804755945	29.42804759802219
-4.025031289111389	29.253086776591985
-4.015018773466833	29.379204499986194
-4.005006257822277	29.742593727615937
-3.994993742177722	29.81230612920316
-3.9849812265331668	29.777917798667183
-3.9749687108886107	29.87592449929161
-3.9649561952440546	30.07298079003077
-3.9549436795994994	30.2014456837916
-3.9449311639549434	30.284340894741828
-3.934918648310388	30.366445294952527
-3.924906132665832	30.36646876476055
-3.914893617021277	30.33113785249185
-3.904881101376721	30.33114017948868
-3.8948685857321648	30.33114294367953
-3.8848560700876096	30.331146160692025
-3.8748435544430535	30.331149908011767
-3.8648310387984983	30.331154277285528
-3.8548185231539422	30.33119675944363
-3.844806007509387	30.35540548726476
-3.834793491864831	30.35541257273873
-3.824780976220275	30.35542074424686
-3.8147684605757197	30.355430335042012
-3.8047559449311636	30.35544161188413
-3.7947434292866085	30.35545489791092
-3.7847309136420524	30.35547058658291
-3.774718397997497	30.355489159764424
-3.764705882352941	30.355511211409098
-3.754693366708385	30.355537478934913
-3.74468085106383	30.35556888529891
-3.734668335419274	30.355606596200722
-3.7246558197747186	30.355652099103644
-3.7146433041301625	30.355707314525127
-3.7046307884856065	30.355774756773013
-3.6946182728410513	30.355857774703363
-3.684605757196495	30.35596093484688
-3.67459324155194	30.35609070535126
-3.664580725907384	30.356256975562996
-3.6545682102628287	30.356477738098473
-3.6445556946182727	30.356798807667182
-3.6345431789737166	30.35739396292308
-3.6245306633291614	30.359106749511305
-3.6145181476846053	30.36605729864482
-3.60450563204005	30.39011045206365
-3.594493116395494	30.42722854446314
-3.584480600750939	30.464102433487025
-3.574468085106383	30.53094871390417
-3.5644555694618267	30.69144478122379
-3.5544430538172715	30.95862787147123
-3.5444305381727155	31.224426950540618
-3.5344180225281603	31.387082658506724
-3.524405506883604	31.51291626070434
-3.514392991239049	31.668361801789228
-3.504380475594493	31.86031435736361
-3.494367959949937	32.065877686162985
-3.4843554443053817	32.37249060568122
-3.4743429286608256	32.74233534605929
-3.4643304130162704	33.14314959861402
-3.4543178973717144	33.74549780564565
-3.444305381727159	34.47472755363124
-3.434292866082603	35.1345289878746
-3.424280350438047	35.730526318659734
-3.414267834793492	36.48001356268092
-3.4042553191489358	37.33138228940465
-3.3942428035043806	38.24255390982822
-3.3842302878598245	39.07804129652528
-3.3742177722152693	39.79983083181401
-3.3642052565707132	40.652838444127816
-3.354192740926157	41.6780589524964
-3.344180225281602	42.81436360162055
-3.334167709637046	44.085549284929414
-3.3241551939924907	45.19085941672528
-3.3141426783479346	46.1114662187817
-3.3041301627033794	47.041530303609704
-3.2941176470588234	48.111513825967116
-3.2841051314142673	49.265337954433974
-3.274092615769712	50.40070010995525
-3.264080100125156	51.419556393549136
-3.254067584480601	52.39528523058932
-3.2440550688360448	53.26459131469311
-3.2340425531914896	54.09543293200024
-3.2240300375469335	54.98586492499211
-3.2140175219023774	55.71108346982895
-3.2040050062578223	56.362737598478546
-3.193992490613266	56.94395640298436
-3.183979974968711	57.57968487098897
-3.173967459324155	58.294333341652084
-3.1639549436795997	58.84088591087634
-3.1539424280350437	59.23164336920493
-3.1439299123904876	59.66503222049171
-3.1339173967459324	60.020557988669594
-3.1239048811013763	60.41758682796544
-3.113892365456821	60.80047124868958
-3.103879849812265	61.099756751705485
-3.09386733416771	61.25444040821553
-3.083854818523154	61.3762439832989
-3.0738423028785977	61.516149936882314
-3.0638297872340425	61.72922406072507
-3.0538172715894865	61.85892634487797
-3.0438047559449313	62.02245172834349
-3.033792240300375	62.25418171306735
-3.02377972465582	62.58406200038855
-3.013767209011264	62.872888261633854
-3.003754693366708	63.06860095450639
-2.9937421777221527	63.30295917648164
-2.9837296620775966	63.567154847515084
-2.9737171464330414	63.7301761737058
-2.9637046307884853	63.77208351707062
-2.95369211514393	63.810364010991236
-2.943679599499374	63.94911962906579
-2.933667083854818	64.0824433239535
-2.923654568210263	64.12561715661386
-2.9136420525657067	64.13818634826494
-2.9036295369211516	64.22367796826143
-2.8936170212765955	64.34447171487814
-2.8836045056320403	64.37393454292578
-2.873591989987484	64.28238400629984
-2.863579474342928	64.12942421485555
-2.853566958698373	63.94546566321064
-2.843554443053817	63.674245426194595
-2.8335419274092617	63.31457181231466
-2.8235294117647056	62.95067284002874
-2.8135168961201504	62.67519437594314
-2.8035043804755944	62.50022260820031
-2.7934918648310383	62.469007399722386
-2.783479349186483	62.39717378749154
-2.773466833541927	62.194148175208454
-2.763454317897372	61.86935032672376
-2.7534418022528158	61.55057323216491
-2.7434292866082606	61.27097125163186
-2.7334167709637045	60.99167886939773
-2.7234042553191484	60.756355851204056
-2.7133917396745932	60.51416441941514
-2.703379224030037	60.21519959602485
-2.693366708385482	59.97184354733926
-2.683354192740926	59.77128586452624
-2.6733416770963707	59.562977687491454
-2.6633291614518146	59.32319360112056
-2.6533166458072586	59.03333419296069
-2.6433041301627034	58.69534367152939
-2.6332916145181473	58.303522415785835
-2.623279098873592	57.84662809193856
-2.613266583229036	57.30635944867821
-2.603254067584481	56.68003096774904
-2.593241551939925	55.993158930602576
-2.5832290362953687	55.327437807606884
-2.5732165206508135	54.67838075692516
-2.5632040050062574	53.947577824238614
-2.5531914893617023	53.14050455230378
-2.543178973717146	52.330325462979765
-2.533166458072591	51.574903562005076
-2.523153942428035	50.86023294560212
-2.513141426783479	50.02832346223372
-2.5031289111389237	48.99225953379349
-2.4931163954943676	47.800773210777365
-2.4831038798498124	46.577507884986176
-2.4730913642052563	45.279807626626706
-2.463078848560701	44.02628096404312
-2.453066332916145	42.867468233135405
-2.443053817271589	41.643650875937354
-2.433041301627034	40.355439885824396
-2.4230287859824777	39.139757655623136
-2.4130162703379225	37.92118973868553
-2.4030037546933665	36.68411205307347
-2.3929912390488113	35.416654850990895
-2.382978723404255	34.1749679034299
-2.372966207759699	32.93175258945261
-2.362953692115144	31.69191527120889
-2.352941176470588	30.526214311597155
-2.3429286608260327	29.49837729811533
-2.3329161451814766	28.580653300753553
-2.3229036295369214	27.68729536730663
-2.3128911138923653	26.75794418118224
-2.3028785982478093	25.89753014288852
-2.292866082603254	25.090811812376266
-2.282853566958698	24.380569313535
-2.272841051314143	23.714938527673944
-2.2628285356695867	22.981785105538062
-2.2528160200250316	22.208407643187005
-2.2428035043804755	21.391640715772272
-2.2327909887359194	20.727758746068726
-2.2227784730913642	20.217305595133794
-2.212765957446808	19.778190820524195
-2.202753441802253	19.334285978539885
-2.192740926157697	18.86173389996802
-2.1827284105131417	18.283847705080188
-2.1727158948685856	17.89030877767162
-2.1627033792240296	17.605498169238462
-2.1526908635794744	17.316205474061874
-2.1426783479349183	17.04167488689193
-2.132665832290363	16.78097760907557
-2.122653316645807	16.466491099022377
-2.112640801001252	16.251905072701398
-2.1026282853566958	16.143174818425376
-2.0926157697121397	16.027242788266012
-2.0826032540675845	15.896133632987452
-2.0725907384230284	15.809048671217386
-2.0625782227784732	15.763032259934606
-2.052565707133917	15.72799892102361
-2.042553191489362	15.681002559735994
-2.032540675844806	15.670545212372515
-2.02252816020025	15.666459471270485
-2.0125156445556946	15.662688775686588
-2.0025031289111386	15.653461000995112
-1.9924906132665834	15.617944206824266
-1.9824780976220273	15.596368413285761
-1.9724655819774712	15.586011945179381
-1.962453066332916	15.5822195399789
-1.95244055068836	15.580625054244274
-1.9424280350438048	15.5798973547535
-1.9324155193992487	15.575085929253827
-1.9224030037546935	15.507851258758771
-1.9123904881101375	15.484582258294921
-1.9023779724655814	15.560747403124301
-1.8923654568210262	15.576545242229248
-1.8823529411764701	15.558097909624538
-1.872340425531915	15.557088730476098
-1.8623279098873589	15.559304805687683
-1.8523153942428037	15.695421417913675
-1.8423028785982476	15.747400027084144
-1.8322903629536915	15.830074024067466
-1.8222778473091363	15.850802740121454
-1.8122653316645803	16.173759856529088
-1.802252816020025	16.309976747072337
-1.792240300375469	16.393823404947106
-1.7822277847309138	16.469957474831418
-1.7722152690863577	16.72961223130473
-1.7622027534418017	16.770880168411807
-1.7521902377972465	16.863745915804298
-1.7421777221526904	17.088561077874484
-1.7321652065081352	17.125307552366422
-1.7221526908635791	17.210883609127524
-1.712140175219024	17.31690899182874
-1.7021276595744679	17.494185172398954
-1.6921151439299118	17.541684245768753
-1.6821026282853566	17.614288210416678
-1.6720901126408005	17.708139678701368
-1.6620775969962454	17.964833969289398
-1.6520650813516893	18.09197132897722
-1.642052565707134	18.165592361898263
-1.632040050062578	18.247610448649766
-1.622027534418022	18.707005580854357
-1.6120150187734668	18.742901973524834
-1.6020025031289107	18.8864388416454
-1.5919899874843555	19.074824369557067
-1.5819774718397994	19.07514672999152
-1.5719649561952442	19.07568612628557
-1.5619524405506882	19.341931591491985
-1.551939924906132	19.371397563326845
-1.541927409261577	19.37272556993726
-1.5319148936170208	19.373114100681438
-1.5219023779724656	19.413204377054896
-1.5118898623279096	19.463965405659557
-1.5018773466833544	19.46599017012325
-1.4918648310387983	19.468120560598397
-1.4818523153942422	19.500449042366366
-1.471839799749687	19.501904558720643
-1.461827284105131	19.50546035603349
-1.4518147684605758	19.519682550358635
-1.4418022528160197	19.53896712451333
-1.4317897371714645	19.55462083683345
-1.4217772215269084	19.571088491963586
-1.4117647058823524	19.58609581363966
-1.4017521902377972	19.60449043664794
-1.391739674593241	19.632231853647532
-1.381727158948686	19.656406391309318
-1.3717146433041298	19.679171709800663
-1.3617021276595747	19.6987662727584
-1.3516896120150186	19.737532090672893
-1.3416770963704625	19.81807119329875
-1.3316645807259073	19.935728370525016
-1.3216520650813512	20.1150109212348
-1.311639549436796	20.431062021388872
-1.30162703379224	20.77415347190658
-1.2916145181476848	21.102301460680952
-1.2816020025031287	21.3777408160937
-1.2715894868585726	21.671791979464235
-1.2615769712140175	22.011265237654396
-1.2515644555694614	22.34509514817332
-1.2415519399249062	22.83395490232343
-1.2315394242803501	23.342424491846696
-1.221526908635795	23.74174982757168
-1.2115143929912389	24.06109742389773
-1.2015018773466828	24.399548568344787
-1.1914893617021276	24.791227175134097
-1.1814768460575715	25.256608367559696
-1.1714643304130163	25.735314417029574
-1.1614518147684603	26.25619241183642
-1.151439299123905	26.897540608061316
-1.141426783479349	27.48592147219617
-1.131414267834793	27.937277462828888
-1.1214017521902377	28.399744264727815
-1.1113892365456817	28.88988718132806
-1.1013767209011265	29.406948251263536
-1.0913642052565704	29.933282545118676
-1.0813516896120152	30.408898821034423
-1.0713391739674591	30.832607799588455
-1.061326658322903	31.19828716862855
-1.0513141426783479	31.53709825665997
-1.0413016270337918	31.83274639132018
-1.0312891113892366	32.07527811373999
-1.0212765957446805	32.20443824391743
-1.0112640801001254	32.132550289136695
-1.0012515644555693	31.886812681372653
-0.9912390488110132	31.5964293884509
-0.981226533166458	31.290798375281092
-0.971214017521902	30.976593646753162
-0.9612015018773468	30.627377732728633
-0.9511889862327907	30.198503246306792
-0.9411764705882355	29.64403337414989
-0.9311639549436794	28.97966807700302
-0.9211514392991234	28.259580114221137
-0.9111389236545682	27.475099514430468
-0.9011264080100121	26.673571382053417
-0.8911138923654569	25.856007619225668
-0.8811013767209008	25.082761096525868
-0.8710888610763456	24.3654434181798
-0.8610763454317896	23.50664425209449
-0.8510638297872335	22.80034685259908
-0.8410513141426783	21.939240040492532
-0.8310387984981222	21.202108158855854
-0.821026282853567	20.524180449614327
-0.811013767209011	19.776517669356696
-0.8010012515644558	19.08491595352062
-0.7909887359198997	18.50297269843786
-0.7809762202753436	18.023693213628018
-0.7709637046307884	17.39617755818654
-0.7609511889862324	16.78764281631285
-0.7509386733416772	15.997877151289975
-0.7409261576971211	15.073487265436084
-0.7309136420525659	14.456541229724879
-0.7209011264080099	14.011129319424947
-0.7108886107634538	13.539341126711733
-0.7008760951188986	13.156431813951436
-0.6908635794743425	12.703218365124819
-0.6808510638297873	11.98499373579404
-0.6708385481852313	11.481765707150183
-0.6608260325406761	11.034060751079254
-0.65081351689612	10.77154904122937
-0.6408010012515639	10.653023676363414
-0.6307884856070087	10.456855365273473
-0.6207759699624527	10.07716698417667
-0.6107634543178975	9.820686370294185
-0.6007509386733414	9.749110240602104
-0.5907384230287862	9.839646355227261
-0.5807259073842301	10.136838063622864
-0.5707133917396741	10.456273767259342
-0.5607008760951189	10.728779265151768
-0.5506883604505628	10.953128733744036
-0.5406758448060076	11.291292872189269
-0.5306633291614515	11.701648684966132
-0.5206508135168963	12.253987242085243
-0.5106382978723403	12.8292297928207
-0.5006257822277842	13.318529868392826
-0.490613266583229	13.726054866438874
-0.48060075093867294	14.074307408953894
-0.47058823529411775	14.359908055182038
-0.4605757196495617	14.648280840735625
-0.4505632040050065	14.974924917444547
-0.4405506883604504	15.282927799814212
-0.43053817271589434	15.607141580657148
-0.42052565707133915	15.911229351895885
-0.4105131414267831	16.184558391983227
-0.4005006257822279	16.45843499179338
-0.3904881101376718	16.765948201829204
-0.38047559449311663	17.0893862943163
-0.37046307884856056	17.400604035830007
-0.3604505632040045	17.742116485765255
-0.3504380475594493	18.023249203242568
-0.3404255319148932	18.170006533958762
-0.33041301627033803	18.246799341232503
-0.32040050062578196	18.29424493342311
-0.3103879849812259	18.315093115862844
-0.3003754693366707	18.298991435507805
-0.2903629536921146	18.231884682650747
-0.28035043804755944	18.120246453651948
-0.27033792240300336	17.96851078529719
-0.2603254067584482	17.78987783890063
-0.2503128911138921	17.597013520318665
-0.24030037546933602	17.418539184378268
-0.23028785982478084	17.23594053273313
-0.22027534418022476	17.033980796902615
-0.21026282853566958	16.80910265151307
-0.2002503128911135	16.570402663632883
-0.19023779724655832	16.337778607906266
-0.18022528160200224	16.112888718540813
-0.17021276595744617	15.942035982411472
-0.16020025031289098	15.83646948273445
-0.1501877346683349	15.727892710477752
-0.14017521902377972	15.544297253824388
-0.13016270337922364	15.247961995746815
-0.12015018773466846	14.84646063365241
-0.11013767209011238	14.417676893323062
-0.10012515644555631	13.994287499213547
-0.09011264080100112	13.583518029204365
-0.08010012515644505	13.222905009554484
-0.07008760951188986	12.93009960604205
-0.060075093867333784	12.667240256034708
-0.0500625782227786	12.420316087252534
-0.04005006257822252	12.182378612999603
-0.030037546933666448	11.944939996706681
-0.02002503128911126	11.700015684019652
-0.010012515644555187	11.475020878172877
0.0	11.298996657636428
