-8.0	7.2230771520221335
-7.989987484355444	7.364732525299317
-7.979974968710889	7.443017339841279
-7.969962453066333	7.543228316220556
-7.9599499374217775	7.699734200474503
-7.949937421777221	7.8572555972065805
-7.939924906132666	7.965798175067252
-7.92991239048811	8.068144069257679
-7.919899874843554	8.260742023533238
-7.909887359198999	8.698396667517208
-7.899874843554443	9.346061488914037
-7.889862327909888	9.97251265451753
-7.8798498122653315	10.467805598270047
-7.869837296620776	11.095335101265352
-7.85982478097622	11.761707071126683
-7.849812265331664	12.51308160135229
-7.839799749687109	13.374205728560627
-7.829787234042553	14.259377381847465
-7.819774718397998	15.197318097484544
-7.809762202753442	16.247312719733227
-7.7997496871088865	17.3281511514863
-7.78973717146433	18.451182316101644
-7.779724655819774	19.611426871247943
-7.769712140175219	20.720164531969182
-7.759699624530663	21.79759226246733
-7.749687108886108	22.828030821445196
-7.739674593241552	23.766214519500707
-7.729662077596997	24.608173143351888
-7.719649561952441	25.35992487061581
-7.7096370463078845	26.016123371707582
-7.699624530663329	26.555799342300308
-7.689612015018773	26.958865018469197
-7.679599499374218	27.215123532351733
-7.669586983729662	27.321911072477604
-7.659574468085107	27.295765572577306
-7.649561952440551	27.175878269961018
-7.639549436795995	27.014637176362307
-7.629536921151439	26.79318801992517
-7.619524405506883	26.480343116778204
-7.609511889862328	26.110390782340716
-7.599499374217772	25.767734173693256
-7.589486858573217	25.536137233102902
-7.579474342928661	25.454978826438825
-7.569461827284105	25.531087171042362
-7.55944931163955	25.752395502115103
-7.5494367959949935	26.07944039489917
-7.539424280350438	26.441477378647804
-7.529411764705882	26.784549801366538
-7.519399249061326	27.12538116843469
-7.509386733416771	27.524134317705958
-7.499374217772215	27.999128191218517
-7.48936170212766	28.519764867132867
-7.479349186483104	29.07183123892216
-7.4693366708385485	29.654423587175422
-7.459324155193992	30.26367966560604
-7.449311639549437	30.874274864566843
-7.439299123904881	31.442361114622326
-7.429286608260325	31.927396529846252
-7.41927409261577	32.31805324471354
-7.409261576971214	32.643396169394855
-7.399249061326659	32.936214810130714
-7.3892365456821025	33.19916008904264
-7.3792240300375465	33.401384426867466
-7.369211514392991	33.4975662346318
-7.359198998748435	33.447342319944866
-7.34918648310388	33.21172491038967
-7.339173967459324	32.78502832712541
-7.329161451814769	32.25655181342617
-7.319148936170213	31.74373937226476
-7.3091364205256575	31.25919576091215
-7.299123904881101	30.786479301779455
-7.289111389236545	30.339131155606324
-7.27909887359199	29.942362378008763
-7.269086357947434	29.58111307620338
-7.259073842302879	29.195233224632474
-7.249061326658323	28.748741182517744
-7.239048811013767	28.32193619745158
-7.2290362953692116	28.033863524484072
-7.2190237797246555	27.928756110478147
-7.2090112640801	28.02064394018749
-7.198998748435544	28.280606362144205
-7.188986232790989	28.67247721088094
-7.178973717146433	29.2309894096918
-7.168961201501878	29.99837220280946
-7.158948685857322	30.92400619708
-7.148936170212766	31.8956367099756
-7.13892365456821	32.862222294963644
-7.128911138923654	33.864506405386386
-7.118898623279099	34.92937350317473
-7.108886107634543	36.09645078356541
-7.098873591989987	37.41616870929857
-7.088861076345432	38.77508754531438
-7.078848560700876	40.105361784315335
-7.068836045056321	41.47719910693012
-7.0588235294117645	42.93215730885272
-7.048811013767209	44.428397162545146
-7.038798498122653	45.89350856476128
-7.028785982478098	47.28047976916088
-7.018773466833542	48.64251912934639
-7.008760951188986	49.98573816245982
-6.998748435544431	51.27343077655768
-6.988735919899875	52.566185350022415
-6.9787234042553195	53.796923272211714
-6.968710888610763	54.87982601153882
-6.958698372966207	55.846167654411616
-6.948685857321652	56.836214019959556
-6.938673341677096	57.825859433331225
-6.928660826032541	58.739674137918335
-6.918648310387985	59.56782950432821
-6.908635794743429	60.313995457367355
-6.8986232790988735	61.00119231232833
-6.888610763454318	61.59506618943127
-6.878598247809762	62.01746184328056
-6.868585732165206	62.24429021504676
-6.858573216520651	62.29036010626677
-6.848560700876095	62.272572779096436
-6.83854818523154	62.319619178949765
-6.828535669586984	62.45722752799342
-6.818523153942428	62.672767787143506
-6.808510638297872	62.923842265488105
-6.798498122653316	63.20881798957707
-6.788485607008761	63.41048534410839
-6.778473091364205	63.484235315229604
-6.768460575719649	63.481408524182385
-6.758448060075094	63.4788034135422
-6.748435544430539	63.41585594677455
-6.7384230287859825	63.18235187824747
-6.7284105131414265	62.768515182015534
-6.718397997496871	62.24609306821249
-6.708385481852315	61.60932442671159
-6.69837296620776	60.80202157912779
-6.688360450563204	59.907196602558194
-6.678347934918648	59.06950103618031
-6.668335419274093	58.212502892484025
-6.658322903629537	57.15439366095262
-6.648310387984981	55.83392373712866
-6.638297872340425	54.35532296450351
-6.628285356695869	52.84827461189172
-6.618272841051314	51.19250790132394
-6.608260325406759	49.339158345473095
-6.598247809762203	47.35689704566746
-6.588235294117647	45.34554785022531
-6.578222778473092	43.32449804462068
-6.5682102628285355	41.36230336221803
-6.55819774718398	39.50331436125087
-6.548185231539424	37.71839686028987
-6.538172715894868	35.948376151332695
-6.528160200250313	34.40086129292417
-6.518147684605757	33.195315696916104
-6.508135168961202	32.360356526122374
-6.498122653316646	31.716331077245645
-6.4881101376720896	31.333308381315614
-6.478097622027534	31.164819915796578
-6.468085106382979	31.02377832020621
-6.458072590738423	30.75484107572995
-6.448060075093867	30.346407600818537
-6.438047559449312	29.77407617501762
-6.428035043804756	29.011965820229385
-6.418022528160201	28.110748989887888
-6.4080100125156445	27.15987582948862
-6.397997496871088	26.212403628235943
-6.387984981226533	25.271860322831245
-6.377972465581977	24.298135545687536
-6.367959949937422	23.282598802669458
-6.357947434292866	22.28544699087387
-6.34793491864831	21.337729016849366
-6.337922403003755	20.41053165967454
-6.3279098873591995	19.500863004395015
-6.317897371714643	18.644282274081238
-6.307884856070087	17.86126414661699
-6.297872340425532	17.116056583741816
-6.287859824780976	16.425995574951195
-6.277847309136421	15.803322953997561
-6.267834793491865	15.185451955732136
-6.257822277847309	14.613553396792547
-6.2478097622027535	14.12980376225461
-6.2377972465581975	13.758071485149467
-6.227784730913642	13.429882852758134
-6.217772215269086	13.15782430383653
-6.20775969962453	12.934160445075138
-6.197747183979975	12.766846524089988
-6.18773466833542	12.640511532858604
-6.177722152690864	12.678641942976755
-6.167709637046308	12.865626483416186
-6.157697121401752	13.005332953892573
-6.147684605757196	13.15518582453128
-6.137672090112641	13.53285231613515
-6.127659574468085	14.053968384939445
-6.117647058823529	14.620474265617418
-6.107634543178974	15.088368933268358
-6.097622027534418	15.513337031712918
-6.0876095118898625	15.957528781049387
-6.0775969962453065	16.489653895249813
-6.06758448060075	17.18604494905292
-6.057571964956195	18.030485975429055
-6.04755944931164	18.94454164874183
-6.037546933667084	19.887224999735597
-6.027534418022528	20.934806291347122
-6.017521902377973	22.127297323776254
-6.007509386733417	23.466705437730894
-5.997496871088861	24.9228184520953
-5.987484355444305	26.416586462994974
-5.977471839799749	27.855606445324756
-5.967459324155194	29.21215831336105
-5.957446808510639	30.50071447348244
-5.947434292866083	31.69717815794538
-5.937421777221527	32.73210804593635
-5.927409261576971	33.57931221541448
-5.9173967459324155	34.24091423454078
-5.90738423028786	34.71400669174938
-5.897371714643304	34.98191776141145
-5.887359198998748	35.01823967522267
-5.877346683354192	34.83608146724113
-5.867334167709637	34.394924450280264
-5.857321652065082	33.62051916104666
-5.847309136420526	32.52526550441473
-5.83729662077597	31.25767474557691
-5.827284105131414	29.931706715702166
-5.817271589486858	28.551661125139905
-5.807259073842303	27.166160081667435
-5.797246558197747	25.831106265574775
-5.787234042553191	24.769282867391976
-5.777221526908636	23.85398089192125
-5.767209011264081	22.950315510802408
-5.7571964956195245	22.48759501634989
-5.747183979974968	22.227925144535853
-5.737171464330412	22.019737136782595
-5.727158948685857	21.858198651847964
-5.717146433041302	21.72298855486487
-5.707133917396746	21.629621473721905
-5.69712140175219	21.589143495613406
-5.687108886107635	21.54857803755338
-5.677096370463079	21.517871983357498
-5.667083854818523	21.610119966539056
-5.657071339173967	22.094657300413463
-5.647058823529411	22.539134149017766
-5.637046307884856	23.524750342300173
-5.627033792240301	25.14054486993719
-5.617021276595745	27.47033502109622
-5.607008760951189	30.04593703229527
-5.596996245306633	32.623747698191565
-5.5869837296620775	35.10766732420337
-5.576971214017522	36.4137757127501
-5.566958698372966	37.48797315971983
-5.55694618272841	38.25663115693281
-5.546933667083855	38.71393231785965
-5.536921151439299	39.01681683246157
-5.526908635794744	39.329159832364056
-5.516896120150188	39.39132972873127
-5.5068836045056315	39.414673083757364
-5.496871088861076	39.451239921027486
-5.486858573216521	39.51969919453593
-5.476846057571965	39.66820378273049
-5.466833541927409	39.95373891000843
-5.456821026282853	40.45173397969786
-5.446808510638298	41.25588740577248
-5.4367959949937426	42.38182276807841
-5.4267834793491865	43.85717004574646
-5.41677096370463	45.7504545012716
-5.406758448060075	47.897235053899
-5.396745932415519	49.952408801632494
-5.386733416770964	51.80401260555794
-5.376720901126408	53.552722917306355
-5.366708385481852	55.25283510687131
-5.356695869837297	56.80006672409004
-5.346683354192741	58.29593418867966
-5.336670838548185	59.68085513284217
-5.326658322903629	60.877602512149906
-5.316645807259073	61.90626881178957
-5.306633291614518	62.75118729135394
-5.296620775969963	63.448625172337714
-5.286608260325407	64.05203530988496
-5.276595744680851	64.50979980353948
-5.2665832290362955	64.9025552338351
-5.256570713391739	65.29881294110338
-5.246558197747184	65.56135551103903
-5.236545682102628	65.6683624220216
-5.226533166458072	65.73762836784043
-5.216520650813517	65.82326922360848
-5.206508135168962	65.97106752881051
-5.196495619524406	66.20042015055003
-5.18648310387985	66.4214980425329
-5.1764705882352935	66.57766440722415
-5.166458072590738	66.64261815069254
-5.156445556946183	66.60894224939476
-5.146433041301627	66.53753777625725
-5.136420525657071	66.37440746685886
-5.126408010012516	66.10548527186377
-5.11639549436796	65.78014015511934
-5.1063829787234045	65.48524841298708
-5.0963704630788484	65.24114722911717
-5.086357947434292	64.99660434590064
-5.076345431789737	64.66521267502318
-5.066332916145182	64.24774602763277
-5.056320400500626	63.8504459973306
-5.04630788485607	63.40435495040828
-5.036295369211514	62.938924684984485
-5.026282853566959	62.44709196711394
-5.016270337922403	61.84403282395752
-5.006257822277847	61.1958098239439
-4.996245306633291	60.48935520871068
-4.986232790988735	59.75526698114715
-4.97622027534418	58.89705949266401
-4.966207759699625	57.912358493018665
-4.956195244055069	56.80937407967389
-4.946182728410513	55.579490740454446
-4.9361702127659575	54.4241878488963
-4.926157697121402	53.34576869988542
-4.916145181476846	52.1855125336181
-4.90613266583229	50.84514278093056
-4.896120150187734	49.40033980131677
-4.886107634543179	47.90320896098707
-4.876095118898624	46.14758042659975
-4.866082603254068	44.05729632373195
-4.8560700876095115	41.98824467356466
-4.8460575719649555	40.14583433533715
-4.8360450563204	38.5359149809577
-4.826032540675845	37.19749952968289
-4.816020025031289	36.10975212912368
-4.806007509386733	35.11536746113326
-4.795994993742178	34.28668079767379
-4.785982478097623	33.72646005643639
-4.7759699624530665	33.376429238231324
-4.76595744680851	33.1429208257624
-4.755944931163954	33.01205133329622
-4.745932415519399	32.9490216520284
-4.735919899874844	32.91770085287946
-4.725907384230288	32.90089008291066
-4.715894868585732	32.89069903224242
-4.705882352941176	32.88393665551261
-4.6958698372966206	32.87920646059621
-4.685857321652065	32.87578981417935
-4.675844806007509	32.87326541308756
-4.665832290362953	32.871366008954716
-4.655819774718398	32.86991421241671
-4.645807259073843	32.86878884024579
-4.635794743429287	32.86790532666084
-4.625782227784731	32.867203603961165
-4.615769712140175	32.86664032858927
-4.605757196495619	32.86618377215697
-4.595744680851064	32.86581039955637
-4.585732165206508	32.865502538756154
-4.575719649561952	32.865246769582946
-4.565707133917396	32.86503279356485
-4.555694618272841	32.864852630469095
-4.545682102628286	32.86470003987547
-4.53566958698373	32.86457009987574
-4.5256570713391735	32.864458896896245
-4.515644555694618	32.864363295058
-4.505632040050063	32.86428076310355
-4.495619524405507	32.86420924341801
-4.485607008760951	32.86414705212265
-4.475594493116395	32.8640928023036
-4.46558197747184	32.8640453446046
-4.4555694618272845	32.864003720947956
-4.4455569461827285	32.863967128250025
-4.435544430538172	32.86393488979485
-4.425531914893616	32.86390643251153
-4.415519399249061	32.86388126883023
-4.405506883604506	32.86385898210886
-4.39549436795995	32.863839214860484
-4.385481852315394	32.86382165918892
-4.375469336670839	32.863806048975256
-4.365456821026283	32.863792153460075
-4.355444305381727	32.86377977194363
-4.345431789737171	32.86376872938728
-4.335419274092615	32.86375887274395
-4.32540675844806	32.863750067882556
-4.315394242803505	32.86374219699799
-4.305381727158949	32.86373515642069
-4.295369211514393	32.86372885475595
-4.285356695869837	32.86372321129738
-4.275344180225281	32.863718154669
-4.265331664580726	32.8637136216586
-4.25531914893617	32.86370955621254
-4.245306633291614	32.86370590856659
-4.235294117647059	32.86370263449247
-4.225281602002504	32.863699694642854
-4.215269086357948	32.863697053980445
-4.2052565707133915	32.863694681264754
-4.1952440550688355	32.836332239070636
-4.18523153942428	32.779456454902444
-4.175219023779725	32.555810743760475
-4.165206508135169	32.42708672054116
-4.155193992490613	32.2482509548632
-4.145181476846057	31.867967513065853
-4.135168961201502	31.519264041596458
-4.1251564455569465	31.317451064140982
-4.11514392991239	31.498478722986416
-4.105131414267834	31.905016917237187
-4.095118898623279	32.68433903092439
-4.085106382978723	33.533568664737636
-4.075093867334168	33.77313032344223
-4.065081351689612	33.97514768358642
-4.055068836045056	34.41009507187512
-4.045056320400501	34.71609986953116
-4.035043804755945	34.925743495540935
-4.025031289111389	34.94122684413667
-4.015018773466833	34.941235211598794
-4.005006257822277	34.94124423234622
-3.994993742177722	34.94125395895131
-3.9849812265331668	34.94126444850305
-3.9749687108886107	34.9412757631121
-3.9649561952440546	34.94128797043698
-3.9549436795994994	34.94130114428142
-3.9449311639549434	34.94131536527558
-3.934918648310388	34.94133072165551
-3.924906132665832	34.94134731015948
-3.914893617021277	34.94136523706197
-3.904881101376721	34.94138461937238
-3.8948685857321648	34.94140558622992
-3.8848560700876096	34.94142828053376
-3.8748435544430535	34.941452860856224
-3.8648310387984983	34.941479503697295
-3.8548185231539422	34.94150840615228
-3.844806007509387	34.941539789081496
-3.834793491864831	34.941573900891385
-3.824780976220275	34.94161102206384
-3.8147684605757197	34.94165147060312
-3.8047559449311636	34.94169560861384
-3.7947434292866085	34.94174385027644
-3.7847309136420524	34.94179667155858
-3.774718397997497	34.94185462209049
-3.764705882352941	34.94191833975135
-3.754693366708385	34.94198856866907
-3.74468085106383	34.94206618154203
-3.734668335419274	34.94215220746771
-3.7246558197747186	34.942247866836915
-3.7146433041301625	34.94235461536636
-3.7046307884856065	34.94247420005958
-3.6946182728410513	34.94260873090155
-3.684605757196495	34.94276077356342
-3.67459324155194	34.94293347056052
-3.664580725907384	34.943130701580564
-3.6545682102628287	34.94335729875101
-3.6445556946182727	34.943619340609615
-3.6345431789737166	34.9439245614939
-3.6245306633291614	34.94428293455319
-3.6145181476846053	34.94470752304272
-3.60450563204005	34.94521575773219
-3.594493116395494	34.945831409862095
-3.584480600750939	34.946587729649345
-3.574468085106383	34.947532586002616
-3.5644555694618267	34.948737116699014
-3.5544430538172715	34.950310643649175
-3.5444305381727155	34.952426889594655
-3.5344180225281603	34.95537056590504
-3.524405506883604	34.959619857859394
-3.514392991239049	34.96598803741431
-3.504380475594493	34.97584748246322
-3.494367959949937	34.99142865086492
-3.4843554443053817	35.01614202725994
-3.4743429286608256	35.055274319133105
-3.4643304130162704	35.12069194077526
-3.4543178973717144	35.25355821268192
-3.444305381727159	35.52208311712178
-3.434292866082603	35.91426795735117
-3.424280350438047	36.47791783691812
-3.414267834793492	37.181386572902866
-3.4042553191489358	38.16746255467775
-3.3942428035043806	39.33911293697014
-3.3842302878598245	40.56546711984093
-3.3742177722152693	41.961087875974975
-3.3642052565707132	43.49329117982995
-3.354192740926157	45.14759966218489
-3.344180225281602	46.905380110612604
-3.334167709637046	48.699132533460144
-3.3241551939924907	50.45567809802225
-3.3141426783479346	52.06447668820419
-3.3041301627033794	53.462287611495945
-3.2941176470588234	54.561503990129665
-3.2841051314142673	55.42424143752303
-3.274092615769712	56.264906934900544
-3.264080100125156	57.12562578939555
-3.254067584480601	57.89976497145258
-3.2440550688360448	58.70800403992344
-3.2340425531914896	59.479868444208456
-3.2240300375469335	60.11434469645405
-3.2140175219023774	60.76153216086426
-3.2040050062578223	61.3469767472202
-3.193992490613266	61.76522096535171
-3.183979974968711	62.04722687555777
-3.173967459324155	62.28982223874789
-3.1639549436795997	62.54130073163609
-3.1539424280350437	62.90001995796402
-3.1439299123904876	63.30120318742241
-3.1339173967459324	63.608176184165615
-3.1239048811013763	63.816187606441204
-3.113892365456821	63.901216559978614
-3.103879849812265	63.950328270850086
-3.09386733416771	63.97633698435828
-3.083854818523154	63.9153171771404
-3.0738423028785977	63.97629898546648
-3.0638297872340425	64.20469693551564
-3.0538172715894865	64.43665172735514
-3.0438047559449313	64.61375913902478
-3.033792240300375	64.71701392535364
-3.02377972465582	64.71950360557462
-3.013767209011264	64.67193573578722
-3.003754693366708	64.69421442323107
-2.9937421777221527	64.74224033383048
-2.9837296620775966	64.78707117930071
-2.9737171464330414	64.87359904122972
-2.9637046307884853	65.06600702277514
-2.95369211514393	65.2818044783504
-2.943679599499374	65.42036952858173
-2.933667083854818	65.47297313187019
-2.923654568210263	65.42902854487109
-2.9136420525657067	65.42349990400963
-2.9036295369211516	65.42257492105
-2.8936170212765955	65.56160900323617
-2.8836045056320403	65.76326605166285
-2.873591989987484	65.93314722478354
-2.863579474342928	65.95747026849514
-2.853566958698373	65.80470661412132
-2.843554443053817	65.51583016459465
-2.8335419274092617	65.18070999154077
-2.8235294117647056	64.95454480085291
-2.8135168961201504	64.8552171143802
-2.8035043804755944	64.69259695864376
-2.7934918648310383	64.44498149467964
-2.783479349186483	64.10141395993861
-2.773466833541927	63.69524882569419
-2.763454317897372	63.32485784337494
-2.7534418022528158	62.97956509845752
-2.7434292866082606	62.695360337282736
-2.7334167709637045	62.450560908937696
-2.7234042553191484	62.09734957204791
-2.7133917396745932	61.69687806645775
-2.703379224030037	61.37203100134905
-2.693366708385482	61.185250203376306
-2.683354192740926	61.00837618571301
-2.6733416770963707	60.752533130098534
-2.6633291614518146	60.54903804336489
-2.6533166458072586	60.406971464216994
-2.6433041301627034	60.26008923068488
-2.6332916145181473	60.0746587852215
-2.623279098873592	59.813072452221
-2.613266583229036	59.505227813382554
-2.603254067584481	59.22724954833575
-2.593241551939925	59.029721147314106
-2.5832290362953687	58.98912453662426
-2.5732165206508135	59.040540090850676
-2.5632040050062574	59.091423665847145
-2.5531914893617023	59.11457938201309
-2.543178973717146	58.99205370379286
-2.533166458072591	58.564897081984824
-2.523153942428035	57.901492112167155
-2.513141426783479	57.08360355251106
-2.5031289111389237	56.098657494332166
-2.4931163954943676	54.966799976674935
-2.4831038798498124	53.749157143167686
-2.4730913642052563	52.42657150991437
-2.463078848560701	50.95469593612207
-2.453066332916145	49.31297415311727
-2.443053817271589	47.63462103953898
-2.433041301627034	46.05299680910244
-2.4230287859824777	44.52581489041524
-2.4130162703379225	42.95978715695721
-2.4030037546933665	41.40932452046144
-2.3929912390488113	39.74953361681624
-2.382978723404255	38.01991672643954
-2.372966207759699	36.30738089520051
-2.362953692115144	34.608198624777444
-2.352941176470588	32.948321875948565
-2.3429286608260327	31.38724063574136
-2.3329161451814766	29.882751501130432
-2.3229036295369214	28.365880359289566
-2.3128911138923653	26.90252206320238
-2.3028785982478093	25.545815067740048
-2.292866082603254	24.27958275690407
-2.282853566958698	23.148299921144176
-2.272841051314143	22.190525277303106
-2.2628285356695867	21.438681915762082
-2.2528160200250316	20.815279060865226
-2.2428035043804755	20.25100792373849
-2.2327909887359194	19.682334128834984
-2.2227784730913642	19.270477534305247
-2.212765957446808	18.960985346097
-2.202753441802253	18.753269822558725
-2.192740926157697	18.621189138308022
-2.1827284105131417	18.54991577340559
-2.1727158948685856	18.503115823460405
-2.1627033792240296	18.4604011366251
-2.1526908635794744	18.42824208581369
-2.1426783479349183	18.397599944450324
-2.132665832290363	18.37136522388612
-2.122653316645807	18.35568080306738
-2.112640801001252	18.34705368477801
-2.1026282853566958	18.341468387509003
-2.0926157697121397	18.337174705675917
-2.0826032540675845	18.333549148127773
-2.0725907384230284	18.33035795246884
-2.0625782227784732	18.32749551240381
-2.052565707133917	18.324901690592785
-2.042553191489362	18.32253539407349
-2.032540675844806	18.320365406792877
-2.02252816020025	18.318366700652287
-2.0125156445556946	18.316518636732688
-2.0025031289111386	18.314803913611435
-1.9924906132665834	18.31320786669827
-1.9824780976220273	18.311717962604387
-1.9724655819774712	18.3103234166353
-1.962453066332916	18.309014894807436
-1.95244055068836	18.307784277046963
-1.9424280350438048	18.30662446624784
-1.9324155193992487	18.305529232561923
-1.9224030037546935	18.30449308526205
-1.9123904881101375	18.303511166499757
-1.9023779724655814	18.302579162652414
-1.8923654568210262	18.30169322993857
-1.8823529411764701	18.300849931700345
-1.872340425531915	18.30004618529187
-1.8623279098873589	18.299279216923882
-1.8523153942428037	18.29854652307227
-1.8423028785982476	18.297439792481303
-1.8322903629536915	18.282344265990794
-1.8222778473091363	18.281692020593663
-1.8122653316645803	18.210921492402054
-1.802252816020025	18.207321278960265
-1.792240300375469	18.14709272252951
-1.7822277847309138	18.144607429636952
-1.7722152690863577	18.321851878296506
-1.7622027534418017	18.480981981541444
-1.7521902377972465	18.43498544480007
-1.7421777221526904	18.6906792524712
-1.7321652065081352	18.983573788266828
-1.7221526908635791	19.048337169497678
-1.712140175219024	19.81478805557984
-1.7021276595744679	20.38786970803238
-1.6921151439299118	21.006144226748845
-1.6821026282853566	21.15421963649916
-1.6720901126408005	21.527518643608524
-1.6620775969962454	21.637223431389696
-1.6520650813516893	21.810786592767677
-1.642052565707134	21.83723323329269
-1.632040050062578	21.837527246228614
-1.622027534418022	21.837841749921957
-1.6120150187734668	21.83817857858843
-1.6020025031289107	21.83853962055711
-1.5919899874843555	21.838926981643656
-1.5819774718397994	21.839343020743144
-1.5719649561952442	21.83979039283846
-1.5619524405506882	21.840272101197115
-1.551939924906132	21.84079156100737
-1.541927409261577	21.841352677333063
-1.5319148936170208	21.84195994110888
-1.5219023779724656	21.84261854804433
-1.5118898623279096	21.84333454690078
-1.5018773466833544	21.84411502588232
-1.4918648310387983	21.844968349211886
-1.4818523153942422	21.84590446098633
-1.471839799749687	21.846935281197194
-1.461827284105131	21.848075231279218
-1.4518147684605758	21.849341947111025
-1.4418022528160197	21.850757272255883
-1.4317897371714645	21.852348684862076
-1.4217772215269084	21.854151419354615
-1.4117647058823524	21.85621173821424
-1.4017521902377972	21.8585921600754
-1.391739674593241	21.861380071243616
-1.381727158948686	21.86470216339184
-1.3717146433041298	21.86874842080047
-1.3617021276595747	21.873809378457576
-1.3516896120150186	21.88032282904939
-1.3416770963704625	21.88889835588253
-1.3316645807259073	21.900254312743943
-1.3216520650813512	21.91509494611137
-1.311639549436796	21.9342052939929
-1.30162703379224	21.958875167971296
-1.2916145181476848	21.991494202294447
-1.2816020025031287	22.03763991712952
-1.2715894868585726	22.12067845990505
-1.2615769712140175	22.302394310409117
-1.2515644555694614	22.53617776624584
-1.2415519399249062	22.855237836368484
-1.2315394242803501	23.307057932317996
-1.221526908635795	23.812216663399195
-1.2115143929912389	24.468476060850808
-1.2015018773466828	25.40985618966043
-1.1914893617021276	26.41178609444776
-1.1814768460575715	27.50154557446642
-1.1714643304130163	28.68993857439649
-1.1614518147684603	30.01077781450852
-1.151439299123905	31.472633195589097
-1.141426783479349	32.96989269930813
-1.131414267834793	34.43445168697022
-1.1214017521902377	35.79515601363408
-1.1113892365456817	36.978996231765024
-1.1013767209011265	38.050015887589495
-1.0913642052565704	38.94395090759261
-1.0813516896120152	39.72855070923706
-1.0713391739674591	40.463834094510574
-1.061326658322903	41.05169496500985
-1.0513141426783479	41.47397491033661
-1.0413016270337918	41.75390632428524
-1.0312891113892366	41.89930954878446
-1.0212765957446805	41.937303940085066
-1.0112640801001254	41.85263976301747
-1.0012515644555693	41.667785708620684
-0.9912390488110132	41.34697670594566
-0.981226533166458	40.79756929029091
-0.971214017521902	39.98204155863659
-0.9612015018773468	38.97191095418611
-0.9511889862327907	37.7869926046698
-0.9411764705882355	36.46916661378032
-0.9311639549436794	35.099009059294076
-0.9211514392991234	33.68011609358297
-0.9111389236545682	32.11854029062881
-0.9011264080100121	30.55404975320347
-0.8911138923654569	29.079796603223066
-0.8811013767209008	27.742491012442375
-0.8710888610763456	26.541291860791617
-0.8610763454317896	25.439767294111633
-0.8510638297872335	24.456198813472284
-0.8410513141426783	23.58400677236445
-0.8310387984981222	22.850508396823802
-0.821026282853567	22.13851989917346
-0.811013767209011	21.232493014774253
-0.8010012515644558	20.25607226730513
-0.7909887359198997	19.202398871468738
-0.7809762202753436	18.266331421768438
-0.7709637046307884	17.33982636578054
-0.7609511889862324	16.209436347002544
-0.7509386733416772	15.379866615005755
-0.7409261576971211	14.038519056181094
-0.7309136420525659	12.667553487560168
-0.7209011264080099	11.724026717314661
-0.7108886107634538	10.665409591358998
-0.7008760951188986	9.750246647783639
-0.6908635794743425	8.794635806071321
-0.6808510638297873	7.98174873296603
-0.6708385481852313	7.467496046835947
-0.6608260325406761	7.183337061866124
-0.65081351689612	6.9400077730810255
-0.6408010012515639	6.93901158374037
-0.6307884856070087	6.750931295587928
-0.6207759699624527	6.814240591552601
-0.6107634543178975	6.93385946609362
-0.6007509386733414	7.043495755923918
-0.5907384230287862	7.142308736736277
-0.5807259073842301	7.318072116342305
-0.5707133917396741	7.474953148551014
-0.5607008760951189	7.696709366179627
-0.5506883604505628	7.972827129614572
-0.5406758448060076	8.334877053697568
-0.5306633291614515	8.721027851090522
-0.5206508135168963	9.291240493433529
-0.5106382978723403	10.145708711755619
-0.5006257822277842	10.959630470990152
-0.490613266583229	11.666324703205468
-0.48060075093867294	12.420279616482885
-0.47058823529411775	13.18945183142896
-0.4605757196495617	13.978986568372447
-0.4505632040050065	14.780179034617134
-0.4405506883604504	15.588245830816922
-0.43053817271589434	16.363573080377478
-0.42052565707133915	17.106075001983488
-0.4105131414267831	17.78699807977918
-0.4005006257822279	18.447183945786023
-0.3904881101376718	19.14007267506806
-0.38047559449311663	19.719017488778018
-0.37046307884856056	20.178813266186403
-0.3604505632040045	20.59429445508022
-0.3504380475594493	21.01215137451694
-0.3404255319148932	21.409874143426098
-0.33041301627033803	21.795631679412065
-0.32040050062578196	22.125867157312776
-0.3103879849812259	22.30483973499718
-0.3003754693366707	22.291398840261586
-0.2903629536921146	22.13016911390479
-0.28035043804755944	21.87460370417589
-0.27033792240300336	21.561010550873092
-0.2603254067584482	21.228186481738547
-0.2503128911138921	20.88085292294237
-0.24030037546933602	20.489574967953434
-0.23028785982478084	20.043695612619626
-0.22027534418022476	19.533742446655918
-0.21026282853566958	18.969919397585247
-0.2002503128911135	18.414012943863355
-0.19023779724655832	17.900977917667785
-0.18022528160200224	17.37683008220095
-0.17021276595744617	16.80347598643297
-0.16020025031289098	16.204615627853403
-0.1501877346683349	15.596137675678705
-0.14017521902377972	15.017587395137198
-0.13016270337922364	14.497131373729037
-0.12015018773466846	14.032284932818841
-0.11013767209011238	13.632024737601183
-0.10012515644555631	13.22759642091782
-0.09011264080100112	12.823122274801317
-0.08010012515644505	12.470877838397637
-0.07008760951188986	12.18500823214105
-0.060075093867333784	11.956787047713899
-0.0500625782227786	11.795554613613534
-0.04005006257822252	11.644051831132375
-0.030037546933666448	11.488662995521661
-0.02002503128911126	11.349049087333807
-0.010012515644555187	11.219480175093555
0.0	11.060591069530943
