-8.0	19.05181473762234
-7.989987484355444	18.404675291950486
-7.979974968710889	17.632225849172993
-7.969962453066333	16.755869718667242
-7.9599499374217775	16.044734593424508
-7.949937421777221	15.437017730158823
-7.939924906132666	14.927671365624521
-7.92991239048811	14.324516705954679
-7.919899874843554	13.849901245176275
-7.909887359198999	13.612213749546928
-7.899874843554443	13.557962649190852
-7.889862327909888	13.471698728791388
-7.8798498122653315	13.543272253958227
-7.869837296620776	13.720015459421518
-7.85982478097622	14.179537629291765
-7.849812265331664	14.835032917090128
-7.839799749687109	15.553938011801383
-7.829787234042553	16.151088845640018
-7.819774718397998	16.7941106213647
-7.809762202753442	17.630541819169828
-7.7997496871088865	18.54665174351382
-7.78973717146433	19.599634856933488
-7.779724655819774	20.85185074177335
-7.769712140175219	22.257427965597884
-7.759699624530663	23.68720599270078
-7.749687108886108	25.270554682613657
-7.739674593241552	26.93630815789386
-7.729662077596997	28.31324375190426
-7.719649561952441	29.60948278271084
-7.7096370463078845	31.030622890412754
-7.699624530663329	32.49914422962245
-7.689612015018773	33.87345530235543
-7.679599499374218	35.05178740810489
-7.669586983729662	36.09000342232269
-7.659574468085107	36.9740373430807
-7.649561952440551	37.69302054168167
-7.639549436795995	38.34532005431176
-7.629536921151439	39.0015575053292
-7.619524405506883	39.61805522854052
-7.609511889862328	40.21654257573634
-7.599499374217772	40.70811071364427
-7.589486858573217	40.95759033901218
-7.579474342928661	41.00761954839563
-7.569461827284105	40.984145048604105
-7.55944931163955	40.91634218324648
-7.5494367959949935	40.72490929230402
-7.539424280350438	40.32523577120961
-7.529411764705882	39.771016902300055
-7.519399249061326	39.229302004786796
-7.509386733416771	38.77387190377325
-7.499374217772215	38.3685323334737
-7.48936170212766	38.00999748727114
-7.479349186483104	37.69027900078948
-7.4693366708385485	37.38134609589475
-7.459324155193992	37.00501949599531
-7.449311639549437	36.45552788568603
-7.439299123904881	35.74569298558835
-7.429286608260325	34.964053274088585
-7.41927409261577	34.27399762298167
-7.409261576971214	33.79029749120914
-7.399249061326659	33.45870313032482
-7.3892365456821025	33.17382642922866
-7.3792240300375465	32.92124019193817
-7.369211514392991	32.879748693869615
-7.359198998748435	33.17036363191546
-7.34918648310388	33.78963375329839
-7.339173967459324	34.6591520562298
-7.329161451814769	35.67440449939916
-7.319148936170213	36.828559070422564
-7.3091364205256575	38.09381100220016
-7.299123904881101	39.33914731207188
-7.289111389236545	40.4247221046698
-7.27909887359199	41.2811409273157
-7.269086357947434	41.896065506263405
-7.259073842302879	42.40087610950161
-7.249061326658323	43.03883779743527
-7.239048811013767	43.929984111005155
-7.2290362953692116	45.068741791181075
-7.2190237797246555	46.35581186326351
-7.2090112640801	47.70346157610134
-7.198998748435544	48.94954647599443
-7.188986232790989	50.04886298918196
-7.178973717146433	51.05805382366561
-7.168961201501878	52.00590041065421
-7.158948685857322	52.85800109385362
-7.148936170212766	53.55627384754738
-7.13892365456821	53.96539439399197
-7.128911138923654	53.97640954141344
-7.118898623279099	53.62610779392525
-7.108886107634543	53.01152395330628
-7.098873591989987	52.21068934119257
-7.088861076345432	51.2344200843402
-7.078848560700876	50.144348679489006
-7.068836045056321	49.062280555806105
-7.0588235294117645	48.01860844125147
-7.048811013767209	47.02342225267561
-7.038798498122653	46.13157011757425
-7.028785982478098	45.319464986068176
-7.018773466833542	44.54181761595115
-7.008760951188986	43.750772894591904
-6.998748435544431	42.89019799251165
-6.988735919899875	41.96860777708066
-6.9787234042553195	41.0427730585418
-6.968710888610763	40.1591493830049
-6.958698372966207	39.35842683924589
-6.948685857321652	38.65014989820149
-6.938673341677096	37.969476052046126
-6.928660826032541	37.262023274297285
-6.918648310387985	36.56156199932702
-6.908635794743429	35.92392192876049
-6.8986232790988735	35.341817139972036
-6.888610763454318	34.774281458315116
-6.878598247809762	34.20055101838933
-6.868585732165206	33.598975120108115
-6.858573216520651	32.92689852308476
-6.848560700876095	32.18067589123447
-6.83854818523154	31.4782894466017
-6.828535669586984	30.930158772039757
-6.818523153942428	30.51261170449248
-6.808510638297872	30.138604462310226
-6.798498122653316	29.75637183993106
-6.788485607008761	29.360385739639483
-6.778473091364205	28.964144323351338
-6.768460575719649	28.593738476980707
-6.758448060075094	28.309175582527168
-6.748435544430539	28.148536661427812
-6.7384230287859825	28.134429416583824
-6.7284105131414265	28.307631445486034
-6.718397997496871	28.696963290831313
-6.708385481852315	29.266563391884592
-6.69837296620776	29.88636854762441
-6.688360450563204	30.512997871231672
-6.678347934918648	31.234508776787546
-6.668335419274093	32.09151627170049
-6.658322903629537	32.98228634123432
-6.648310387984981	33.91737744919034
-6.638297872340425	34.99472585985173
-6.628285356695869	36.151239416807975
-6.618272841051314	37.29818555192277
-6.608260325406759	38.46130749131452
-6.598247809762203	39.700429362761845
-6.588235294117647	41.10297345344728
-6.578222778473092	42.74458027711086
-6.5682102628285355	44.59171334255028
-6.55819774718398	46.576959507721796
-6.548185231539424	48.71059674562705
-6.538172715894868	50.91550504253087
-6.528160200250313	53.14641987948208
-6.518147684605757	55.41065209181023
-6.508135168961202	57.57119693711077
-6.498122653316646	59.55498218933293
-6.4881101376720896	61.477297954571924
-6.478097622027534	63.346951590798135
-6.468085106382979	65.16192589314795
-6.458072590738423	66.92347111486367
-6.448060075093867	68.57042681013077
-6.438047559449312	70.14711134723662
-6.428035043804756	71.66659047432682
-6.418022528160201	72.8058534594274
-6.4080100125156445	73.5788184457377
-6.397997496871088	74.15960903377605
-6.387984981226533	74.67457270696866
-6.377972465581977	75.16592516468116
-6.367959949937422	75.71891042618161
-6.357947434292866	76.32885108118569
-6.34793491864831	76.92293075695113
-6.337922403003755	77.44020624167926
-6.3279098873591995	77.84769630403196
-6.317897371714643	78.1445699866694
-6.307884856070087	78.29613209815442
-6.297872340425532	78.42866395353396
-6.287859824780976	78.64472184258099
-6.277847309136421	78.85417395695134
-6.267834793491865	79.0671781488897
-6.257822277847309	79.3013500107978
-6.2478097622027535	79.57724900448638
-6.2377972465581975	79.88918901512068
-6.227784730913642	80.12688675105345
-6.217772215269086	80.24465637716467
-6.20775969962453	80.23690261125317
-6.197747183979975	80.17987880947203
-6.18773466833542	80.24658768407002
-6.177722152690864	80.46891603872554
-6.167709637046308	80.59458637014718
-6.157697121401752	80.59403896858882
-6.147684605757196	80.48368862156526
-6.137672090112641	80.38930410499282
-6.127659574468085	80.35920277821533
-6.117647058823529	80.28164658987966
-6.107634543178974	80.10790570006628
-6.097622027534418	79.94569199454027
-6.0876095118898625	79.85605643437407
-6.0775969962453065	79.85870822346453
-6.06758448060075	80.00782959658596
-6.057571964956195	80.13371051721349
-6.04755944931164	80.1490555516292
-6.037546933667084	80.13635839340996
-6.027534418022528	80.1242455793689
-6.017521902377973	80.02783442993731
-6.007509386733417	79.8039209920032
-5.997496871088861	79.48697761477685
-5.987484355444305	79.21559589471079
-5.977471839799749	79.08081172368398
-5.967459324155194	78.92721584973074
-5.957446808510639	78.61701047424015
-5.947434292866083	78.19933582566742
-5.937421777221527	77.69005224438529
-5.927409261576971	77.2184432498263
-5.9173967459324155	76.63335107905667
-5.90738423028786	76.10160242858149
-5.897371714643304	75.61950322067074
-5.887359198998748	75.00243953599114
-5.877346683354192	74.33171291387319
-5.867334167709637	73.54373558894432
-5.857321652065082	72.5019600820873
-5.847309136420526	71.46190924278723
-5.83729662077597	70.62449347020592
-5.827284105131414	69.65342070112993
-5.817271589486858	68.12252706688076
-5.807259073842303	66.42017228665631
-5.797246558197747	64.92368850191787
-5.787234042553191	63.358234469334946
-5.777221526908636	61.807345092962805
-5.767209011264081	60.5025211901104
-5.7571964956195245	59.39025451939086
-5.747183979974968	58.424830290847616
-5.737171464330412	57.71670441202599
-5.727158948685857	57.232867723454966
-5.717146433041302	57.01320433930759
-5.707133917396746	56.76329538243561
-5.69712140175219	56.38263418275114
-5.687108886107635	56.05772011326592
-5.677096370463079	55.92729045888538
-5.667083854818523	55.63974355674288
-5.657071339173967	55.4549069087783
-5.647058823529411	55.11934843709672
-5.637046307884856	55.101114683898736
-5.627033792240301	54.69040490189601
-5.617021276595745	54.04986674345967
-5.607008760951189	53.68178810705101
-5.596996245306633	53.595592796306406
-5.5869837296620775	53.17707914924255
-5.576971214017522	53.454683182765166
-5.566958698372966	53.81043109324884
-5.55694618272841	54.332589144832774
-5.546933667083855	54.630539962240064
-5.536921151439299	54.82976438650041
-5.526908635794744	54.95862360082604
-5.516896120150188	55.064872758977835
-5.5068836045056315	55.23033355312975
-5.496871088861076	55.52289029241116
-5.486858573216521	55.84581527883531
-5.476846057571965	56.3121450375366
-5.466833541927409	56.9671594514679
-5.456821026282853	57.83601482202018
-5.446808510638298	58.75796644598336
-5.4367959949937426	59.728521026343714
-5.4267834793491865	61.03031769762306
-5.41677096370463	62.6426528862334
-5.406758448060075	64.07469393547159
-5.396745932415519	65.36397192930956
-5.386733416770964	66.76229667893429
-5.376720901126408	68.07382805007555
-5.366708385481852	69.15960898593586
-5.356695869837297	70.01823637530387
-5.346683354192741	70.70986032002236
-5.336670838548185	71.37631155883142
-5.326658322903629	72.16500387476877
-5.316645807259073	72.93627907763069
-5.306633291614518	73.57686049282123
-5.296620775969963	74.05315867232525
-5.286608260325407	74.49790263234459
-5.276595744680851	74.91124180252083
-5.2665832290362955	75.12542461424924
-5.256570713391739	75.27772446984112
-5.246558197747184	75.39550915786818
-5.236545682102628	75.47152401258066
-5.226533166458072	75.52600838230327
-5.216520650813517	75.6453888121842
-5.206508135168962	75.76069260241451
-5.196495619524406	75.77506955308195
-5.18648310387985	75.73081891148396
-5.1764705882352935	75.56712409786418
-5.166458072590738	75.27776076766973
-5.156445556946183	74.9326775497196
-5.146433041301627	74.5304882173487
-5.136420525657071	74.22486866567353
-5.126408010012516	74.03034678207754
-5.11639549436796	73.8760762731197
-5.1063829787234045	73.60836822398083
-5.0963704630788484	73.11867790713356
-5.086357947434292	72.53368885447958
-5.076345431789737	72.00495473817325
-5.066332916145182	71.46287007741141
-5.056320400500626	71.0257747797396
-5.04630788485607	70.68911012691756
-5.036295369211514	70.22397852154128
-5.026282853566959	69.54913005695073
-5.016270337922403	68.84445817966112
-5.006257822277847	68.06002465637005
-4.996245306633291	67.26323639342903
-4.986232790988735	66.34870966789892
-4.97622027534418	65.30603083252956
-4.966207759699625	64.16460983071576
-4.956195244055069	62.962663524836024
-4.946182728410513	61.78376475638013
-4.9361702127659575	60.60549550505309
-4.926157697121402	59.3228119696657
-4.916145181476846	57.828687740747455
-4.90613266583229	56.097571674409615
-4.896120150187734	54.6961612508316
-4.886107634543179	53.62313910855528
-4.876095118898624	52.5418437712279
-4.866082603254068	51.29069278113802
-4.8560700876095115	49.800907039522784
-4.8460575719649555	48.214299061921245
-4.8360450563204	46.55924678847603
-4.826032540675845	44.7242204328405
-4.816020025031289	42.68100451114765
-4.806007509386733	40.74272343633086
-4.795994993742178	38.953896576692806
-4.785982478097623	37.340326458881265
-4.7759699624530665	35.93057057006857
-4.76595744680851	34.963956898631835
-4.755944931163954	34.279070447202926
-4.745932415519399	33.74749478902506
-4.735919899874844	33.21957972409667
-4.725907384230288	32.71405474836829
-4.715894868585732	32.21587931124267
-4.705882352941176	31.924468438009956
-4.6958698372966206	31.8043598449968
-4.685857321652065	31.606119905494545
-4.675844806007509	31.502394044456622
-4.665832290362953	31.485411660069428
-4.655819774718398	31.478953369250508
-4.645807259073843	31.47386969348763
-4.635794743429287	31.447049878211576
-4.625782227784731	31.38478470754603
-4.615769712140175	31.376502824511697
-4.605757196495619	31.37462582063947
-4.595744680851064	31.373127503638674
-4.585732165206508	31.37177638318998
-4.575719649561952	31.370539499752844
-4.565707133917396	31.369399511045067
-4.555694618272841	31.368345040455193
-4.545682102628286	31.367367974701764
-4.53566958698373	31.36646204260992
-4.5256570713391735	31.365622032979157
-4.515644555694618	31.36484336746736
-4.505632040050063	31.364121871674556
-4.495619524405507	31.36345365611762
-4.485607008760951	31.362835057134543
-4.475594493116395	31.36226260947257
-4.46558197747184	31.36173303471154
-4.4555694618272845	31.36124323677822
-4.4455569461827285	31.36079029987946
-4.435544430538172	31.360371486501386
-4.425531914893616	31.35998423442334
-4.415519399249061	31.359626152406523
-4.405506883604506	31.359295014585676
-4.39549436795995	31.358988753765438
-4.385481852315394	31.358705453887183
-4.375469336670839	31.358443341936162
-4.365456821026283	31.358200779535107
-4.355444305381727	31.357976254432685
-4.345431789737171	31.357768372055737
-4.335419274092615	31.357575847255234
-4.32540675844806	31.357397496342873
-4.315394242803505	31.357232229485305
-4.305381727158949	31.357079043500367
-4.295369211514393	31.356937015079936
-4.285356695869837	31.356805294449703
-4.275344180225281	31.356683099464874
-4.265331664580726	31.35656971013268
-4.25531914893617	31.356464463546473
-4.245306633291614	31.356366749212423
-4.235294117647059	31.356276004747443
-4.225281602002504	31.356191711925167
-4.215269086357948	31.356113393046865
-4.2052565707133915	31.35604060761382
-4.1952440550688355	31.355972949278712
-4.18523153942428	31.355910043053917
-4.175219023779725	31.35585154275633
-4.165206508135169	31.355797128669014
-4.155193992490613	31.3557465054015
-4.145181476846057	31.35569939993191
-4.135168961201502	31.355655559815155
-4.1251564455569465	31.35561475154278
-4.11514392991239	31.355576759041323
-4.105131414267834	31.35554138229682
-4.095118898623279	31.35550843609477
-4.085106382978723	31.35547774886495
-4.075093867334168	31.355449161622236
-4.065081351689612	31.355422526994808
-4.055068836045056	31.355397708332042
-4.045056320400501	31.355374578885506
-4.035043804755945	31.35535302105615
-4.025031289111389	31.355332925702516
-4.015018773466833	31.355314191504174
-4.005006257822277	31.35529672437627
-3.994993742177722	31.355133960272482
-3.9849812265331668	31.294845196784415
-3.9749687108886107	31.008398870001955
-3.9649561952440546	31.00838560130562
-3.9549436795994994	30.85400726174461
-3.9449311639549434	30.65631067760363
-3.934918648310388	30.65629995314322
-3.924906132665832	30.547507330593405
-3.914893617021277	29.994510387659446
-3.904881101376721	29.754063354004554
-3.8948685857321648	29.588369386294595
-3.8848560700876096	29.65676285195574
-3.8748435544430535	28.81367703747631
-3.8648310387984983	26.76445776573563
-3.8548185231539422	26.517254341059267
-3.844806007509387	24.957446239575397
-3.834793491864831	23.843985956598008
-3.824780976220275	22.161122824858136
-3.8147684605757197	20.995190168603475
-3.8047559449311636	20.25963147226491
-3.7947434292866085	20.30528810376314
-3.7847309136420524	19.974789297651157
-3.774718397997497	19.438792273926975
-3.764705882352941	19.68849229853091
-3.754693366708385	19.788199486461192
-3.74468085106383	20.28759931745326
-3.734668335419274	20.734179046751056
-3.7246558197747186	21.542858292291402
-3.7146433041301625	22.554515123352697
-3.7046307884856065	23.1805629387865
-3.6946182728410513	23.817504707764947
-3.684605757196495	24.499436908294722
-3.67459324155194	24.615680685520775
-3.664580725907384	24.923749895340716
-3.6545682102628287	25.230731433367833
-3.6445556946182727	25.29913107207027
-3.6345431789737166	25.29918961376027
-3.6245306633291614	25.299215183925206
-3.6145181476846053	25.299241267870663
-3.60450563204005	25.299267888042714
-3.594493116395494	25.29929506838815
-3.584480600750939	25.299322834481682
-3.574468085106383	25.299351213666608
-3.5644555694618267	25.299380235211178
-3.5544430538172715	25.299409930482444
-3.5444305381727155	25.299440333140375
-3.5344180225281603	25.299471479354875
-3.524405506883604	25.299503408049247
-3.514392991239049	25.29953616117393
-3.504380475594493	25.299569784015215
-3.494367959949937	25.299604325544323
-3.4843554443053817	25.299639838813373
-3.4743429286608256	25.29967638140561
-3.4643304130162704	25.299714015949117
-3.4543178973717144	25.299752810704494
-3.444305381727159	25.29979284023921
-3.434292866082603	25.299834186203547
-3.424280350438047	25.299876938226415
-3.414267834793492	25.29992119495216
-3.4042553191489358	25.29996706524412
-3.3942428035043806	25.30001466958579
-3.3842302878598245	25.300064141716366
-3.3742177722152693	25.300115630545122
-3.3642052565707132	25.30016930239767
-3.354192740926157	25.300225343658905
-3.344180225281602	25.30028396388923
-3.334167709637046	25.300345399508178
-3.3241551939924907	25.30040991815788
-3.3141426783479346	25.30047782388248
-3.3041301627033794	25.300549463288444
-3.2941176470588234	25.300625232884443
-3.2841051314142673	25.300705587841566
-3.274092615769712	25.300791052464568
-3.264080100125156	25.3008822327252
-3.254067584480601	25.30097983128142
-3.2440550688360448	25.301084665493303
-3.2340425531914896	25.301197689049932
-3.2240300375469335	25.301320017944736
-3.2140175219023774	25.301452961681665
-3.2040050062578223	25.301598060763748
-3.193992490613266	25.30175713171147
-3.183979974968711	25.301932321081154
-3.173967459324155	25.30212617020381
-3.1639549436795997	25.302341692638993
-3.1539424280350437	25.3025824666298
-3.1439299123904876	25.30285274514711
-3.1339173967459324	25.303157586439333
-3.1239048811013763	25.303503008913616
-3.113892365456821	25.303896185527606
-3.103879849812265	25.30434588567386
-3.09386733416771	25.304866702897687
-3.083854818523154	25.305547290724952
-3.0738423028785977	25.307488037094036
-3.0638297872340425	25.313319895038255
-3.0538172715894865	25.316005583903785
-3.0438047559449313	25.31722121025897
-3.033792240300375	25.319030327446164
-3.02377972465582	25.349139950110946
-3.013767209011264	25.392699308867936
-3.003754693366708	25.39589166114241
-2.9937421777221527	25.39828891211928
-2.9837296620775966	25.401173146100614
-2.9737171464330414	25.405095661269726
-2.9637046307884853	25.41061168951929
-2.95369211514393	25.416053689789187
-2.943679599499374	25.421836119060348
-2.933667083854818	25.428969285853444
-2.923654568210263	25.439558017688274
-2.9136420525657067	25.46446080655069
-2.9036295369211516	25.539376739282794
-2.8936170212765955	25.66508882327154
-2.8836045056320403	25.802554979577337
-2.873591989987484	25.9794755700558
-2.863579474342928	26.30001079168058
-2.853566958698373	26.650476667038024
-2.843554443053817	27.05965043898859
-2.8335419274092617	27.651970915348862
-2.8235294117647056	28.36772367593736
-2.8135168961201504	29.21296772267548
-2.8035043804755944	30.12384185145135
-2.7934918648310383	31.131096926102288
-2.783479349186483	32.20150868785081
-2.773466833541927	33.4789604166646
-2.763454317897372	35.00705065578466
-2.7534418022528158	36.49776827043531
-2.7434292866082606	38.009277621529726
-2.7334167709637045	39.56807040756107
-2.7234042553191484	40.91765521337262
-2.7133917396745932	41.9985622902174
-2.703379224030037	43.007685939452934
-2.693366708385482	44.02439633892353
-2.683354192740926	44.940414133848726
-2.6733416770963707	45.678821279557646
-2.6633291614518146	46.17299403643684
-2.6533166458072586	46.468931214351535
-2.6433041301627034	46.639898619475936
-2.6332916145181473	46.65981334524772
-2.623279098873592	46.44642785456719
-2.613266583229036	46.007847909586665
-2.603254067584481	45.51185324691278
-2.593241551939925	45.038129589664386
-2.5832290362953687	44.56137644245601
-2.5732165206508135	43.93416161954522
-2.5632040050062574	43.131817839651006
-2.5531914893617023	42.259712456797395
-2.543178973717146	41.35200603539404
-2.533166458072591	40.3480178343036
-2.523153942428035	39.147236537072764
-2.513141426783479	37.78165121392836
-2.5031289111389237	36.24506407173707
-2.4931163954943676	34.74026091859788
-2.4831038798498124	33.359772815553846
-2.4730913642052563	31.99002773660556
-2.463078848560701	30.717443252122294
-2.453066332916145	29.606916116776823
-2.443053817271589	28.447987171424767
-2.433041301627034	27.228128693724663
-2.4230287859824777	26.131385525196137
-2.4130162703379225	25.22733693099838
-2.4030037546933665	24.449636865261667
-2.3929912390488113	23.797689761929
-2.382978723404255	23.298478494071816
-2.372966207759699	22.971488820985506
-2.362953692115144	22.71844855557019
-2.352941176470588	22.540436488871247
-2.3429286608260327	22.452132057937533
-2.3329161451814766	22.387570808710365
-2.3229036295369214	22.315266028180258
-2.3128911138923653	22.286729982121912
-2.3028785982478093	22.26730545746519
-2.292866082603254	22.245935514926288
-2.282853566958698	22.226902487264937
-2.272841051314143	22.216598322091237
-2.2628285356695867	22.21199458062474
-2.2528160200250316	22.20976613421847
-2.2428035043804755	22.208599991078522
-2.2327909887359194	22.208022858762824
-2.2227784730913642	22.208422863381838
-2.212765957446808	22.24926724149663
-2.202753441802253	22.258535713742194
-2.192740926157697	22.259746979949423
-2.1827284105131417	22.260230706657666
-2.1727158948685856	22.26078207150789
-2.1627033792240296	22.261379186354066
-2.1526908635794744	22.159248061815997
-2.1426783479349183	22.095296424234537
-2.132665832290363	22.02128231805774
-2.122653316645807	21.682261499896743
-2.112640801001252	21.5087812664682
-2.1026282853566958	21.39460321248731
-2.0926157697121397	21.417118227665767
-2.0826032540675845	21.08433658881516
-2.0725907384230284	20.89493080495673
-2.0625782227784732	20.660880652951015
-2.052565707133917	20.347667761070774
-2.042553191489362	20.100431113056747
-2.032540675844806	19.559289151892035
-2.02252816020025	19.351284879066924
-2.0125156445556946	19.069787564327008
-2.0025031289111386	19.04386292675689
-1.9924906132665834	19.04424579015628
-1.9824780976220273	19.31995242772217
-1.9724655819774712	19.340193060035805
-1.962453066332916	19.395378084362644
-1.95244055068836	19.488569912244603
-1.9424280350438048	19.533357975147588
-1.9324155193992487	19.581356029531467
-1.9224030037546935	19.583653994500352
-1.9123904881101375	19.570911807271884
-1.9023779724655814	19.571690552653273
-1.8923654568210262	19.572637258773934
-1.8823529411764701	19.573790959782578
-1.872340425531915	19.57519900010136
-1.8623279098873589	19.576058941694
-1.8523153942428037	19.54725560049994
-1.8423028785982476	19.541086022919796
-1.8322903629536915	19.54719430904358
-1.8222778473091363	19.559377576039644
-1.8122653316645803	19.57582893153163
-1.802252816020025	19.589209503913505
-1.792240300375469	19.602978212956607
-1.7822277847309138	19.63199609077576
-1.7722152690863577	19.684625951805447
-1.7622027534418017	19.72593943650976
-1.7521902377972465	19.789518359950645
-1.7421777221526904	19.92466088174395
-1.7321652065081352	20.11213048866894
-1.7221526908635791	20.358821625032764
-1.712140175219024	20.623577384278008
-1.7021276595744679	20.9518068565661
-1.6921151439299118	21.325545697346747
-1.6821026282853566	21.724227520811198
-1.6720901126408005	22.25771452202526
-1.6620775969962454	22.93014380536522
-1.6520650813516893	23.676691923451745
-1.642052565707134	24.529015393517355
-1.632040050062578	25.4025375233305
-1.622027534418022	26.34795392428057
-1.6120150187734668	27.452203913111905
-1.6020025031289107	28.75897318839695
-1.5919899874843555	30.248193336370257
-1.5819774718397994	31.748297865801728
-1.5719649561952442	33.154509101494185
-1.5619524405506882	34.55875889144563
-1.551939924906132	35.920773287709345
-1.541927409261577	37.010868899262775
-1.5319148936170208	37.93809152999716
-1.5219023779724656	38.888121074578095
-1.5118898623279096	39.90915743034803
-1.5018773466833544	40.96748199773004
-1.4918648310387983	41.99454058057623
-1.4818523153942422	42.95001506158052
-1.471839799749687	43.756274947322744
-1.461827284105131	44.38134593812666
-1.4518147684605758	44.86972423470367
-1.4418022528160197	45.20910727290727
-1.4317897371714645	45.18950402007219
-1.4217772215269084	44.629122385447545
-1.4117647058823524	43.72836709283662
-1.4017521902377972	42.72107619405106
-1.391739674593241	41.70264904148832
-1.381727158948686	40.64956455421639
-1.3717146433041298	39.41497842866689
-1.3617021276595747	37.94681050551768
-1.3516896120150186	36.302010987670776
-1.3416770963704625	34.75927963814823
-1.3316645807259073	33.474413457083465
-1.3216520650813512	32.49412485070311
-1.311639549436796	31.672831340474726
-1.30162703379224	30.83774515668203
-1.2916145181476848	30.05601348734624
-1.2816020025031287	29.407377045326296
-1.2715894868585726	28.78661896983795
-1.2615769712140175	28.173470275153495
-1.2515644555694614	27.877284938524895
-1.2415519399249062	27.83634686673399
-1.2315394242803501	27.933171153132378
-1.221526908635795	27.798345473416436
-1.2115143929912389	28.218998640228488
-1.2015018773466828	29.077925413083285
-1.1914893617021276	29.88111481449325
-1.1814768460575715	31.350871013116045
-1.1714643304130163	32.1482993858515
-1.1614518147684603	33.438838023142736
-1.151439299123905	34.221843627475536
-1.141426783479349	35.534871589451484
-1.131414267834793	36.926028803724165
-1.1214017521902377	38.06181813750855
-1.1113892365456817	39.03266939948296
-1.1013767209011265	40.036564208211175
-1.0913642052565704	40.79439940469536
-1.0813516896120152	41.232407883826845
-1.0713391739674591	41.68699626298003
-1.061326658322903	42.35352791508561
-1.0513141426783479	43.31201193351264
-1.0413016270337918	44.43461213207988
-1.0312891113892366	45.75344344971643
-1.0212765957446805	46.92761786862929
-1.0112640801001254	48.0609418519887
-1.0012515644555693	49.307731557956195
-0.9912390488110132	50.82516531272123
-0.981226533166458	52.23846779266386
-0.971214017521902	53.47007826024227
-0.9612015018773468	54.70843682004818
-0.9511889862327907	56.11130033293268
-0.9411764705882355	57.49203671593964
-0.9311639549436794	58.848542846965465
-0.9211514392991234	60.3618359318315
-0.9111389236545682	61.78908470124889
-0.9011264080100121	63.04341248290967
-0.8911138923654569	64.10776581883052
-0.8811013767209008	64.96234057543124
-0.8710888610763456	65.77425073021844
-0.8610763454317896	66.42591344996237
-0.8510638297872335	66.95852103808362
-0.8410513141426783	67.46683465490025
-0.8310387984981222	68.02436978703943
-0.821026282853567	68.55375226414574
-0.811013767209011	68.93593965832237
-0.8010012515644558	69.23822419023371
-0.7909887359198997	69.48056977432142
-0.7809762202753436	69.64780497622486
-0.7709637046307884	69.73691038746405
-0.7609511889862324	69.76361269979522
-0.7509386733416772	69.80707852367993
-0.7409261576971211	69.87809959462727
-0.7309136420525659	69.78984853609886
-0.7209011264080099	69.5939954644367
-0.7108886107634538	69.30318132036757
-0.7008760951188986	69.03230620288542
-0.6908635794743425	68.93923037829455
-0.6808510638297873	68.95110752105545
-0.6708385481852313	68.77861058330907
-0.6608260325406761	68.31159148682187
-0.65081351689612	67.69970180979803
-0.6408010012515639	67.11296236148658
-0.6307884856070087	66.5542496951062
-0.6207759699624527	66.00762745150372
-0.6107634543178975	65.3845104574781
-0.6007509386733414	64.64958679406176
-0.5907384230287862	63.9126201727538
-0.5807259073842301	63.20566598664883
-0.5707133917396741	62.41157395852284
-0.5607008760951189	61.45376299249081
-0.5506883604505628	60.45813995330351
-0.5406758448060076	59.64627725475423
-0.5306633291614515	59.03087930329571
-0.5206508135168963	58.444963421516064
-0.5106382978723403	57.73796902800164
-0.5006257822277842	56.88170411291366
-0.490613266583229	55.92351993661182
-0.48060075093867294	55.00509250348687
-0.47058823529411775	54.242173172768375
-0.4605757196495617	53.53351828867163
-0.4505632040050065	52.73625964916308
-0.4405506883604504	51.792478031035664
-0.43053817271589434	50.799504460422355
-0.42052565707133915	49.746052604448096
-0.4105131414267831	48.51974919756496
-0.4005006257822279	47.1477750389065
-0.3904881101376718	45.8130770745932
-0.38047559449311663	44.71581811329438
-0.37046307884856056	43.811030369821594
-0.3604505632040045	42.968956810284325
-0.3504380475594493	42.14677517027727
-0.3404255319148932	41.314854571866725
-0.33041301627033803	40.48429998953704
-0.32040050062578196	39.64401298854602
-0.3103879849812259	38.77602375250524
-0.3003754693366707	37.94700091126148
-0.2903629536921146	37.12249103259607
-0.28035043804755944	36.2940582821771
-0.27033792240300336	35.50230391195682
-0.2603254067584482	34.706656354650356
-0.2503128911138921	33.81723583821517
-0.24030037546933602	32.811247510403746
-0.23028785982478084	31.737756745636016
-0.22027534418022476	30.67100686265296
-0.21026282853566958	29.696510054346188
-0.2002503128911135	28.873503051313566
-0.19023779724655832	28.172629216294272
-0.18022528160200224	27.51917186004242
-0.17021276595744617	26.883782312845163
-0.16020025031289098	26.280877185848595
-0.1501877346683349	25.68636008064958
-0.14017521902377972	25.053512838725446
-0.13016270337922364	24.446377821520077
-0.12015018773466846	24.006095067644228
-0.11013767209011238	23.801870418534048
-0.10012515644555631	23.8611462323261
-0.09011264080100112	24.183713873678087
-0.08010012515644505	24.732576967842316
-0.07008760951188986	25.475207660758254
-0.060075093867333784	26.281346953409447
-0.0500625782227786	27.1003985117448
-0.04005006257822252	27.94904043791358
-0.030037546933666448	28.82770947177449
-0.02002503128911126	29.716121484442436
-0.010012515644555187	30.57191417415599
0.0	31.378033999804778
