-8.0	14.28551433301428
-7.989987484355444	13.724733947257478
-7.979974968710889	13.112463647410264
-7.969962453066333	12.537367607414836
-7.9599499374217775	11.997661377819679
-7.949937421777221	11.466699441788789
-7.939924906132666	10.929562237377622
-7.92991239048811	10.39251549689324
-7.919899874843554	9.925599485377145
-7.909887359198999	9.573593354151477
-7.899874843554443	9.301077582581769
-7.889862327909888	9.03126321576687
-7.8798498122653315	8.684426479590234
-7.869837296620776	8.39759967619449
-7.85982478097622	8.210170452460295
-7.849812265331664	8.003359702574796
-7.839799749687109	7.783657147633136
-7.829787234042553	7.48167787352363
-7.819774718397998	7.2094403218560865
-7.809762202753442	6.827237067231639
-7.7997496871088865	6.590386793394871
-7.78973717146433	6.232647790886459
-7.779724655819774	5.864128475642515
-7.769712140175219	5.426631482443354
-7.759699624530663	4.881234379129894
-7.749687108886108	4.685018076423831
-7.739674593241552	4.343415542668428
-7.729662077596997	3.982424908963846
-7.719649561952441	3.6540146147971795
-7.7096370463078845	3.4957105245152427
-7.699624530663329	3.4876945918026006
-7.689612015018773	3.4781393138103303
-7.679599499374218	3.6124068374987592
-7.669586983729662	3.667757615268834
-7.659574468085107	3.7224946739985105
-7.649561952440551	3.7296812755948827
-7.639549436795995	3.7718118701074155
-7.629536921151439	3.8200556200030102
-7.619524405506883	3.910840122630676
-7.609511889862328	4.030092428546803
-7.599499374217772	4.116298418024272
-7.589486858573217	4.2324943438305755
-7.579474342928661	4.420574270522253
-7.569461827284105	4.680095655549092
-7.55944931163955	4.940532784880704
-7.5494367959949935	5.197529035324451
-7.539424280350438	5.467221875673818
-7.529411764705882	5.740264905206032
-7.519399249061326	6.05417351556347
-7.509386733416771	6.428427481241268
-7.499374217772215	6.831189426128437
-7.48936170212766	7.247128770178369
-7.479349186483104	7.685173604798126
-7.4693366708385485	8.159520099210194
-7.459324155193992	8.720069913707405
-7.449311639549437	9.43335494383049
-7.439299123904881	10.278696270790403
-7.429286608260325	11.198725874764953
-7.41927409261577	12.229159955970815
-7.409261576971214	13.32836976585225
-7.399249061326659	14.42812286864294
-7.3892365456821025	15.568670522818934
-7.3792240300375465	16.7589691798726
-7.369211514392991	17.925468024936553
-7.359198998748435	18.95911103196951
-7.34918648310388	19.823838854261215
-7.339173967459324	20.537957644157594
-7.329161451814769	21.168380822824027
-7.319148936170213	21.73488618559886
-7.3091364205256575	22.154921696803665
-7.299123904881101	22.40124331477841
-7.289111389236545	22.514080847313146
-7.27909887359199	22.530006135101395
-7.269086357947434	22.483363410240905
-7.259073842302879	22.361262202245282
-7.249061326658323	22.12407313493681
-7.239048811013767	21.77063940613452
-7.2290362953692116	21.307029112049467
-7.2190237797246555	20.749232602618093
-7.2090112640801	20.133968776236763
-7.198998748435544	19.477402010208753
-7.188986232790989	18.756214899322533
-7.178973717146433	17.99810184113731
-7.168961201501878	17.261981491762658
-7.158948685857322	16.485440395878175
-7.148936170212766	15.682980400546885
-7.13892365456821	14.967766181161583
-7.128911138923654	14.22974976827242
-7.118898623279099	13.40615661398995
-7.108886107634543	12.739176936653527
-7.098873591989987	12.272585815603037
-7.088861076345432	11.955559335769186
-7.078848560700876	11.745221975473516
-7.068836045056321	11.617909508858995
-7.0588235294117645	11.566007235819946
-7.048811013767209	11.566773385377225
-7.038798498122653	11.581410135956498
-7.028785982478098	11.584431250473685
-7.018773466833542	11.562128869697906
-7.008760951188986	11.518938770551433
-6.998748435544431	11.44926111261897
-6.988735919899875	11.333848029714995
-6.9787234042553195	11.163070630782766
-6.968710888610763	10.950109633789646
-6.958698372966207	10.73888783636119
-6.948685857321652	10.577226638070078
-6.938673341677096	10.484796190963227
-6.928660826032541	10.432577793747821
-6.918648310387985	10.389854562634456
-6.908635794743429	10.377032718885978
-6.8986232790988735	10.395978391394184
-6.888610763454318	10.438144419835362
-6.878598247809762	10.514055432279875
-6.868585732165206	10.638377846167913
-6.858573216520651	10.833546164098136
-6.848560700876095	11.117549847413558
-6.83854818523154	11.459199812946455
-6.828535669586984	11.821364622840552
-6.818523153942428	12.17379849357896
-6.808510638297872	12.49792773537665
-6.798498122653316	12.789348215353296
-6.788485607008761	13.033999800969957
-6.778473091364205	13.229586626467162
-6.768460575719649	13.409128753854624
-6.758448060075094	13.600466704677055
-6.748435544430539	13.81240395988997
-6.7384230287859825	14.040222404482419
-6.7284105131414265	14.265779934092668
-6.718397997496871	14.466867727676634
-6.708385481852315	14.628786332329213
-6.69837296620776	14.746565643152849
-6.688360450563204	14.809367800290286
-6.678347934918648	14.810966121163132
-6.668335419274093	14.77378099047421
-6.658322903629537	14.734124038470615
-6.648310387984981	14.707990415665517
-6.638297872340425	14.693567784985305
-6.628285356695869	14.697869368350094
-6.618272841051314	14.724681491061352
-6.608260325406759	14.765028242405126
-6.598247809762203	14.794539869031851
-6.588235294117647	14.780576766854345
-6.578222778473092	14.69848777294414
-6.5682102628285355	14.539314727231064
-6.55819774718398	14.308047790289685
-6.548185231539424	14.020715108465556
-6.538172715894868	13.708359110230022
-6.528160200250313	13.405567213020753
-6.518147684605757	13.11340946590668
-6.508135168961202	12.809552855261064
-6.498122653316646	12.483111663009431
-6.4881101376720896	12.122704284550892
-6.478097622027534	11.724075927084229
-6.468085106382979	11.295163966644882
-6.458072590738423	10.834110850215058
-6.448060075093867	10.310971449472243
-6.438047559449312	9.840073417425437
-6.428035043804756	9.468925073022556
-6.418022528160201	9.148032854848037
-6.4080100125156445	8.984206193456242
-6.397997496871088	8.913275815563258
-6.387984981226533	8.848115910505877
-6.377972465581977	8.85255531571798
-6.367959949937422	8.93666508476953
-6.357947434292866	9.221702652066918
-6.34793491864831	9.7588400319038
-6.337922403003755	10.786874962191122
-6.3279098873591995	12.129823767543089
-6.317897371714643	13.676940938905142
-6.307884856070087	15.211710208833807
-6.297872340425532	16.995724633682837
-6.287859824780976	18.643978288360614
-6.277847309136421	20.054107268764156
-6.267834793491865	21.36308531274287
-6.257822277847309	22.64286238758296
-6.2478097622027535	23.79645136267577
-6.2377972465581975	24.86517486586091
-6.227784730913642	25.893208314567325
-6.217772215269086	26.958406116043808
-6.20775969962453	28.04656294312971
-6.197747183979975	29.113469373287273
-6.18773466833542	30.08418485521683
-6.177722152690864	30.950225625195795
-6.167709637046308	31.761089137194382
-6.157697121401752	32.51953414097914
-6.147684605757196	33.20680899662908
-6.137672090112641	33.7718498136717
-6.127659574468085	34.19789506471817
-6.117647058823529	34.51114786941743
-6.107634543178974	34.7037729383278
-6.097622027534418	34.74161691677979
-6.0876095118898625	34.63007578192345
-6.0775969962453065	34.445185609529396
-6.06758448060075	34.1762263537547
-6.057571964956195	33.81145312596195
-6.04755944931164	33.3618012791205
-6.037546933667084	32.95707133490509
-6.027534418022528	32.5986994876741
-6.017521902377973	32.240655468257906
-6.007509386733417	31.826405216396108
-5.997496871088861	31.272852335596667
-5.987484355444305	30.521518179830753
-5.977471839799749	29.647892920873055
-5.967459324155194	28.782970117761383
-5.957446808510639	28.059438483030483
-5.947434292866083	27.4861763535288
-5.937421777221527	27.048944443613532
-5.927409261576971	26.655076205241436
-5.9173967459324155	26.281113356442944
-5.90738423028786	26.04378448850898
-5.897371714643304	25.89236931877384
-5.887359198998748	25.769713033757803
-5.877346683354192	25.68849920365263
-5.867334167709637	25.648695602826788
-5.857321652065082	25.62508137060649
-5.847309136420526	25.609980535323913
-5.83729662077597	25.596316641394047
-5.827284105131414	25.574120780005135
-5.817271589486858	25.551070186575952
-5.807259073842303	25.5339982463734
-5.797246558197747	25.525634679936314
-5.787234042553191	25.522204533931976
-5.777221526908636	25.520471272198606
-5.767209011264081	25.5192375565768
-5.7571964956195245	25.518157030721433
-5.747183979974968	25.51171186432396
-5.737171464330412	25.376054752193408
-5.727158948685857	25.15330787807613
-5.717146433041302	25.11306012251624
-5.707133917396746	24.51092737614363
-5.69712140175219	24.2741703882579
-5.687108886107635	23.916301066435057
-5.677096370463079	23.67427417525766
-5.667083854818523	23.573343410351505
-5.657071339173967	24.084813305897843
-5.647058823529411	24.535703529028815
-5.637046307884856	24.988616021635895
-5.627033792240301	25.295306129987875
-5.617021276595745	25.88452784854646
-5.607008760951189	26.347690020100945
-5.596996245306633	26.846655819381386
-5.5869837296620775	26.98253513045036
-5.576971214017522	27.20299098095529
-5.566958698372966	27.285280800563985
-5.55694618272841	27.47895898372939
-5.546933667083855	27.525752132745716
-5.536921151439299	27.570776683803533
-5.526908635794744	27.649369647034728
-5.516896120150188	27.652897677787173
-5.5068836045056315	27.656712178346375
-5.496871088861076	27.660945477434147
-5.486858573216521	27.665577154784632
-5.476846057571965	27.67066372122481
-5.466833541927409	27.677422791349493
-5.456821026282853	27.69082947034503
-5.446808510638298	27.722233458422696
-5.4367959949937426	27.796099246672128
-5.4267834793491865	27.97239232936196
-5.41677096370463	28.297903738927218
-5.406758448060075	28.772893738410893
-5.396745932415519	29.527503092491287
-5.386733416770964	30.387025954438016
-5.376720901126408	31.260407182713298
-5.366708385481852	32.249015349217615
-5.356695869837297	33.39366620647922
-5.346683354192741	34.834316247888
-5.336670838548185	36.15774130417921
-5.326658322903629	37.48896959137582
-5.316645807259073	39.093190702751
-5.306633291614518	40.903423161784374
-5.296620775969963	42.66491086598578
-5.286608260325407	44.30911993390883
-5.276595744680851	45.73990341880627
-5.2665832290362955	46.960204077606434
-5.256570713391739	47.97359528630129
-5.246558197747184	48.87449989189871
-5.236545682102628	49.81286492109166
-5.226533166458072	50.830080197864184
-5.216520650813517	51.683835074232945
-5.206508135168962	52.303568987689
-5.196495619524406	52.7999804383378
-5.18648310387985	53.208668607349686
-5.1764705882352935	53.57096500343176
-5.166458072590738	53.8291478962438
-5.156445556946183	53.85644916882118
-5.146433041301627	53.60425568652058
-5.136420525657071	53.07921591702683
-5.126408010012516	52.47389295093647
-5.11639549436796	51.85332756369067
-5.1063829787234045	51.116188615760024
-5.0963704630788484	50.09690615451326
-5.086357947434292	48.87968309266935
-5.076345431789737	47.648759398351764
-5.066332916145182	46.390942513036435
-5.056320400500626	45.1222873611848
-5.04630788485607	43.902601945197674
-5.036295369211514	42.66473012081636
-5.026282853566959	41.408899654009744
-5.016270337922403	40.138103532813716
-5.006257822277847	38.796962238953085
-4.996245306633291	37.36338828622922
-4.986232790988735	35.751172675219344
-4.97622027534418	34.07351383264136
-4.966207759699625	32.44933340218706
-4.956195244055069	31.112152892437884
-4.946182728410513	30.0144466609751
-4.9361702127659575	29.10127387649881
-4.926157697121402	28.345004773843833
-4.916145181476846	27.68157606158611
-4.90613266583229	27.175269748059154
-4.896120150187734	26.802948769964946
-4.886107634543179	26.58751245343747
-4.876095118898624	26.447902766296348
-4.866082603254068	26.355905299475268
-4.8560700876095115	26.291748526805737
-4.8460575719649555	26.234119273502206
-4.8360450563204	26.198297180509975
-4.826032540675845	26.174327759645884
-4.816020025031289	26.153296650018255
-4.806007509386733	26.141541513418144
-4.795994993742178	26.138600793424153
-4.785982478097623	26.13755304719265
-4.7759699624530665	26.13704474581787
-4.76595744680851	26.136781531317894
-4.755944931163954	26.136637211596213
-4.745932415519399	26.13654172884279
-4.735919899874844	26.136455167462742
-4.725907384230288	26.136355771018895
-4.715894868585732	26.136232903123766
-4.705882352941176	26.136082676856823
-4.6958698372966206	26.135905197473114
-4.685857321652065	26.13570281465862
-4.675844806007509	26.13547901790282
-4.665832290362953	26.135237746328208
-4.655819774718398	26.1349829674263
-4.645807259073843	26.134718430596767
-4.635794743429287	26.134447533920028
-4.625782227784731	26.134173263540745
-4.615769712140175	26.133898178733844
-4.605757196495619	26.13362442478335
-4.595744680851064	26.13335376185345
-4.585732165206508	26.13308760209803
-4.575719649561952	26.132827049996113
-4.565707133917396	26.132572942752834
-4.555694618272841	26.13232588885136
-4.545682102628286	26.132086303675628
-4.53566958698373	26.13185444167449
-4.5256570713391735	26.13163042489677
-4.515644555694618	26.131414267952092
-4.505632040050063	26.131205899589258
-4.495619524405507	26.131005181158834
-4.485607008760951	26.130811922262136
-4.475594493116395	26.130625893898294
-4.46558197747184	26.130446839412492
-4.4555694618272845	26.13027448353195
-4.4455569461827285	26.1301085397527
-4.435544430538172	26.12994871631467
-4.425531914893616	26.129794720977486
-4.415519399249061	26.129646264783055
-4.405506883604506	26.129503064968485
-4.39549436795995	26.12936484717071
-4.385481852315394	26.12923134704418
-4.375469336670839	26.129102311396405
-4.365456821026283	26.12897749892968
-4.355444305381727	26.12885668066432
-4.345431789737171	26.128739640107025
-4.335419274092615	26.128626173217146
-4.32540675844806	26.128516088215655
-4.315394242803505	26.128409205273513
-4.305381727158949	26.12830535611015
-4.295369211514393	26.128204383526743
-4.285356695869837	26.128106140895195
-4.275344180225281	26.128010491619115
-4.265331664580726	26.127917308580088
-4.25531914893617	26.12782647358014
-4.245306633291614	26.12773787678822
-4.235294117647059	26.127651416197633
-4.225281602002504	26.127566997098988
-4.215269086357948	26.127484531572343
-4.2052565707133915	26.127403938001155
-4.1952440550688355	26.1273251406096
-4.18523153942428	26.127248069024446
-4.175219023779725	26.127172657861816
-4.165206508135169	26.127098846338953
-4.155193992490613	26.12702657791057
-4.145181476846057	26.126955799929345
-4.135168961201502	26.12688646332988
-4.1251564455569465	26.12681852233482
-4.11514392991239	26.12675193418268
-4.105131414267834	26.126686658875915
-4.095118898623279	26.12662265894829
-4.085106382978723	26.12655987859033
-4.075093867334168	26.006806173906934
-4.065081351689612	25.861500675128667
-4.055068836045056	25.72316578990316
-4.045056320400501	25.618122088765126
-4.035043804755945	25.290196324006452
-4.025031289111389	24.249427468572595
-4.015018773466833	23.528034940986284
-4.005006257822277	22.185706294714965
-3.994993742177722	22.92568851567521
-3.9849812265331668	23.590930990178475
-3.9749687108886107	25.231816358032624
-3.9649561952440546	25.938364812420335
-3.9549436795994994	27.040648014308648
-3.9449311639549434	27.828890321835598
-3.934918648310388	28.9847977905326
-3.924906132665832	29.398736641747796
-3.914893617021277	29.998326162595426
-3.904881101376721	30.540287948548656
-3.8948685857321648	30.86230189705339
-3.8848560700876096	30.915141947883633
-3.8748435544430535	31.133428511726677
-3.8648310387984983	31.13347962854541
-3.8548185231539422	31.133498114369694
-3.844806007509387	31.240782900709604
-3.834793491864831	31.240803259842007
-3.824780976220275	31.240824642752532
-3.8147684605757197	31.240847100673605
-3.8047559449311636	31.240870694152186
-3.7947434292866085	31.24089548766877
-3.7847309136420524	31.24092154993693
-3.774718397997497	31.240948954229296
-3.764705882352941	31.240977778733125
-3.754693366708385	31.241008106937915
-3.74468085106383	31.241040028059004
-3.734668335419274	31.241073637500463
-3.7246558197747186	31.241109037361625
-3.7146433041301625	31.241146336992184
-3.7046307884856065	31.24118565360074
-3.6946182728410513	31.241227112922957
-3.684605757196495	31.24127084995605
-3.67459324155194	31.241317009766856
-3.664580725907384	31.241365748382137
-3.6545682102628287	31.241417233770523
-3.6445556946182727	31.241471646926875
-3.6345431789737166	31.241529183071513
-3.6245306633291614	31.241590052977656
-3.6145181476846053	31.241654484443433
-3.60450563204005	31.241722723925815
-3.594493116395494	31.2417950383575
-3.584480600750939	31.2418717171697
-3.574468085106383	31.24195307454784
-3.5644555694618267	31.242039451951268
-3.5544430538172715	31.242131220932226
-3.5444305381727155	31.242228786295378
-3.5344180225281603	31.242332589645642
-3.524405506883604	31.242443113379736
-3.514392991239049	31.242560885186535
-3.504380475594493	31.24268648313213
-3.494367959949937	31.242820541419256
-3.4843554443053817	31.242963756927615
-3.4743429286608256	31.243116896660947
-3.4643304130162704	31.24328080625236
-3.4543178973717144	31.24345641971048
-3.444305381727159	31.243644770626357
-3.434292866082603	31.243847005111558
-3.424280350438047	31.244064396798386
-3.414267834793492	31.244298364312876
-3.4042553191489358	31.24455049173339
-3.3942428035043806	31.24482255268023
-3.3842302878598245	31.245116538855346
-3.3742177722152693	31.245434694081204
-3.3642052565707132	31.245779555192506
-3.354192740926157	31.246154001544546
-3.344180225281602	31.246561315457768
-3.334167709637046	31.24700525667889
-3.3241551939924907	31.247490154996463
-3.3141426783479346	31.248021026644366
-3.3041301627033794	31.248603722281512
-3.2941176470588234	31.249245117530222
-3.2841051314142673	31.24995336192856
-3.274092615769712	31.250738209861197
-3.264080100125156	31.251611469693458
-3.254067584480601	31.252587628943218
-3.2440550688360448	31.253684751573374
-3.2340425531914896	31.25492581340231
-3.2240300375469335	31.256340772926606
-3.2140175219023774	31.25796992666148
-3.2040050062578223	31.259869588217477
-3.193992490613266	31.262122090873405
-3.183979974968711	31.264853986905266
-3.173967459324155	31.26826987557882
-3.1639549436795997	31.2727155720765
-3.1539424280350437	31.27879344048083
-3.1439299123904876	31.287559562576554
-3.1339173967459324	31.30083905761049
-3.1239048811013763	31.322206427602893
-3.113892365456821	31.369231185921095
-3.103879849812265	31.521554555702426
-3.09386733416771	31.65648483668388
-3.083854818523154	31.78284059650931
-3.0738423028785977	31.99355265137304
-3.0638297872340425	32.34269375742511
-3.0538172715894865	32.84864962913981
-3.0438047559449313	33.449518629587445
-3.033792240300375	34.1990846207174
-3.02377972465582	35.25843650159371
-3.013767209011264	36.609260621905406
-3.003754693366708	38.064222250183306
-2.9937421777221527	39.588900296209204
-2.9837296620775966	41.29271615769086
-2.9737171464330414	42.964120950204745
-2.9637046307884853	44.51691038116034
-2.95369211514393	45.978308853606165
-2.943679599499374	47.39144471808502
-2.933667083854818	48.86295049224649
-2.923654568210263	50.28957649408359
-2.9136420525657067	51.60570028710912
-2.9036295369211516	52.80849885136176
-2.8936170212765955	53.938097401749125
-2.8836045056320403	55.127275607504295
-2.873591989987484	56.438832926490065
-2.863579474342928	57.6294253785975
-2.853566958698373	58.633359514498075
-2.843554443053817	59.57626022014763
-2.8335419274092617	60.47624521953392
-2.8235294117647056	61.20454720703291
-2.8135168961201504	61.740105035960646
-2.8035043804755944	62.20342532854343
-2.7934918648310383	62.64173664733717
-2.783479349186483	63.10785885199364
-2.773466833541927	63.5673865341386
-2.763454317897372	63.94118257411897
-2.7534418022528158	64.28439398825458
-2.7434292866082606	64.63893400944464
-2.7334167709637045	65.03294335173449
-2.7234042553191484	65.35653636519318
-2.7133917396745932	65.66966900420088
-2.703379224030037	65.97271689106189
-2.693366708385482	66.24684602001149
-2.683354192740926	66.43851192029737
-2.6733416770963707	66.42978294236727
-2.6633291614518146	66.23905665033519
-2.6533166458072586	65.80639293297988
-2.6433041301627034	65.28842805989973
-2.6332916145181473	64.80313175936485
-2.623279098873592	64.29208729236694
-2.613266583229036	63.67206440409098
-2.603254067584481	63.01322204090919
-2.593241551939925	62.32542452722842
-2.5832290362953687	61.46862343761812
-2.5732165206508135	60.36831648238614
-2.5632040050062574	59.0012348747001
-2.5531914893617023	57.44099431775631
-2.543178973717146	55.81234840538268
-2.533166458072591	54.19351630342056
-2.523153942428035	52.58484293655953
-2.513141426783479	50.97981967418043
-2.5031289111389237	49.50066897588499
-2.4931163954943676	48.377188352263744
-2.4831038798498124	47.54996604862795
-2.4730913642052563	46.90418341681671
-2.463078848560701	46.444229203219415
-2.453066332916145	46.14456075547934
-2.443053817271589	45.936615849866996
-2.433041301627034	45.78099007829371
-2.4230287859824777	45.67481431178123
-2.4130162703379225	45.59281319476314
-2.4030037546933665	45.53688833346566
-2.3929912390488113	45.50343338695056
-2.382978723404255	45.482782117649705
-2.372966207759699	45.46887897254642
-2.362953692115144	45.45884310500145
-2.352941176470588	45.45103767324584
-2.3429286608260327	45.31635459899866
-2.3329161451814766	45.11378971007577
-2.3229036295369214	44.88760850246456
-2.3128911138923653	44.60056406885971
-2.3028785982478093	43.79046518059915
-2.292866082603254	42.79430726642741
-2.282853566958698	42.0724176786317
-2.272841051314143	41.98523012688356
-2.2628285356695867	42.10997046058944
-2.2528160200250316	41.97510794819312
-2.2428035043804755	42.178998365600805
-2.2327909887359194	42.91363795472829
-2.2227784730913642	43.22298829166592
-2.212765957446808	43.20881913876965
-2.202753441802253	43.36549387233981
-2.192740926157697	43.501269833903365
-2.1827284105131417	43.64076172587136
-2.1727158948685856	43.72174485642997
-2.1627033792240296	43.75648092810958
-2.1526908635794744	43.75925739435135
-2.1426783479349183	43.90004591416805
-2.132665832290363	43.913354783809936
-2.122653316645807	43.921024105677525
-2.112640801001252	43.93606350347345
-2.1026282853566958	43.97603331033522
-2.0926157697121397	44.08553787771651
-2.0826032540675845	44.24659640225415
-2.0725907384230284	44.47429467142735
-2.0625782227784732	44.89147927941368
-2.052565707133917	45.36286855215392
-2.042553191489362	45.83647604706432
-2.032540675844806	46.45115404511294
-2.02252816020025	47.27676812734419
-2.0125156445556946	48.365521498015625
-2.0025031289111386	49.59110965386872
-1.9924906132665834	50.87875919816233
-1.9824780976220273	52.07171261031842
-1.9724655819774712	53.19806876339901
-1.962453066332916	54.26954744878245
-1.95244055068836	55.39770131467892
-1.9424280350438048	56.57239348469127
-1.9324155193992487	57.73275678073167
-1.9224030037546935	58.95520897055131
-1.9123904881101375	60.07855868733601
-1.9023779724655814	60.93961996545046
-1.8923654568210262	61.74754463119794
-1.8823529411764701	62.50305217858348
-1.872340425531915	63.09967686522832
-1.8623279098873589	63.48125253914157
-1.8523153942428037	63.89751568201425
-1.8423028785982476	64.28046330304615
-1.8322903629536915	64.59288899108458
-1.8222778473091363	64.8249965251412
-1.8122653316645803	65.0161104545516
-1.802252816020025	65.13183487487777
-1.792240300375469	65.25987644845473
-1.7822277847309138	65.38623814244225
-1.7722152690863577	65.31006926971082
-1.7622027534418017	65.17827720164838
-1.7521902377972465	65.14824235961461
-1.7421777221526904	65.15220386701763
-1.7321652065081352	65.11306394657841
-1.7221526908635791	65.17644284172148
-1.712140175219024	65.25964188549719
-1.7021276595744679	65.24117099390526
-1.6921151439299118	65.18134273840363
-1.6821026282853566	65.147382343761
-1.6720901126408005	65.19837995270511
-1.6620775969962454	65.31306591239289
-1.6520650813516893	65.44177635402903
-1.642052565707134	65.58839255109304
-1.632040050062578	65.72065597992965
-1.622027534418022	65.80812508690994
-1.6120150187734668	65.88705940955045
-1.6020025031289107	65.97816365557598
-1.5919899874843555	65.96942964370868
-1.5819774718397994	65.8240668918319
-1.5719649561952442	65.70996286598518
-1.5619524405506882	65.61270811563077
-1.551939924906132	65.45804763689502
-1.541927409261577	65.34278357708344
-1.5319148936170208	65.17414169496615
-1.5219023779724656	64.89831009103968
-1.5118898623279096	64.53487409410342
-1.5018773466833544	63.97357529865992
-1.4918648310387983	63.31190268117032
-1.4818523153942422	62.681337872072866
-1.471839799749687	62.19464667701132
-1.461827284105131	61.799504369067485
-1.4518147684605758	61.394934219116955
-1.4418022528160197	60.78823753663959
-1.4317897371714645	59.97058428757746
-1.4217772215269084	59.18328601011077
-1.4117647058823524	58.404070461484245
-1.4017521902377972	57.69527057431557
-1.391739674593241	57.065800233497626
-1.381727158948686	56.493665045582595
-1.3717146433041298	56.0640630420461
-1.3617021276595747	55.71108794137044
-1.3516896120150186	55.37573984464834
-1.3416770963704625	55.098559161970314
-1.3316645807259073	54.5851589490052
-1.3216520650813512	53.858883244624806
-1.311639549436796	53.49290392336409
-1.30162703379224	52.825194646047464
-1.2916145181476848	51.96522784263813
-1.2816020025031287	51.300592706301984
-1.2715894868585726	50.73111208994579
-1.2615769712140175	50.15699847652478
-1.2515644555694614	49.889848083035176
-1.2415519399249062	49.696312890014944
-1.2315394242803501	49.78200315542888
-1.221526908635795	50.08789402049833
-1.2115143929912389	50.337563756615054
-1.2015018773466828	50.471171033073595
-1.1914893617021276	50.57485913661192
-1.1814768460575715	50.757114281019284
-1.1714643304130163	51.11612007575018
-1.1614518147684603	51.474046382812475
-1.151439299123905	51.90598029994668
-1.141426783479349	52.43531189792227
-1.131414267834793	52.831579329732264
-1.1214017521902377	53.047338694080594
-1.1113892365456817	53.31522186482885
-1.1013767209011265	53.63390542061726
-1.0913642052565704	53.9398517124823
-1.0813516896120152	54.36025596805062
-1.0713391739674591	54.84967486820578
-1.061326658322903	55.366320493327954
-1.0513141426783479	55.7952986629723
-1.0413016270337918	56.14119299361722
-1.0312891113892366	56.59244439803
-1.0212765957446805	57.02759608409567
-1.0112640801001254	57.174020151188245
-1.0012515644555693	57.31785084190425
-0.9912390488110132	57.460502807936834
-0.981226533166458	57.64395083004524
-0.971214017521902	57.66081592359808
-0.9612015018773468	57.48853120143791
-0.9511889862327907	57.170803846978814
-0.9411764705882355	56.9118463629086
-0.9311639549436794	56.77958112619391
-0.9211514392991234	56.66753850411273
-0.9111389236545682	56.547399172406365
-0.9011264080100121	56.493338260278776
-0.8911138923654569	56.50029033364508
-0.8811013767209008	56.501707567796004
-0.8710888610763456	56.48013363220815
-0.8610763454317896	56.37774459033026
-0.8510638297872335	56.184791176256056
-0.8410513141426783	55.89243840751136
-0.8310387984981222	55.551737888831624
-0.821026282853567	55.18675207703221
-0.811013767209011	54.65477335389149
-0.8010012515644558	54.0085742418741
-0.7909887359198997	53.50176855406358
-0.7809762202753436	53.17530250524458
-0.7709637046307884	52.87067440542661
-0.7609511889862324	52.55979748448661
-0.7509386733416772	52.307033525302636
-0.7409261576971211	52.11777206234016
-0.7309136420525659	51.88660246125966
-0.7209011264080099	51.60906507383194
-0.7108886107634538	51.38228159817669
-0.7008760951188986	51.32314043378105
-0.6908635794743425	51.29371533441142
-0.6808510638297873	51.25820673604335
-0.6708385481852313	51.29828200633812
-0.6608260325406761	51.34139729470479
-0.65081351689612	51.200979095568535
-0.6408010012515639	50.81841930975405
-0.6307884856070087	50.31781822337505
-0.6207759699624527	49.860154568538356
-0.6107634543178975	49.53155584706937
-0.6007509386733414	49.39976487948179
-0.5907384230287862	49.37855349018194
-0.5807259073842301	49.339917766243424
-0.5707133917396741	49.21926719361466
-0.5607008760951189	49.121522587949094
-0.5506883604505628	49.111837913873266
-0.5406758448060076	49.15324136591829
-0.5306633291614515	49.145194423376346
-0.5206508135168963	49.002164878848106
-0.5106382978723403	48.7640251146591
-0.5006257822277842	48.60844193908451
-0.490613266583229	48.511776243346866
-0.48060075093867294	48.39264552204532
-0.47058823529411775	48.24915066581636
-0.4605757196495617	48.075818140003676
-0.4505632040050065	47.84046493516735
-0.4405506883604504	47.464705834508244
-0.43053817271589434	46.92909219087905
-0.42052565707133915	46.289687657260224
-0.4105131414267831	45.60433571796031
-0.4005006257822279	44.99233377941481
-0.3904881101376718	44.4802780040335
-0.38047559449311663	44.05314034411779
-0.37046307884856056	43.58135826790207
-0.3604505632040045	43.01789316402016
-0.3504380475594493	42.44919047495646
-0.3404255319148932	41.90963093025621
-0.33041301627033803	41.272492370347436
-0.32040050062578196	40.54438418663742
-0.3103879849812259	39.93431700910455
-0.3003754693366707	39.4930923575677
-0.2903629536921146	39.071228259364176
-0.28035043804755944	38.63762100142796
-0.27033792240300336	38.27614000131412
-0.2603254067584482	38.0638077570597
-0.2503128911138921	38.0215861701237
-0.24030037546933602	38.10779892726234
-0.23028785982478084	38.16555218695491
-0.22027534418022476	38.08371567490678
-0.21026282853566958	37.84875404034886
-0.2002503128911135	37.571493350322406
-0.19023779724655832	37.37969527917139
-0.18022528160200224	37.271340022917066
-0.17021276595744617	37.2060912961757
-0.16020025031289098	37.193561717015996
-0.1501877346683349	37.28344103639945
-0.14017521902377972	37.45366281212404
-0.13016270337922364	37.606050080283424
-0.12015018773466846	37.64771139411152
-0.11013767209011238	37.527345237034154
-0.10012515644555631	37.290848443288226
-0.09011264080100112	37.03972581189296
-0.08010012515644505	36.86557920280524
-0.07008760951188986	36.7471903949187
-0.060075093867333784	36.63128666165459
-0.0500625782227786	36.48703674368077
-0.04005006257822252	36.30374730079484
-0.030037546933666448	36.053367508428515
-0.02002503128911126	35.72892973624753
-0.010012515644555187	35.430946230992326
0.0	35.22701499431214
