-8.0	20.060401910823355
-7.989987484355444	20.8140015983257
-7.979974968710889	21.4342943510616
-7.969962453066333	21.904238845133456
-7.9599499374217775	22.29037561823285
-7.949937421777221	22.635267451851
-7.939924906132666	22.99695582113159
-7.92991239048811	23.3723892794181
-7.919899874843554	23.701428968682677
-7.909887359198999	24.019765657777338
-7.899874843554443	24.419757092446922
-7.889862327909888	24.898094757129098
-7.8798498122653315	25.339242066558672
-7.869837296620776	25.67568110227099
-7.85982478097622	25.906366503189705
-7.849812265331664	26.05438000047384
-7.839799749687109	26.151859347687683
-7.829787234042553	26.241942131739577
-7.819774718397998	26.354490274581483
-7.809762202753442	26.452847989835604
-7.7997496871088865	26.543300677784703
-7.78973717146433	26.691761301380854
-7.779724655819774	26.874986202337503
-7.769712140175219	27.029972450322425
-7.759699624530663	27.14154993365816
-7.749687108886108	27.17979199699797
-7.739674593241552	27.140277971523307
-7.729662077596997	27.088300700969942
-7.719649561952441	27.070071362202164
-7.7096370463078845	27.07483437480406
-7.699624530663329	27.06477416527771
-7.689612015018773	27.023016874117616
-7.679599499374218	26.997803771034675
-7.669586983729662	26.998824335646542
-7.659574468085107	26.98476657620003
-7.649561952440551	26.921835459049827
-7.639549436795995	26.793763448519936
-7.629536921151439	26.608399361429377
-7.619524405506883	26.380419950686615
-7.609511889862328	26.126854044528795
-7.599499374217772	25.860164824352218
-7.589486858573217	25.58420626232592
-7.579474342928661	25.310896693331227
-7.569461827284105	25.03487667744877
-7.55944931163955	24.728890143340884
-7.5494367959949935	24.371874345454895
-7.539424280350438	23.97356623461796
-7.529411764705882	23.55089348788105
-7.519399249061326	23.13263668319615
-7.509386733416771	22.7304245199724
-7.499374217772215	22.356059319091283
-7.48936170212766	22.036603276703907
-7.479349186483104	21.749077261635968
-7.4693366708385485	21.456072712189208
-7.459324155193992	21.186897405848978
-7.449311639549437	20.923090610248778
-7.439299123904881	20.63573187623837
-7.429286608260325	20.3245946127105
-7.41927409261577	19.98913856858339
-7.409261576971214	19.637667290478607
-7.399249061326659	19.303725932650988
-7.3892365456821025	19.035574820268653
-7.3792240300375465	18.841356288677147
-7.369211514392991	18.69837875641998
-7.359198998748435	18.586399280305045
-7.34918648310388	18.473046235864278
-7.339173967459324	18.32195162803798
-7.329161451814769	18.104630353780788
-7.319148936170213	17.80858854328756
-7.3091364205256575	17.44794233512141
-7.299123904881101	17.05034310554137
-7.289111389236545	16.63632519982619
-7.27909887359199	16.270032878024427
-7.269086357947434	16.047049171221936
-7.259073842302879	15.969669410579066
-7.249061326658323	15.956099601957568
-7.239048811013767	15.920885618645938
-7.2290362953692116	15.812774969065991
-7.2190237797246555	15.637127674354458
-7.2090112640801	15.44107862957027
-7.198998748435544	15.277737784557624
-7.188986232790989	15.12924440653882
-7.178973717146433	14.98747209221068
-7.168961201501878	14.864315419546973
-7.158948685857322	14.757622748728073
-7.148936170212766	14.64359191138857
-7.13892365456821	14.49742869802734
-7.128911138923654	14.357472265934623
-7.118898623279099	14.259291292730657
-7.108886107634543	14.191355071382167
-7.098873591989987	14.15081851290383
-7.088861076345432	14.119957183588516
-7.078848560700876	14.077424010051471
-7.068836045056321	14.019176375158885
-7.0588235294117645	13.939189258618482
-7.048811013767209	13.855744798775534
-7.038798498122653	13.784215743901282
-7.028785982478098	13.74542455563681
-7.018773466833542	13.77458678128042
-7.008760951188986	13.856141995026494
-6.998748435544431	13.942054496237967
-6.988735919899875	14.023974696378406
-6.9787234042553195	14.065094463094512
-6.968710888610763	14.07336833503249
-6.958698372966207	14.079549634066607
-6.948685857321652	14.104478263039356
-6.938673341677096	14.161519990129626
-6.928660826032541	14.295085018137636
-6.918648310387985	14.553683710732056
-6.908635794743429	14.879159057073036
-6.8986232790988735	15.143747308988774
-6.888610763454318	15.343528873782926
-6.878598247809762	15.524752611288758
-6.868585732165206	15.696879752069034
-6.858573216520651	15.794934389407501
-6.848560700876095	15.801331417695978
-6.83854818523154	15.768157166049075
-6.828535669586984	15.762870365432772
-6.818523153942428	15.867445022656067
-6.808510638297872	16.100149673862784
-6.798498122653316	16.431715967782274
-6.788485607008761	16.84281717568954
-6.778473091364205	17.320600595801416
-6.768460575719649	17.844221176421254
-6.758448060075094	18.4198118410905
-6.748435544430539	19.036783420531755
-6.7384230287859825	19.662016976695607
-6.7284105131414265	20.304189109111842
-6.718397997496871	20.987310526685324
-6.708385481852315	21.610271145867223
-6.69837296620776	22.036240088757562
-6.688360450563204	22.264545341406123
-6.678347934918648	22.483528981766632
-6.668335419274093	22.792282158143244
-6.658322903629537	23.234292742302166
-6.648310387984981	23.83341275402553
-6.638297872340425	24.52967417212063
-6.628285356695869	25.268581221382316
-6.618272841051314	26.072699628648188
-6.608260325406759	26.924395599786425
-6.598247809762203	27.74183578963498
-6.588235294117647	28.51890457914941
-6.578222778473092	29.348093660069946
-6.5682102628285355	30.195759669856766
-6.55819774718398	30.99825725412506
-6.548185231539424	31.83365674905119
-6.538172715894868	32.647001309506194
-6.528160200250313	33.40375442103841
-6.518147684605757	34.19100888893698
-6.508135168961202	35.03998972282008
-6.498122653316646	35.94133340215697
-6.4881101376720896	36.83834607035127
-6.478097622027534	37.71850480585638
-6.468085106382979	38.62335855022462
-6.458072590738423	39.6415381122283
-6.448060075093867	40.73185214930761
-6.438047559449312	41.807458146924695
-6.428035043804756	42.83589245641703
-6.418022528160201	43.78185137121013
-6.4080100125156445	44.634969110706045
-6.397997496871088	45.440313848314446
-6.387984981226533	46.212903168291064
-6.377972465581977	46.98644251783001
-6.367959949937422	47.706723812796135
-6.357947434292866	48.35601134884883
-6.34793491864831	49.05693257462199
-6.337922403003755	49.82176566996373
-6.3279098873591995	50.606104306784665
-6.317897371714643	51.388944943166955
-6.307884856070087	52.212962703005175
-6.297872340425532	53.05929217704463
-6.287859824780976	53.832982204601464
-6.277847309136421	54.576370910228974
-6.267834793491865	55.24460403032143
-6.257822277847309	55.82368647517167
-6.2478097622027535	56.32906899165921
-6.2377972465581975	56.728195813861426
-6.227784730913642	56.93646930251593
-6.217772215269086	56.962605814911996
-6.20775969962453	57.02312744753595
-6.197747183979975	57.16426549351226
-6.18773466833542	57.332181234826194
-6.177722152690864	57.52478667713662
-6.167709637046308	57.71857922756659
-6.157697121401752	57.88409296697953
-6.147684605757196	58.010071689217874
-6.137672090112641	58.042183404533354
-6.127659574468085	58.027694032640085
-6.117647058823529	57.9732140810417
-6.107634543178974	57.80628065987422
-6.097622027534418	57.66541390291659
-6.0876095118898625	57.5908329301835
-6.0775969962453065	57.511958300242355
-6.06758448060075	57.383069311229946
-6.057571964956195	57.28312176189037
-6.04755944931164	57.16793262509632
-6.037546933667084	56.92189271743037
-6.027534418022528	56.61097475223607
-6.017521902377973	56.28208982194229
-6.007509386733417	55.95143011502336
-5.997496871088861	55.60785927327771
-5.987484355444305	55.35565959749248
-5.977471839799749	55.15574894468166
-5.967459324155194	54.802101220586636
-5.957446808510639	54.34215975025676
-5.947434292866083	53.79321354306182
-5.937421777221527	53.069145374905446
-5.927409261576971	52.390889135742
-5.9173967459324155	51.75013797770161
-5.90738423028786	51.06006763969778
-5.897371714643304	50.3102523595861
-5.887359198998748	49.60495790834313
-5.877346683354192	48.76493723740503
-5.867334167709637	47.94360583660744
-5.857321652065082	47.175920784362674
-5.847309136420526	46.34907609392557
-5.83729662077597	45.535568149084554
-5.827284105131414	44.733018528408486
-5.817271589486858	44.001367560195305
-5.807259073842303	43.32573049385035
-5.797246558197747	42.52803650634649
-5.787234042553191	41.67966244827054
-5.777221526908636	40.9104347010906
-5.767209011264081	40.125456761027124
-5.7571964956195245	39.382019405290144
-5.747183979974968	38.7022463113914
-5.737171464330412	38.04032775433577
-5.727158948685857	37.58103689562875
-5.717146433041302	37.009631350480916
-5.707133917396746	36.14801839947498
-5.69712140175219	35.105509596521216
-5.687108886107635	33.93756314583221
-5.677096370463079	32.949079756231896
-5.667083854818523	32.14572951765153
-5.657071339173967	31.218682561797877
-5.647058823529411	30.216346517063723
-5.637046307884856	29.437556152061166
-5.627033792240301	28.740050893252807
-5.617021276595745	28.031791050505397
-5.607008760951189	27.443190364900147
-5.596996245306633	26.943715612735332
-5.5869837296620775	26.37286357463073
-5.576971214017522	25.876080169990022
-5.566958698372966	25.4638811290081
-5.55694618272841	25.066426952537064
-5.546933667083855	24.837876529847765
-5.536921151439299	24.690996340509216
-5.526908635794744	24.363924677780474
-5.516896120150188	24.047560801783032
-5.5068836045056315	23.839811990538355
-5.496871088861076	23.592841323498472
-5.486858573216521	23.447842055005058
-5.476846057571965	23.233089206279907
-5.466833541927409	22.897706752537438
-5.456821026282853	22.653877471640328
-5.446808510638298	22.36347265215042
-5.4367959949937426	22.157523839891432
-5.4267834793491865	22.00736896637862
-5.41677096370463	21.93072300128518
-5.406758448060075	21.87002129616136
-5.396745932415519	21.711573467788792
-5.386733416770964	21.617823149763574
-5.376720901126408	21.545895345814824
-5.366708385481852	21.486596649553515
-5.356695869837297	21.192795851895553
-5.346683354192741	20.951910353613815
-5.336670838548185	20.848189395454032
-5.326658322903629	20.805803524740366
-5.316645807259073	20.77095648273223
-5.306633291614518	20.73541433559921
-5.296620775969963	20.633839312742612
-5.286608260325407	20.587696793878003
-5.276595744680851	20.568546830086532
-5.2665832290362955	20.565097708691216
-5.256570713391739	20.564409836875882
-5.246558197747184	20.563963041585332
-5.236545682102628	20.56357475144474
-5.226533166458072	20.562729225821574
-5.216520650813517	20.548080389135382
-5.206508135168962	20.53980682303298
-5.196495619524406	20.514618872955065
-5.18648310387985	20.487620100353475
-5.1764705882352935	20.467090760403803
-5.166458072590738	20.460351516396933
-5.156445556946183	20.459236661047104
-5.146433041301627	20.458990686446104
-5.136420525657071	20.45886486552173
-5.126408010012516	20.45876426465488
-5.11639549436796	20.458676121518195
-5.1063829787234045	20.458597800640643
-5.0963704630788484	20.458528025934378
-5.086357947434292	20.458465802477505
-5.076345431789737	20.458410270974678
-5.066332916145182	20.458360677127235
-5.056320400500626	20.45831635666911
-5.04630788485607	20.458276723807465
-5.036295369211514	20.458241261373374
-5.026282853566959	20.458209512296797
-5.016270337922403	20.458181072204837
-5.006257822277847	20.458155582986095
-4.996245306633291	20.458132727188364
-4.986232790988735	20.458112223136027
-4.97622027534418	20.458093820669472
-4.966207759699625	20.458077297422815
-4.956195244055069	20.458062455568026
-4.946182728410513	20.45804908035309
-4.9361702127659575	20.45170625307351
-4.926157697121402	20.43406888917224
-4.916145181476846	20.37503543720976
-4.90613266583229	20.335304949676186
-4.896120150187734	20.335295123421794
-4.886107634543179	20.33528859046289
-4.876095118898624	20.338846606261864
-4.866082603254068	20.338840799035154
-4.8560700876095115	20.290313613729097
-4.8460575719649555	20.107086722587034
-4.8360450563204	20.073401341668855
-4.826032540675845	19.95010043049644
-4.816020025031289	19.93066634781803
-4.806007509386733	19.889351508060766
-4.795994993742178	19.768508092268274
-4.785982478097623	19.561932741733045
-4.7759699624530665	19.399617988512972
-4.76595744680851	19.394197917908595
-4.755944931163954	19.42955542433567
-4.745932415519399	19.07768834081267
-4.735919899874844	18.94525016509536
-4.725907384230288	19.138567978239724
-4.715894868585732	19.126231778374247
-4.705882352941176	19.045905365988357
-4.6958698372966206	19.04947468738421
-4.685857321652065	19.123623662202842
-4.675844806007509	18.926681450494428
-4.665832290362953	18.895416645574088
-4.655819774718398	18.92051169022476
-4.645807259073843	18.811325851242334
-4.635794743429287	18.869970352905124
-4.625782227784731	18.993067961476537
-4.615769712140175	19.386525877950618
-4.605757196495619	19.285282692181223
-4.595744680851064	19.150435467505346
-4.585732165206508	19.10455446518302
-4.575719649561952	19.08588596278458
-4.565707133917396	18.901674271735033
-4.555694618272841	18.826806796179458
-4.545682102628286	18.82252436458444
-4.53566958698373	18.868951574763628
-4.5256570713391735	19.297861192870783
-4.515644555694618	19.292769568199617
-4.505632040050063	19.40764415470835
-4.495619524405507	19.54568052632324
-4.485607008760951	19.58849288035593
-4.475594493116395	19.76196611474912
-4.46558197747184	19.7983240599401
-4.4555694618272845	19.81510891921584
-4.4455569461827285	19.756550286282906
-4.435544430538172	19.709142569348458
-4.425531914893616	19.713839255048907
-4.415519399249061	19.713880109701353
-4.405506883604506	19.713921781511605
-4.39549436795995	19.713964281628527
-4.385481852315394	19.82707294741513
-4.375469336670839	19.82680911777637
-4.365456821026283	19.826854167161766
-4.355444305381727	19.928007613940995
-4.345431789737171	19.92809469275052
-4.335419274092615	19.928142390809274
-4.32540675844806	19.92819099477076
-4.315394242803505	19.928240516739
-4.305381727158949	19.892374782520395
-4.295369211514393	19.92121240905613
-4.285356695869837	19.92126785480949
-4.275344180225281	19.921321188915115
-4.265331664580726	19.921375517427546
-4.25531914893617	19.9214308609164
-4.245306633291614	19.921487242912445
-4.235294117647059	19.921544690667105
-4.225281602002504	19.921603236090597
-4.215269086357948	19.921662916910787
-4.2052565707133915	19.921723778106916
-4.1952440550688355	19.921785873691586
-4.18523153942428	19.921849268950492
-4.175219023779725	19.92191404332941
-4.165206508135169	19.921980294360722
-4.155193992490613	19.922048143586903
-4.145181476846057	19.922117747098707
-4.135168961201502	19.92218931837069
-4.1251564455569465	19.922263186901304
-4.11514392991239	19.92233996649342
-4.105131414267834	19.92242106918539
-4.095118898623279	19.922510328321078
-4.085106382978723	19.922619218363803
-4.075093867334168	19.922783772902893
-4.065081351689612	19.92311905327286
-4.055068836045056	19.92398676406251
-4.045056320400501	19.926426795222955
-4.035043804755945	19.9326223384337
-4.025031289111389	19.943881315413286
-4.015018773466833	19.968516124976794
-4.005006257822277	20.018922441888137
-3.994993742177722	20.10409483338855
-3.9849812265331668	20.13702577374065
-3.9749687108886107	20.152334986391296
-3.9649561952440546	20.17787580988012
-3.9549436795994994	20.221567887061077
-3.9449311639549434	20.247678700822263
-3.934918648310388	20.344253128730603
-3.924906132665832	20.372832610524355
-3.914893617021277	20.390528969993348
-3.904881101376721	20.513149655960436
-3.8948685857321648	20.63325468389659
-3.8848560700876096	20.776776434910275
-3.8748435544430535	20.984153804452564
-3.8648310387984983	21.269503703126425
-3.8548185231539422	21.428580758077896
-3.844806007509387	21.629045746148048
-3.834793491864831	21.779881863285766
-3.824780976220275	22.004612716106674
-3.8147684605757197	22.16088851491125
-3.8047559449311636	22.44016800195586
-3.7947434292866085	22.708834654490836
-3.7847309136420524	22.97188167070234
-3.774718397997497	23.34262086947044
-3.764705882352941	23.58305295331119
-3.754693366708385	23.951541329289686
-3.74468085106383	24.392315229484662
-3.734668335419274	24.964121654109874
-3.7246558197747186	25.601582250701433
-3.7146433041301625	26.22634456197759
-3.7046307884856065	26.731396370569396
-3.6946182728410513	27.11341562588372
-3.684605757196495	27.410186044594113
-3.67459324155194	27.788081750630656
-3.664580725907384	28.184958681335228
-3.6545682102628287	28.620364345856903
-3.6445556946182727	29.1144577670437
-3.6345431789737166	29.451944834604493
-3.6245306633291614	29.901077478812358
-3.6145181476846053	30.459013775509124
-3.60450563204005	31.182507564887185
-3.594493116395494	31.846006329578284
-3.584480600750939	32.47970472887388
-3.574468085106383	33.20722250500961
-3.5644555694618267	33.78963759395009
-3.5544430538172715	34.39522964680312
-3.5444305381727155	35.11625454083744
-3.5344180225281603	35.68922606021
-3.524405506883604	36.11706934547815
-3.514392991239049	36.52239697290407
-3.504380475594493	36.829643543299206
-3.494367959949937	37.011418440894715
-3.4843554443053817	37.20953866445313
-3.4743429286608256	37.322623781230064
-3.4643304130162704	37.53793452997668
-3.4543178973717144	37.758439977249296
-3.444305381727159	37.902453335990586
-3.434292866082603	38.026627410662755
-3.424280350438047	38.26436347998964
-3.414267834793492	38.628362673584576
-3.4042553191489358	38.74453843202395
-3.3942428035043806	38.79512867800591
-3.3842302878598245	38.853472784052165
-3.3742177722152693	38.93003420883276
-3.3642052565707132	39.04292855668011
-3.354192740926157	38.98279869604103
-3.344180225281602	38.83030881490516
-3.334167709637046	38.65386580322466
-3.3241551939924907	38.393608069514386
-3.3141426783479346	38.04974149657871
-3.3041301627033794	37.6808148678798
-3.2941176470588234	37.31894374916837
-3.2841051314142673	36.93591675761855
-3.274092615769712	36.55985992952885
-3.264080100125156	36.164413236627645
-3.254067584480601	35.55928511656665
-3.2440550688360448	35.107025706812365
-3.2340425531914896	34.53998844144602
-3.2240300375469335	33.840628541960925
-3.2140175219023774	33.077281786349666
-3.2040050062578223	32.61852099977071
-3.193992490613266	31.967059043742967
-3.183979974968711	31.35794459421171
-3.173967459324155	30.668537742378774
-3.1639549436795997	29.87918148598662
-3.1539424280350437	29.218036506538116
-3.1439299123904876	28.698461445012438
-3.1339173967459324	28.28578787560029
-3.1239048811013763	27.878463408383414
-3.113892365456821	27.31049967219431
-3.103879849812265	26.808740434957095
-3.09386733416771	26.403568249362525
-3.083854818523154	26.06655933115272
-3.0738423028785977	25.637729557716423
-3.0638297872340425	25.25722072961329
-3.0538172715894865	24.83823031809723
-3.0438047559449313	24.418787448584883
-3.033792240300375	24.080638873512132
-3.02377972465582	23.707134205478425
-3.013767209011264	23.291221899697646
-3.003754693366708	22.73618292314518
-2.9937421777221527	22.272272165610914
-2.9837296620775966	21.956915956952095
-2.9737171464330414	21.58170779213361
-2.9637046307884853	21.217388117722614
-2.95369211514393	21.069131996940055
-2.943679599499374	20.852223607334107
-2.933667083854818	20.596989780483675
-2.923654568210263	20.24273196150223
-2.9136420525657067	19.884957743358733
-2.9036295369211516	19.66246540036349
-2.8936170212765955	19.48233056463613
-2.8836045056320403	19.256048029903106
-2.873591989987484	18.976491247598453
-2.863579474342928	18.75966674340193
-2.853566958698373	18.574923853635173
-2.843554443053817	18.367621458657073
-2.8335419274092617	18.25138631843547
-2.8235294117647056	18.111840694355948
-2.8135168961201504	18.007835022519494
-2.8035043804755944	18.02529157095136
-2.7934918648310383	17.94482220673996
-2.783479349186483	17.899945871842323
-2.773466833541927	17.800630845835098
-2.763454317897372	17.677736686827878
-2.7534418022528158	17.628314464806163
-2.7434292866082606	17.60686395446773
-2.7334167709637045	17.583588267382694
-2.7234042553191484	17.741810951584913
-2.7133917396745932	17.91732333363439
-2.703379224030037	17.869196987546342
-2.693366708385482	17.77422562611693
-2.683354192740926	17.708349651564607
-2.6733416770963707	17.779172178815095
-2.6633291614518146	17.71317660410269
-2.6533166458072586	17.830163761138117
-2.6433041301627034	17.881420202684588
-2.6332916145181473	17.837887925073677
-2.623279098873592	17.860640675126238
-2.613266583229036	17.938201328979385
-2.603254067584481	18.348470476629426
-2.593241551939925	18.503774453231372
-2.5832290362953687	18.737594270032016
-2.5732165206508135	19.01232810447798
-2.5632040050062574	19.310062845707854
-2.5531914893617023	19.6267977139665
-2.543178973717146	19.758925941936553
-2.533166458072591	19.786602706076206
-2.523153942428035	20.14572312230085
-2.513141426783479	20.24660215313359
-2.5031289111389237	20.437931987479484
-2.4931163954943676	20.486358589828004
-2.4831038798498124	20.69004500664002
-2.4730913642052563	21.00024227917087
-2.463078848560701	21.17176744874728
-2.453066332916145	21.295717816679012
-2.443053817271589	21.499157246819543
-2.433041301627034	21.73494822280414
-2.4230287859824777	21.875229310075095
-2.4130162703379225	21.948897004338423
-2.4030037546933665	22.067731029539175
-2.3929912390488113	22.120213879400143
-2.382978723404255	22.316359966815423
-2.372966207759699	22.615993166742108
-2.362953692115144	22.87804496693963
-2.352941176470588	22.97051106616018
-2.3429286608260327	23.110705937015588
-2.3329161451814766	23.22815925259048
-2.3229036295369214	23.361002514518926
-2.3128911138923653	23.518341313065765
-2.3028785982478093	23.991554896612133
-2.292866082603254	24.273682075613756
-2.282853566958698	24.432902625276963
-2.272841051314143	24.567553177056542
-2.2628285356695867	24.66021103768499
-2.2528160200250316	24.75014604127455
-2.2428035043804755	24.967417499244704
-2.2327909887359194	25.226799761610735
-2.2227784730913642	25.49342560391609
-2.212765957446808	25.72468516775552
-2.202753441802253	25.907906743379435
-2.192740926157697	26.18233454234514
-2.1827284105131417	26.528048598734003
-2.1727158948685856	26.89208358011135
-2.1627033792240296	27.39059538851548
-2.1526908635794744	27.764141583452414
-2.1426783479349183	28.15044425532001
-2.132665832290363	28.59215812515672
-2.122653316645807	29.06913279198895
-2.112640801001252	29.596152544720766
-2.1026282853566958	30.047064985321313
-2.0926157697121397	30.388824390883507
-2.0826032540675845	30.786110850663583
-2.0725907384230284	31.20751803914821
-2.0625782227784732	31.69905431533985
-2.052565707133917	32.05533563818363
-2.042553191489362	32.333491733950716
-2.032540675844806	32.656076496444136
-2.02252816020025	33.11138670931283
-2.0125156445556946	33.63307181125122
-2.0025031289111386	34.202922956375765
-1.9924906132665834	34.76113199383504
-1.9824780976220273	35.02601933234839
-1.9724655819774712	35.23774274617938
-1.962453066332916	35.58640205426496
-1.95244055068836	36.01905922263171
-1.9424280350438048	36.47623591001283
-1.9324155193992487	36.687650331525525
-1.9224030037546935	36.68878277162744
-1.9123904881101375	36.72847398058762
-1.9023779724655814	36.786437215879175
-1.8923654568210262	36.86167062062801
-1.8823529411764701	36.95796839045039
-1.872340425531915	36.93088820469557
-1.8623279098873589	36.77462963232214
-1.8523153942428037	36.58162253725677
-1.8423028785982476	36.29699569543341
-1.8322903629536915	35.92269860968856
-1.8222778473091363	35.67622063570318
-1.8122653316645803	35.45196137300362
-1.802252816020025	35.309802932427004
-1.792240300375469	35.01271103971933
-1.7822277847309138	34.59723476397414
-1.7722152690863577	34.15034072216647
-1.7622027534418017	33.729909956452836
-1.7521902377972465	33.25309142335342
-1.7421777221526904	32.906491409179644
-1.7321652065081352	32.683885346764335
-1.7221526908635791	32.511790243360956
-1.712140175219024	32.037157299894325
-1.7021276595744679	31.441398134286697
-1.6921151439299118	31.110229465155943
-1.6821026282853566	30.843133984028466
-1.6720901126408005	30.56966795616104
-1.6620775969962454	30.320622552126142
-1.6520650813516893	30.05720309416984
-1.642052565707134	29.61073475305891
-1.632040050062578	29.12892406189634
-1.622027534418022	28.582538997241212
-1.6120150187734668	28.06756023113794
-1.6020025031289107	27.530034644379093
-1.5919899874843555	27.045985112460812
-1.5819774718397994	26.554872946749157
-1.5719649561952442	25.88237687599383
-1.5619524405506882	25.082675573726892
-1.551939924906132	24.59587876686147
-1.541927409261577	24.096002028541847
-1.5319148936170208	23.553360942245504
-1.5219023779724656	23.144508434820764
-1.5118898623279096	22.745840596890947
-1.5018773466833544	22.315830094295126
-1.4918648310387983	22.000948434736486
-1.4818523153942422	21.573302427716463
-1.471839799749687	21.15034252119946
-1.461827284105131	20.814334166760183
-1.4518147684605758	20.503133366549477
-1.4418022528160197	20.032524093848565
-1.4317897371714645	19.759681561627566
-1.4217772215269084	19.42828582204516
-1.4117647058823524	19.067462169376743
-1.4017521902377972	18.78301983901347
-1.391739674593241	18.33303115410375
-1.381727158948686	18.012546168219355
-1.3717146433041298	17.71625958805847
-1.3617021276595747	17.4072884170635
-1.3516896120150186	17.04257958732908
-1.3416770963704625	16.841934567990965
-1.3316645807259073	16.591727965582404
-1.3216520650813512	16.36286351092091
-1.311639549436796	16.169735528890744
-1.30162703379224	15.88009606621825
-1.2916145181476848	15.69703432140402
-1.2816020025031287	15.498089855425796
-1.2715894868585726	15.35662528589789
-1.2615769712140175	15.210156512517427
-1.2515644555694614	14.982157024591821
-1.2415519399249062	14.953099726882314
-1.2315394242803501	14.882664102316602
-1.221526908635795	14.688978132701484
-1.2115143929912389	14.513796861009334
-1.2015018773466828	14.364542859524576
-1.1914893617021276	14.11264376381385
-1.1814768460575715	14.035043616234946
-1.1714643304130163	14.090740348316318
-1.1614518147684603	14.219276199666616
-1.151439299123905	14.357911441345566
-1.141426783479349	14.468371151424549
-1.131414267834793	14.586356178714011
-1.1214017521902377	14.701299657673019
-1.1113892365456817	14.734050163294382
-1.1013767209011265	14.726844139885744
-1.0913642052565704	14.770781726636425
-1.0813516896120152	14.821179940843148
-1.0713391739674591	14.891614400486374
-1.061326658322903	14.925359668938013
-1.0513141426783479	14.97756321797905
-1.0413016270337918	15.062417523635313
-1.0312891113892366	15.18747463130372
-1.0212765957446805	15.384030940400661
-1.0112640801001254	15.576992332821488
-1.0012515644555693	15.717495573403985
-0.9912390488110132	15.86622302910017
-0.981226533166458	16.010369387233943
-0.971214017521902	16.117979085664363
-0.9612015018773468	16.08156600582018
-0.9511889862327907	15.968689802102427
-0.9411764705882355	15.914163491548218
-0.9311639549436794	15.898968015647855
-0.9211514392991234	15.951563374922234
-0.9111389236545682	16.073152736335363
-0.9011264080100121	16.225887328500978
-0.8911138923654569	16.39112133069656
-0.8811013767209008	16.572196759813096
-0.8710888610763456	16.793696804724686
-0.8610763454317896	17.020737679461206
-0.8510638297872335	17.204580157495172
-0.8410513141426783	17.359060426294757
-0.8310387984981222	17.547009755604947
-0.821026282853567	17.762988889909224
-0.811013767209011	18.016920908863
-0.8010012515644558	18.312830081781435
-0.7909887359198997	18.598705447466813
-0.7809762202753436	18.81840162082025
-0.7709637046307884	19.01767028247309
-0.7609511889862324	19.239198205941324
-0.7509386733416772	19.481881083599266
-0.7409261576971211	19.683084296011973
-0.7309136420525659	19.86611091944428
-0.7209011264080099	20.091385582412855
-0.7108886107634538	20.34733589121388
-0.7008760951188986	20.618417825452386
-0.6908635794743425	20.982784825623
-0.6808510638297873	21.41831476248274
-0.6708385481852313	21.84260064240016
-0.6608260325406761	22.26974498001682
-0.65081351689612	22.66809635591083
-0.6408010012515639	23.05201304765446
-0.6307884856070087	23.487132292711525
-0.6207759699624527	23.945857454819212
-0.6107634543178975	24.423449550176407
-0.6007509386733414	24.91415381669803
-0.5907384230287862	25.305892591339635
-0.5807259073842301	25.578208242443747
-0.5707133917396741	25.763641433930466
-0.5607008760951189	25.903837986257965
-0.5506883604505628	26.02537200516632
-0.5406758448060076	26.202277332158545
-0.5306633291614515	26.614736600048946
-0.5206508135168963	27.105974331835583
-0.5106382978723403	27.397961850510224
-0.5006257822277842	27.570175563799364
-0.490613266583229	27.804567713359607
-0.48060075093867294	28.06661020377903
-0.47058823529411775	28.30962353413605
-0.4605757196495617	28.599825927778927
-0.4505632040050065	28.93786487527344
-0.4405506883604504	29.25275772635645
-0.43053817271589434	29.494494802272605
-0.42052565707133915	29.675565398645578
-0.4105131414267831	29.848496103009648
-0.4005006257822279	30.06442377310052
-0.3904881101376718	30.344875164086936
-0.38047559449311663	30.62951840775201
-0.37046307884856056	30.771468326794942
-0.3604505632040045	30.830120532222026
-0.3504380475594493	30.955231100358823
-0.3404255319148932	31.15041039200277
-0.33041301627033803	31.349061647712755
-0.32040050062578196	31.52582407295221
-0.3103879849812259	31.61198118929343
-0.3003754693366707	31.644849488900103
-0.2903629536921146	31.67765338995781
-0.28035043804755944	31.690017546530104
-0.27033792240300336	31.670349330096396
-0.2603254067584482	31.67559781139705
-0.2503128911138921	31.696706033598495
-0.24030037546933602	31.440246886180578
-0.23028785982478084	30.85883822221593
-0.22027534418022476	30.184766978195572
-0.21026282853566958	29.639486018174622
-0.2002503128911135	29.233366625448642
-0.19023779724655832	28.873335079249845
-0.18022528160200224	28.54734209152526
-0.17021276595744617	28.19598581238957
-0.16020025031289098	27.83691661427411
-0.1501877346683349	27.439029240590624
-0.14017521902377972	27.00746546693053
-0.13016270337922364	26.54149006679222
-0.12015018773466846	26.01081990005599
-0.11013767209011238	25.475653019741518
-0.10012515644555631	24.944667825998042
-0.09011264080100112	24.327157375313575
-0.08010012515644505	23.623127208731887
-0.07008760951188986	22.947177554076138
-0.060075093867333784	22.205466489268773
-0.0500625782227786	21.530619588025278
-0.04005006257822252	21.00273084831084
-0.030037546933666448	20.465454469580894
-0.02002503128911126	19.911108086123253
-0.010012515644555187	19.25231628313892
0.0	18.534096352851336
