-8.0	3.450384106991777
-7.989987484355444	3.5580019675227237
-7.979974968710889	3.650380659038401
-7.969962453066333	3.7211691201593564
-7.9599499374217775	3.775826274346077
-7.949937421777221	3.8251055788810224
-7.939924906132666	3.8750988958881996
-7.92991239048811	3.9240371751224523
-7.919899874843554	3.9686787797682164
-7.909887359198999	4.013059668173051
-7.899874843554443	4.069972668491903
-7.889862327909888	4.152938172864662
-7.8798498122653315	4.265849899481388
-7.869837296620776	4.399188244018839
-7.85982478097622	4.534731166371543
-7.849812265331664	4.653869028141824
-7.839799749687109	4.7447474634752504
-7.829787234042553	4.806895808340642
-7.819774718397998	4.852333716889508
-7.809762202753442	4.90088574706636
-7.7997496871088865	4.970158061969488
-7.78973717146433	5.066113556777765
-7.779724655819774	5.1810794602319525
-7.769712140175219	5.299934012529099
-7.759699624530663	5.408697301831583
-7.749687108886108	5.49968471187438
-7.739674593241552	5.572494288854294
-7.729662077596997	5.63338916108146
-7.719649561952441	5.693555302065599
-7.7096370463078845	5.763721074598432
-7.699624530663329	5.8452426683324585
-7.689612015018773	5.924530233268224
-7.679599499374218	5.978918942985671
-7.669586983729662	5.992666694194697
-7.659574468085107	5.970590759323882
-7.649561952440551	5.93739332973882
-7.639549436795995	5.923277253541763
-7.629536921151439	5.947388681282508
-7.619524405506883	6.010120656077793
-7.609511889862328	6.097390971763121
-7.599499374217772	6.192697176384285
-7.589486858573217	6.2883450368152936
-7.579474342928661	6.3868083088597825
-7.569461827284105	6.490268316401922
-7.55944931163955	6.588541427018103
-7.5494367959949935	6.660106216990833
-7.539424280350438	6.6890501400356195
-7.529411764705882	6.682811160977049
-7.519399249061326	6.672127963872938
-7.509386733416771	6.6911821581517215
-7.499374217772215	6.754643420228119
-7.48936170212766	6.849287157297361
-7.479349186483104	6.942857381576475
-7.4693366708385485	7.000268544316582
-7.459324155193992	6.997394159029584
-7.449311639549437	6.928934495838443
-7.439299123904881	6.8099175151927875
-7.429286608260325	6.670220786953411
-7.41927409261577	6.542709936383918
-7.409261576971214	6.449330668901142
-7.399249061326659	6.392606601639693
-7.3892365456821025	6.358122055794619
-7.3792240300375465	6.325799290979455
-7.369211514392991	6.280551888800364
-7.359198998748435	6.214768020716053
-7.34918648310388	6.124703481123676
-7.339173967459324	6.0084976287366585
-7.329161451814769	5.868383261888506
-7.319148936170213	5.711603098632395
-7.3091364205256575	5.54528425610734
-7.299123904881101	5.369296417022432
-7.289111389236545	5.1757685872730015
-7.27909887359199	4.95767684099983
-7.269086357947434	4.7189776853299525
-7.259073842302879	4.476349006118743
-7.249061326658323	4.250121763433585
-7.239048811013767	4.0521221102481935
-7.2290362953692116	3.8813363749142216
-7.2190237797246555	3.7312259344564143
-7.2090112640801	3.6017618823441717
-7.198998748435544	3.5052346822962748
-7.188986232790989	3.460969639414712
-7.178973717146433	3.4837126573532378
-7.168961201501878	3.5751012185663016
-7.158948685857322	3.72474557124674
-7.148936170212766	3.920055405845677
-7.13892365456821	4.156434827836933
-7.128911138923654	4.437292978412834
-7.118898623279099	4.761492733892691
-7.108886107634543	5.109750576883082
-7.098873591989987	5.445351036109383
-7.088861076345432	5.730667264933283
-7.078848560700876	5.944376679011879
-7.068836045056321	6.084849929759013
-7.0588235294117645	6.160913693406563
-7.048811013767209	6.182089463950965
-7.038798498122653	6.155804218996355
-7.028785982478098	6.088439592202196
-7.018773466833542	5.984454935881619
-7.008760951188986	5.844221916567436
-6.998748435544431	5.665942529945394
-6.988735919899875	5.45292337053345
-6.9787234042553195	5.220046449098228
-6.968710888610763	4.9923764300879405
-6.958698372966207	4.79555151677345
-6.948685857321652	4.644503235743195
-6.938673341677096	4.538167287726931
-6.928660826032541	4.463017278192759
-6.918648310387985	4.401499975715422
-6.908635794743429	4.338744599714112
-6.8986232790988735	4.264689763163411
-6.888610763454318	4.173791829598397
-6.878598247809762	4.064851646577415
-6.868585732165206	3.941014838214104
-6.858573216520651	3.809230533216777
-6.848560700876095	3.679016109316154
-6.83854818523154	3.5602297739026008
-6.828535669586984	3.4596509152333956
-6.818523153942428	3.3774035343673035
-6.808510638297872	3.3051838020597
-6.798498122653316	3.227829983507875
-6.788485607008761	3.128490053192574
-6.778473091364205	2.9958733612065678
-6.768460575719649	2.8302364030596565
-6.758448060075094	2.6444505921884303
-6.748435544430539	2.4589313283062064
-6.7384230287859825	2.2929688271032647
-6.7284105131414265	2.1574454001283603
-6.718397997496871	2.0535614116615535
-6.708385481852315	1.978615612444815
-6.69837296620776	1.9343477816519297
-6.688360450563204	1.9302876661741997
-6.678347934918648	1.9781352970924249
-6.668335419274093	2.0813066179756863
-6.658322903629537	2.228974043130451
-6.648310387984981	2.400801543711953
-6.638297872340425	2.5789725343663026
-6.628285356695869	2.7566932327123825
-6.618272841051314	2.935587151677139
-6.608260325406759	3.115923897681694
-6.598247809762203	3.290155811104451
-6.588235294117647	3.444339580569008
-6.578222778473092	3.5630626475020284
-6.5682102628285355	3.6331897622077047
-6.55819774718398	3.6469397178169
-6.548185231539424	3.605542970593546
-6.538172715894868	3.5210731465201692
-6.528160200250313	3.4132834550343
-6.518147684605757	3.3020387698587177
-6.508135168961202	3.1995289656484935
-6.498122653316646	3.1067225627187045
-6.4881101376720896	3.016063760334252
-6.478097622027534	2.91874515426952
-6.468085106382979	2.8116670781341866
-6.458072590738423	2.6990758161797173
-6.448060075093867	2.588234755412436
-6.438047559449312	2.4838283937447203
-6.428035043804756	2.3863478938535847
-6.418022528160201	2.294885272799213
-6.4080100125156445	2.210328683773056
-6.397997496871088	2.135622479160481
-6.387984981226533	2.073831143435551
-6.377972465581977	2.026747921523658
-6.367959949937422	1.9943801969726889
-6.357947434292866	1.9731150731582796
-6.34793491864831	1.9527544250744449
-6.337922403003755	1.9169186580700508
-6.3279098873591995	1.849868660598817
-6.317897371714643	1.745828874709441
-6.307884856070087	1.6135510869062866
-6.297872340425532	1.4734975655000158
-6.287859824780976	1.350962814385776
-6.277847309136421	1.2687534049346287
-6.267834793491865	1.240258288772765
-6.257822277847309	1.2639969245843516
-6.2478097622027535	1.3232235292996661
-6.2377972465581975	1.3929525176092212
-6.227784730913642	1.4510704258713039
-6.217772215269086	1.4863983748857692
-6.20775969962453	1.4992063417834602
-6.197747183979975	1.4956094535370223
-6.18773466833542	1.4807643868227671
-6.177722152690864	1.4553491246051966
-6.167709637046308	1.4173304662487105
-6.157697121401752	1.367614780829033
-6.147684605757196	1.314833288917105
-6.137672090112641	1.2742363715573466
-6.127659574468085	1.2601516729262978
-6.117647058823529	1.2769871042560372
-6.107634543178974	1.3149803632138592
-6.097622027534418	1.3535587523308232
-6.0876095118898625	1.371006327742345
-6.0775969962453065	1.3559912883724383
-6.06758448060075	1.314495431190975
-6.057571964956195	1.2669098966979033
-6.04755944931164	1.2361718445934886
-6.037546933667084	1.2347848868894082
-6.027534418022528	1.2594945797648045
-6.017521902377973	1.2960603354729425
-6.007509386733417	1.3291737742144867
-5.997496871088861	1.350320663619071
-5.987484355444305	1.359544736503427
-5.977471839799749	1.3618854980920803
-5.967459324155194	1.3623017810463285
-5.957446808510639	1.3627363487687993
-5.947434292866083	1.3624914369746812
-5.937421777221527	1.360726830080148
-5.927409261576971	1.3590465686994313
-5.9173967459324155	1.3621372757694792
-5.90738423028786	1.375155870979624
-5.897371714643304	1.3990326472926309
-5.887359198998748	1.4277124863741455
-5.877346683354192	1.4508555298708123
-5.867334167709637	1.4608454731075167
-5.857321652065082	1.4585007038918396
-5.847309136420526	1.4524496213037674
-5.83729662077597	1.4525611304058212
-5.827284105131414	1.4630961308287413
-5.817271589486858	1.4812685482516856
-5.807259073842303	1.5016735248743889
-5.797246558197747	1.5219517999428722
-5.787234042553191	1.5448749070784342
-5.777221526908636	1.5757437144925344
-5.767209011264081	1.6174364407404596
-5.7571964956195245	1.666638032438352
-5.747183979974968	1.7140458227354884
-5.737171464330412	1.7489657884210097
-5.727158948685857	1.7655548313798608
-5.717146433041302	1.7663472885749723
-5.707133917396746	1.7603283612129332
-5.69712140175219	1.7566774465916004
-5.687108886107635	1.7584269371794292
-5.677096370463079	1.7601667568943458
-5.667083854818523	1.750658789775399
-5.657071339173967	1.7176936846650537
-5.647058823529411	1.6519436203713096
-5.637046307884856	1.5490289646721678
-5.627033792240301	1.4109807835359418
-5.617021276595745	1.2470218812025937
-5.607008760951189	1.0715715044712004
-5.596996245306633	0.8989773014751439
-5.5869837296620775	0.7385156220113707
-5.576971214017522	0.593733127954875
-5.566958698372966	0.46568803632604144
-5.55694618272841	0.3558133373313898
-5.546933667083855	0.26565534371874266
-5.536921151439299	0.19495546572252767
-5.526908635794744	0.14098335431062847
-5.516896120150188	0.09984616026515285
-5.5068836045056315	0.06823728124501396
-5.496871088861076	0.04416039754972607
-5.486858573216521	0.026556478409621893
-5.476846057571965	0.014590410065585441
-5.466833541927409	0.007216882391961248
-5.456821026282853	0.0031741387121625793
-5.446808510638298	0.0012287601399694648
-5.4367959949937426	0.00041529396573156797
-5.4267834793491865	0.00012178272339348762
-5.41677096370463	3.084100326530016e-05
-5.406758448060075	6.721860242289195e-06
-5.396745932415519	1.2577052279873408e-06
-5.386733416770964	2.0165330828167717e-07
-5.376720901126408	2.7669027526517867e-08
-5.366708385481852	3.245821963465939e-09
-5.356695869837297	3.2530364590357907e-10
-5.346683354192741	2.783922443218531e-11
-5.336670838548185	2.0335586797523955e-12
-5.326658322903629	1.2675235467044966e-13
-5.316645807259073	6.739895607634121e-15
-5.306633291614518	3.056805634016969e-16
-5.296620775969963	1.1823216654539217e-17
-5.286608260325407	3.8994567766938944e-19
-5.276595744680851	1.0965528164680766e-20
-5.2665832290362955	2.62890593510964e-22
-5.256570713391739	5.372900799590362e-24
-5.246558197747184	9.360588266866086e-26
-5.236545682102628	1.390059722069936e-27
-5.226533166458072	1.759453489391566e-29
-5.216520650813517	1.8980876400401063e-31
-5.206508135168962	1.7451419294284926e-33
-5.196495619524406	1.3674285569045388e-35
-5.18648310387985	9.131089719602759e-38
-5.1764705882352935	5.196015733845648e-40
-5.166458072590738	2.519619796119532e-42
-5.156445556946183	1.0411277271973114e-44
-5.146433041301627	3.6657769303548414e-47
-5.136420525657071	1.0997916429162297e-49
-5.126408010012516	2.8114295563142776e-52
-5.11639549436796	6.123604230825177e-55
-5.1063829787234045	1.1364267866311721e-57
-5.0963704630788484	1.7968927022794572e-60
-5.086357947434292	2.4207034969002037e-63
-5.076345431789737	2.7783871282328734e-66
-5.066332916145182	2.716871127568326e-69
-5.056320400500626	2.2634155407860923e-72
-5.04630788485607	1.6064706472261754e-75
-5.036295369211514	9.713801049860577e-79
-5.026282853566959	5.0038991774645504e-82
-5.016270337922403	2.195968998010614e-85
-5.006257822277847	8.209899837857351e-89
-4.996245306633291	2.614806198401402e-92
-4.986232790988735	7.0945919186523065e-96
-4.97622027534418	1.6398273952923688e-99
-4.966207759699625	3.228854244859984e-103
-4.956195244055069	5.4159586567677735e-107
-4.946182728410513	7.73884344483162e-111
-4.9361702127659575	9.419937604600394e-115
-4.926157697121402	9.767622008189293e-119
-4.916145181476846	8.62772509298726e-123
-4.90613266583229	6.491847815439286e-127
-4.896120150187734	4.161050935409725e-131
-4.886107634543179	2.2719492957599133e-135
-4.876095118898624	1.0567043593194861e-139
-4.866082603254068	4.186644694231318e-144
-4.8560700876095115	1.4129768481712975e-148
-4.8460575719649555	4.062178622063657e-153
-4.8360450563204	9.948023631834484e-158
-4.826032540675845	2.0752350933225896e-162
-4.816020025031289	3.6876480405726985e-167
-4.806007509386733	5.581903603829575e-172
-4.795994993742178	7.1972239925404595e-177
-4.785982478097623	7.904905860149841e-182
-4.7759699624530665	7.395654611161141e-187
-4.76595744680851	5.893917735620768e-192
-4.755944931163954	4.0010907124287793e-197
-4.745932415519399	2.3136571377943213e-202
-4.735919899874844	1.1396337999066952e-207
-4.725907384230288	4.7816396274348826e-213
-4.715894868585732	1.7089646726867853e-218
-4.705882352941176	5.202757795170382e-224
-4.6958698372966206	1.3492051900242295e-229
-4.685857321652065	2.980340540397127e-235
-4.675844806007509	5.6078568658044294e-241
-4.665832290362953	8.98815946368013e-247
-4.655819774718398	1.2271202891139183e-252
-4.645807259073843	1.4270715457612685e-258
-4.635794743429287	1.4137064437994217e-264
-4.625782227784731	4.77565424434896e-263
-4.615769712140175	4.628372737615168e-257
-4.605757196495619	3.820873212595643e-251
-4.595744680851064	2.686802635578198e-245
-4.585732165206508	1.6093397685767722e-239
-4.575719649561952	8.211047412016277e-234
-4.565707133917396	3.568520657746107e-228
-4.555694618272841	1.3210422554307297e-222
-4.545682102628286	4.165662132548339e-217
-4.53566958698373	1.1188972701207734e-211
-4.5256570713391735	2.559972057613289e-206
-4.515644555694618	4.989063992827202e-201
-4.505632040050063	8.282124656215133e-196
-4.495619524405507	1.1711251028606565e-190
-4.485607008760951	1.4105992745525908e-185
-4.475594493116395	1.447247676686771e-180
-4.46558197747184	1.264797227077135e-175
-4.4555694618272845	9.41537858520747e-171
-4.4455569461827285	5.970263629875504e-166
-4.435544430538172	3.224690729007107e-161
-4.425531914893616	1.483615862603874e-156
-4.415519399249061	5.814250059854605e-152
-4.405506883604506	1.9409072522069257e-147
-4.39549436795995	5.518927619855944e-143
-4.385481852315394	1.336729254701075e-138
-4.375469336670839	2.757852571629421e-134
-4.365456821026283	4.84660335047954e-130
-4.355444305381727	7.255089079329446e-126
-4.345431789737171	9.250961189023263e-122
-4.335419274092615	1.004777283065666e-117
-4.32540675844806	9.295903250502658e-114
-4.315394242803505	7.325752152056492e-110
-4.305381727158949	4.917582860931867e-106
-4.295369211514393	2.8118360230052086e-102
-4.285356695869837	1.369516071961196e-98
-4.275344180225281	5.681763008420961e-95
-4.265331664580726	2.0078808395563163e-91
-4.25531914893617	6.044099354443931e-88
-4.245306633291614	1.5497587352467908e-84
-4.235294117647059	3.3848188425230176e-81
-4.225281602002504	6.297172726135238e-78
-4.215269086357948	9.979174581249601e-75
-4.2052565707133915	1.347046147007871e-71
-4.1952440550688355	1.5488493091121095e-68
-4.18523153942428	1.516961985158786e-65
-4.175219023779725	1.2655492990090027e-62
-4.165206508135169	8.9933661733789e-60
-4.155193992490613	5.443827112067597e-57
-4.145181476846057	2.806888820291718e-54
-4.135168961201502	1.23277817237341e-51
-4.1251564455569465	4.611938425730929e-49
-4.11514392991239	1.4696736355240768e-46
-4.105131414267834	3.989304118458539e-44
-4.095118898623279	9.223849879439378e-42
-4.085106382978723	1.81662859361949e-39
-4.075093867334168	3.0476065907174273e-37
-4.065081351689612	4.3550234854163356e-35
-4.055068836045056	5.301038245031888e-33
-4.045056320400501	5.496297254858232e-31
-4.035043804755945	4.854207383056545e-29
-4.025031289111389	3.651785664588299e-27
-4.015018773466833	2.3400819763096395e-25
-4.005006257822277	1.277308209422271e-23
-3.994993742177722	5.938806508784579e-22
-3.9849812265331668	2.352022601105394e-20
-3.9749687108886107	7.934556406906479e-19
-3.9649561952440546	2.2800410595533175e-17
-3.9549436795994994	5.580865506780243e-16
-3.9449311639549434	1.163588325710342e-14
-3.934918648310388	2.0665034926454335e-13
-3.924906132665832	3.1261663932737705e-12
-3.914893617021277	4.028353298862398e-11
-3.904881101376721	4.421639105502635e-10
-3.8948685857321648	4.134099582869536e-09
-3.8848560700876096	3.292486064882084e-08
-3.8748435544430535	2.233673851414675e-07
-3.8648310387984983	1.2908754633433664e-06
-3.8548185231539422	6.35553509030986e-06
-3.844806007509387	2.666229507949117e-05
-3.834793491864831	9.534154437356778e-05
-3.824780976220275	0.0002908426113834435
-3.8147684605757197	0.0007582158627920659
-3.8047559449311636	0.00169573060881148
-3.7947434292866085	0.0032804551534341055
-3.7847309136420524	0.005583764646203655
-3.774718397997497	0.008635669488512446
-3.764705882352941	0.012755500554680693
-3.754693366708385	0.018957994604145115
-3.74468085106383	0.02894853803135407
-3.734668335419274	0.04448642995803877
-3.7246558197747186	0.06673230306323887
-3.7146433041301625	0.09662519908653885
-3.7046307884856065	0.13638979214999952
-3.6946182728410513	0.19061237795626876
-3.684605757196495	0.265039532762825
-3.67459324155194	0.36332894835023133
-3.664580725907384	0.4844163516505942
-3.6545682102628287	0.6229032106750868
-3.6445556946182727	0.7718153285800128
-3.6345431789737166	0.9247500464743302
-3.6245306633291614	1.0756871121100278
-3.6145181476846053	1.217973631463498
-3.60450563204005	1.3450417339883451
-3.594493116395494	1.4529367299343914
-3.584480600750939	1.541988613070322
-3.574468085106383	1.6155396060631155
-3.5644555694618267	1.676779646584414
-3.5544430538172715	1.726576398623499
-3.5444305381727155	1.7638706099122032
-3.5344180225281603	1.7876896944049294
-3.524405506883604	1.7987434942527905
-3.514392991239049	1.799357064540251
-3.504380475594493	1.7919942274479324
-3.494367959949937	1.7777352877971866
-3.4843554443053817	1.7561527016913159
-3.4743429286608256	1.7268935737554263
-3.4643304130162704	1.6917082134257713
-3.4543178973717144	1.6551421790259975
-3.444305381727159	1.623346280556756
-3.434292866082603	1.602225033993402
-3.424280350438047	1.5961538033000124
-3.414267834793492	1.6066451868973894
-3.4042553191489358	1.630045020789222
-3.3942428035043806	1.6563345919634065
-3.3842302878598245	1.6727096834491442
-3.3742177722152693	1.6711308817236572
-3.3642052565707132	1.6533144902342263
-3.354192740926157	1.6283601622645214
-3.344180225281602	1.605966902963141
-3.334167709637046	1.5918375637888744
-3.3241551939924907	1.587792034171509
-3.3141426783479346	1.594139261823618
-3.3041301627033794	1.6114619100183194
-3.2941176470588234	1.6407895215593882
-3.2841051314142673	1.6819236127216575
-3.274092615769712	1.730560471299572
-3.264080100125156	1.7769088959655588
-3.254067584480601	1.8088833823382853
-3.2440550688360448	1.8192530395336173
-3.2340425531914896	1.8114384389896183
-3.2240300375469335	1.798514380823754
-3.2140175219023774	1.795214574235951
-3.2040050062578223	1.808426616513059
-3.193992490613266	1.832892442560758
-3.183979974968711	1.8549475208896795
-3.173967459324155	1.8612014084233524
-3.1639549436795997	1.845527480190506
-3.1539424280350437	1.8096174320698972
-3.1439299123904876	1.758112415979873
-3.1339173967459324	1.6934177731354751
-3.1239048811013763	1.614282005364077
-3.113892365456821	1.5183521986378345
-3.103879849812265	1.4060391424451233
-3.09386733416771	1.2822599238472627
-3.083854818523154	1.154139567470227
-3.0738423028785977	1.026497151765809
-3.0638297872340425	0.8997304306199061
-3.0538172715894865	0.7725102934108733
-3.0438047559449313	0.646364279339855
-3.033792240300375	0.5271974375335573
-3.02377972465582	0.42223290177342865
-3.013767209011264	0.3353506532342073
-3.003754693366708	0.26490268346226503
-2.9937421777221527	0.20564328634078333
-2.9837296620775966	0.1529592598116711
-2.9737171464330414	0.10583694119489076
-2.9637046307884853	0.06639944700604196
-2.95369211514393	0.037066962223124285
-2.943679599499374	0.018180753360856866
-2.933667083854818	0.007770891045446326
-2.923654568210263	0.002879008559559164
-2.9136420525657067	0.0009212546360344231
-2.9036295369211516	0.00025398263251324163
-2.8936170212765955	6.021839491540256e-05
-2.8836045056320403	1.2261724012249874e-05
-2.873591989987484	2.141844827708351e-06
-2.863579474342928	3.2065588098523643e-07
-2.853566958698373	4.111190254233347e-08
-2.843554443053817	4.511113684521392e-09
-2.8335419274092617	4.2338737235131946e-10
-2.8235294117647056	3.3971390519117415e-11
-2.8135168961201504	2.3292816341304027e-12
-2.8035043804755944	1.3642712814853127e-13
-2.7934918648310383	6.8235123718882576e-15
-2.783479349186483	2.9135406389485976e-16
-2.773466833541927	1.0617782086782262e-17
-2.763454317897372	3.301826329351871e-19
-2.7534418022528158	8.759972951296815e-21
-2.7434292866082606	1.982487891809155e-22
-2.7334167709637045	3.8266425704743804e-24
-2.7234042553191484	6.299021687025898e-26
-2.7133917396745932	8.84160797398877e-28
-2.703379224030037	1.0581648007520915e-29
-2.693366708385482	1.0797053742048373e-31
-2.683354192740926	9.391985732333098e-34
-2.6733416770963707	6.964401763817023e-36
-2.6633291614518146	4.402117700476857e-38
-2.6533166458072586	2.3717607157188738e-40
-2.6433041301627034	1.0891652632893573e-42
-2.6332916145181473	4.2629938806429236e-45
-2.623279098873592	1.4220659100506393e-47
-2.613266583229036	4.0429317272833096e-50
-2.603254067584481	9.795658348444113e-53
-2.593241551939925	2.0226584173574864e-55
-2.5832290362953687	7.076960476409195e-58
-2.5732165206508135	1.9532988639035363e-55
-2.5632040050062574	9.241148497369055e-53
-2.5531914893617023	3.7252199779403024e-50
-2.543178973717146	1.2795421916560666e-47
-2.533166458072591	3.744931152104736e-45
-2.523153942428035	9.339639955762444e-43
-2.513141426783479	1.984836770492512e-40
-2.5031289111389237	3.5945121906943196e-38
-2.4931163954943676	5.547389822667944e-36
-2.4831038798498124	7.296003838538142e-34
-2.4730913642052563	8.177947005947245e-32
-2.463078848560701	7.812371927382105e-30
-2.453066332916145	6.360904530726958e-28
-2.443053817271589	4.414401412071835e-26
-2.433041301627034	2.611339206434928e-24
-2.4230287859824777	1.316791588742154e-22
-2.4130162703379225	5.660560599239713e-21
-2.4030037546933665	2.074530864279939e-19
-2.3929912390488113	6.4823344962368044e-18
-2.382978723404255	1.72715529443034e-16
-2.372966207759699	3.924300536740751e-15
-2.362953692115144	7.604537705805695e-14
-2.352941176470588	1.2569542481897777e-12
-2.3429286608260327	1.7724258298870363e-11
-2.3329161451814766	2.132535791057987e-10
-2.3229036295369214	2.189763214412509e-09
-2.3128911138923653	1.91947953794094e-08
-2.3028785982478093	1.4367974316046769e-07
-2.292866082603254	9.187814437023712e-07
-2.282853566958698	5.021917324559286e-06
-2.272841051314143	2.3479654717909536e-05
-2.2628285356695867	9.400341102896468e-05
-2.2528160200250316	0.00032279153699590684
-2.2428035043804755	0.0009530457604898035
-2.2327909887359194	0.0024292082764116227
-2.2227784730913642	0.005380587838711036
-2.212765957446808	0.010467976725540578
-2.202753441802253	0.018193504378304776
-2.192740926157697	0.028957195385024236
-2.1827284105131417	0.04355431683106746
-2.1727158948685856	0.06386212590898471
-2.1627033792240296	0.09311789106051346
-2.1526908635794744	0.13542040634736968
-2.1426783479349183	0.19462460998801842
-2.132665832290363	0.27301098961589443
-2.122653316645807	0.3700613821651388
-2.112640801001252	0.48189690107137145
-2.1026282853566958	0.60223757086739
-2.0926157697121397	0.7251966598272114
-2.0826032540675845	0.8485086589272279
-2.0725907384230284	0.9742175035776416
-2.0625782227784732	1.1048050980111757
-2.052565707133917	1.2369591557907553
-2.042553191489362	1.3590696180082553
-2.032540675844806	1.456769961675035
-2.02252816020025	1.5234014751626512
-2.0125156445556946	1.5662614787094242
-2.0025031289111386	1.6016770069393358
-1.9924906132665834	1.6414774383017254
-1.9824780976220273	1.682237665749983
-1.9724655819774712	1.7077740688800547
-1.962453066332916	1.7036261103785495
-1.95244055068836	1.6703424519997059
-1.9424280350438048	1.6234347733348355
-1.9324155193992487	1.5814290397207136
-1.9224030037546935	1.5546048882240615
-1.9123904881101375	1.5440725941969782
-1.9023779724655814	1.548659475455996
-1.8923654568210262	1.5697320331983504
-1.8823529411764701	1.608357102956161
-1.872340425531915	1.6589374829002632
-1.8623279098873589	1.7079317380970966
-1.8523153942428037	1.7411197706203976
-1.8423028785982476	1.7535107684982054
-1.8322903629536915	1.752224105405722
-1.8222778473091363	1.749127800727667
-1.8122653316645803	1.750500498305164
-1.802252816020025	1.7540200149302339
-1.792240300375469	1.755157122450233
-1.7822277847309138	1.7548142526535733
-1.7722152690863577	1.7595672690346613
-1.7622027534418017	1.7750483786828954
-1.7521902377972465	1.8003750096124727
-1.7421777221526904	1.8289733529662762
-1.7321652065081352	1.853268294576233
-1.7221526908635791	1.8675454482145937
-1.712140175219024	1.86757923144554
-1.7021276595744679	1.8506702798246004
-1.6921151439299118	1.8185857323673038
-1.6821026282853566	1.7800632887517414
-1.6720901126408005	1.7474202439166744
-1.6620775969962454	1.7278817718495287
-1.6520650813516893	1.717783107688909
-1.642052565707134	1.7063750141652934
-1.632040050062578	1.6858260484098213
-1.622027534418022	1.6571252662631475
-1.6120150187734668	1.6262910535920858
-1.6020025031289107	1.5957072573524813
-1.5919899874843555	1.5596701462228795
-1.5819774718397994	1.507926493496728
-1.5719649561952442	1.4332202226139756
-1.5619524405506882	1.3364152689842517
-1.551939924906132	1.226142732009891
-1.541927409261577	1.1142778124763346
-1.5319148936170208	1.0104427847577029
-1.5219023779724656	0.9185055077264555
-1.5118898623279096	0.8367123863424996
-1.5018773466833544	0.7607839748708215
-1.4918648310387983	0.6872854688267721
-1.4818523153942422	0.6150285098291962
-1.471839799749687	0.5447128904270627
-1.461827284105131	0.47832358806039116
-1.4518147684605758	0.41864500269341465
-1.4418022528160197	0.36802556061734104
-1.4317897371714645	0.32646867618494435
-1.4217772215269084	0.29090633487675943
-1.4117647058823524	0.2571464264511742
-1.4017521902377972	0.22319205930317926
-1.391739674593241	0.19069131434339112
-1.381727158948686	0.1629551662976953
-1.3717146433041298	0.14157859945520668
-1.3617021276595747	0.12498388866746284
-1.3516896120150186	0.10993477608534541
-1.3416770963704625	0.09420461177404311
-1.3316645807259073	0.07801414373278677
-1.3216520650813512	0.06338427575869698
-1.311639549436796	0.05228009131279419
-1.30162703379224	0.045105651256198
-1.2916145181476848	0.0406222056178852
-1.2816020025031287	0.037205705421839035
-1.2715894868585726	0.03433385661204069
-1.2615769712140175	0.03305487014378343
-1.2515644555694614	0.03506778369179949
-1.2415519399249062	0.041207824373396804
-1.2315394242803501	0.05060210843824534
-1.221526908635795	0.06120103354007044
-1.2115143929912389	0.07131429523850866
-1.2015018773466828	0.08104409554648614
-1.1914893617021276	0.09265201150329724
-1.1814768460575715	0.10972709180729041
-1.1714643304130163	0.13576781615667244
-1.1614518147684603	0.17290838841815864
-1.151439299123905	0.2212456211892125
-1.141426783479349	0.27903072269054496
-1.131414267834793	0.3438578867956974
-1.1214017521902377	0.4145995542806144
-1.1113892365456817	0.493270265297705
-1.1013767209011265	0.585702317286139
-1.0913642052565704	0.7001801055196669
-1.0813516896120152	0.8439717167227201
-1.0713391739674591	1.0189684059994673
-1.061326658322903	1.2189788180684573
-1.0513141426783479	1.4311987101364403
-1.0413016270337918	1.64188105315768
-1.0312891113892366	1.8427984848127958
-1.0212765957446805	2.0340256050157577
-1.0112640801001254	2.2211990577399163
-1.0012515644555693	2.4095293800748814
-0.9912390488110132	2.5990414362185157
-0.981226533166458	2.7842608722570086
-0.971214017521902	2.9580226338565194
-0.9612015018773468	3.115909622718067
-0.9511889862327907	3.2574094436867957
-0.9411764705882355	3.3828720267394377
-0.9311639549436794	3.4896022703246694
-0.9211514392991234	3.571763952118118
-0.9111389236545682	3.625067656450453
-0.9011264080100121	3.6517661475583356
-0.8911138923654569	3.660346147990494
-0.8811013767209008	3.6593493782852757
-0.8710888610763456	3.6508931090088037
-0.8610763454317896	3.6300646070169567
-0.8510638297872335	3.5906319931369337
-0.8410513141426783	3.5315162823724884
-0.8310387984981222	3.4585786440087842
-0.821026282853567	3.3817060675552697
-0.811013767209011	3.3109953323513492
-0.8010012515644558	3.254361788096744
-0.7909887359198997	3.216129074333884
-0.7809762202753436	3.1963704406741718
-0.7709637046307884	3.1920812026197853
-0.7609511889862324	3.200298794502093
-0.7509386733416772	3.221170904871889
-0.7409261576971211	3.2586158460012062
-0.7309136420525659	3.317894287759987
-0.7209011264080099	3.401685660950019
-0.7108886107634538	3.5076837722198992
-0.7008760951188986	3.6296033230957114
-0.6908635794743425	3.7599656784064375
-0.6808510638297873	3.8910564689791145
-0.6708385481852313	4.013100707359812
-0.6608260325406761	4.112804536434703
-0.65081351689612	4.175615257053214
-0.6408010012515639	4.191247153450352
-0.6307884856070087	4.15850525373174
-0.6207759699624527	4.0854179817807745
-0.6107634543178975	3.984275913116859
-0.6007509386733414	3.865602328181394
-0.5907384230287862	3.7359812297893806
-0.5807259073842301	3.6004635495219475
-0.5707133917396741	3.4652244414088176
-0.5607008760951189	3.336156177776194
-0.5506883604505628	3.2144386238959255
-0.5406758448060076	3.0944374629202085
-0.5306633291614515	2.967007736672014
-0.5206508135168963	2.825335984425467
-0.5106382978723403	2.6686127537644544
-0.5006257822277842	2.502588598380837
-0.490613266583229	2.3390006746362997
-0.48060075093867294	2.1942309547682424
-0.47058823529411775	2.0854900949531787
-0.4605757196495617	2.024498924276993
-0.4505632040050065	2.011900460610957
-0.4405506883604504	2.0362130615957956
-0.43053817271589434	2.078532626342447
-0.42052565707133915	2.120758600449442
-0.4105131414267831	2.1528284766302654
-0.4005006257822279	2.174739733947571
-0.3904881101376718	2.192610594669937
-0.38047559449311663	2.212234186397623
-0.37046307884856056	2.2346076172088627
-0.3604505632040045	2.25551346246611
-0.3504380475594493	2.26855376464977
-0.3404255319148932	2.2694941779659787
-0.33041301627033803	2.258854048851679
-0.32040050062578196	2.240565425761025
-0.3103879849812259	2.2181426991269495
-0.3003754693366707	2.1926680633897107
-0.2903629536921146	2.1647982086593798
-0.28035043804755944	2.137927784613434
-0.27033792240300336	2.118015614994732
-0.2603254067584482	2.109673953605793
-0.2503128911138921	2.1129595128013987
-0.24030037546933602	2.1247931684805694
-0.23028785982478084	2.1433904191798248
-0.22027534418022476	2.1701407495688243
-0.21026282853566958	2.206083310681654
-0.2002503128911135	2.24661375919069
-0.19023779724655832	2.2807442038927497
-0.18022528160200224	2.2968192272867185
-0.17021276595744617	2.2898768108417524
-0.16020025031289098	2.264097236684614
-0.1501877346683349	2.2286225440864413
-0.14017521902377972	2.1911755287676766
-0.13016270337922364	2.155145865287872
-0.12015018773466846	2.1212466955994014
-0.11013767209011238	2.0897869713534996
-0.10012515644555631	2.0598850320473967
-0.09011264080100112	2.0267827565723464
-0.08010012515644505	1.9812350549779092
-0.07008760951188986	1.9124955199536215
-0.060075093867333784	1.812888549767801
-0.0500625782227786	1.6816459443337077
-0.04005006257822252	1.5267630242052865
-0.030037546933666448	1.3633244337582158
-0.02002503128911126	1.207419832044439
-0.010012515644555187	1.0687590551784323
0.0	0.9479325084277976
