-8.0	3.4941880374053373
-7.989987484355444	3.6041755348606768
-7.979974968710889	3.692558431989028
-7.969962453066333	3.7500194746401028
-7.9599499374217775	3.7844054564103824
-7.949937421777221	3.8118840022708884
-7.939924906132666	3.8474871676443327
-7.92991239048811	3.90043256632846
-7.919899874843554	3.972407421592858
-7.909887359198999	4.057275461732019
-7.899874843554443	4.144607440949071
-7.889862327909888	4.22700470346644
-7.8798498122653315	4.304631581741112
-7.869837296620776	4.38145026955141
-7.85982478097622	4.457363710005532
-7.849812265331664	4.525888741581728
-7.839799749687109	4.580538050738107
-7.829787234042553	4.623168152105461
-7.819774718397998	4.665865911378687
-7.809762202753442	4.724796320202475
-7.7997496871088865	4.811196812239946
-7.78973717146433	4.925668269924287
-7.779724655819774	5.05840151904123
-7.769712140175219	5.193871656614794
-7.759699624530663	5.316802987824827
-7.749687108886108	5.417481174043172
-7.739674593241552	5.4958311706780165
-7.729662077596997	5.562469961301232
-7.719649561952441	5.634191852103347
-7.7096370463078845	5.724972658958064
-7.699624530663329	5.838391385023545
-7.689612015018773	5.967100296256818
-7.679599499374218	6.099340137523377
-7.669586983729662	6.226554938153929
-7.659574468085107	6.344977425488356
-7.649561952440551	6.450042183323501
-7.639549436795995	6.531413171551243
-7.629536921151439	6.577497840819985
-7.619524405506883	6.5874306215638825
-7.609511889862328	6.577806063671455
-7.599499374217772	6.575063937940683
-7.589486858573217	6.5985833423102305
-7.579474342928661	6.64786391319663
-7.569461827284105	6.702385160876367
-7.55944931163955	6.732511951745788
-7.5494367959949935	6.713641552355581
-7.539424280350438	6.635894507235439
-7.529411764705882	6.505876562741428
-7.519399249061326	6.342289060116277
-7.509386733416771	6.169719217333808
-7.499374217772215	6.013132359647203
-7.48936170212766	5.892766447988674
-7.479349186483104	5.819690539742244
-7.4693366708385485	5.794529146155669
-7.459324155193992	5.810434053122124
-7.449311639549437	5.857515363997241
-7.439299123904881	5.926118351491845
-7.429286608260325	6.009594511074111
-7.41927409261577	6.106354288748598
-7.409261576971214	6.217727076716282
-7.399249061326659	6.341329908334776
-7.3892365456821025	6.467036042408433
-7.3792240300375465	6.5817407889673785
-7.369211514392991	6.678465888748836
-7.359198998748435	6.759365592612294
-7.34918648310388	6.830058657410419
-7.339173967459324	6.893787509789892
-7.329161451814769	6.952543091044208
-7.319148936170213	7.010830530065181
-7.3091364205256575	7.07362138109085
-7.299123904881101	7.13975679709194
-7.289111389236545	7.200710076235151
-7.27909887359199	7.248207247015511
-7.269086357947434	7.281472955219961
-7.259073842302879	7.304327184564853
-7.249061326658323	7.314999590272392
-7.239048811013767	7.3007292903978405
-7.2290362953692116	7.244339442972241
-7.2190237797246555	7.137691468469306
-7.2090112640801	6.9902856838072
-7.198998748435544	6.825852433264647
-7.188986232790989	6.670240325535404
-7.178973717146433	6.5400713491513285
-7.168961201501878	6.438348669894931
-7.158948685857322	6.355664818668231
-7.148936170212766	6.273224879425537
-7.13892365456821	6.1679236435180655
-7.128911138923654	6.021580609780337
-7.118898623279099	5.830995639295756
-7.108886107634543	5.610653907815123
-7.098873591989987	5.384888176836476
-7.088861076345432	5.175724507996424
-7.078848560700876	4.99435171694734
-7.068836045056321	4.838464958157241
-7.0588235294117645	4.694524253268988
-7.048811013767209	4.544731860191304
-7.038798498122653	4.376635672138514
-7.028785982478098	4.189079608708737
-7.018773466833542	3.9894900312390664
-7.008760951188986	3.7854242280420967
-6.998748435544431	3.579126471948073
-6.988735919899875	3.370364494510676
-6.9787234042553195	3.1635992978941427
-6.968710888610763	2.970576750472618
-6.958698372966207	2.804088184632804
-6.948685857321652	2.668048432310046
-6.938673341677096	2.5532774092028734
-6.928660826032541	2.443060021360536
-6.918648310387985	2.323549735610523
-6.908635794743429	2.190848967597528
-6.8986232790988735	2.0514695061944406
-6.888610763454318	1.9189022438311127
-6.878598247809762	1.8094348037118406
-6.868585732165206	1.7371839613982707
-6.858573216520651	1.7081777307125328
-6.848560700876095	1.716739621632787
-6.83854818523154	1.7479929209023135
-6.828535669586984	1.78511327361286
-6.818523153942428	1.8152337251751829
-6.808510638297872	1.8305332732965889
-6.798498122653316	1.827674573252574
-6.788485607008761	1.809555192472845
-6.778473091364205	1.7868986848044752
-6.768460575719649	1.7740117037376595
-6.758448060075094	1.7796251128505816
-6.748435544430539	1.8013764146631794
-6.7384230287859825	1.8295128131010001
-6.7284105131414265	1.855097900938028
-6.718397997496871	1.874060586996109
-6.708385481852315	1.8851113601558611
-6.69837296620776	1.8868638335470678
-6.688360450563204	1.8784058541221493
-6.678347934918648	1.861428440679982
-6.668335419274093	1.8398996701147445
-6.658322903629537	1.8173231053596282
-6.648310387984981	1.795409376736098
-6.638297872340425	1.7760064511918074
-6.628285356695869	1.7632825045003468
-6.618272841051314	1.7624716423029458
-6.608260325406759	1.776115397527199
-6.598247809762203	1.8021922723377597
-6.588235294117647	1.8359840847725197
-6.578222778473092	1.8727726692084024
-6.5682102628285355	1.9082462856205518
-6.55819774718398	1.9375189053579862
-6.548185231539424	1.9556449507268114
-6.538172715894868	1.9602010350530858
-6.528160200250313	1.9539254534060184
-6.518147684605757	1.9451640732956401
-6.508135168961202	1.9446754358335223
-6.498122653316646	1.9591914367070382
-6.4881101376720896	1.9859202533629803
-6.478097622027534	2.014060742691241
-6.468085106382979	2.0341020978304196
-6.458072590738423	2.046886295173073
-6.448060075093867	2.0631818909963298
-6.438047559449312	2.0940270945604746
-6.428035043804756	2.1414571635902533
-6.418022528160201	2.1976532556223423
-6.4080100125156445	2.251426965786019
-6.397997496871088	2.295572502565382
-6.387984981226533	2.3306501075289487
-6.377972465581977	2.3643836126403697
-6.367959949937422	2.407044586615968
-6.357947434292866	2.46465682191584
-6.34793491864831	2.534909896644041
-6.337922403003755	2.610149624663683
-6.3279098873591995	2.6849158691167747
-6.317897371714643	2.75982768717015
-6.307884856070087	2.8377148151825398
-6.297872340425532	2.9172231297096993
-6.287859824780976	2.9914670414713513
-6.277847309136421	3.0526123478273517
-6.267834793491865	3.0972814749578284
-6.257822277847309	3.128331331833495
-6.2478097622027535	3.152312274493322
-6.2377972465581975	3.1749470068470393
-6.227784730913642	3.198597092363567
-6.217772215269086	3.2240290280622994
-6.20775969962453	3.2536486204905812
-6.197747183979975	3.290818505148465
-6.18773466833542	3.334602578239822
-6.177722152690864	3.375768919675355
-6.167709637046308	3.399317895690099
-6.157697121401752	3.391863759307115
-6.147684605757196	3.3478312116569655
-6.137672090112641	3.2710976062588255
-6.127659574468085	3.1732095293737554
-6.117647058823529	3.0697574589987546
-6.107634543178974	2.9749261186738054
-6.097622027534418	2.8955114497157504
-6.0876095118898625	2.828310744846513
-6.0775969962453065	2.7635785099630517
-6.06758448060075	2.6924461676352975
-6.057571964956195	2.6131511304503703
-6.04755944931164	2.5323665587851756
-6.037546933667084	2.461732487763158
-6.027534418022528	2.4124818104590413
-6.017521902377973	2.391184953347266
-6.007509386733417	2.3978867546266995
-5.997496871088861	2.4264819726613434
-5.987484355444305	2.467135204252629
-5.977471839799749	2.510516567857056
-5.967459324155194	2.552289081316245
-5.957446808510639	2.595155378846904
-5.947434292866083	2.646981673062465
-5.937421777221527	2.7160945851289267
-5.927409261576971	2.8063292710859575
-5.9173967459324155	2.9144061724797603
-5.90738423028786	3.031133047332388
-5.897371714643304	3.1453096822244255
-5.887359198998748	3.2467382061157664
-5.877346683354192	3.3262766189447426
-5.867334167709637	3.3756552236125446
-5.857321652065082	3.390976836416803
-5.847309136420526	3.3783680165292584
-5.83729662077597	3.354832491740856
-5.827284105131414	3.3398832409670662
-5.817271589486858	3.342437869333583
-5.807259073842303	3.3533702776858134
-5.797246558197747	3.3502307834061322
-5.787234042553191	3.3101709823247516
-5.777221526908636	3.220546936577157
-5.767209011264081	3.0806927382547578
-5.7571964956195245	2.897719693004971
-5.747183979974968	2.6829358030387476
-5.737171464330412	2.450793267859541
-5.727158948685857	2.217285552630733
-5.717146433041302	1.9960985189253262
-5.707133917396746	1.7948918549264563
-5.69712140175219	1.6143236024063197
-5.687108886107635	1.4496911376454857
-5.677096370463079	1.2940316619512804
-5.667083854818523	1.1420596596237917
-5.657071339173967	0.9935288917117592
-5.647058823529411	0.8536395142591965
-5.637046307884856	0.7299033200612481
-5.627033792240301	0.6279330613079518
-5.617021276595745	0.5489712243750519
-5.607008760951189	0.48964087634029824
-5.596996245306633	0.44299262226351355
-5.5869837296620775	0.4005991480020065
-5.576971214017522	0.35568317559505574
-5.566958698372966	0.30586293856416014
-5.55694618272841	0.25341084196351754
-5.546933667083855	0.20274216713351997
-5.536921151439299	0.1573315210678786
-5.526908635794744	0.11850946923980524
-5.516896120150188	0.08645672970157843
-5.5068836045056315	0.06166460138431585
-5.496871088861076	0.04523088651816221
-5.486858573216521	0.038030403650628014
-5.476846057571965	0.03984783210198901
-5.466833541927409	0.049101649848854144
-5.456821026282853	0.06306795928052987
-5.446808510638298	0.07861117707826809
-5.4367959949937426	0.09357825951652184
-5.4267834793491865	0.10823813831476833
-5.41677096370463	0.12538672691402067
-5.406758448060075	0.14858695384906676
-5.396745932415519	0.17985019659156576
-5.386733416770964	0.21855524432083545
-5.376720901126408	0.26200124812464154
-5.366708385481852	0.3067022054714842
-5.356695869837297	0.3496843000586492
-5.346683354192741	0.3896648593998011
-5.336670838548185	0.42799244032955086
-5.326658322903629	0.4689854813027161
-5.316645807259073	0.5193139043351377
-5.306633291614518	0.5861905766902898
-5.296620775969963	0.6746157640107453
-5.286608260325407	0.7849430684102232
-5.276595744680851	0.9123765141302548
-5.2665832290362955	1.0485374736781565
-5.256570713391739	1.1835991196522468
-5.246558197747184	1.3080872271407284
-5.236545682102628	1.4150359914489794
-5.226533166458072	1.5024467891124822
-5.216520650813517	1.5737141758124096
-5.206508135168962	1.6343341677178764
-5.196495619524406	1.6873337790239302
-5.18648310387985	1.732032455467254
-5.1764705882352935	1.7673432689402042
-5.166458072590738	1.795658004357912
-5.156445556946183	1.8227026367097374
-5.146433041301627	1.853269762484084
-5.136420525657071	1.8872317403533272
-5.126408010012516	1.9199778258709994
-5.11639549436796	1.9467299366168747
-5.1063829787234045	1.9660166986185095
-5.0963704630788484	1.9788956299026526
-5.086357947434292	1.986076838197558
-5.076345431789737	1.9875811554544602
-5.066332916145182	1.9854368461412293
-5.056320400500626	1.9852717854606532
-5.04630788485607	1.9939419673222063
-5.036295369211514	2.014922224382769
-5.026282853566959	2.0450919590339205
-5.016270337922403	2.075244240647064
-5.006257822277847	2.0944933873024323
-4.996245306633291	2.0961875961358216
-4.986232790988735	2.0810180943974212
-4.97622027534418	2.0548043692104163
-4.966207759699625	2.023466510940823
-4.956195244055069	1.9901730798417125
-4.946182728410513	1.9562323882493846
-4.9361702127659575	1.92276237244875
-4.926157697121402	1.8906815479082322
-4.916145181476846	1.860278552768492
-4.90613266583229	1.8320391057021073
-4.896120150187734	1.8071427263986883
-4.886107634543179	1.7852474576144033
-4.876095118898624	1.7612141614168388
-4.866082603254068	1.7256013249454356
-4.8560700876095115	1.6705764139290813
-4.8460575719649555	1.5963273673024458
-4.8360450563204	1.511418955508777
-4.826032540675845	1.4265262179525096
-4.816020025031289	1.3474686219954874
-4.806007509386733	1.2728795781785842
-4.795994993742178	1.1964279885235392
-4.785982478097623	1.1108867824113016
-4.7759699624530665	1.012586549324435
-4.76595744680851	0.9047936442540225
-4.755944931163954	0.7969470609585306
-4.745932415519399	0.6988108147144009
-4.735919899874844	0.6143032425168571
-4.725907384230288	0.5410472639809769
-4.715894868585732	0.4753495503307443
-4.705882352941176	0.4163998315758805
-4.6958698372966206	0.3655801051980153
-4.685857321652065	0.3231342091700827
-4.675844806007509	0.2866448511932819
-4.665832290362953	0.25250305183768873
-4.655819774718398	0.2181543919581862
-4.645807259073843	0.18294549385462677
-4.635794743429287	0.14753299606489675
-4.625782227784731	0.11312415655655825
-4.615769712140175	0.08127343465933433
-4.605757196495619	0.05382650233720223
-4.595744680851064	0.032433692683621104
-4.585732165206508	0.017821463423779133
-4.575719649561952	0.009478420507747205
-4.565707133917396	0.005987262094419715
-4.555694618272841	0.005606404784338054
-4.545682102628286	0.00666799826600065
-4.53566958698373	0.007775676617828492
-4.5256570713391735	0.007999857186293376
-4.515644555694618	0.007066961421418395
-4.505632040050063	0.005327196716005698
-4.495619524405507	0.0034219862295818953
-4.485607008760951	0.0018725618713869353
-4.475594493116395	0.0008728546925710929
-4.46558197747184	0.000346568137458791
-4.4555694618272845	0.00011721268886869347
-4.4455569461827285	3.376755176593144e-05
-4.435544430538172	8.286352119802119e-06
-4.425531914893616	1.7320723902321346e-06
-4.415519399249061	3.0839514605809577e-07
-4.405506883604506	4.677220753401555e-08
-4.39549436795995	6.042366182432466e-09
-4.385481852315394	6.649133503506857e-10
-4.375469336670839	6.23249449644892e-11
-4.365456821026283	4.976197322758892e-12
-4.355444305381727	3.3843254641404145e-13
-4.345431789737171	1.9605841570203243e-14
-4.335419274092615	9.674704187796427e-16
-4.32540675844806	4.066574564366298e-17
-4.315394242803505	1.4559907760448035e-18
-4.305381727158949	4.44045370162618e-20
-4.295369211514393	1.1535459737174947e-21
-4.285356695869837	2.5525914367215772e-23
-4.275344180225281	4.811345528873935e-25
-4.265331664580726	7.724860137008153e-27
-4.25531914893617	1.0564611761392527e-28
-4.245306633291614	1.2307087758142933e-30
-4.235294117647059	1.221225578220292e-32
-4.225281602002504	1.0322272625355445e-34
-4.215269086357948	7.431792875422333e-37
-4.2052565707133915	4.557752188925383e-39
-4.1952440550688355	2.3809301694932294e-41
-4.18523153942428	1.0594523942946171e-43
-4.175219023779725	4.015642798562907e-46
-4.165206508135169	1.296485131800955e-48
-4.155193992490613	3.5654869052330076e-51
-4.145181476846057	8.35235586395689e-54
-4.135168961201502	1.6666253089636882e-56
-4.1251564455569465	2.8327339940856013e-59
-4.11514392991239	4.101224429958326e-62
-4.105131414267834	1.470726253935148e-64
-4.095118898623279	7.772384806777125e-62
-4.085106382978723	5.333939541532307e-59
-4.075093867334168	3.1188267326747043e-56
-4.065081351689612	1.5537726532533888e-53
-4.055068836045056	6.595395577595588e-51
-4.045056320400501	2.385368830802827e-48
-4.035043804755945	7.350820103266031e-46
-4.025031289111389	1.930127223435484e-43
-4.015018773466833	4.3182757036901974e-41
-4.005006257822277	8.232155442534853e-39
-3.994993742177722	1.3372114170415482e-36
-3.9849812265331668	1.8508641366007493e-34
-3.9749687108886107	2.182939383080086e-32
-3.9649561952440546	2.1938468432915736e-30
-3.9549436795994994	1.8787689522938121e-28
-3.9449311639549434	1.3710332657467808e-26
-3.934918648310388	8.52580677724144e-25
-3.924906132665832	4.517950716491332e-23
-3.914893617021277	2.0401968573755574e-21
-3.904881101376721	7.851162185195016e-20
-3.8948685857321648	2.5747481255990336e-18
-3.8848560700876096	7.195872928967939e-17
-3.8748435544430535	1.7139225037178742e-15
-3.8648310387984983	3.479139637973961e-14
-3.8548185231539422	6.019272370036522e-13
-3.844806007509387	8.876314747503234e-12
-3.834793491864831	1.1157656080877531e-10
-3.824780976220275	1.195679264509645e-09
-3.8147684605757197	1.092521709080483e-08
-3.8047559449311636	8.513829857972609e-08
-3.7947434292866085	5.660517043260372e-07
-3.7847309136420524	3.212604027973707e-06
-3.774718397997497	1.5576810262934884e-05
-3.764705882352941	6.46020798369473e-05
-3.754693366708385	0.00022958967938682098
-3.74468085106383	0.0007011027777301599
-3.734668335419274	0.0018471286995844544
-3.7246558197747186	0.004223598489947592
-3.7146433041301625	0.008453555963493445
-3.7046307884856065	0.01498603342973975
-3.6946182728410513	0.023897457300740277
-3.684605757196495	0.03493509961200158
-3.67459324155194	0.04781121780034106
-3.664580725907384	0.06251094296511511
-3.6545682102628287	0.07935393180316899
-3.6445556946182727	0.09879223053366717
-3.6345431789737166	0.12123104243794108
-3.6245306633291614	0.14720828597847502
-3.6145181476846053	0.17781526826802507
-3.60450563204005	0.21464878689420122
-3.594493116395494	0.2588484194233133
-3.584480600750939	0.3100280391700365
-3.574468085106383	0.36653974771662157
-3.5644555694618267	0.4272055600328923
-3.5544430538172715	0.492780736334882
-3.5444305381727155	0.5654794792208504
-3.5344180225281603	0.6469585378282291
-3.524405506883604	0.736641885737267
-3.514392991239049	0.8315720813389423
-3.504380475594493	0.9274623416682675
-3.494367959949937	1.0202002139629933
-3.4843554443053817	1.1073154960358218
-3.4743429286608256	1.1886113384200048
-3.4643304130162704	1.265121514647154
-3.4543178973717144	1.3371593908421793
-3.444305381727159	1.4036152793745709
-3.434292866082603	1.4631128262827218
-3.424280350438047	1.515055758199846
-3.414267834793492	1.5591254483728276
-3.4042553191489358	1.5944892911121087
-3.3942428035043806	1.620284480139352
-3.3842302878598245	1.636670533502371
-3.3742177722152693	1.6449312085012624
-3.3642052565707132	1.6466737521826866
-3.354192740926157	1.6432168386796613
-3.344180225281602	1.6357023179710943
-3.334167709637046	1.6257619278590774
-3.3241551939924907	1.6160480987130312
-3.3141426783479346	1.6093338760952305
-3.3041301627033794	1.605760490223074
-3.2941176470588234	1.600785179978666
-3.2841051314142673	1.5876762821039208
-3.274092615769712	1.5642102999527745
-3.264080100125156	1.5370878987258307
-3.254067584480601	1.5179427642160779
-3.2440550688360448	1.5133691881160074
-3.2340425531914896	1.5187175866026612
-3.2240300375469335	1.5221561707338447
-3.2140175219023774	1.5148724148267694
-3.2040050062578223	1.497430513600532
-3.193992490613266	1.47732506810838
-3.183979974968711	1.4619922010006905
-3.173967459324155	1.4545257673762417
-3.1639549436795997	1.454348815431007
-3.1539424280350437	1.4596239353235176
-3.1439299123904876	1.4683774728269592
-3.1339173967459324	1.4786932965306006
-3.1239048811013763	1.4890949117255015
-3.113892365456821	1.4982557751851948
-3.103879849812265	1.5033235251955546
-3.09386733416771	1.4993964438236604
-3.083854818523154	1.4833819592757393
-3.0738423028785977	1.4600976900772809
-3.0638297872340425	1.443101814253985
-3.0538172715894865	1.4460350798204544
-3.0438047559449313	1.4705693458724498
-3.033792240300375	1.5026049358325606
-3.02377972465582	1.52173098000028
-3.013767209011264	1.5165829548079528
-3.003754693366708	1.493281795172362
-2.9937421777221527	1.4705198028607867
-2.9837296620775966	1.4661466192596806
-2.9737171464330414	1.4859186196270677
-2.9637046307884853	1.5216642017901834
-2.95369211514393	1.55816474455197
-2.943679599499374	1.5824767157145112
-2.933667083854818	1.5894868297215081
-2.923654568210263	1.5818750618118171
-2.9136420525657067	1.5671386650038601
-2.9036295369211516	1.5548008999581395
-2.8936170212765955	1.5538118325362726
-2.8836045056320403	1.5686981361080419
-2.873591989987484	1.596132733833075
-2.863579474342928	1.6265550263074182
-2.853566958698373	1.6520842147354806
-2.843554443053817	1.674438048117518
-2.8335419274092617	1.704321841268132
-2.8235294117647056	1.7513335826671128
-2.8135168961201504	1.813382144179274
-2.8035043804755944	1.875736513444113
-2.7934918648310383	1.9207863758786614
-2.783479349186483	1.9401905118788898
-2.773466833541927	1.9401803358726781
-2.763454317897372	1.9372792119589926
-2.7534418022528158	1.9484519706458936
-2.7434292866082606	1.9821879812230652
-2.7334167709637045	2.0354420345029847
-2.7234042553191484	2.0973666822008927
-2.7133917396745932	2.1564070794278076
-2.703379224030037	2.205716994069498
-2.693366708385482	2.244467838361654
-2.683354192740926	2.2762914471577274
-2.6733416770963707	2.3066950951853853
-2.6633291614518146	2.3397386333757613
-2.6533166458072586	2.3746626552531223
-2.6433041301627034	2.4054202193062473
-2.6332916145181473	2.425335166638907
-2.623279098873592	2.43378707655171
-2.613266583229036	2.437971090575409
-2.603254067584481	2.4467023814425737
-2.593241551939925	2.461692045372149
-2.5832290362953687	2.4748555886229107
-2.5732165206508135	2.4742523178880695
-2.5632040050062574	2.4529983970490132
-2.5531914893617023	2.4133269992610162
-2.543178973717146	2.362953955056086
-2.533166458072591	2.3076428550168684
-2.523153942428035	2.2465008455018864
-2.513141426783479	2.173414878344266
-2.5031289111389237	2.0825985870185018
-2.4931163954943676	1.9734932502764284
-2.4831038798498124	1.8518514867480884
-2.4730913642052563	1.7270941750413233
-2.463078848560701	1.607949055585042
-2.453066332916145	1.4985439311712612
-2.443053817271589	1.396753918997006
-2.433041301627034	1.2959771103507147
-2.4230287859824777	1.1897606398205152
-2.4130162703379225	1.0762835590415782
-2.4030037546933665	0.9593045865062217
-2.3929912390488113	0.8451503732463443
-2.382978723404255	0.7387602754540262
-2.372966207759699	0.641945604382168
-2.362953692115144	0.5542876498785793
-2.352941176470588	0.47497344718498985
-2.3429286608260327	0.40394743105029624
-2.3329161451814766	0.3418272171762559
-2.3229036295369214	0.28891738796578853
-2.3128911138923653	0.2442225458281168
-2.3028785982478093	0.2054097751469155
-2.292866082603254	0.16992627464325474
-2.282853566958698	0.13642942048987167
-2.272841051314143	0.10533270496191949
-2.2628285356695867	0.07804184424360386
-2.2528160200250316	0.05564561614273004
-2.2428035043804755	0.0382130950554558
-2.2327909887359194	0.025066306673026024
-2.2227784730913642	0.01542256593770367
-2.212765957446808	0.008699959542312662
-2.202753441802253	0.004405596363077008
-2.192740926157697	0.0019702812643206296
-2.1827284105131417	0.0007693833177395661
-2.1727158948685856	0.000260358460163342
-2.1627033792240296	7.597644405875356e-05
-2.1526908635794744	1.9057388562012048e-05
-2.1426783479349183	4.100030212812706e-06
-2.132665832290363	7.554471061925804e-07
-2.122653316645807	1.1908441268190093e-07
-2.112640801001252	1.6047287605271354e-08
-2.1026282853566958	1.8475127697109786e-09
-2.0926157697121397	1.8163999575414437e-10
-2.0826032540675845	1.5244476706670307e-11
-2.0725907384230284	1.091838563819175e-12
-2.0625782227784732	6.67211411908514e-14
-2.052565707133917	3.578535253273556e-15
-2.042553191489362	2.4532050579264215e-15
-2.032540675844806	4.4529518237877395e-14
-2.02252816020025	7.346314480661911e-13
-2.0125156445556946	1.0325586119330357e-11
-2.0025031289111386	1.236355158185158e-10
-1.9924906132665834	1.2611925576943892e-09
-1.9824780976220273	1.0961542701155684e-08
-1.9724655819774712	8.118631833360295e-08
-1.962453066332916	5.125387533858116e-07
-1.95244055068836	2.7592181224116073e-06
-1.9424280350438048	1.2675383806557679e-05
-1.9324155193992487	4.974476333282619e-05
-1.9224030037546935	0.0001670950328546592
-1.9123904881101375	0.00048190240792109483
-1.9023779724655814	0.0011993170206484707
-1.8923654568210262	0.002596483447713604
-1.8823529411764701	0.004950043196138045
-1.872340425531915	0.008452034945685765
-1.8623279098873589	0.013192222952776523
-1.8523153942428037	0.01919973145708952
-1.8423028785982476	0.02642671518422559
-1.8322903629536915	0.03466420163123895
-1.8222778473091363	0.04365906123877477
-1.8122653316645803	0.05365542922302107
-1.802252816020025	0.06597806559386937
-1.792240300375469	0.08279488626663144
-1.7822277847309138	0.10574109136016574
-1.7722152690863577	0.13437546308407938
-1.7622027534418017	0.16599818146239562
-1.7521902377972465	0.19728683466513838
-1.7421777221526904	0.2264878584121198
-1.7321652065081352	0.2543603944128666
-1.7221526908635791	0.2832345636395828
-1.712140175219024	0.3152003562063351
-1.7021276595744679	0.35109161771705766
-1.6921151439299118	0.39109625059995934
-1.6821026282853566	0.4363027567052107
-1.6720901126408005	0.48971777477432155
-1.6620775969962454	0.5558907496069188
-1.6520650813516893	0.6393448214420216
-1.642052565707134	0.7424887091656465
-1.632040050062578	0.8637887514924157
-1.622027534418022	0.9971483886625148
-1.6120150187734668	1.1331869099787237
-1.6020025031289107	1.262207631739229
-1.5919899874843555	1.377878513742102
-1.5819774718397994	1.4802582333715324
-1.5719649561952442	1.576335018965946
-1.5619524405506882	1.676626254050267
-1.551939924906132	1.78899082358031
-1.541927409261577	1.9137515226764108
-1.5319148936170208	2.0435795658337437
-1.5219023779724656	2.167478686793707
-1.5118898623279096	2.2754611266764972
-1.5018773466833544	2.3616413885973158
-1.4918648310387983	2.4253802475620416
-1.4818523153942422	2.4701264539295735
-1.471839799749687	2.4999715219613234
-1.461827284105131	2.5164799078965348
-1.4518147684605758	2.519441402899799
-1.4418022528160197	2.5112724262566886
-1.4317897371714645	2.49969320892245
-1.4217772215269084	2.494195658164189
-1.4117647058823524	2.4988834700698646
-1.4017521902377972	2.50915741274951
-1.391739674593241	2.515891317001961
-1.381727158948686	2.512496276852033
-1.3717146433041298	2.4976775831794296
-1.3617021276595747	2.472480808494138
-1.3516896120150186	2.4365881497968047
-1.3416770963704625	2.3882006541688754
-1.3316645807259073	2.32637128658331
-1.3216520650813512	2.2521637972297097
-1.311639549436796	2.167978268506445
-1.30162703379224	2.077179787168676
-1.2916145181476848	1.9843427032512335
-1.2816020025031287	1.8938338955266072
-1.2715894868585726	1.8065143388953895
-1.2615769712140175	1.7183404141220409
-1.2515644555694614	1.6237323518139872
-1.2415519399249062	1.5210010093337685
-1.2315394242803501	1.4144388065451392
-1.221526908635795	1.311558191322019
-1.2115143929912389	1.2189637400088025
-1.2015018773466828	1.1402482254949435
-1.1914893617021276	1.0757683574571646
-1.1814768460575715	1.0228196728263674
-1.1714643304130163	0.9763044843052331
-1.1614518147684603	0.9306548400859048
-1.151439299123905	0.8823106120595183
-1.141426783479349	0.8311840295539367
-1.131414267834793	0.7807034292245931
-1.1214017521902377	0.7371687526461682
-1.1113892365456817	0.7085306024030438
-1.1013767209011265	0.7018181930494478
-1.0913642052565704	0.7194908886022863
-1.0813516896120152	0.7571382043490388
-1.0713391739674591	0.8051146411457577
-1.061326658322903	0.8538282210384276
-1.0513141426783479	0.8993222462657713
-1.0413016270337918	0.9457042658693358
-1.0312891113892366	1.00343516037786
-1.0212765957446805	1.0846267735028592
-1.0112640801001254	1.19728894871501
-1.0012515644555693	1.341001454232878
-0.9912390488110132	1.5065701796154607
-0.981226533166458	1.6803478300550283
-0.971214017521902	1.8507112579964695
-0.9612015018773468	2.012585339291511
-0.9511889862327907	2.1672412854286884
-0.9411764705882355	2.317611428421076
-0.9311639549436794	2.4624538210756284
-0.9211514392991234	2.594307158089659
-0.9111389236545682	2.703963053253537
-0.9011264080100121	2.7881621735573865
-0.8911138923654569	2.853099980754896
-0.8811013767209008	2.910096048832749
-0.8710888610763456	2.968179953171681
-0.8610763454317896	3.03098277191447
-0.8510638297872335	3.0987771069547705
-0.8410513141426783	3.1701182743113576
-0.8310387984981222	3.240303793837775
-0.821026282853567	3.300913979699745
-0.811013767209011	3.3444759381920575
-0.8010012515644558	3.3703918596339553
-0.7909887359198997	3.3844525566470995
-0.7809762202753436	3.391007027666712
-0.7709637046307884	3.385900103417997
-0.7609511889862324	3.358208964511901
-0.7509386733416772	3.299780729484853
-0.7409261576971211	3.2138359170956785
-0.7309136420525659	3.1151052435574225
-0.7209011264080099	3.021993943181273
-0.7108886107634538	2.947973027792889
-0.7008760951188986	2.898744424299043
-0.6908635794743425	2.8750419172924566
-0.6808510638297873	2.87551114865908
-0.6708385481852313	2.8956928409222957
-0.6608260325406761	2.9252618987133183
-0.65081351689612	2.9484953677171912
-0.6408010012515639	2.949128565251757
-0.6307884856070087	2.915774416328036
-0.6207759699624527	2.844454028694495
-0.6107634543178975	2.7389559435958337
-0.6007509386733414	2.6108654664258015
-0.5907384230287862	2.477854843725241
-0.5807259073842301	2.3575997444605834
-0.5707133917396741	2.2593451318064965
-0.5607008760951189	2.1800457877898496
-0.5506883604505628	2.1096256499650234
-0.5406758448060076	2.0417162498017967
-0.5306633291614515	1.981000867566915
-0.5206508135168963	1.941155039250052
-0.5106382978723403	1.934949068183574
-0.5006257822277842	1.9636618377194843
-0.490613266583229	2.013165783791376
-0.48060075093867294	2.0597780583715832
-0.47058823529411775	2.082849777970771
-0.4605757196495617	2.0763353657513357
-0.4505632040050065	2.0517667722218933
-0.4405506883604504	2.0309862334391036
-0.43053817271589434	2.0341838821020657
-0.42052565707133915	2.0709102874238905
-0.4105131414267831	2.137683733676288
-0.4005006257822279	2.220886139063748
-0.3904881101376718	2.3023979665132237
-0.38047559449311663	2.3663006548351597
-0.37046307884856056	2.4045253703512426
-0.3604505632040045	2.4185319027544234
-0.3504380475594493	2.4161851331032933
-0.3404255319148932	2.406910197441619
-0.33041301627033803	2.3991776435691747
-0.32040050062578196	2.4009519431838235
-0.3103879849812259	2.4202079443935824
-0.3003754693366707	2.463079075082853
-0.2903629536921146	2.5305033553880185
-0.28035043804755944	2.6163669131937524
-0.27033792240300336	2.7091015120662383
-0.2603254067584482	2.795802480771556
-0.2503128911138921	2.866173476747042
-0.24030037546933602	2.914706655204136
-0.23028785982478084	2.9416806341867994
-0.22027534418022476	2.953563722254679
-0.21026282853566958	2.9616639599791217
-0.2002503128911135	2.9782596973785216
-0.19023779724655832	3.0126101002527292
-0.18022528160200224	3.0703684642543707
-0.17021276595744617	3.1561323309068703
-0.16020025031289098	3.2746569644985737
-0.1501877346683349	3.4274660194161677
-0.14017521902377972	3.6070385542846672
-0.13016270337922364	3.794190262052758
-0.12015018773466846	3.9624589415728844
-0.11013767209011238	4.088268667657922
-0.10012515644555631	4.1611604454786475
-0.09011264080100112	4.187783155378065
-0.08010012515644505	4.187771360321146
-0.07008760951188986	4.185305355798539
-0.060075093867333784	4.201385560803721
-0.0500625782227786	4.248750073699029
-0.04005006257822252	4.329248966967593
-0.030037546933666448	4.434351677269772
-0.02002503128911126	4.549824444858101
-0.010012515644555187	4.662973857629315
0.0	4.7676473835404405
