-8.0	36.94389653971108
-7.989987484355444	37.8729562961025
-7.979974968710889	38.72829567685414
-7.969962453066333	39.41675846092042
-7.9599499374217775	39.91092642116388
-7.949937421777221	40.219752712007946
-7.939924906132666	40.39824609267399
-7.92991239048811	40.52407723842706
-7.919899874843554	40.567043659407666
-7.909887359198999	40.42107802810322
-7.899874843554443	40.08600591555121
-7.889862327909888	39.639960971806296
-7.8798498122653315	39.15061713550487
-7.869837296620776	38.63789345877356
-7.85982478097622	38.0527175302084
-7.849812265331664	37.33442072292192
-7.839799749687109	36.49842616374725
-7.829787234042553	35.59189581302822
-7.819774718397998	34.61055635713733
-7.809762202753442	33.536872220434965
-7.7997496871088865	32.35091417579746
-7.78973717146433	31.098680879279147
-7.779724655819774	29.866814888506976
-7.769712140175219	28.691227843222077
-7.759699624530663	27.531851352884505
-7.749687108886108	26.396155624739773
-7.739674593241552	25.267913992922335
-7.729662077596997	24.09139011433677
-7.719649561952441	22.916583942877427
-7.7096370463078845	21.818964549005738
-7.699624530663329	20.786888719488815
-7.689612015018773	19.776694718149777
-7.679599499374218	18.770609699358243
-7.669586983729662	17.80084207148844
-7.659574468085107	16.931972918846068
-7.649561952440551	16.198489866381994
-7.639549436795995	15.603562351600246
-7.629536921151439	15.126236717156244
-7.619524405506883	14.73906437490576
-7.609511889862328	14.403065244172964
-7.599499374217772	14.049456633890513
-7.589486858573217	13.626676972422738
-7.579474342928661	13.163070582249453
-7.569461827284105	12.712916527401305
-7.55944931163955	12.277015286039724
-7.5494367959949935	11.828260239045614
-7.539424280350438	11.382755137358833
-7.529411764705882	10.980036373078876
-7.519399249061326	10.609697200969451
-7.509386733416771	10.265538290107097
-7.499374217772215	9.984359125869139
-7.48936170212766	9.763863427114527
-7.479349186483104	9.593659099667848
-7.4693366708385485	9.48655201509756
-7.459324155193992	9.433654647243998
-7.449311639549437	9.416478403285117
-7.439299123904881	9.416873515940454
-7.429286608260325	9.424549822496596
-7.41927409261577	9.484086799473925
-7.409261576971214	9.670311991883462
-7.399249061326659	9.993264392785488
-7.3892365456821025	10.417542159334339
-7.3792240300375465	10.898393554524159
-7.369211514392991	11.421528741649796
-7.359198998748435	12.006103719315528
-7.34918648310388	12.658588584276165
-7.339173967459324	13.3341441629387
-7.329161451814769	13.955032380873197
-7.319148936170213	14.475419015459172
-7.3091364205256575	14.914840139353878
-7.299123904881101	15.319999548428465
-7.289111389236545	15.735522807054279
-7.27909887359199	16.18716041003744
-7.269086357947434	16.68679614472879
-7.259073842302879	17.24486056622845
-7.249061326658323	17.851806449581165
-7.239048811013767	18.497456705707087
-7.2290362953692116	19.18767724356745
-7.2190237797246555	19.913454371643905
-7.2090112640801	20.650839845638835
-7.198998748435544	21.368987830266278
-7.188986232790989	22.065701937761347
-7.178973717146433	22.804336286394186
-7.168961201501878	23.6346619734382
-7.158948685857322	24.526732973147695
-7.148936170212766	25.414381226767812
-7.13892365456821	26.254858921137682
-7.128911138923654	27.061862405343227
-7.118898623279099	27.891032530133664
-7.108886107634543	28.800288844982916
-7.098873591989987	29.81693478962209
-7.088861076345432	30.945317967666586
-7.078848560700876	32.128341943150815
-7.068836045056321	33.262508871139254
-7.0588235294117645	34.29458601919649
-7.048811013767209	35.20740789889728
-7.038798498122653	35.980410029649356
-7.028785982478098	36.60685855997801
-7.018773466833542	37.11063940587043
-7.008760951188986	37.534181095953365
-6.998748435544431	37.9631033847327
-6.988735919899875	38.384253776423286
-6.9787234042553195	38.774399784963705
-6.968710888610763	39.212251096024026
-6.958698372966207	39.66052833080396
-6.948685857321652	40.11467643839214
-6.938673341677096	40.4486388896882
-6.928660826032541	40.723571026456206
-6.918648310387985	41.11084680329734
-6.908635794743429	41.61439228541873
-6.8986232790988735	42.19911734856223
-6.888610763454318	42.87689142541926
-6.878598247809762	43.517235879162676
-6.868585732165206	44.25430439240597
-6.858573216520651	45.11895324440506
-6.848560700876095	46.086377046483676
-6.83854818523154	47.22211875840507
-6.828535669586984	48.36909767934748
-6.818523153942428	49.363316810586824
-6.808510638297872	50.4051924176813
-6.798498122653316	51.53437796340869
-6.788485607008761	52.70278824076428
-6.778473091364205	53.91328052878592
-6.768460575719649	55.22359296340488
-6.758448060075094	56.68690362074023
-6.748435544430539	58.07414167224082
-6.7384230287859825	59.32288132265007
-6.7284105131414265	60.374305718922656
-6.718397997496871	61.275725637733146
-6.708385481852315	62.087091894242214
-6.69837296620776	62.86325580641842
-6.688360450563204	63.536627942445584
-6.678347934918648	64.02206945876351
-6.668335419274093	64.47055937586092
-6.658322903629537	65.02793658782198
-6.648310387984981	65.63189003080957
-6.638297872340425	66.09596767303164
-6.628285356695869	66.4658604308565
-6.618272841051314	66.86066476619239
-6.608260325406759	67.28633942722144
-6.598247809762203	67.72656487997298
-6.588235294117647	68.1387654241476
-6.578222778473092	68.45340920090106
-6.5682102628285355	68.6208319885723
-6.55819774718398	68.66251825630539
-6.548185231539424	68.60508267943733
-6.538172715894868	68.48449511017607
-6.528160200250313	68.3132355984335
-6.518147684605757	68.05054728265603
-6.508135168961202	67.6471175684264
-6.498122653316646	67.11629925024639
-6.4881101376720896	66.50242288624744
-6.478097622027534	65.84920027375244
-6.468085106382979	65.24258688175706
-6.458072590738423	64.7363911578846
-6.448060075093867	64.27436544346635
-6.438047559449312	63.7709862310986
-6.428035043804756	63.2282563686429
-6.418022528160201	62.63572714029921
-6.4080100125156445	61.97263351864131
-6.397997496871088	61.25915860087815
-6.387984981226533	60.51019134360893
-6.377972465581977	59.70232476613704
-6.367959949937422	58.7768775104681
-6.357947434292866	57.751005843253886
-6.34793491864831	56.67778099913145
-6.337922403003755	55.58054571599263
-6.3279098873591995	54.57647739012192
-6.317897371714643	53.64552237784801
-6.307884856070087	52.72464334157376
-6.297872340425532	51.77400512819185
-6.287859824780976	50.76195907497293
-6.277847309136421	49.70013520509894
-6.267834793491865	48.53012669350597
-6.257822277847309	47.19997782087574
-6.2478097622027535	45.718273348162604
-6.2377972465581975	44.17331390930172
-6.227784730913642	42.657884929036435
-6.217772215269086	41.22720402397104
-6.20775969962453	39.878542142840054
-6.197747183979975	38.61611978755711
-6.18773466833542	37.4493596654495
-6.177722152690864	36.34236312148834
-6.167709637046308	35.303629753722035
-6.157697121401752	34.31259311085755
-6.147684605757196	33.29097485808474
-6.137672090112641	32.14149090285488
-6.127659574468085	30.896825199196343
-6.117647058823529	29.651284421328818
-6.107634543178974	28.445412717531564
-6.097622027534418	27.321743982564936
-6.0876095118898625	26.311436021831614
-6.0775969962453065	25.40297025920657
-6.06758448060075	24.520968006952643
-6.057571964956195	23.643788121777778
-6.04755944931164	22.857931629793356
-6.037546933667084	22.00929509970265
-6.027534418022528	21.098006002037355
-6.017521902377973	20.213530384672303
-6.007509386733417	19.46418894428092
-5.997496871088861	18.925957383617305
-5.987484355444305	18.58352596420664
-5.977471839799749	18.27839305793743
-5.967459324155194	17.96432289336647
-5.957446808510639	17.692623391657552
-5.947434292866083	17.481516858138974
-5.937421777221527	17.3545690090112
-5.927409261576971	17.288539078007094
-5.9173967459324155	17.209772471118985
-5.90738423028786	17.142566904817905
-5.897371714643304	17.134231633354705
-5.887359198998748	17.118141499168765
-5.877346683354192	17.04279728334587
-5.867334167709637	16.95709435270894
-5.857321652065082	16.884212292078196
-5.847309136420526	16.833218927349346
-5.83729662077597	16.84641300089621
-5.827284105131414	16.849568950443828
-5.817271589486858	16.821286734786867
-5.807259073842303	16.791822556753115
-5.797246558197747	16.77623545694018
-5.787234042553191	16.70228400167008
-5.777221526908636	16.542180888964342
-5.767209011264081	16.428182621456923
-5.7571964956195245	16.248775986841732
-5.747183979974968	15.992310824590804
-5.737171464330412	15.709437487449858
-5.727158948685857	15.412767251308276
-5.717146433041302	15.049497191625777
-5.707133917396746	14.645971122138768
-5.69712140175219	14.289618499992509
-5.687108886107635	14.045469420712775
-5.677096370463079	13.873531778819588
-5.667083854818523	13.655715951805913
-5.657071339173967	13.300062741176395
-5.647058823529411	12.93401540021023
-5.637046307884856	12.731639634895297
-5.627033792240301	12.720720826254166
-5.617021276595745	12.610122407088372
-5.607008760951189	12.85701868127522
-5.596996245306633	12.867560277266115
-5.5869837296620775	12.817864059691955
-5.576971214017522	12.745089792467754
-5.566958698372966	12.797308348309985
-5.55694618272841	13.053839518383214
-5.546933667083855	13.593756176864714
-5.536921151439299	14.080133169208844
-5.526908635794744	14.531419368912385
-5.516896120150188	15.711582410112308
-5.5068836045056315	16.48188749397091
-5.496871088861076	17.234388848845935
-5.486858573216521	18.226525313116202
-5.476846057571965	19.493774704877232
-5.466833541927409	21.0642683070999
-5.456821026282853	22.762751265959455
-5.446808510638298	24.078174150200454
-5.4367959949937426	25.111045949053313
-5.4267834793491865	25.80656864339414
-5.41677096370463	27.34878466717604
-5.406758448060075	28.470096210476836
-5.396745932415519	29.097149529448206
-5.386733416770964	29.973314970544326
-5.376720901126408	30.377440791019623
-5.366708385481852	30.78109771469126
-5.356695869837297	31.32879436569099
-5.346683354192741	31.817816755960816
-5.336670838548185	32.04409375773497
-5.326658322903629	32.37798434337791
-5.316645807259073	32.68276374353516
-5.306633291614518	33.19729308210401
-5.296620775969963	33.59440283514201
-5.286608260325407	33.89579676633494
-5.276595744680851	34.2932252373158
-5.2665832290362955	34.87254056634025
-5.256570713391739	35.604042078901195
-5.246558197747184	36.34174267869508
-5.236545682102628	37.09291514999301
-5.226533166458072	37.90799258096191
-5.216520650813517	38.822787081915884
-5.206508135168962	39.8302190418314
-5.196495619524406	41.028101129894445
-5.18648310387985	42.60325773966354
-5.1764705882352935	44.19088706374306
-5.166458072590738	45.74913822345056
-5.156445556946183	47.296479469907005
-5.146433041301627	48.806610617268554
-5.136420525657071	50.1050184846107
-5.126408010012516	51.29087246542149
-5.11639549436796	52.32494364272192
-5.1063829787234045	53.13254416359371
-5.0963704630788484	53.8493247864379
-5.086357947434292	54.58487525834246
-5.076345431789737	55.26506225385037
-5.066332916145182	55.94901989239891
-5.056320400500626	56.66235818824732
-5.04630788485607	57.31891556764091
-5.036295369211514	57.77198193961786
-5.026282853566959	58.0027938615347
-5.016270337922403	58.08434198528674
-5.006257822277847	58.0311911889842
-4.996245306633291	57.91639963265389
-4.986232790988735	57.65458377070979
-4.97622027534418	57.18894528785518
-4.966207759699625	56.49737884874555
-4.956195244055069	55.67115326460891
-4.946182728410513	54.84183781836947
-4.9361702127659575	54.07190114499206
-4.926157697121402	53.19269145839787
-4.916145181476846	52.16143733544609
-4.90613266583229	51.07314767170436
-4.896120150187734	49.83030106440224
-4.886107634543179	48.51840432417241
-4.876095118898624	47.21324476512333
-4.866082603254068	45.92859136357565
-4.8560700876095115	44.53999782057287
-4.8460575719649555	43.20849392907988
-4.8360450563204	42.06618223785777
-4.826032540675845	40.99367305461005
-4.816020025031289	39.98278160404545
-4.806007509386733	39.0797988459921
-4.795994993742178	38.08797600635948
-4.785982478097623	37.0789089613326
-4.7759699624530665	36.27856353809181
-4.76595744680851	35.62811220135262
-4.755944931163954	34.973622342642884
-4.745932415519399	34.34798974503038
-4.735919899874844	33.724735847526844
-4.725907384230288	33.05373053607357
-4.715894868585732	32.38905244490089
-4.705882352941176	31.92602480662755
-4.6958698372966206	31.670271489585538
-4.685857321652065	31.538349281847843
-4.675844806007509	31.367087981998367
-4.665832290362953	31.25249963310338
-4.655819774718398	31.221673278370936
-4.645807259073843	31.211337698424522
-4.635794743429287	31.207411937831363
-4.625782227784731	31.206070591550485
-4.615769712140175	31.205838980616342
-4.605757196495619	31.206049794806955
-4.595744680851064	31.206412158358813
-4.585732165206508	31.20680483938353
-4.575719649561952	31.20717902860663
-4.565707133917396	31.207516425448937
-4.555694618272841	31.207811762491666
-4.545682102628286	31.208065456725166
-4.53566958698373	31.208280403540268
-4.5256570713391735	31.20846050006429
-4.515644555694618	31.208609924897566
-4.505632040050063	31.20873277225221
-4.495619524405507	31.208832865987816
-4.485607008760951	31.208913671921618
-4.475594493116395	31.208978266565303
-4.46558197747184	31.209029338810932
-4.4555694618272845	31.20906921044982
-4.4455569461827285	31.209099866688724
-4.435544430538172	31.209122991065488
-4.425531914893616	31.209140001255932
-4.415519399249061	31.2091520836482
-4.405506883604506	31.20916022548073
-4.39549436795995	31.209165243946046
-4.385481852315394	31.20916781205328
-4.375469336670839	31.209168481284287
-4.365456821026283	31.209167701222583
-4.355444305381727	31.20916583640907
-4.345431789737171	31.209163180712874
-4.335419274092615	31.209159969509784
-4.32540675844806	31.209156389950707
-4.315394242803505	31.209152589580917
-4.305381727158949	31.20914868356713
-4.295369211514393	31.214055045578835
-4.285356695869837	31.257831772698623
-4.275344180225281	31.25017958204414
-4.265331664580726	31.340326087356146
-4.25531914893617	31.471703353130174
-4.245306633291614	31.479760196404094
-4.235294117647059	31.387870872040175
-4.225281602002504	31.406905714771554
-4.215269086357948	31.39277882110335
-4.2052565707133915	31.440752615352046
-4.1952440550688355	31.165502579874858
-4.18523153942428	31.07931425431271
-4.175219023779725	30.70167833452263
-4.165206508135169	30.870068080036255
-4.155193992490613	31.144041566856338
-4.145181476846057	31.141828089077038
-4.135168961201502	31.696018688101667
-4.1251564455569465	31.665876589960842
-4.11514392991239	31.99252031759176
-4.105131414267834	32.3084143788742
-4.095118898623279	32.51003838343611
-4.085106382978723	32.623511234565974
-4.075093867334168	32.761098236693364
-4.065081351689612	33.123503728816935
-4.055068836045056	33.52035375853281
-4.045056320400501	33.95374062974766
-4.035043804755945	34.23095981067149
-4.025031289111389	34.70248750277164
-4.015018773466833	34.7529217661156
-4.005006257822277	34.832833383994966
-3.994993742177722	35.02891631003511
-3.9849812265331668	35.029333569942494
-3.9749687108886107	35.02937789885258
-3.9649561952440546	35.02942625563308
-3.9549436795994994	35.029479055355196
-3.9449311639549434	35.029536763085666
-3.934918648310388	35.02959990090052
-3.924906132665832	35.0296690560074
-3.914893617021277	35.02974489016689
-3.904881101376721	35.02982815063863
-3.8948685857321648	35.02991968291902
-3.8848560700876096	35.030020445588406
-3.8748435544430535	35.03013152764691
-3.8648310387984983	35.03025416879421
-3.8548185231539422	35.03038978320504
-3.844806007509387	35.03053998747703
-3.834793491864831	35.03070663359941
-3.824780976220275	35.03089184803923
-3.8147684605757197	35.03109807843485
-3.8047559449311636	35.03132815005765
-3.7947434292866085	35.031585335456164
-3.7847309136420524	35.03187344319349
-3.774718397997497	35.032196936827376
-3.764705882352941	35.03256110666494
-3.754693366708385	35.032972342134116
-3.74468085106383	35.03343860973298
-3.734668335419274	35.033970371624136
-3.7246558197747186	35.034582477883774
-3.7146433041301625	35.03529824886735
-3.7046307884856065	35.036158526875646
-3.6946182728410513	35.03724200355951
-3.684605757196495	35.038710811144604
-3.67459324155194	35.04091053836957
-3.664580725907384	35.04457553429101
-3.6545682102628287	35.05117914995512
-3.6445556946182727	35.06323266998963
-3.6345431789737166	35.08357204460259
-3.6245306633291614	35.112926789718166
-3.6145181476846053	35.15309500792627
-3.60450563204005	35.251663167254094
-3.594493116395494	35.482892545932216
-3.584480600750939	35.71697317298441
-3.574468085106383	35.932380701626634
-3.5644555694618267	36.184497980596724
-3.5544430538172715	36.43520323472346
-3.5444305381727155	36.71461690248085
-3.5344180225281603	37.069774309528896
-3.524405506883604	37.5044940841188
-3.514392991239049	37.949283550780805
-3.504380475594493	38.56382478543395
-3.494367959949937	39.25906451540473
-3.4843554443053817	40.01399429079412
-3.4743429286608256	40.89929042945053
-3.4643304130162704	41.973720739551744
-3.4543178973717144	43.087574549904225
-3.444305381727159	44.17736720099112
-3.434292866082603	45.42169237559181
-3.424280350438047	46.782619481311556
-3.414267834793492	48.17530953524268
-3.4042553191489358	49.61257562567581
-3.3942428035043806	51.02164067409372
-3.3842302878598245	52.32656374061747
-3.3742177722152693	53.58442995987909
-3.3642052565707132	54.80876050759081
-3.354192740926157	56.045507168910746
-3.344180225281602	57.187852001812175
-3.334167709637046	58.12433803431971
-3.3241551939924907	59.149632912888265
-3.3141426783479346	60.27121534362443
-3.3041301627033794	61.23768578413382
-3.2941176470588234	62.12096294894565
-3.2841051314142673	62.90289222636995
-3.274092615769712	63.608993070236444
-3.264080100125156	64.31526652243734
-3.254067584480601	65.01517629518774
-3.2440550688360448	65.68553272575821
-3.2340425531914896	66.33153489569912
-3.2240300375469335	66.94791510269856
-3.2140175219023774	67.48611495828084
-3.2040050062578223	68.00707211315388
-3.193992490613266	68.58770074542063
-3.183979974968711	69.1097541926299
-3.173967459324155	69.49431836318466
-3.1639549436795997	69.77971282261933
-3.1539424280350437	69.99583831779857
-3.1439299123904876	70.19411755302096
-3.1339173967459324	70.40200868400865
-3.1239048811013763	70.56913430337404
-3.113892365456821	70.70962490457977
-3.103879849812265	70.85598686376369
-3.09386733416771	70.97641797206704
-3.083854818523154	71.00625163543322
-3.0738423028785977	70.96557446718289
-3.0638297872340425	70.86580775606338
-3.0538172715894865	70.752239530955
-3.0438047559449313	70.68371701330466
-3.033792240300375	70.67095307434244
-3.02377972465582	70.69081652610636
-3.013767209011264	70.66646534667075
-3.003754693366708	70.59478838100492
-2.9937421777221527	70.52510318987292
-2.9837296620775966	70.45760319270201
-2.9737171464330414	70.37932117823075
-2.9637046307884853	70.31763619585122
-2.95369211514393	70.2532587470642
-2.943679599499374	70.16603849942955
-2.933667083854818	70.0818071604147
-2.923654568210263	70.00055985535393
-2.9136420525657067	69.8236969978335
-2.9036295369211516	69.55351364905462
-2.8936170212765955	69.26128530594929
-2.8836045056320403	68.96067866479606
-2.873591989987484	68.66886857760305
-2.863579474342928	68.4159740685491
-2.853566958698373	68.0987063447497
-2.843554443053817	67.72584485111767
-2.8335419274092617	67.35032882106673
-2.8235294117647056	66.97262877112685
-2.8135168961201504	66.6374381536633
-2.8035043804755944	66.37975006014634
-2.7934918648310383	66.17354378066324
-2.783479349186483	66.00732418811614
-2.773466833541927	65.85219185859243
-2.763454317897372	65.59068498454417
-2.7534418022528158	65.2185964471091
-2.7434292866082606	64.71598615860061
-2.7334167709637045	64.07503244448063
-2.7234042553191484	63.28552191077972
-2.7133917396745932	62.39647106666699
-2.703379224030037	61.52117986410233
-2.693366708385482	60.70154542390309
-2.683354192740926	59.896470832337755
-2.6733416770963707	59.05245435460525
-2.6633291614518146	58.11843800920104
-2.6533166458072586	57.099108070730814
-2.6433041301627034	55.929858640791245
-2.6332916145181473	54.60606464899419
-2.623279098873592	53.2295931043037
-2.613266583229036	51.85742399302124
-2.603254067584481	50.39857190800793
-2.593241551939925	48.790350840855204
-2.5832290362953687	47.19675867196269
-2.5732165206508135	45.72570881515098
-2.5632040050062574	44.27393214976041
-2.5531914893617023	42.77513643389622
-2.543178973717146	41.238517699750446
-2.533166458072591	39.70996646681073
-2.523153942428035	38.24572432831437
-2.513141426783479	36.89214306480684
-2.5031289111389237	35.5760631148814
-2.4931163954943676	34.33316701354118
-2.4831038798498124	33.23851812195302
-2.4730913642052563	32.21291314286701
-2.463078848560701	31.176650248139296
-2.453066332916145	30.161187115217412
-2.443053817271589	29.11329352465047
-2.433041301627034	28.17357334170161
-2.4230287859824777	27.36320415089727
-2.4130162703379225	26.69703242931118
-2.4030037546933665	26.120033488593073
-2.3929912390488113	25.545686737993343
-2.382978723404255	25.06953695081927
-2.372966207759699	24.714740067024884
-2.362953692115144	24.425066583411056
-2.352941176470588	24.183801466165438
-2.3429286608260327	24.025767541871076
-2.3329161451814766	23.897302421877963
-2.3229036295369214	23.80598154069995
-2.3128911138923653	23.75530542828083
-2.3028785982478093	23.725517837245594
-2.292866082603254	23.698498135511127
-2.282853566958698	23.67660866379394
-2.272841051314143	23.664732284033533
-2.2628285356695867	23.659183142078177
-2.2528160200250316	23.65606251118908
-2.2428035043804755	23.653841437789563
-2.2327909887359194	23.652041579891375
-2.2227784730913642	23.650505145883557
-2.212765957446808	23.649166496947483
-2.202753441802253	23.64798859011431
-2.192740926157697	23.64694533003405
-2.1827284105131417	23.64601628511889
-2.1727158948685856	23.64518119240605
-2.1627033792240296	23.614470169881486
-2.1526908635794744	23.6282423013737
-2.1426783479349183	23.620317413491332
-2.132665832290363	23.646756768752947
-2.122653316645807	23.55017935785434
-2.112640801001252	23.498251689643897
-2.1026282853566958	23.52707124975365
-2.0926157697121397	23.514024175249062
-2.0826032540675845	23.606588214765587
-2.0725907384230284	23.496123255284875
-2.0625782227784732	23.395170249673438
-2.052565707133917	23.342367949956238
-2.042553191489362	23.6560706324091
-2.032540675844806	23.82537617622302
-2.02252816020025	23.93957288350127
-2.0125156445556946	23.935048656668094
-2.0025031289111386	24.064410968793688
-1.9924906132665834	24.121725060213752
-1.9824780976220273	24.277246062144343
-1.9724655819774712	24.686895380438283
-1.962453066332916	24.701467710695923
-1.95244055068836	24.667464130933915
-1.9424280350438048	24.72954950518655
-1.9324155193992487	24.866752287407557
-1.9224030037546935	24.858599160372748
-1.9123904881101375	24.928300689292154
-1.9023779724655814	24.936789607184405
-1.8923654568210262	24.956396583996543
-1.8823529411764701	24.933467969542782
-1.872340425531915	24.930895868506177
-1.8623279098873589	24.931170178251822
-1.8523153942428037	24.93149448631333
-1.8423028785982476	24.931887398322964
-1.8322903629536915	24.93238432293585
-1.8222778473091363	24.933094197080667
-1.8122653316645803	24.93449446283021
-1.802252816020025	24.9383347615658
-1.792240300375469	24.94551613187861
-1.7822277847309138	24.951769636805736
-1.7722152690863577	24.958346269446125
-1.7622027534418017	24.966427086258843
-1.7521902377972465	24.975995203996323
-1.7421777221526904	24.991996266941694
-1.7321652065081352	25.02154687650421
-1.7221526908635791	25.068179965549803
-1.712140175219024	25.163898643461952
-1.7021276595744679	25.324323385198777
-1.6921151439299118	25.49556272221419
-1.6821026282853566	25.70092625704204
-1.6720901126408005	25.889621533406775
-1.6620775969962454	25.962039826561313
-1.6520650813516893	26.052992904144702
-1.642052565707134	26.20065303159982
-1.632040050062578	26.370596419536536
-1.622027534418022	26.61655051716917
-1.6120150187734668	26.864588466618518
-1.6020025031289107	27.23898003377554
-1.5919899874843555	27.764893413740808
-1.5819774718397994	28.390371428421712
-1.5719649561952442	29.12609560833526
-1.5619524405506882	29.892057710652843
-1.551939924906132	30.81688515014943
-1.541927409261577	32.06756306200451
-1.5319148936170208	33.56131402320886
-1.5219023779724656	34.95025338512503
-1.5118898623279096	36.22649341283122
-1.5018773466833544	37.484980159979855
-1.4918648310387983	38.6065109834578
-1.4818523153942422	39.56501066892156
-1.471839799749687	40.36616704175825
-1.461827284105131	41.04264297995205
-1.4518147684605758	41.673564385258366
-1.4418022528160197	42.24874829260808
-1.4317897371714645	42.68444021066873
-1.4217772215269084	43.02078737288593
-1.4117647058823524	43.34050120035545
-1.4017521902377972	43.54370399648482
-1.391739674593241	43.58309574895085
-1.381727158948686	43.54865715956261
-1.3717146433041298	43.52888481214317
-1.3617021276595747	43.45679531444371
-1.3516896120150186	43.25884538688987
-1.3416770963704625	42.92901814648797
-1.3316645807259073	42.48683032398469
-1.3216520650813512	41.91796894040947
-1.311639549436796	41.211182581265774
-1.30162703379224	40.45233102292214
-1.2916145181476848	39.69532321844318
-1.2816020025031287	38.94230444203131
-1.2715894868585726	38.21670283367838
-1.2615769712140175	37.49676432191624
-1.2515644555694614	36.664952759815854
-1.2415519399249062	35.572248068395474
-1.2315394242803501	34.56241351368985
-1.221526908635795	33.79623236267336
-1.2115143929912389	32.971000178502074
-1.2015018773466828	31.869416838766
-1.1914893617021276	31.033008173050288
-1.1814768460575715	30.413901176226698
-1.1714643304130163	29.697582080065327
-1.1614518147684603	29.18253601858718
-1.151439299123905	28.676680119862784
-1.141426783479349	28.215539862003236
-1.131414267834793	27.86929687551081
-1.1214017521902377	27.804913975767413
-1.1113892365456817	27.7719604306781
-1.1013767209011265	27.80491364219629
-1.0913642052565704	28.073351680880787
-1.0813516896120152	28.353321253250705
-1.0713391739674591	28.3322385859207
-1.061326658322903	28.388622461985687
-1.0513141426783479	28.789067290262178
-1.0413016270337918	29.260359663112418
-1.0312891113892366	30.229409632658484
-1.0212765957446805	31.182723857980324
-1.0112640801001254	32.02504549472534
-1.0012515644555693	32.82769432563882
-0.9912390488110132	33.7682321596429
-0.981226533166458	34.68567272514361
-0.971214017521902	35.48100059942283
-0.9612015018773468	36.30162695170827
-0.9511889862327907	37.230707688910655
-0.9411764705882355	38.10894034776374
-0.9311639549436794	39.031281974430875
-0.9211514392991234	39.97302507481673
-0.9111389236545682	40.77936449368791
-0.9011264080100121	41.50140939894075
-0.8911138923654569	42.227490140558395
-0.8811013767209008	42.80580260142243
-0.8710888610763456	43.180354502683535
-0.8610763454317896	43.444153086799645
-0.8510638297872335	43.59344716675827
-0.8410513141426783	43.600148488114215
-0.8310387984981222	43.493125375307656
-0.821026282853567	43.27694441413025
-0.811013767209011	42.8476718813884
-0.8010012515644558	42.101633141856766
-0.7909887359198997	41.03839959376717
-0.7809762202753436	39.77316559621912
-0.7709637046307884	38.431093310845824
-0.7609511889862324	37.13699357512127
-0.7509386733416772	35.908704362929264
-0.7409261576971211	34.685015921605505
-0.7309136420525659	33.443702280822116
-0.7209011264080099	32.09667520515634
-0.7108886107634538	30.573266865384365
-0.7008760951188986	28.879241518789758
-0.6908635794743425	27.222941519218693
-0.6808510638297873	25.738519468757023
-0.6708385481852313	24.359707919576447
-0.6608260325406761	22.91261561950477
-0.65081351689612	21.674963110380645
-0.6408010012515639	20.6983987668869
-0.6307884856070087	19.839223078227697
-0.6207759699624527	18.981664781890565
-0.6107634543178975	18.0610977972421
-0.6007509386733414	17.087864393138638
-0.5907384230287862	16.03690123544289
-0.5807259073842301	14.923465922554223
-0.5707133917396741	13.93739487637887
-0.5607008760951189	13.058461469901852
-0.5506883604505628	12.231133603262787
-0.5406758448060076	11.407897057148373
-0.5306633291614515	10.5781344957748
-0.5206508135168963	9.817240964887397
-0.5106382978723403	9.308063748185123
-0.5006257822277842	8.973413780586235
-0.490613266583229	8.714075988094258
-0.48060075093867294	8.493481658541334
-0.47058823529411775	8.297351206949008
-0.4605757196495617	8.240403922594613
-0.4505632040050065	8.218044723188935
-0.4405506883604504	8.16012133119998
-0.43053817271589434	8.074937354259575
-0.42052565707133915	8.06361734241822
-0.4105131414267831	8.106117420979038
-0.4005006257822279	8.15793924388711
-0.3904881101376718	8.197170048864026
-0.38047559449311663	8.236396715016095
-0.37046307884856056	8.210031339393659
-0.3604505632040045	8.218399512197644
-0.3504380475594493	8.311810515049444
-0.3404255319148932	8.452531754997421
-0.33041301627033803	8.603724120381333
-0.32040050062578196	8.702042390675219
-0.3103879849812259	8.765685293956688
-0.3003754693366707	8.845008975485616
-0.2903629536921146	8.902411774056432
-0.28035043804755944	8.97328275889405
-0.27033792240300336	9.085990601063289
-0.2603254067584482	9.206583222157224
-0.2503128911138921	9.353779085292834
-0.24030037546933602	9.528185453683362
-0.23028785982478084	9.673425430290688
-0.22027534418022476	9.786998287147844
-0.21026282853566958	9.899127390380135
-0.2002503128911135	10.003875002545216
-0.19023779724655832	10.074859665916147
-0.18022528160200224	10.196868681387064
-0.17021276595744617	10.358178619804331
-0.16020025031289098	10.46757456045887
-0.1501877346683349	10.533980914766003
-0.14017521902377972	10.66877589224268
-0.13016270337922364	10.8712268218586
-0.12015018773466846	11.053437013622352
-0.11013767209011238	11.257603844494287
-0.10012515644555631	11.461179487904595
-0.09011264080100112	11.642112762431621
-0.08010012515644505	11.840101438711955
-0.07008760951188986	12.06682026774811
-0.060075093867333784	12.307385144768311
-0.0500625782227786	12.506356300436892
-0.04005006257822252	12.692603998512663
-0.030037546933666448	12.933321801560389
-0.02002503128911126	13.248641176626279
-0.010012515644555187	13.600186999257428
0.0	13.925202453386753
