-8.0	7.974759899738363
-7.989987484355444	7.674350949245496
-7.979974968710889	7.43310097266485
-7.969962453066333	7.154442172888206
-7.9599499374217775	6.905743372661083
-7.949937421777221	6.8077161772374195
-7.939924906132666	6.768995815358224
-7.92991239048811	6.656132398692922
-7.919899874843554	6.6710619690921105
-7.909887359198999	6.749644103744593
-7.899874843554443	6.646506713260762
-7.889862327909888	6.7657938164862985
-7.8798498122653315	6.970099388455414
-7.869837296620776	7.11665755682044
-7.85982478097622	7.243411693401236
-7.849812265331664	7.565676857052583
-7.839799749687109	7.87823635008947
-7.829787234042553	8.11642754876021
-7.819774718397998	8.26107132757356
-7.809762202753442	8.62052735382719
-7.7997496871088865	8.898595702434232
-7.78973717146433	9.127278063733463
-7.779724655819774	9.364551846073887
-7.769712140175219	9.5915908300218
-7.759699624530663	9.90574707059459
-7.749687108886108	10.21152719126527
-7.739674593241552	10.56292854886325
-7.729662077596997	10.983029208973212
-7.719649561952441	11.461110533306222
-7.7096370463078845	12.057642534409863
-7.699624530663329	12.801033757724518
-7.689612015018773	13.666727387989082
-7.679599499374218	14.602275326018866
-7.669586983729662	15.584202948955964
-7.659574468085107	16.632718501428457
-7.649561952440551	17.700276227467
-7.639549436795995	18.697892007199332
-7.629536921151439	19.596649833187104
-7.619524405506883	20.3955983869445
-7.609511889862328	21.1132198327298
-7.599499374217772	21.763057624492593
-7.589486858573217	22.352773993528224
-7.579474342928661	22.89042065114539
-7.569461827284105	23.374089201858954
-7.55944931163955	23.793553449409266
-7.5494367959949935	24.150108976907127
-7.539424280350438	24.451357799225676
-7.529411764705882	24.688238555535325
-7.519399249061326	24.827063805605714
-7.509386733416771	24.82977469357199
-7.499374217772215	24.686940356039486
-7.48936170212766	24.43496497740728
-7.479349186483104	24.1353675967073
-7.4693366708385485	23.825049902373618
-7.459324155193992	23.509344037147287
-7.449311639549437	23.186825614246565
-7.439299123904881	22.868339668524513
-7.429286608260325	22.558952507630973
-7.41927409261577	22.23573106789407
-7.409261576971214	21.873190552677144
-7.399249061326659	21.46085872975664
-7.3892365456821025	21.00179112787529
-7.3792240300375465	20.51057327375411
-7.369211514392991	20.0038464849427
-7.359198998748435	19.495356721522356
-7.34918648310388	18.99270806521355
-7.339173967459324	18.494032897387303
-7.329161451814769	17.992970257518486
-7.319148936170213	17.490478937386445
-7.3091364205256575	16.9958688834662
-7.299123904881101	16.507356302582505
-7.289111389236545	16.027444819693113
-7.27909887359199	15.580180167632276
-7.269086357947434	15.188459160731982
-7.259073842302879	14.866144378789988
-7.249061326658323	14.619621154969074
-7.239048811013767	14.434869224994841
-7.2290362953692116	14.28054963672052
-7.2190237797246555	14.128390743243733
-7.2090112640801	13.970133139508084
-7.198998748435544	13.817967132696849
-7.188986232790989	13.682426020704467
-7.178973717146433	13.555308228192489
-7.168961201501878	13.421173756404125
-7.158948685857322	13.278302798682969
-7.148936170212766	13.14114629938902
-7.13892365456821	13.025141047735135
-7.128911138923654	12.934446209165168
-7.118898623279099	12.864954619320326
-7.108886107634543	12.818377585342466
-7.098873591989987	12.79497152967086
-7.088861076345432	12.77801070343724
-7.078848560700876	12.746395286199755
-7.068836045056321	12.684017233808255
-7.0588235294117645	12.57592269288972
-7.048811013767209	12.413259324613305
-7.038798498122653	12.210671951180343
-7.028785982478098	12.014694534826745
-7.018773466833542	11.873507192911466
-7.008760951188986	11.798908259704707
-6.998748435544431	11.762862218894846
-6.988735919899875	11.719384732913525
-6.9787234042553195	11.63313386238629
-6.968710888610763	11.487957277297776
-6.958698372966207	11.307612673221797
-6.948685857321652	11.139200261026454
-6.938673341677096	11.02627588431043
-6.928660826032541	10.985756672555476
-6.918648310387985	11.028505106024152
-6.908635794743429	11.161786583892257
-6.8986232790988735	11.348774707763159
-6.888610763454318	11.551956632021582
-6.878598247809762	11.770700888281276
-6.868585732165206	12.015660910298084
-6.858573216520651	12.301360801412947
-6.848560700876095	12.648000254843208
-6.83854818523154	13.054376609532923
-6.828535669586984	13.497867021382351
-6.818523153942428	13.97113967829163
-6.808510638297872	14.479648149744694
-6.798498122653316	14.99984919440942
-6.788485607008761	15.475980382529633
-6.778473091364205	15.923655459215498
-6.768460575719649	16.365804074162348
-6.758448060075094	16.850313392927617
-6.748435544430539	17.397411604863414
-6.7384230287859825	17.989033143901917
-6.7284105131414265	18.590987942142526
-6.718397997496871	19.175959522411272
-6.708385481852315	19.71235680970591
-6.69837296620776	20.15341177342285
-6.688360450563204	20.46367276283864
-6.678347934918648	20.625524141282384
-6.668335419274093	20.65084400131038
-6.658322903629537	20.58270964930207
-6.648310387984981	20.459983224525566
-6.638297872340425	20.28798407559493
-6.628285356695869	20.060037626779028
-6.618272841051314	19.79327884208941
-6.608260325406759	19.526726859527837
-6.598247809762203	19.308189874168054
-6.588235294117647	19.146737050834133
-6.578222778473092	19.027985590759254
-6.5682102628285355	18.938405389267338
-6.55819774718398	18.822690762182994
-6.548185231539424	18.642951405603203
-6.538172715894868	18.430032775711375
-6.528160200250313	18.248933708189544
-6.518147684605757	18.136164658029518
-6.508135168961202	18.035627838414435
-6.498122653316646	17.928354371204673
-6.4881101376720896	17.87770076584899
-6.478097622027534	17.840221459714968
-6.468085106382979	17.78889859564888
-6.458072590738423	17.695263001118136
-6.448060075093867	17.627149990286505
-6.438047559449312	17.604989539916225
-6.428035043804756	17.584214193559728
-6.418022528160201	17.55269810269339
-6.4080100125156445	17.521843417678863
-6.397997496871088	17.503902489886652
-6.387984981226533	17.492869581855075
-6.377972465581977	17.4843330163497
-6.367959949937422	17.477547929604516
-6.357947434292866	17.586634040236643
-6.34793491864831	17.557000693931197
-6.337922403003755	17.380505379407257
-6.3279098873591995	17.425041294134466
-6.317897371714643	17.576521225263733
-6.307884856070087	17.78127073850165
-6.297872340425532	18.28226747081219
-6.287859824780976	19.04313020071495
-6.277847309136421	19.76284087194194
-6.267834793491865	20.850746777199387
-6.257822277847309	21.64702800893385
-6.2478097622027535	22.150947347393497
-6.2377972465581975	22.709008695999668
-6.227784730913642	23.126274662814623
-6.217772215269086	23.388639209496514
-6.20775969962453	23.780041075422485
-6.197747183979975	24.152971460825775
-6.18773466833542	24.29921780960769
-6.177722152690864	24.305157238170302
-6.167709637046308	24.352620494689145
-6.157697121401752	24.395544211366833
-6.147684605757196	24.539960349116978
-6.137672090112641	24.562403348776233
-6.127659574468085	24.575153782880555
-6.117647058823529	24.59275626816782
-6.107634543178974	24.617908911568083
-6.097622027534418	24.656192076429853
-6.0876095118898625	24.722562247558212
-6.0775969962453065	24.839285754134096
-6.06758448060075	25.036423039273405
-6.057571964956195	25.337614734444635
-6.04755944931164	25.75366127959346
-6.037546933667084	26.2449781630836
-6.027534418022528	26.77114973533428
-6.017521902377973	27.37050060146556
-6.007509386733417	28.13529377066029
-5.997496871088861	29.051512617046146
-5.987484355444305	30.017172000292458
-5.977471839799749	31.064215707437473
-5.967459324155194	32.2419189255445
-5.957446808510639	33.61962043154254
-5.947434292866083	35.08222361672781
-5.937421777221527	36.5738839330888
-5.927409261576971	38.12131410362806
-5.9173967459324155	39.71156910712487
-5.90738423028786	41.18036041336251
-5.897371714643304	42.39408103100709
-5.887359198998748	43.30141064808889
-5.877346683354192	43.87574889511779
-5.867334167709637	44.162844368138735
-5.857321652065082	44.3201665418603
-5.847309136420526	44.4740108814801
-5.83729662077597	44.508403790400976
-5.827284105131414	44.34024148884118
-5.817271589486858	43.99389449305241
-5.807259073842303	43.506999971120926
-5.797246558197747	42.89546637902487
-5.787234042553191	42.138406166116546
-5.777221526908636	41.17316964416897
-5.767209011264081	39.94076368772715
-5.7571964956195245	38.463717355198945
-5.747183979974968	36.894530652080945
-5.737171464330412	35.45038938964513
-5.727158948685857	34.19226429062755
-5.717146433041302	33.14268674795011
-5.707133917396746	32.262614185714554
-5.69712140175219	31.46614450152488
-5.687108886107635	30.769658358609547
-5.677096370463079	30.303297232242564
-5.667083854818523	29.965037570981938
-5.657071339173967	29.710658740155996
-5.647058823529411	29.45363721613476
-5.637046307884856	29.157813677713314
-5.627033792240301	28.848915840998735
-5.617021276595745	28.704034788644208
-5.607008760951189	28.51292226861309
-5.596996245306633	28.343141897592467
-5.5869837296620775	27.942718217323005
-5.576971214017522	27.576703780349256
-5.566958698372966	27.148781620772613
-5.55694618272841	26.674948371864865
-5.546933667083855	26.468656836862365
-5.536921151439299	26.27689229194406
-5.526908635794744	26.09724795215852
-5.516896120150188	25.97039078401347
-5.5068836045056315	25.943821962639745
-5.496871088861076	26.27853863720255
-5.486858573216521	26.396149807276093
-5.476846057571965	26.59750654177744
-5.466833541927409	26.74754815401047
-5.456821026282853	27.027317857122956
-5.446808510638298	27.23296660875217
-5.4367959949937426	27.470050307666767
-5.4267834793491865	27.779479991369406
-5.41677096370463	27.993062151787242
-5.406758448060075	28.290881262443115
-5.396745932415519	28.668816231574237
-5.386733416770964	29.00782931658273
-5.376720901126408	29.415178096365473
-5.366708385481852	30.02548019208788
-5.356695869837297	30.85733580649639
-5.346683354192741	31.86141694602304
-5.336670838548185	32.90815317741192
-5.326658322903629	33.85897494250911
-5.316645807259073	34.75310192353359
-5.306633291614518	35.620997290085285
-5.296620775969963	36.477281320706176
-5.286608260325407	37.30810403578656
-5.276595744680851	38.13902377611555
-5.2665832290362955	38.93182134435821
-5.256570713391739	39.49786936353575
-5.246558197747184	39.8327898880635
-5.236545682102628	40.088162945816556
-5.226533166458072	40.318282334592155
-5.216520650813517	40.512863040873725
-5.206508135168962	40.62155495866206
-5.196495619524406	40.581755394397206
-5.18648310387985	40.336288563741945
-5.1764705882352935	39.81026141937837
-5.166458072590738	39.00655469810004
-5.156445556946183	37.99241476467157
-5.146433041301627	36.871721936147885
-5.136420525657071	35.704951094339826
-5.126408010012516	34.53272785000307
-5.11639549436796	33.337483883088545
-5.1063829787234045	32.070976043820714
-5.0963704630788484	30.822561879101574
-5.086357947434292	29.64173282850838
-5.076345431789737	28.464615314090036
-5.066332916145182	27.279126575158973
-5.056320400500626	26.171010418769843
-5.04630788485607	25.211534324647683
-5.036295369211514	24.423398068637272
-5.026282853566959	23.736777008374975
-5.016270337922403	23.22594065529305
-5.006257822277847	22.853621041905654
-4.996245306633291	22.553848406340542
-4.986232790988735	22.307361562299857
-4.97622027534418	22.11874088506692
-4.966207759699625	22.01253369148446
-4.956195244055069	21.93468202380529
-4.946182728410513	21.867023557481406
-4.9361702127659575	21.815933573889303
-4.926157697121402	21.783031797811134
-4.916145181476846	21.76279667504709
-4.90613266583229	21.749740898652885
-4.896120150187734	21.74067253155655
-4.886107634543179	21.734030855955332
-4.876095118898624	21.729031568581217
-4.866082603254068	21.725220090166797
-4.8560700876095115	21.72229052811573
-4.8460575719649555	21.72001840984331
-4.8360450563204	21.718234183071875
-4.826032540675845	21.716809812445188
-4.816020025031289	21.71564958617217
-4.806007509386733	21.714682768562543
-4.795994993742178	21.71385759712374
-4.785982478097623	21.71313649082564
-4.7759699624530665	21.71249233473794
-4.76595744680851	21.711905667535955
-4.755944931163954	21.711362589261515
-4.745932415519399	21.71085322321397
-4.735919899874844	21.710370593773185
-4.725907384230288	21.709909811399626
-4.715894868585732	21.709467482178184
-4.705882352941176	21.70904128050623
-4.6958698372966206	21.70862963994016
-4.685857321652065	21.708231529521292
-4.675844806007509	21.70784629195371
-4.665832290362953	21.70747352658969
-4.655819774718398	21.707113004930715
-4.645807259073843	21.706764609771604
-4.635794743429287	21.70642829157184
-4.625782227784731	21.70610403740285
-4.615769712140175	21.705791849089877
-4.605757196495619	21.705491728082002
-4.595744680851064	21.7052036652455
-4.585732165206508	21.70492763425553
-4.575719649561952	21.704663587610046
-4.565707133917396	21.704411454544584
-4.555694618272841	21.70417114031409
-4.545682102628286	21.703942526444948
-4.53566958698373	21.703725471662832
-4.5256570713391735	21.703519813277033
-4.515644555694618	21.703325368858557
-4.505632040050063	21.703141938091377
-4.495619524405507	21.702969304707864
-4.485607008760951	21.702807238443306
-4.475594493116395	21.702655496962304
-4.46558197747184	21.702513827723703
-4.4555694618272845	21.702381969760573
-4.4455569461827285	21.702259655360244
-4.435544430538172	21.702146611634596
-4.425531914893616	21.702042561975723
-4.415519399249061	21.701947227395085
-4.405506883604506	21.701860327747276
-4.39549436795995	21.701781582840482
-4.385481852315394	21.70171071343801
-4.375469336670839	21.701647442155217
-4.365456821026283	21.701591494257627
-4.355444305381727	21.701542598365727
-4.345431789737171	21.701500487072586
-4.335419274092615	21.701464897480196
-4.32540675844806	21.70143557166048
-4.315394242803505	21.701412257047007
-4.305381727158949	21.701394706762805
-4.295369211514393	21.70138267988989
-4.285356695869837	21.70137594168564
-4.275344180225281	21.701374263750917
-4.265331664580726	21.701377424154472
-4.25531914893617	21.70138520751824
-4.245306633291614	21.7013972348103
-4.235294117647059	21.57044611859036
-4.225281602002504	21.57046654466245
-4.215269086357948	21.570490798262664
-4.2052565707133915	21.57051869695039
-4.1952440550688355	21.568292636166927
-4.18523153942428	21.49482909346459
-4.175219023779725	21.198583099259302
-4.165206508135169	21.234701276956947
-4.155193992490613	21.38530538662437
-4.145181476846057	21.67413927217975
-4.135168961201502	21.613109253480392
-4.1251564455569465	22.35547209318332
-4.11514392991239	22.418934118895873
-4.105131414267834	22.092101990228034
-4.095118898623279	22.873813088479775
-4.085106382978723	23.689927601400846
-4.075093867334168	24.067644127275237
-4.065081351689612	26.150289304515532
-4.055068836045056	26.94191568258711
-4.045056320400501	27.26723104889924
-4.035043804755945	27.55626044407589
-4.025031289111389	27.76339877126645
-4.015018773466833	28.103162879419784
-4.005006257822277	28.110874928254546
-3.994993742177722	28.110789501212775
-3.9849812265331668	28.110702792173836
-3.9749687108886107	28.110614843299864
-3.9649561952440546	28.110525703062784
-3.9549436795994994	28.11043542675982
-3.9449311639549434	28.110344077067506
-3.934918648310388	28.110251724637386
-3.924906132665832	28.110158448736907
-3.914893617021277	28.11006433793902
-3.904881101376721	28.109969490865026
-3.8948685857321648	28.109874016984676
-3.8848560700876096	28.109778037478897
-3.8748435544430535	28.109681686170568
-3.8648310387984983	28.10958511052937
-3.8548185231539422	28.109488472757608
-3.844806007509387	28.109391950964444
-3.834793491864831	28.109295740436988
-3.824780976220275	28.109200055017425
-3.8147684605757197	28.109105128596745
-3.8047559449311636	28.109011216736718
-3.7947434292866085	28.10891859843274
-3.7847309136420524	28.10882757803275
-3.774718397997497	28.108738487327955
-3.764705882352941	28.108651687834165
-3.754693366708385	28.10856757328401
-3.74468085106383	28.10848657235377
-3.734668335419274	28.10840915165043
-3.7246558197747186	28.10833581898907
-3.7146433041301625	28.108267126993415
-3.7046307884856065	28.108203677057634
-3.6946182728410513	28.108146123711645
-3.684605757196495	28.10809517943802
-3.67459324155194	28.1080516199951
-3.664580725907384	28.10801629030721
-3.6545682102628287	28.107990110991967
-3.6445556946182727	28.107974085602905
-3.6345431789737166	28.10796930867568
-3.6245306633291614	28.10797697467869
-3.6145181476846053	28.1079983879799
-3.60450563204005	28.10803497395827
-3.594493116395494	28.108088291402076
-3.584480600750939	28.108160046355874
-3.574468085106383	28.10825210759789
-3.5644555694618267	28.10836652395141
-3.5544430538172715	28.108505543660566
-3.5444305381727155	28.108671636090122
-3.5344180225281603	28.108867516042537
-3.524405506883604	28.109096171028114
-3.514392991239049	28.109360891874598
-3.504380475594493	28.109665307129372
-3.494367959949937	28.110013421797465
-3.4843554443053817	28.110409661087914
-3.4743429286608256	28.11085892003055
-3.4643304130162704	28.111366620119075
-3.4543178973717144	28.111938774597142
-3.444305381727159	28.11258206474822
-3.434292866082603	28.113303930767266
-3.424280350438047	28.11411268281243
-3.414267834793492	28.115017641226572
-3.4042553191489358	28.116029320685474
-3.3942428035043806	28.117159682956157
-3.3842302878598245	28.118422500288588
-3.3742177722152693	28.119833902241794
-3.3642052565707132	28.12141323439272
-3.354192740926157	28.123184460092634
-3.344180225281602	28.125178530484273
-3.334167709637046	28.127437524170485
-3.3241551939924907	28.130022108680205
-3.3141426783479346	28.13302542725887
-3.3041301627033794	28.1365998881634
-3.2941176470588234	28.141011482900293
-3.2841051314142673	28.146761493594443
-3.274092615769712	28.154933892738406
-3.264080100125156	28.16869005159851
-3.254067584480601	28.200682510117407
-3.2440550688360448	28.2764496546963
-3.2340425531914896	28.39330373524863
-3.2240300375469335	28.620993202970748
-3.2140175219023774	29.018552202146278
-3.2040050062578223	29.581956215619538
-3.193992490613266	30.331322447742867
-3.183979974968711	31.19121983877653
-3.173967459324155	32.12052171675989
-3.1639549436795997	33.14655431582141
-3.1539424280350437	34.23972227304605
-3.1439299123904876	35.38967767228501
-3.1339173967459324	36.59930551613556
-3.1239048811013763	37.89416091721762
-3.113892365456821	39.29940424743721
-3.103879849812265	40.740399310733956
-3.09386733416771	42.08752683453524
-3.083854818523154	43.30595413643421
-3.0738423028785977	44.46807245879645
-3.0638297872340425	45.67569437261796
-3.0538172715894865	46.96980621085784
-3.0438047559449313	48.27738774500081
-3.033792240300375	49.48411479684643
-3.02377972465582	50.59991331363243
-3.013767209011264	51.59216679104909
-3.003754693366708	52.43473221414141
-2.9937421777221527	53.13413765076543
-2.9837296620775966	53.67617310157619
-2.9737171464330414	54.16762874498212
-2.9637046307884853	54.677499704947216
-2.95369211514393	55.20381597521208
-2.943679599499374	55.71945754838803
-2.933667083854818	56.178840053442656
-2.923654568210263	56.59948120137757
-2.9136420525657067	56.99598125582264
-2.9036295369211516	57.37424135651007
-2.8936170212765955	57.76512254398289
-2.8836045056320403	58.10239286650166
-2.873591989987484	58.30326632127346
-2.863579474342928	58.33811192291177
-2.853566958698373	58.338499115378966
-2.843554443053817	58.29820685000356
-2.8335419274092617	58.09083108942428
-2.8235294117647056	57.76498511928305
-2.8135168961201504	57.40780081702169
-2.8035043804755944	57.014217807885366
-2.7934918648310383	56.44469143537247
-2.783479349186483	55.64471242796003
-2.773466833541927	54.77012247882729
-2.763454317897372	53.89805140574831
-2.7534418022528158	53.19020943156695
-2.7434292866082606	52.72896809470104
-2.7334167709637045	52.39382484031861
-2.7234042553191484	52.28603082108286
-2.7133917396745932	52.38102314673821
-2.703379224030037	52.44001261003154
-2.693366708385482	52.41326921987527
-2.683354192740926	52.681136545215075
-2.6733416770963707	53.20100287808258
-2.6633291614518146	53.823814590004055
-2.6533166458072586	54.49024801821574
-2.6433041301627034	55.183581631932555
-2.6332916145181473	55.96999314510207
-2.623279098873592	56.719971726423466
-2.613266583229036	57.38975302706345
-2.603254067584481	58.0009016560483
-2.593241551939925	58.615075808662084
-2.5832290362953687	59.22232231109253
-2.5732165206508135	59.83012391245487
-2.5632040050062574	60.39366905665533
-2.5531914893617023	60.9315268196348
-2.543178973717146	61.51469983003099
-2.533166458072591	62.13914367976054
-2.523153942428035	62.708258010959625
-2.513141426783479	63.141066850035614
-2.5031289111389237	63.46440576912555
-2.4931163954943676	63.826255765218015
-2.4831038798498124	64.1154266649585
-2.4730913642052563	64.4051240466569
-2.463078848560701	64.73774167809654
-2.453066332916145	65.0575109829129
-2.443053817271589	65.25892844123632
-2.433041301627034	65.30768186696184
-2.4230287859824777	65.24485356370246
-2.4130162703379225	65.17732641156367
-2.4030037546933665	65.17735947791387
-2.3929912390488113	65.2756412130708
-2.382978723404255	65.40060360141693
-2.372966207759699	65.4840069685717
-2.362953692115144	65.49295768396176
-2.352941176470588	65.39633703448966
-2.3429286608260327	65.27231583729106
-2.3329161451814766	65.22378668906005
-2.3229036295369214	65.14771912036981
-2.3128911138923653	64.98596178837444
-2.3028785982478093	64.7347131919106
-2.292866082603254	64.44276463972399
-2.282853566958698	64.1303091800487
-2.272841051314143	63.84623724862842
-2.2628285356695867	63.59718509567396
-2.2528160200250316	63.36456193752408
-2.2428035043804755	63.03478087204451
-2.2327909887359194	62.49377267377722
-2.2227784730913642	61.74374478150056
-2.212765957446808	60.88111603021937
-2.202753441802253	59.883609597497006
-2.192740926157697	58.72669774076582
-2.1827284105131417	57.35656089444625
-2.1727158948685856	55.720741279157025
-2.1627033792240296	53.964726009558376
-2.1526908635794744	52.21358364607269
-2.1426783479349183	50.53248125238024
-2.132665832290363	49.00837979249489
-2.122653316645807	47.686483162225876
-2.112640801001252	46.57897429329339
-2.1026282853566958	45.68309972727727
-2.0926157697121397	45.024521100669894
-2.0826032540675845	44.53874859006813
-2.0725907384230284	44.225533506549695
-2.0625782227784732	44.05356030314061
-2.052565707133917	43.94860976621946
-2.042553191489362	43.879242773856475
-2.032540675844806	43.82254297899736
-2.02252816020025	43.74711284026102
-2.0125156445556946	43.5455958092932
-2.0025031289111386	43.49401605386339
-1.9924906132665834	43.41955102161843
-1.9824780976220273	43.46032661249286
-1.9724655819774712	43.39381081763963
-1.962453066332916	43.34233438898704
-1.95244055068836	42.92824463191938
-1.9424280350438048	42.51603009722139
-1.9324155193992487	42.199354173784144
-1.9224030037546935	41.696775536984035
-1.9123904881101375	41.87972039143702
-1.9023779724655814	42.1256542552568
-1.8923654568210262	42.36389773869553
-1.8823529411764701	42.86472323379105
-1.872340425531915	43.48322686420358
-1.8623279098873589	43.72814137360017
-1.8523153942428037	43.77815036258831
-1.8423028785982476	43.78953945770742
-1.8322903629536915	43.803107531950296
-1.8222778473091363	43.87969852905746
-1.8122653316645803	43.91009929278137
-1.802252816020025	44.001650400704456
-1.792240300375469	44.07904330196964
-1.7822277847309138	44.19738166989203
-1.7722152690863577	44.40185789468735
-1.7622027534418017	44.69346643185733
-1.7521902377972465	45.142595768450285
-1.7421777221526904	45.80587972243942
-1.7321652065081352	46.73088029956204
-1.7221526908635791	47.99405106864613
-1.712140175219024	49.38819315701067
-1.7021276595744679	50.78230046750047
-1.6921151439299118	52.24937169873196
-1.6821026282853566	53.77075542045819
-1.6720901126408005	55.27709304975084
-1.6620775969962454	56.65104449414044
-1.6520650813516893	57.82128298060786
-1.642052565707134	58.809592750214094
-1.632040050062578	59.60235466587131
-1.622027534418022	60.20870652318838
-1.6120150187734668	60.70346706164515
-1.6020025031289107	61.228637807502366
-1.5919899874843555	61.785256949717606
-1.5819774718397994	62.319481156534934
-1.5719649561952442	62.723642806570425
-1.5619524405506882	63.05509542732914
-1.551939924906132	63.316718611034794
-1.541927409261577	63.50110208947859
-1.5319148936170208	63.60787228598108
-1.5219023779724656	63.69083767101364
-1.5118898623279096	63.82323749479341
-1.5018773466833544	63.966371168050465
-1.4918648310387983	64.12702610377823
-1.4818523153942422	64.25871927603333
-1.471839799749687	64.34395136146786
-1.461827284105131	64.3515669030019
-1.4518147684605758	64.29507216462507
-1.4418022528160197	64.23991419542155
-1.4317897371714645	64.09262092867033
-1.4217772215269084	63.80602155646559
-1.4117647058823524	63.54100401967847
-1.4017521902377972	63.473635929474185
-1.391739674593241	63.5711156829091
-1.381727158948686	63.75995367162686
-1.3717146433041298	63.945478005465155
-1.3617021276595747	63.90695856157305
-1.3516896120150186	63.563648299518135
-1.3416770963704625	63.157242725058616
-1.3316645807259073	62.91557540177226
-1.3216520650813512	62.8121977338021
-1.311639549436796	62.606016630921204
-1.30162703379224	62.18852569108532
-1.2916145181476848	61.715988072035834
-1.2816020025031287	61.24246055586748
-1.2715894868585726	60.72993833920427
-1.2615769712140175	60.256888086923105
-1.2515644555694614	59.95854026530786
-1.2415519399249062	59.64527299324501
-1.2315394242803501	59.20234881474602
-1.221526908635795	58.736422020124586
-1.2115143929912389	58.358294403653225
-1.2015018773466828	58.092922039446485
-1.1914893617021276	57.876494731909766
-1.1814768460575715	57.54211310187669
-1.1714643304130163	57.161465171683076
-1.1614518147684603	56.93401883611187
-1.151439299123905	56.93954775967898
-1.141426783479349	56.95428288944987
-1.131414267834793	56.95124905466869
-1.1214017521902377	56.880522562391654
-1.1113892365456817	56.72164571362395
-1.1013767209011265	56.53736880243977
-1.0913642052565704	56.266418557393706
-1.0813516896120152	55.95305865181814
-1.0713391739674591	55.68471503291894
-1.061326658322903	55.4631858653179
-1.0513141426783479	55.263586957844446
-1.0413016270337918	55.10777309828272
-1.0312891113892366	55.02300615719974
-1.0212765957446805	54.98125032702314
-1.0112640801001254	54.89859428627126
-1.0012515644555693	54.69953165986394
-0.9912390488110132	54.316276006726376
-0.981226533166458	53.736116540316
-0.971214017521902	53.08845766937581
-0.9612015018773468	52.51764988472429
-0.9511889862327907	52.13383749560067
-0.9411764705882355	51.88931661443703
-0.9311639549436794	51.622475250907534
-0.9211514392991234	51.426628575569055
-0.9111389236545682	51.3163260040629
-0.9011264080100121	51.23550779967819
-0.8911138923654569	51.04522854872336
-0.8811013767209008	50.68979517342262
-0.8710888610763456	50.308934082272486
-0.8610763454317896	49.94149883034953
-0.8510638297872335	49.66310129984355
-0.8410513141426783	49.47339960761087
-0.8310387984981222	49.40393635897318
-0.821026282853567	49.419864127797254
-0.811013767209011	49.349844328150006
-0.8010012515644558	49.12395603591459
-0.7909887359198997	48.86725328974458
-0.7809762202753436	48.67761052425379
-0.7709637046307884	48.50740518793661
-0.7609511889862324	48.26578024358537
-0.7509386733416772	47.886489171957685
-0.7409261576971211	47.40106247272752
-0.7309136420525659	46.91176115277659
-0.7209011264080099	46.53860625611114
-0.7108886107634538	46.247961321846255
-0.7008760951188986	45.999041356075935
-0.6908635794743425	45.87586982508148
-0.6808510638297873	46.01738326358712
-0.6708385481852313	46.4202924682677
-0.6608260325406761	46.854228941451176
-0.65081351689612	47.06264983146503
-0.6408010012515639	46.97046196278339
-0.6307884856070087	46.61921001543219
-0.6207759699624527	46.09463016010232
-0.6107634543178975	45.57083397911479
-0.6007509386733414	45.21229266200411
-0.5907384230287862	45.04581070415752
-0.5807259073842301	45.03316395963769
-0.5707133917396741	45.03209036096323
-0.5607008760951189	44.95400695157906
-0.5506883604505628	44.89195480355858
-0.5406758448060076	44.98147821283078
-0.5306633291614515	45.086879136095156
-0.5206508135168963	45.00266303411643
-0.5106382978723403	44.72049189164529
-0.5006257822277842	44.403546222718106
-0.490613266583229	44.169695981906386
-0.48060075093867294	44.030154642692885
-0.47058823529411775	43.972252668873416
-0.4605757196495617	43.96012972050673
-0.4505632040050065	43.96966789389962
-0.4405506883604504	43.987923815018156
-0.43053817271589434	44.00374993870586
-0.42052565707133915	43.97549119883041
-0.4105131414267831	43.86597448573266
-0.4005006257822279	43.674842931557
-0.3904881101376718	43.45205549234568
-0.38047559449311663	43.30926418248855
-0.37046307884856056	43.30200449286662
-0.3604505632040045	43.36295122348844
-0.3504380475594493	43.44962681345392
-0.3404255319148932	43.57318070948694
-0.33041301627033803	43.60991389586901
-0.32040050062578196	43.47559418213034
-0.3103879849812259	43.184599910858
-0.3003754693366707	42.76475919374389
-0.2903629536921146	42.274326113109986
-0.28035043804755944	41.79499384200004
-0.27033792240300336	41.32669469802745
-0.2603254067584482	40.91978000718743
-0.2503128911138921	40.69340534337851
-0.24030037546933602	40.607070450688134
-0.23028785982478084	40.607750675928436
-0.22027534418022476	40.62217787081269
-0.21026282853566958	40.623866204449726
-0.2002503128911135	40.62186868362718
-0.19023779724655832	40.63295613612884
-0.18022528160200224	40.65586947376871
-0.17021276595744617	40.65664896440371
-0.16020025031289098	40.591577940965
-0.1501877346683349	40.50657582555842
-0.14017521902377972	40.43784367793638
-0.13016270337922364	40.32032691796165
-0.12015018773466846	40.17016435723231
-0.11013767209011238	40.046425603965034
-0.10012515644555631	39.93969810352153
-0.09011264080100112	39.84172780439269
-0.08010012515644505	39.7712265697967
-0.07008760951188986	39.69747240804878
-0.060075093867333784	39.563897524147116
-0.0500625782227786	39.38203733432324
-0.04005006257822252	39.1737807236937
-0.030037546933666448	38.881396896303805
-0.02002503128911126	38.423266660857216
-0.010012515644555187	37.81712869031219
0.0	37.15698087484895
