-8.0	21.122424618978762
-7.989987484355444	21.75251989826013
-7.979974968710889	22.29988068982702
-7.969962453066333	22.92292887917236
-7.9599499374217775	23.503951321864577
-7.949937421777221	24.03639764541992
-7.939924906132666	24.616909098219924
-7.92991239048811	25.374849665217308
-7.919899874843554	26.077740162087057
-7.909887359198999	26.617895647963852
-7.899874843554443	27.15362501702397
-7.889862327909888	27.78876622639044
-7.8798498122653315	28.53987539913664
-7.869837296620776	29.425287890862677
-7.85982478097622	30.454947482224014
-7.849812265331664	31.52823043410451
-7.839799749687109	32.49999796060091
-7.829787234042553	33.30857388751696
-7.819774718397998	33.956920912357404
-7.809762202753442	34.5234158573939
-7.7997496871088865	35.105271572739
-7.78973717146433	35.7906988472951
-7.779724655819774	36.559848687700544
-7.769712140175219	37.31050548591863
-7.759699624530663	37.99875358196258
-7.749687108886108	38.61805645552674
-7.739674593241552	39.10215690426775
-7.729662077596997	39.43279780340552
-7.719649561952441	39.618400842830624
-7.7096370463078845	39.65899633347867
-7.699624530663329	39.54809437425531
-7.689612015018773	39.323862046855005
-7.679599499374218	39.063751072184104
-7.669586983729662	38.86452525594396
-7.659574468085107	38.766459014083246
-7.649561952440551	38.741336378509715
-7.639549436795995	38.71465161201261
-7.629536921151439	38.63975163903459
-7.619524405506883	38.523186710334635
-7.609511889862328	38.37683300792586
-7.599499374217772	38.18095480335428
-7.589486858573217	37.893186979918916
-7.579474342928661	37.5051692351236
-7.569461827284105	37.09682459024677
-7.55944931163955	36.74299117513981
-7.5494367959949935	36.49634603875479
-7.539424280350438	36.39864060498761
-7.529411764705882	36.46125074903354
-7.519399249061326	36.66923966720551
-7.509386733416771	36.97305628899967
-7.499374217772215	37.277299649207734
-7.48936170212766	37.47161385578435
-7.479349186483104	37.51625814154797
-7.4693366708385485	37.46884319557859
-7.459324155193992	37.40535795258456
-7.449311639549437	37.32649739607595
-7.439299123904881	37.206737874019495
-7.429286608260325	37.06434126752292
-7.41927409261577	36.92938159340971
-7.409261576971214	36.79997921250608
-7.399249061326659	36.666459946182165
-7.3892365456821025	36.5837865508981
-7.3792240300375465	36.53505571558519
-7.369211514392991	36.4442775546119
-7.359198998748435	36.266817951017586
-7.34918648310388	36.02534242125533
-7.339173967459324	35.76759231845818
-7.329161451814769	35.515230030974074
-7.319148936170213	35.24793587277113
-7.3091364205256575	34.94716931528394
-7.299123904881101	34.61320575643041
-7.289111389236545	34.272186061549725
-7.27909887359199	33.975937451373426
-7.269086357947434	33.7567067233991
-7.259073842302879	33.582792670082426
-7.249061326658323	33.40108412110274
-7.239048811013767	33.214955548711224
-7.2290362953692116	33.081426511052214
-7.2190237797246555	33.0524569800055
-7.2090112640801	33.138416583667905
-7.198998748435544	33.29195988400355
-7.188986232790989	33.49592560478722
-7.178973717146433	33.77456145738399
-7.168961201501878	34.14637140424818
-7.158948685857322	34.544303265797424
-7.148936170212766	34.851760854628424
-7.13892365456821	35.047960070083256
-7.128911138923654	35.16504299135697
-7.118898623279099	35.25493284841407
-7.108886107634543	35.36421269566455
-7.098873591989987	35.4953418932216
-7.088861076345432	35.64688968157181
-7.078848560700876	35.84426734969345
-7.068836045056321	36.096900241629996
-7.0588235294117645	36.39475227687142
-7.048811013767209	36.73686758943365
-7.038798498122653	37.09348867402951
-7.028785982478098	37.41002145252461
-7.018773466833542	37.67630739300936
-7.008760951188986	37.93774099772239
-6.998748435544431	38.21530079128367
-6.988735919899875	38.49695732591209
-6.9787234042553195	38.726624122323365
-6.968710888610763	38.86112813426187
-6.958698372966207	38.948774463574686
-6.948685857321652	39.10393894433774
-6.938673341677096	39.41899181727326
-6.928660826032541	39.89187132510093
-6.918648310387985	40.403809300193586
-6.908635794743429	40.86404832679198
-6.8986232790988735	41.28499632914408
-6.888610763454318	41.74255726770136
-6.878598247809762	42.19184168725839
-6.868585732165206	42.51334075249525
-6.858573216520651	42.70436701244031
-6.848560700876095	42.858182287961725
-6.83854818523154	43.0581688834822
-6.828535669586984	43.30473074542272
-6.818523153942428	43.54237244741618
-6.808510638297872	43.71994448765973
-6.798498122653316	43.802192875684895
-6.788485607008761	43.7479589740125
-6.778473091364205	43.623865588613285
-6.768460575719649	43.510951714845625
-6.758448060075094	43.40951297084843
-6.748435544430539	43.31089042104028
-6.7384230287859825	43.16729831186412
-6.7284105131414265	42.93249271295597
-6.718397997496871	42.588779850223645
-6.708385481852315	42.16705609008297
-6.69837296620776	41.73566572416917
-6.688360450563204	41.35258419084213
-6.678347934918648	40.96801836795911
-6.668335419274093	40.48047004174483
-6.658322903629537	39.87789260739108
-6.648310387984981	39.20208521154413
-6.638297872340425	38.530770075367506
-6.628285356695869	37.908004406402625
-6.618272841051314	37.26997443872398
-6.608260325406759	36.58106940650208
-6.598247809762203	35.830678269848484
-6.588235294117647	34.99319371868249
-6.578222778473092	34.092965637879956
-6.5682102628285355	33.16989537959587
-6.55819774718398	32.28223605358531
-6.548185231539424	31.39620993652353
-6.538172715894868	30.43535345311835
-6.528160200250313	29.43226981196707
-6.518147684605757	28.517351010965793
-6.508135168961202	27.747974842725007
-6.498122653316646	27.008924654162307
-6.4881101376720896	26.20950641034869
-6.478097622027534	25.44417601433808
-6.468085106382979	24.786233195058262
-6.458072590738423	24.236989661949547
-6.448060075093867	23.72531745610965
-6.438047559449312	23.145810661256498
-6.428035043804756	22.46174294770379
-6.418022528160201	21.712887183562184
-6.4080100125156445	20.99527186858325
-6.397997496871088	20.340951395835727
-6.387984981226533	19.71328658759721
-6.377972465581977	19.124854714350572
-6.367959949937422	18.562006800552556
-6.357947434292866	18.066909211932956
-6.34793491864831	17.617935097063306
-6.337922403003755	17.19052243971222
-6.3279098873591995	16.848746534488992
-6.317897371714643	16.660079400580695
-6.307884856070087	16.52303140715202
-6.297872340425532	16.429646344903034
-6.287859824780976	16.384919893638987
-6.277847309136421	16.322770762961767
-6.267834793491865	16.242070409290154
-6.257822277847309	16.194648760609198
-6.2478097622027535	16.228422476744054
-6.2377972465581975	16.307456413659292
-6.227784730913642	16.39250479915506
-6.217772215269086	16.48516381824091
-6.20775969962453	16.620028534456935
-6.197747183979975	16.836882863302502
-6.18773466833542	17.174454874766138
-6.177722152690864	17.620284287393975
-6.167709637046308	18.023451689438943
-6.157697121401752	18.519764649196166
-6.147684605757196	18.999905120258195
-6.137672090112641	19.419321019675586
-6.127659574468085	19.934455048633556
-6.117647058823529	20.484580401317245
-6.107634543178974	20.980747758017337
-6.097622027534418	21.472907365929505
-6.0876095118898625	22.074503281407477
-6.0775969962453065	22.775886643141654
-6.06758448060075	23.505675590967396
-6.057571964956195	24.193853729650154
-6.04755944931164	24.83653442214458
-6.037546933667084	25.476057318114812
-6.027534418022528	26.10711975887632
-6.017521902377973	26.610157659433643
-6.007509386733417	26.939888035929403
-5.997496871088861	27.17650423151744
-5.987484355444305	27.36878744415589
-5.977471839799749	27.49957417609329
-5.967459324155194	27.529225780860195
-5.957446808510639	27.473913896802067
-5.947434292866083	27.440565957541722
-5.937421777221527	27.388649584463362
-5.927409261576971	27.381296031269542
-5.9173967459324155	27.416001464400228
-5.90738423028786	27.385949671860107
-5.897371714643304	27.27328514284461
-5.887359198998748	27.075396591203077
-5.877346683354192	26.765396173524323
-5.867334167709637	26.36700495819099
-5.857321652065082	25.996890402149326
-5.847309136420526	25.441079637401597
-5.83729662077597	24.794877182564257
-5.827284105131414	24.19878557957399
-5.817271589486858	23.73632089400082
-5.807259073842303	23.396600756635646
-5.797246558197747	23.11737594701808
-5.787234042553191	22.91440526755324
-5.777221526908636	22.68855633327048
-5.767209011264081	22.45016087924542
-5.7571964956195245	22.289827267944403
-5.747183979974968	22.106212745074178
-5.737171464330412	22.08197285774613
-5.727158948685857	22.0825266064167
-5.717146433041302	22.093115773802268
-5.707133917396746	22.324725395623574
-5.69712140175219	22.604250355609107
-5.687108886107635	22.825049535970347
-5.677096370463079	22.850300047531995
-5.667083854818523	23.405170662748002
-5.657071339173967	24.15147562683008
-5.647058823529411	25.158291784699017
-5.637046307884856	25.706721085647857
-5.627033792240301	26.432567437607666
-5.617021276595745	27.051065478477557
-5.607008760951189	27.6374538322208
-5.596996245306633	28.44447578938846
-5.5869837296620775	29.12735685608373
-5.576971214017522	29.518917414750224
-5.566958698372966	30.25004822563244
-5.55694618272841	30.84954927112503
-5.546933667083855	31.257034159866407
-5.536921151439299	32.17206682588563
-5.526908635794744	32.89939451337347
-5.516896120150188	33.38739598228512
-5.5068836045056315	33.89159497058734
-5.496871088861076	34.60180950968293
-5.486858573216521	35.333924262686544
-5.476846057571965	36.29569075109931
-5.466833541927409	37.156657879110185
-5.456821026282853	37.84931466564029
-5.446808510638298	38.62326178164433
-5.4367959949937426	39.473271445017645
-5.4267834793491865	40.28399917514968
-5.41677096370463	41.25157555455336
-5.406758448060075	42.37645193974871
-5.396745932415519	43.42839697174959
-5.386733416770964	44.29175006519932
-5.376720901126408	44.98673731271216
-5.366708385481852	45.6024135589205
-5.356695869837297	46.2724436508915
-5.346683354192741	47.035075665532574
-5.336670838548185	47.87532560772401
-5.326658322903629	48.717674384760976
-5.316645807259073	49.49742720453021
-5.306633291614518	50.129469874868896
-5.296620775969963	50.613879099843345
-5.286608260325407	50.97406873513056
-5.276595744680851	51.323445209677196
-5.2665832290362955	51.76920173834642
-5.256570713391739	52.167864733331406
-5.246558197747184	52.45217802872791
-5.236545682102628	52.65808197451694
-5.226533166458072	52.76456679623317
-5.216520650813517	52.88270805717318
-5.206508135168962	53.01208837469659
-5.196495619524406	53.0067756162095
-5.18648310387985	52.90895103513796
-5.1764705882352935	52.76943373639733
-5.166458072590738	52.64378509503924
-5.156445556946183	52.50083130246844
-5.146433041301627	52.363409781159035
-5.136420525657071	52.197767982251186
-5.126408010012516	52.00953113699207
-5.11639549436796	51.91615837342862
-5.1063829787234045	51.82610644619738
-5.0963704630788484	51.667438767641535
-5.086357947434292	51.50143865798097
-5.076345431789737	51.33827054815639
-5.066332916145182	51.10759204732463
-5.056320400500626	50.8811847259671
-5.04630788485607	50.61093443052086
-5.036295369211514	50.21337309668936
-5.026282853566959	49.70547805128872
-5.016270337922403	49.21019613715999
-5.006257822277847	48.73387405169486
-4.996245306633291	48.28857307425242
-4.986232790988735	47.795838247642
-4.97622027534418	47.3534767555958
-4.966207759699625	46.926272542732725
-4.956195244055069	46.38479392045158
-4.946182728410513	45.82707595767371
-4.9361702127659575	45.25579718566754
-4.926157697121402	44.62476207817903
-4.916145181476846	43.8915944167521
-4.90613266583229	43.219947986349666
-4.896120150187734	42.547694558376584
-4.886107634543179	41.75164580886389
-4.876095118898624	40.751618173509286
-4.866082603254068	39.72171925694333
-4.8560700876095115	38.867857519103595
-4.8460575719649555	38.08021532151341
-4.8360450563204	37.09945164262718
-4.826032540675845	36.22167168021861
-4.816020025031289	35.2038060877687
-4.806007509386733	34.25380684742874
-4.795994993742178	33.34202644891681
-4.785982478097623	32.43556271121527
-4.7759699624530665	31.69431391519527
-4.76595744680851	31.006305145677832
-4.755944931163954	30.365053924077806
-4.745932415519399	29.68068360115595
-4.735919899874844	29.14015276704863
-4.725907384230288	28.73278437955181
-4.715894868585732	28.27668241750956
-4.705882352941176	27.905200981558743
-4.6958698372966206	27.70067766536747
-4.685857321652065	27.438251249526317
-4.675844806007509	27.042568697437734
-4.665832290362953	26.781338100511576
-4.655819774718398	26.62791452934445
-4.645807259073843	26.50300492172768
-4.635794743429287	26.3592720665511
-4.625782227784731	26.20619963615842
-4.615769712140175	26.086665252871747
-4.605757196495619	26.00140009378964
-4.595744680851064	25.992627578430568
-4.585732165206508	25.98824400245083
-4.575719649561952	25.97406827348856
-4.565707133917396	25.901521845301716
-4.555694618272841	25.872136768880857
-4.545682102628286	25.86517279064994
-4.53566958698373	25.861422488622775
-4.5256570713391735	25.83157785061432
-4.515644555694618	25.777708094179587
-4.505632040050063	25.767863644608646
-4.495619524405507	25.76707752214401
-4.485607008760951	25.766923603819393
-4.475594493116395	25.76681375675873
-4.46558197747184	25.766711304219186
-4.4555694618272845	25.766614023428467
-4.4455569461827285	25.76652189027844
-4.435544430538172	25.76643499027756
-4.425531914893616	25.766353355233264
-4.415519399249061	25.766276948152893
-4.405506883604506	25.766205669092283
-4.39549436795995	25.766139366401983
-4.385481852315394	25.766077848953802
-4.375469336670839	25.76602089754092
-4.365456821026283	25.76596827473646
-4.355444305381727	25.76591973302691
-4.345431789737171	25.765875021292533
-4.335419274092615	25.76583388981895
-4.32540675844806	25.76579609406115
-4.315394242803505	25.76576139737889
-4.305381727158949	25.765729572942977
-4.295369211514393	25.76570040498493
-4.285356695869837	25.765673689534808
-4.275344180225281	25.76564923476623
-4.265331664580726	25.765626861044936
-4.25531914893617	25.765606400757616
-4.245306633291614	25.76558769798196
-4.235294117647059	25.765575998184037
-4.225281602002504	25.849215168068252
-4.215269086357948	25.85214641523065
-4.2052565707133915	25.852133400288373
-4.1952440550688355	25.851301881164144
-4.18523153942428	25.69876317297691
-4.175219023779725	25.611208639553286
-4.165206508135169	25.593112055484628
-4.155193992490613	25.561910799626304
-4.145181476846057	25.544605424934883
-4.135168961201502	25.45440292909426
-4.1251564455569465	25.321798229734664
-4.11514392991239	25.43170280287271
-4.105131414267834	25.35437386218329
-4.095118898623279	25.283283517538344
-4.085106382978723	25.252806018504582
-4.075093867334168	25.099446187531612
-4.065081351689612	25.180613384211686
-4.055068836045056	25.314041921897484
-4.045056320400501	25.61427874453467
-4.035043804755945	25.46921814666871
-4.025031289111389	25.153921216107275
-4.015018773466833	25.175954380957915
-4.005006257822277	25.108792524738895
-3.994993742177722	25.277518550908354
-3.9849812265331668	25.176336371184913
-3.9749687108886107	25.013226799323636
-3.9649561952440546	25.218690999303607
-3.9549436795994994	25.41467333081183
-3.9449311639549434	25.827748101319266
-3.934918648310388	25.887427753320335
-3.924906132665832	26.058508833565597
-3.914893617021277	26.02740164325113
-3.904881101376721	26.02739620823227
-3.8948685857321648	26.006458222843875
-3.8848560700876096	26.070653698124865
-3.8748435544430535	26.07471732173267
-3.8648310387984983	26.05643511709633
-3.8548185231539422	26.044762742825604
-3.844806007509387	26.107171071721076
-3.834793491864831	26.158662709148732
-3.824780976220275	26.16951801625695
-3.8147684605757197	26.169504810010995
-3.8047559449311636	26.169493384814977
-3.7947434292866085	26.169484308239912
-3.7847309136420524	26.16947833458835
-3.774718397997497	26.16947647273585
-3.764705882352941	26.169480079655767
-3.754693366708385	26.169490989338335
-3.74468085106383	26.169511690295018
-3.734668335419274	26.169545569360768
-3.7246558197747186	26.16959724516022
-3.7146433041301625	26.169673021231844
-3.7046307884856065	26.169781495651605
-3.6946182728410513	26.16993436905269
-3.684605757196495	26.170147491735307
-3.67459324155194	26.17044217418978
-3.664580725907384	26.17084673756155
-3.6545682102628287	26.17139817456869
-3.6445556946182727	26.172143589244598
-3.6345431789737166	26.173140746862998
-3.6245306633291614	26.174456591997597
-3.6145181476846053	26.1761621077059
-3.60450563204005	26.178321783575974
-3.594493116395494	26.18097697498053
-3.584480600750939	26.184125361172793
-3.574468085106383	26.187703320919056
-3.5644555694618267	26.191581677638684
-3.5544430538172715	26.19558326108531
-3.5444305381727155	26.199520932800954
-3.5344180225281603	26.20324259065405
-3.524405506883604	26.206665411097504
-3.514392991239049	26.20978997755505
-3.504380475594493	26.212709344053163
-3.494367959949937	26.215817926412658
-3.4843554443053817	26.22507890251761
-3.4743429286608256	26.294089613236142
-3.4643304130162704	26.345376053213364
-3.4543178973717144	26.37689725149688
-3.444305381727159	26.41899365328765
-3.434292866082603	26.508363226392827
-3.424280350438047	26.67685250299577
-3.414267834793492	26.983664236718553
-3.4042553191489358	27.338484305554996
-3.3942428035043806	27.62606926258807
-3.3842302878598245	27.93193506102147
-3.3742177722152693	28.43434508327303
-3.3642052565707132	28.77526158603177
-3.354192740926157	29.1300102207224
-3.344180225281602	29.466685977257328
-3.334167709637046	29.860227783186573
-3.3241551939924907	30.316261478344625
-3.3141426783479346	30.7962905087153
-3.3041301627033794	31.31241297151361
-3.2941176470588234	31.969886979136305
-3.2841051314142673	32.633479972269626
-3.274092615769712	33.25730932312595
-3.264080100125156	33.87109207249923
-3.254067584480601	34.862867833018726
-3.2440550688360448	36.037546851042585
-3.2340425531914896	37.096576853560364
-3.2240300375469335	38.285000980392944
-3.2140175219023774	39.5949339366757
-3.2040050062578223	40.518993631819356
-3.193992490613266	41.08805388290919
-3.183979974968711	41.648628570782314
-3.173967459324155	42.384312432166865
-3.1639549436795997	43.16932563123626
-3.1539424280350437	43.762344349714404
-3.1439299123904876	44.30927980438958
-3.1339173967459324	44.926576259045795
-3.1239048811013763	45.49315762814432
-3.113892365456821	45.9806337985068
-3.103879849812265	46.43617700444348
-3.09386733416771	46.840867992558124
-3.083854818523154	47.29708175593033
-3.0738423028785977	47.548888572294764
-3.0638297872340425	47.69825714703991
-3.0538172715894865	47.92131933815761
-3.0438047559449313	48.27581830775386
-3.033792240300375	48.59350871162662
-3.02377972465582	48.81761121475152
-3.013767209011264	48.94596089678576
-3.003754693366708	48.99200268566446
-2.9937421777221527	49.01997005784524
-2.9837296620775966	49.014794776365726
-2.9737171464330414	49.05689894599871
-2.9637046307884853	49.13515417212139
-2.95369211514393	49.131443933082274
-2.943679599499374	49.09643577868874
-2.933667083854818	49.045099376630716
-2.923654568210263	48.96741106728063
-2.9136420525657067	48.819632707364356
-2.9036295369211516	48.65180316313587
-2.8936170212765955	48.57656650831076
-2.8836045056320403	48.5736928619211
-2.873591989987484	48.47658305281431
-2.863579474342928	48.12784178799219
-2.853566958698373	47.67315737293746
-2.843554443053817	47.319443212042025
-2.8335419274092617	47.00886188261297
-2.8235294117647056	46.63376531592708
-2.8135168961201504	46.00045274966116
-2.8035043804755944	45.159127387579005
-2.7934918648310383	44.27233456411185
-2.783479349186483	43.34595114985943
-2.773466833541927	42.58617605656288
-2.763454317897372	41.807283778961796
-2.7534418022528158	40.937441267050694
-2.7434292866082606	40.09284140031358
-2.7334167709637045	39.19444101015684
-2.7234042553191484	38.30419691538615
-2.7133917396745932	37.44055621949259
-2.703379224030037	36.566989916822415
-2.693366708385482	35.767635290634146
-2.683354192740926	35.073237890845846
-2.6733416770963707	34.295183442745376
-2.6633291614518146	33.49488198685435
-2.6533166458072586	32.633375027437864
-2.6433041301627034	31.806699969974147
-2.6332916145181473	30.980017030098484
-2.623279098873592	30.18529529746508
-2.613266583229036	29.640394568649512
-2.603254067584481	29.173927476965925
-2.593241551939925	28.80088817944586
-2.5832290362953687	28.288374046409018
-2.5732165206508135	27.71045717443543
-2.5632040050062574	27.15397735227896
-2.5531914893617023	26.791888154990932
-2.543178973717146	26.465843819406725
-2.533166458072591	26.311164511209597
-2.523153942428035	26.195658244452382
-2.513141426783479	26.110514819114652
-2.5031289111389237	26.058432686683805
-2.4931163954943676	26.03445722439192
-2.4831038798498124	25.916458942043135
-2.4730913642052563	25.762464599873613
-2.463078848560701	25.64509956299426
-2.453066332916145	25.53034885408769
-2.443053817271589	25.473389187059237
-2.433041301627034	25.408216720373243
-2.4230287859824777	25.381074268432087
-2.4130162703379225	25.323121870247366
-2.4030037546933665	25.305103536038583
-2.3929912390488113	25.303155940430898
-2.382978723404255	25.282592560152917
-2.372966207759699	25.227679109786934
-2.362953692115144	25.21064104113932
-2.352941176470588	25.14815638108805
-2.3429286608260327	24.928834020113193
-2.3329161451814766	24.85630666834462
-2.3229036295369214	24.734952844868534
-2.3128911138923653	24.923718609567754
-2.3028785982478093	24.941616669811413
-2.292866082603254	24.790488824750646
-2.282853566958698	24.658624342685698
-2.272841051314143	24.665252492594604
-2.2628285356695867	24.766097852185815
-2.2528160200250316	24.88726852182138
-2.2428035043804755	24.994715019921944
-2.2327909887359194	24.886251842852342
-2.2227784730913642	24.615134096207175
-2.212765957446808	24.868277386637846
-2.202753441802253	24.927137688194534
-2.192740926157697	25.085915341023252
-2.1827284105131417	25.31324977512668
-2.1727158948685856	25.658127105698583
-2.1627033792240296	25.95332969605493
-2.1526908635794744	26.054611635006406
-2.1426783479349183	26.20762224149111
-2.132665832290363	26.278513266383413
-2.122653316645807	26.253964931378377
-2.112640801001252	26.287112409592112
-2.1026282853566958	26.31204894206177
-2.0926157697121397	26.287070307634195
-2.0826032540675845	26.53988381896511
-2.0725907384230284	26.543887945713212
-2.0625782227784732	26.587122200169443
-2.052565707133917	26.604727421015415
-2.042553191489362	26.636983086214617
-2.032540675844806	26.637700937019932
-2.02252816020025	26.697384120979905
-2.0125156445556946	26.767778714044425
-2.0025031289111386	26.827567690886898
-1.9924906132665834	26.8928708061256
-1.9824780976220273	26.940950097383872
-1.9724655819774712	27.032376236601777
-1.962453066332916	27.201200872010734
-1.95244055068836	27.365363669929188
-1.9424280350438048	27.524306615740727
-1.9324155193992487	27.74219649663232
-1.9224030037546935	28.08903632991335
-1.9123904881101375	28.494901564771112
-1.9023779724655814	28.81262093013817
-1.8923654568210262	29.166036060895568
-1.8823529411764701	29.54027816470303
-1.872340425531915	29.986720775755572
-1.8623279098873589	30.551522374674708
-1.8523153942428037	31.202216270247888
-1.8423028785982476	31.74806833512759
-1.8322903629536915	32.32622960020252
-1.8222778473091363	32.97084561758979
-1.8122653316645803	33.55687070292119
-1.802252816020025	34.04308117482471
-1.792240300375469	34.55333209632195
-1.7822277847309138	35.13935516979076
-1.7722152690863577	35.76413426883292
-1.7622027534418017	36.45305921931313
-1.7521902377972465	37.27003419984956
-1.7421777221526904	37.92703420096876
-1.7321652065081352	38.43385740172752
-1.7221526908635791	38.797495706979035
-1.712140175219024	39.179697026135806
-1.7021276595744679	39.585446056595224
-1.6921151439299118	40.04538921094219
-1.6821026282853566	40.575676854084705
-1.6720901126408005	41.129845012502415
-1.6620775969962454	41.55009677641474
-1.6520650813516893	41.82817169905856
-1.642052565707134	42.001938352961645
-1.632040050062578	42.09562372318876
-1.622027534418022	42.09990351205012
-1.6120150187734668	42.017113593164815
-1.6020025031289107	41.84300844398451
-1.5919899874843555	41.58765464622992
-1.5819774718397994	41.35521712466753
-1.5719649561952442	41.15390618466367
-1.5619524405506882	40.92212109783552
-1.551939924906132	40.63921596064308
-1.541927409261577	40.354439197472075
-1.5319148936170208	39.982340081578286
-1.5219023779724656	39.43802255918882
-1.5118898623279096	38.85118615577204
-1.5018773466833544	38.42241160770951
-1.4918648310387983	38.032034591626974
-1.4818523153942422	37.55539709451063
-1.471839799749687	37.04948025320281
-1.461827284105131	36.456604558786374
-1.4518147684605758	35.84659623123469
-1.4418022528160197	35.14693141408819
-1.4317897371714645	34.247519114877235
-1.4217772215269084	33.23472926253021
-1.4117647058823524	32.28212269120502
-1.4017521902377972	31.374539308878113
-1.391739674593241	30.46086804870565
-1.381727158948686	29.58186509878779
-1.3717146433041298	28.751236469447928
-1.3617021276595747	27.94802381664894
-1.3516896120150186	27.116277816447585
-1.3416770963704625	26.371825189579003
-1.3316645807259073	25.626448603398565
-1.3216520650813512	24.96976565376373
-1.311639549436796	24.376821391695408
-1.30162703379224	23.808588204532743
-1.2916145181476848	23.121488673569747
-1.2816020025031287	22.43781265899213
-1.2715894868585726	21.972303279292884
-1.2615769712140175	21.60448394318645
-1.2515644555694614	21.179327068851972
-1.2415519399249062	20.85845019598846
-1.2315394242803501	20.57309864846608
-1.221526908635795	20.256198741679835
-1.2115143929912389	19.913730064238372
-1.2015018773466828	19.58162800624971
-1.1914893617021276	18.904452730220516
-1.1814768460575715	18.44977585732767
-1.1714643304130163	18.076757800158454
-1.1614518147684603	17.318963586577002
-1.151439299123905	16.822143053868096
-1.141426783479349	16.395758567620145
-1.131414267834793	16.100005732294562
-1.1214017521902377	15.700577012485864
-1.1113892365456817	15.470071426242617
-1.1013767209011265	15.164068851679437
-1.0913642052565704	14.760905885658023
-1.0813516896120152	14.54636706713633
-1.0713391739674591	14.171453178331621
-1.061326658322903	13.82655464013496
-1.0513141426783479	13.681874002133114
-1.0413016270337918	13.182858998234027
-1.0312891113892366	12.893811784597819
-1.0212765957446805	12.762574031579064
-1.0112640801001254	12.690154887861551
-1.0012515644555693	12.688623674072566
-0.9912390488110132	12.676044692441412
-0.981226533166458	12.607388785586267
-0.971214017521902	12.518502061475862
-0.9612015018773468	12.456465240977456
-0.9511889862327907	12.334912659075735
-0.9411764705882355	12.124531178649034
-0.9311639549436794	12.140409778628
-0.9211514392991234	12.149265851154533
-0.9111389236545682	12.241417659079028
-0.9011264080100121	12.262847149299889
-0.8911138923654569	12.339015832850508
-0.8811013767209008	12.361986077524005
-0.8710888610763456	12.368868186972648
-0.8610763454317896	12.451916339939606
-0.8510638297872335	12.593074968942458
-0.8410513141426783	12.649776314683733
-0.8310387984981222	12.606758815786444
-0.821026282853567	12.623435146282832
-0.811013767209011	12.705764442653841
-0.8010012515644558	12.825149947845684
-0.7909887359198997	12.904986196266488
-0.7809762202753436	12.943998996509986
-0.7709637046307884	12.95797836765063
-0.7609511889862324	13.008016944744899
-0.7509386733416772	13.19967407335953
-0.7409261576971211	13.37674629625107
-0.7309136420525659	13.52867439520357
-0.7209011264080099	13.723807750889362
-0.7108886107634538	13.904205549910774
-0.7008760951188986	14.126673927531133
-0.6908635794743425	14.381782718811994
-0.6808510638297873	14.598762094222575
-0.6708385481852313	14.813967467517797
-0.6608260325406761	15.072225360913562
-0.65081351689612	15.35932983442381
-0.6408010012515639	15.643161447192941
-0.6307884856070087	15.937814039276523
-0.6207759699624527	16.183389750860172
-0.6107634543178975	16.414238113705434
-0.6007509386733414	16.65577109275181
-0.5907384230287862	16.827482838141876
-0.5807259073842301	16.990680073363826
-0.5707133917396741	17.072819100656755
-0.5607008760951189	17.127344636893497
-0.5506883604505628	17.259808940503515
-0.5406758448060076	17.465614735531176
-0.5306633291614515	17.67021025883539
-0.5206508135168963	17.876700788843774
-0.5106382978723403	18.123956653588213
-0.5006257822277842	18.347682012702556
-0.490613266583229	18.517979108042084
-0.48060075093867294	18.643227517324885
-0.47058823529411775	18.730962651553966
-0.4605757196495617	18.767923155255275
-0.4505632040050065	18.73122323160317
-0.4405506883604504	18.639286100917182
-0.43053817271589434	18.53891898863617
-0.42052565707133915	18.492188652455145
-0.4105131414267831	18.44307757888485
-0.4005006257822279	18.36185876217004
-0.3904881101376718	18.28948286830419
-0.38047559449311663	18.18151319163579
-0.37046307884856056	18.037214094971286
-0.3604505632040045	17.897056560428386
-0.3504380475594493	17.740284502834566
-0.3404255319148932	17.55387732722983
-0.33041301627033803	17.36440446861005
-0.32040050062578196	17.224728067830206
-0.3103879849812259	17.087993206927763
-0.3003754693366707	16.95990825360379
-0.2903629536921146	16.818927497253263
-0.28035043804755944	16.650816033470424
-0.27033792240300336	16.4554997806609
-0.2603254067584482	16.264666018949498
-0.2503128911138921	16.096686113373476
-0.24030037546933602	15.88273840675456
-0.23028785982478084	15.6266017014111
-0.22027534418022476	15.310628875938185
-0.21026282853566958	14.977934198718005
-0.2002503128911135	14.689337017412804
-0.19023779724655832	14.391862687728272
-0.18022528160200224	14.070853425181287
-0.17021276595744617	13.744368818185999
-0.16020025031289098	13.435993616536578
-0.1501877346683349	13.161477952231843
-0.14017521902377972	12.895401589446776
-0.13016270337922364	12.664885171033728
-0.12015018773466846	12.482769558710832
-0.11013767209011238	12.287849285427136
-0.10012515644555631	12.068905649165485
-0.09011264080100112	11.849785831014879
-0.08010012515644505	11.605543415653013
-0.07008760951188986	11.328931285792121
-0.060075093867333784	11.094669993745306
-0.0500625782227786	10.87760129100048
-0.04005006257822252	10.558231732206568
-0.030037546933666448	10.2902840226
-0.02002503128911126	10.056605609902123
-0.010012515644555187	9.86902706672959
0.0	9.722810674500359
