-8.0	4.151415937571469
-7.989987484355444	4.307556086372643
-7.979974968710889	4.447323683019416
-7.969962453066333	4.56818999588818
-7.9599499374217775	4.66126848925724
-7.949937421777221	4.718420396236241
-7.939924906132666	4.732949000654435
-7.92991239048811	4.698038700977513
-7.919899874843554	4.610205494350925
-7.909887359198999	4.475491876442795
-7.899874843554443	4.3085628316314875
-7.889862327909888	4.1223663584540535
-7.8798498122653315	3.9192001427861634
-7.869837296620776	3.6936725276908726
-7.85982478097622	3.444073138232494
-7.849812265331664	3.179959949375796
-7.839799749687109	2.9201301300356346
-7.829787234042553	2.6857886524331938
-7.819774718397998	2.4958768999695384
-7.809762202753442	2.3662844511419308
-7.7997496871088865	2.310297413531081
-7.78973717146433	2.337461863674913
-7.779724655819774	2.450199161087869
-7.769712140175219	2.6401880358072183
-7.759699624530663	2.888316404349957
-7.749687108886108	3.1705635250108344
-7.739674593241552	3.4672496794077485
-7.729662077596997	3.7690906349467075
-7.719649561952441	4.07519622367207
-7.7096370463078845	4.384676957853179
-7.699624530663329	4.6889381165495365
-7.689612015018773	4.971250594893057
-7.679599499374218	5.214447836295533
-7.669586983729662	5.411233307040448
-7.659574468085107	5.56914329123111
-7.649561952440551	5.705756194037037
-7.639549436795995	5.837297323711812
-7.629536921151439	5.969126927826595
-7.619524405506883	6.09436442938703
-7.609511889862328	6.199388487263543
-7.599499374217772	6.270299797583839
-7.589486858573217	6.296774168145258
-7.579474342928661	6.274226670570517
-7.569461827284105	6.205240324494153
-7.55944931163955	6.098194318547312
-7.5494367959949935	5.961937140017625
-7.539424280350438	5.800619059735318
-7.529411764705882	5.614156235514028
-7.519399249061326	5.40349347211505
-7.509386733416771	5.173987996098416
-7.499374217772215	4.933056208067174
-7.48936170212766	4.685644365120027
-7.479349186483104	4.433117514386621
-7.4693366708385485	4.175925410715358
-7.459324155193992	3.9155374441649475
-7.449311639549437	3.652979286311392
-7.439299123904881	3.3868785017446323
-7.429286608260325	3.115195930802565
-7.41927409261577	2.83976778005491
-7.409261576971214	2.5684369884952263
-7.399249061326659	2.311994330177623
-7.3892365456821025	2.0790606037512394
-7.3792240300375465	1.8740310011398729
-7.369211514392991	1.6995946603396017
-7.359198998748435	1.5606676407852547
-7.34918648310388	1.4653878088293044
-7.339173967459324	1.4218436198432371
-7.329161451814769	1.4333536852639872
-7.319148936170213	1.4962032528190237
-7.3091364205256575	1.6010855010941838
-7.299123904881101	1.7368700432269348
-7.289111389236545	1.8953784255402537
-7.27909887359199	2.076133391952732
-7.269086357947434	2.2880769576330913
-7.259073842302879	2.5443914900536764
-7.249061326658323	2.851304732427551
-7.239048811013767	3.1987871115338766
-7.2290362953692116	3.561554150270211
-7.2190237797246555	3.910563202754401
-7.2090112640801	4.2265574228914655
-7.198998748435544	4.506515904378557
-7.188986232790989	4.760124700799181
-7.178973717146433	5.000256562027527
-7.168961201501878	5.234966545545092
-7.158948685857322	5.466931018569854
-7.148936170212766	5.699175969598462
-7.13892365456821	5.938706722497966
-7.128911138923654	6.191344676011161
-7.118898623279099	6.452003670835077
-7.108886107634543	6.702306201182398
-7.098873591989987	6.921405288427447
-7.088861076345432	7.101937275887503
-7.078848560700876	7.256494207908581
-7.068836045056321	7.407688488882101
-7.0588235294117645	7.569043605236702
-7.048811013767209	7.732008242330981
-7.038798498122653	7.8699997224967095
-7.028785982478098	7.9569374198373914
-7.018773466833542	7.9859077000889975
-7.008760951188986	7.97371170536457
-6.998748435544431	7.94915796479313
-6.988735919899875	7.935585524431361
-6.9787234042553195	7.939942545454321
-6.968710888610763	7.952631775054848
-6.958698372966207	7.9545120523912685
-6.948685857321652	7.926027087805102
-6.938673341677096	7.854676110852265
-6.928660826032541	7.7370189418087545
-6.918648310387985	7.5738685853084835
-6.908635794743429	7.3645032357208295
-6.8986232790988735	7.108710112474166
-6.888610763454318	6.816218051118748
-6.878598247809762	6.511460997979966
-6.868585732165206	6.224934918429782
-6.858573216520651	5.978477907654244
-6.848560700876095	5.779169865986586
-6.83854818523154	5.625262302890553
-6.828535669586984	5.5136399548506585
-6.818523153942428	5.439963001588345
-6.808510638297872	5.3951787524296835
-6.798498122653316	5.367254648943193
-6.788485607008761	5.348826745531288
-6.778473091364205	5.342076650919104
-6.768460575719649	5.353832324458187
-6.758448060075094	5.384303615853351
-6.748435544430539	5.419938717699415
-6.7384230287859825	5.4373392955284325
-6.7284105131414265	5.415030500005216
-6.718397997496871	5.342981060940401
-6.708385481852315	5.22242490198864
-6.69837296620776	5.05802810672459
-6.688360450563204	4.85104093048985
-6.678347934918648	4.599128511472907
-6.668335419274093	4.300939444447199
-6.658322903629537	3.9607738710420373
-6.648310387984981	3.5914107517499145
-6.638297872340425	3.2141476854355506
-6.628285356695869	2.853814196718441
-6.618272841051314	2.529254622610066
-6.608260325406759	2.2458711487273457
-6.598247809762203	1.9971141569835902
-6.588235294117647	1.7736002897684728
-6.578222778473092	1.5714059354139076
-6.5682102628285355	1.393552549641114
-6.55819774718398	1.246525987074943
-6.548185231539424	1.1367322569093714
-6.538172715894868	1.0682505618175069
-6.528160200250313	1.0404217663244442
-6.518147684605757	1.0461054867284378
-6.508135168961202	1.0740100929399583
-6.498122653316646	1.1153470439913573
-6.4881101376720896	1.16897532794372
-6.478097622027534	1.2389707625625452
-6.468085106382979	1.3265277777928532
-6.458072590738423	1.4251331446623146
-6.448060075093867	1.5245393247539403
-6.438047559449312	1.6188559202713046
-6.428035043804756	1.709816422510396
-6.418022528160201	1.8026535369755738
-6.4080100125156445	1.9001724801739108
-6.397997496871088	2.0012245079294604
-6.387984981226533	2.104092988088618
-6.377972465581977	2.2105043976118854
-6.367959949937422	2.325914001582456
-6.357947434292866	2.4552281175036366
-6.34793491864831	2.59717205215447
-6.337922403003755	2.742072183259244
-6.3279098873591995	2.8753742590432587
-6.317897371714643	2.98463972237264
-6.307884856070087	3.0651293633211747
-6.297872340425532	3.1204189761476444
-6.287859824780976	3.158128662592273
-6.277847309136421	3.1841106121404623
-6.267834793491865	3.1995136028349704
-6.257822277847309	3.202798805049949
-6.2478097622027535	3.1940471606113605
-6.2377972465581975	3.1765141703116058
-6.227784730913642	3.1537659393826005
-6.217772215269086	3.125922221892839
-6.20775969962453	3.08880337494598
-6.197747183979975	3.0355871426346344
-6.18773466833542	2.958610418272337
-6.177722152690864	2.851264403613061
-6.167709637046308	2.711195702518299
-6.157697121401752	2.543260844122446
-6.147684605757196	2.3587274752427305
-6.137672090112641	2.1704070248225116
-6.127659574468085	1.9877979535621626
-6.117647058823529	1.815820376629115
-6.107634543178974	1.6564047237468624
-6.097622027534418	1.5098009119356133
-6.0876095118898625	1.3740330594269234
-6.0775969962453065	1.2437484595806647
-6.06758448060075	1.1109943207462998
-6.057571964956195	0.9691810410611549
-6.04755944931164	0.8182285704098663
-6.037546933667084	0.6664891380857464
-6.027534418022528	0.5268568261598034
-6.017521902377973	0.4096511927325379
-6.007509386733417	0.31796018777723734
-5.997496871088861	0.24857922491487244
-5.987484355444305	0.19638533655185678
-5.977471839799749	0.1576495818496469
-5.967459324155194	0.13021035083767357
-5.957446808510639	0.11206085071773267
-5.947434292866083	0.10069795201417966
-5.937421777221527	0.09362502639569488
-5.927409261576971	0.08886421749200131
-5.9173967459324155	0.08487061078604621
-5.90738423028786	0.0803801394935245
-5.897371714643304	0.07470822617911216
-5.887359198998748	0.06821696895988799
-5.877346683354192	0.06240006907958056
-5.867334167709637	0.05946794063955123
-5.857321652065082	0.06168004289940993
-5.847309136420526	0.07069122499773445
-5.83729662077597	0.08719149780575135
-5.827284105131414	0.11113926010933695
-5.817271589486858	0.142541710087823
-5.807259073842303	0.1821337563961786
-5.797246558197747	0.23125370013774352
-5.787234042553191	0.29110855377154643
-5.777221526908636	0.36244773633221944
-5.767209011264081	0.4460460117625233
-5.7571964956195245	0.5429508848711149
-5.747183979974968	0.6535085471794227
-5.737171464330412	0.7761058297301788
-5.727158948685857	0.9074165081734819
-5.717146433041302	1.0439191255744134
-5.707133917396746	1.1824176320130075
-5.69712140175219	1.3186997485318845
-5.687108886107635	1.446635854310979
-5.677096370463079	1.560335032991237
-5.667083854818523	1.658619685753854
-5.657071339173967	1.7478919804479374
-5.647058823529411	1.8398890631395057
-5.637046307884856	1.9447621824707166
-5.627033792240301	2.0642124915621154
-5.617021276595745	2.190025637228321
-5.607008760951189	2.309257083116379
-5.596996245306633	2.412307171349163
-5.5869837296620775	2.4982367900238387
-5.576971214017522	2.5733225901356227
-5.566958698372966	2.643223424948288
-5.55694618272841	2.7049419007514626
-5.546933667083855	2.746839618105496
-5.536921151439299	2.7583189931024275
-5.526908635794744	2.740593785357068
-5.516896120150188	2.7081973976101095
-5.5068836045056315	2.6800220174104257
-5.496871088861076	2.667928464684587
-5.486858573216521	2.6711546946353564
-5.476846057571965	2.678569062192052
-5.466833541927409	2.6757490272201347
-5.456821026282853	2.6526191077308794
-5.446808510638298	2.608134213189435
-5.4367959949937426	2.549781473373024
-5.4267834793491865	2.48794860362316
-5.41677096370463	2.428496449298333
-5.406758448060075	2.368686587451978
-5.396745932415519	2.2992658361920015
-5.386733416770964	2.2106055727247003
-5.376720901126408	2.0982554701686342
-5.366708385481852	1.9648981882496297
-5.356695869837297	1.8184072852967152
-5.346683354192741	1.6672660547200118
-5.336670838548185	1.5160452168226195
-5.326658322903629	1.3645188721070347
-5.316645807259073	1.21145111589098
-5.306633291614518	1.059247709099285
-5.296620775969963	0.9144954894367607
-5.286608260325407	0.7839511869758014
-5.276595744680851	0.670254020289505
-5.2665832290362955	0.5712529467052533
-5.256570713391739	0.48286552388933157
-5.246558197747184	0.40254925906979167
-5.236545682102628	0.3307613002883148
-5.226533166458072	0.26989119631824443
-5.216520650813517	0.2219726661969275
-5.206508135168962	0.18685020448933984
-5.196495619524406	0.16169300737361397
-5.18648310387985	0.14188049741483968
-5.1764705882352935	0.12279471464305243
-5.166458072590738	0.10167886558535777
-5.156445556946183	0.07854027780792805
-5.146433041301627	0.055571648679332876
-5.136420525657071	0.03556396842327736
-5.126408010012516	0.0203952906550568
-5.11639549436796	0.01040302920758535
-5.1063829787234045	0.00468885149741889
-5.0963704630788484	0.0018565539731513054
-5.086357947434292	0.0006424216536485252
-5.076345431789737	0.00019339239927671154
-5.066332916145182	5.045516832095504e-05
-5.056320400500626	1.1372333952395906e-05
-5.04630788485607	2.2088193443764394e-06
-5.036295369211514	3.689307134073543e-07
-5.026282853566959	5.290404850947136e-08
-5.016270337922403	6.504586527201224e-09
-5.006257822277847	6.84976446522972e-10
-4.996245306633291	6.172797174581971e-11
-4.986232790988735	4.7569856437569535e-12
-4.97622027534418	3.133079225836208e-13
-4.966207759699625	1.7627430010048313e-14
-4.956195244055069	8.468507111170433e-16
-4.946182728410513	3.4727577233985137e-17
-4.9361702127659575	1.215245172622557e-18
-4.926157697121402	3.627987586195616e-20
-4.916145181476846	9.238181099521076e-22
-4.90613266583229	2.0060672280872663e-23
-4.896120150187734	3.7142711908412266e-25
-4.886107634543179	5.86288320408604e-27
-4.876095118898624	7.888728588612227e-29
-4.866082603254068	9.047251140137875e-31
-4.8560700876095115	8.8430476131552e-33
-4.8460575719649555	7.365971906934558e-35
-4.8360450563204	5.228445252664343e-37
-4.826032540675845	3.162314350259691e-39
-4.816020025031289	1.6296953237344496e-41
-4.806007509386733	7.155806126745617e-44
-4.795994993742178	2.676984494712351e-46
-4.785982478097623	8.532078448238355e-49
-4.7759699624530665	2.316722097938292e-51
-4.76595744680851	5.359116477384351e-54
-4.755944931163954	1.0560975431227328e-56
-4.745932415519399	1.772960555278911e-59
-4.735919899874844	2.5355488102430793e-62
-4.725907384230288	3.0889955313957008e-65
-4.715894868585732	3.2057547459792468e-68
-4.705882352941176	2.8340465533772252e-71
-4.6958698372966206	2.1342430027430038e-74
-4.685857321652065	1.3691088166146694e-77
-4.675844806007509	7.481466145845609e-81
-4.665832290362953	3.4824741524806478e-84
-4.655819774718398	1.380828137013885e-87
-4.645807259073843	4.6638036808520324e-91
-4.635794743429287	1.3418018781742158e-94
-4.625782227784731	3.288386250371342e-98
-4.615769712140175	6.864714916809517e-102
-4.605757196495619	1.2206932674843435e-105
-4.595744680851064	1.8489883886437268e-109
-4.585732165206508	2.3856391230687656e-113
-4.575719649561952	2.621909357425178e-117
-4.565707133917396	2.4545533143883485e-121
-4.555694618272841	1.9573510148373749e-125
-4.545682102628286	1.3295542049215432e-129
-4.53566958698373	7.69279492502389e-134
-4.5256570713391735	3.79142761079508e-138
-4.515644555694618	1.5917016139257447e-142
-4.505632040050063	5.691944025001672e-147
-4.495619524405507	1.733801957053469e-151
-4.485607008760951	4.498607613512867e-156
-4.475594493116395	9.94251760736734e-161
-4.46558197747184	1.8717771614852716e-165
-4.4555694618272845	3.0015898297182544e-170
-4.4455569461827285	4.100038089737052e-175
-4.435544430538172	4.770497939375836e-180
-4.425531914893616	4.7280139428876925e-185
-4.415519399249061	3.991470717719596e-190
-4.405506883604506	2.8702932170515553e-195
-4.39549436795995	1.7581610783583672e-200
-4.385481852315394	9.173395223392697e-206
-4.375469336670839	4.076998636146939e-211
-4.365456821026283	1.543440957404928e-216
-4.355444305381727	4.977123843310329e-222
-4.345431789737171	1.367117452256768e-227
-4.335419274092615	3.1986899478537617e-233
-4.32540675844806	6.374958881743946e-239
-4.315394242803505	1.082234919658991e-244
-4.305381727158949	1.5649648959660163e-250
-4.295369211514393	1.9276427592518615e-256
-4.285356695869837	2.0224946830483412e-262
-4.275344180225281	1.807536623330377e-268
-4.265331664580726	1.376023010737495e-274
-4.25531914893617	8.922841053580355e-281
-4.245306633291614	4.9285535783841004e-287
-4.235294117647059	2.318860746834516e-293
-4.225281602002504	9.293273407253428e-300
-4.215269086357948	3.172499886364971e-306
-4.2052565707133915	3.7084170022577e-311
-4.1952440550688355	1.1960920514004329e-304
-4.18523153942428	3.3699212633302337e-298
-4.175219023779725	8.087489883500253e-292
-4.165206508135169	1.6532806973912728e-285
-4.155193992490613	2.8788450482943585e-279
-4.145181476846057	4.2700094517104266e-273
-4.135168961201502	5.394835872514487e-267
-4.1251564455569465	5.805859119622476e-261
-4.11514392991239	5.322229642770195e-255
-4.105131414267834	4.1558473644485304e-249
-4.095118898623279	2.764167995819846e-243
-4.085106382978723	1.5660591155784003e-237
-4.075093867334168	7.55771910118732e-232
-4.065081351689612	3.1067923324243865e-226
-4.055068836045056	1.0878589624670987e-220
-4.045056320400501	3.244679938241355e-215
-4.035043804755945	8.243469652402811e-210
-4.025031289111389	1.7839683530729682e-204
-4.015018773466833	3.2885404262453358e-199
-4.005006257822277	5.163666408714084e-194
-3.994993742177722	6.906406597923232e-189
-3.9849812265331668	7.868375974544511e-184
-3.9749687108886107	7.635844694623373e-179
-3.9649561952440546	6.312016467574631e-174
-3.9549436795994994	4.444452303758645e-169
-3.9449311639549434	2.6656769058251204e-164
-3.934918648310388	1.36187093827109e-159
-3.924906132665832	5.9265729891921564e-155
-3.914893617021277	2.1969017442733487e-150
-3.904881101376721	6.93676564450597e-146
-3.8948685857321648	1.865704668717292e-141
-3.8848560700876096	4.274333192216322e-137
-3.8748435544430535	8.341296864478334e-133
-3.8648310387984983	1.3865599956363295e-128
-3.8548185231539422	1.9632871220097654e-124
-3.844806007509387	2.3679321027395948e-120
-3.834793491864831	2.4327372073171107e-116
-3.824780976220275	2.1289328655424873e-112
-3.8147684605757197	1.586974308911894e-108
-3.8047559449311636	1.0076724629700899e-104
-3.7947434292866085	5.4501809968563394e-101
-3.7847309136420524	2.5109904381160363e-97
-3.774718397997497	9.85422444859615e-94
-3.764705882352941	3.2941538061180696e-90
-3.754693366708385	9.380159856125898e-87
-3.74468085106383	2.2752159576118877e-83
-3.734668335419274	4.700913881206796e-80
-3.7246558197747186	8.273528029614483e-77
-3.7146433041301625	1.2403656406859177e-73
-3.7046307884856065	1.584022425767433e-70
-3.6946182728410513	1.723169456633303e-67
-3.684605757196495	1.59680765782237e-64
-3.67459324155194	1.2604876573441568e-61
-3.664580725907384	8.47598141425505e-59
-3.6545682102628287	4.8552497070680925e-56
-3.6445556946182727	2.369239478407621e-53
-3.6345431789737166	9.848925074683073e-51
-3.6245306633291614	3.487860272978526e-48
-3.6145181476846053	1.052274463129772e-45
-3.60450563204005	2.704641723909755e-43
-3.594493116395494	5.922625928251454e-41
-3.584480600750939	1.104989657073509e-38
-3.574468085106383	1.7565472542141357e-36
-3.5644555694618267	2.379254726919795e-34
-3.5544430538172715	2.7461693537312496e-32
-3.5444305381727155	2.701155197696362e-30
-3.5344180225281603	2.2643515190403214e-28
-3.524405506883604	1.617905719150705e-26
-3.514392991239049	9.854362976955266e-25
-3.504380475594493	5.1171748060728616e-23
-3.494367959949937	2.265843227024983e-21
-3.4843554443053817	8.556815526242978e-20
-3.4743429286608256	2.7566248932469047e-18
-3.4643304130162704	7.577840112954403e-17
-3.4543178973717144	1.7781014882207455e-15
-3.444305381727159	3.5626913132027676e-14
-3.434292866082603	6.098297469317331e-13
-3.424280350438047	8.92242552955291e-12
-3.414267834793492	1.1165558667831912e-10
-3.4042553191489358	1.1960061576150685e-09
-3.3942428035043806	1.0975844145054217e-08
-3.3842302878598245	8.639085094279159e-08
-3.3742177722152693	5.839714937497125e-07
-3.3642052565707132	3.395437279330231e-06
-3.354192740926157	1.7014225808495722e-05
-3.344180225281602	7.364734476027363e-05
-3.334167709637046	0.0002761720025010142
-3.3241551939924907	0.0009003841732185065
-3.3141426783479346	0.002563512805667232
-3.3041301627033794	0.006409679705122948
-3.2941176470588234	0.01417447752696096
-3.2841051314142673	0.027972101490861243
-3.274092615769712	0.04980687531011436
-3.264080100125156	0.08107538701318946
-3.254067584480601	0.12239360085647844
-3.2440550688360448	0.17375386561012915
-3.2340425531914896	0.2346049280881069
-3.2240300375469335	0.3035738553172859
-3.2140175219023774	0.378266769418043
-3.2040050062578223	0.45600310798197663
-3.193992490613266	0.5356079382346632
-3.183979974968711	0.6190199378017143
-3.173967459324155	0.7110519289227306
-3.1639549436795997	0.8169676703073979
-3.1539424280350437	0.9394740260711727
-3.1439299123904876	1.077256884059677
-3.1339173967459324	1.2256170472744592
-3.1239048811013763	1.37771314537406
-3.113892365456821	1.524864059452585
-3.103879849812265	1.6566505011903956
-3.09386733416771	1.7632104948810918
-3.083854818523154	1.840111720730916
-3.0738423028785977	1.8920874559810659
-3.0638297872340425	1.931061306871571
-3.0538172715894865	1.9685603006544286
-3.0438047559449313	2.0083641202815703
-3.033792240300375	2.045604492817326
-3.02377972465582	2.0726005980561637
-3.013767209011264	2.085535225405317
-3.003754693366708	2.086129283544354
-2.9937421777221527	2.0782623832662037
-2.9837296620775966	2.0642072693570923
-2.9737171464330414	2.0441322513787115
-2.9637046307884853	2.0183724390058444
-2.95369211514393	1.9897933870489024
-2.943679599499374	1.9643660545828776
-2.933667083854818	1.9494910004434673
-2.923654568210263	1.9505900982662225
-2.9136420525657067	1.967608061797991
-2.9036295369211516	1.9938685942024308
-2.8936170212765955	2.0187739859921656
-2.8836045056320403	2.0331828132549994
-2.873591989987484	2.034161792224226
-2.863579474342928	2.026241429805986
-2.853566958698373	2.0187198795432977
-2.843554443053817	2.020614650386709
-2.8335419274092617	2.035669489463348
-2.8235294117647056	2.0600794634424577
-2.8135168961201504	2.0847991545703497
-2.8035043804755944	2.1013555636260306
-2.7934918648310383	2.1068666506181604
-2.783479349186483	2.10429476985971
-2.773466833541927	2.0981474533235014
-2.763454317897372	2.089500789287201
-2.7534418022528158	2.073925534699623
-2.7434292866082606	2.0430820838129695
-2.7334167709637045	1.9885876481994682
-2.7234042553191484	1.906002365850735
-2.7133917396745932	1.7967045046001053
-2.703379224030037	1.666318471264412
-2.693366708385482	1.5206912580260348
-2.683354192740926	1.3626621420545615
-2.6733416770963707	1.1924580446507163
-2.6633291614518146	1.011307234467693
-2.6533166458072586	0.8248998484463118
-2.6433041301627034	0.643538784436385
-2.6332916145181473	0.4788290953482135
-2.623279098873592	0.3395955372580366
-2.613266583229036	0.2298332436501221
-2.603254067584481	0.14916431643654451
-2.593241551939925	0.0942747231837915
-2.5832290362953687	0.06005686477505882
-2.5732165206508135	0.04053784800841195
-2.5632040050062574	0.03004297376513191
-2.5531914893617023	0.024333062995709417
-2.543178973717146	0.021072897783691563
-2.533166458072591	0.019512494618387485
-2.523153942428035	0.019901488614142978
-2.513141426783479	0.023143849030221295
-2.5031289111389237	0.030726492013176
-2.4931163954943676	0.04461661215622039
-2.4831038798498124	0.06684029107240455
-2.4730913642052563	0.09875257146457965
-2.463078848560701	0.1404516326024498
-2.453066332916145	0.19097183907390874
-2.443053817271589	0.24934601367891343
-2.433041301627034	0.3156992558897372
-2.4230287859824777	0.39133958428034565
-2.4130162703379225	0.47777425330118367
-2.4030037546933665	0.5756672141313921
-2.3929912390488113	0.6846927445171578
-2.382978723404255	0.8040452326435232
-2.372966207759699	0.9323052622811011
-2.362953692115144	1.0658390623029834
-2.352941176470588	1.1969836768348256
-2.3429286608260327	1.3147553204428502
-2.3329161451814766	1.4091688129451632
-2.3229036295369214	1.4764066360404968
-2.3128911138923653	1.5203908216351734
-2.3028785982478093	1.5492017795477924
-2.292866082603254	1.5693395762482474
-2.282853566958698	1.5823762240446273
-2.272841051314143	1.5860901479383203
-2.2628285356695867	1.5786100481422367
-2.2528160200250316	1.5623033561272415
-2.2428035043804755	1.5445722826402994
-2.2327909887359194	1.5345531852327166
-2.2227784730913642	1.5373843225711548
-2.212765957446808	1.550094892542745
-2.202753441802253	1.5629066558228237
-2.192740926157697	1.5657742310638512
-2.1827284105131417	1.5552480098360593
-2.1727158948685856	1.5358900581795647
-2.1627033792240296	1.5150511968545253
-2.1526908635794744	1.4961902293486904
-2.1426783479349183	1.477600653277075
-2.132665832290363	1.4575036861387898
-2.122653316645807	1.4390773395007472
-2.112640801001252	1.4294718090927918
-2.1026282853566958	1.434536136238595
-2.0926157697121397	1.455140636703195
-2.0826032540675845	1.48708491547081
-2.0725907384230284	1.522478600253862
-2.0625782227784732	1.5519454650574256
-2.052565707133917	1.5685872481513172
-2.042553191489362	1.5716087023831453
-2.032540675844806	1.5655335003287472
-2.02252816020025	1.5554097535003173
-2.0125156445556946	1.5434574591822112
-2.0025031289111386	1.5303824663478232
-1.9924906132665834	1.518304752354648
-1.9824780976220273	1.5108703280603804
-1.9724655819774712	1.5105538977621737
-1.962453066332916	1.5164804274904735
-1.95244055068836	1.5247330108775845
-1.9424280350438048	1.5303736691220466
-1.9324155193992487	1.5295736532010598
-1.9224030037546935	1.5206466688840574
-1.9123904881101375	1.5033313251786407
-1.9023779724655814	1.4770620871392734
-1.8923654568210262	1.4404841366290717
-1.8823529411764701	1.3933908119409335
-1.872340425531915	1.3388376770687342
-1.8623279098873589	1.2819994168741238
-1.8523153942428037	1.225805657550562
-1.8423028785982476	1.1674824052532011
-1.8322903629536915	1.0997221813357088
-1.8222778473091363	1.015887268861132
-1.8122653316645803	0.9151446608602991
-1.802252816020025	0.8037120305125396
-1.792240300375469	0.6916708072904948
-1.7822277847309138	0.5882143558275408
-1.7722152690863577	0.4988744481936047
-1.7622027534418017	0.4257229868675822
-1.7521902377972465	0.3687562152792927
-1.7421777221526904	0.3267260548602466
-1.7321652065081352	0.29765602076648445
-1.7221526908635791	0.27989258822920626
-1.712140175219024	0.2731974575340921
-1.7021276595744679	0.2785612241176873
-1.6921151439299118	0.29655556284723983
-1.6821026282853566	0.32572342201157256
-1.6720901126408005	0.3627290744441861
-1.6620775969962454	0.40443880724497994
-1.6520650813516893	0.4501829393751736
-1.642052565707134	0.5019655368461121
-1.632040050062578	0.5619756545573238
-1.622027534418022	0.6291715097494978
-1.6120150187734668	0.6978482713254961
-1.6020025031289107	0.7598014081011647
-1.5919899874843555	0.8088307804892997
-1.5819774718397994	0.8443748939061732
-1.5719649561952442	0.8718902396869106
-1.5619524405506882	0.9002015909891454
-1.551939924906132	0.9376949609407726
-1.541927409261577	0.9889584716694588
-1.5319148936170208	1.0527697859801204
-1.5219023779724656	1.1221552799694512
-1.5118898623279096	1.1869047803768686
-1.5018773466833544	1.2378606830870564
-1.4918648310387983	1.271123915175062
-1.4818523153942422	1.2900146978474303
-1.471839799749687	1.3036155430345469
-1.461827284105131	1.322425866953845
-1.4518147684605758	1.3530403214782811
-1.4418022528160197	1.3944120205199277
-1.4317897371714645	1.4379964792733078
-1.4217772215269084	1.4722512136351378
-1.4117647058823524	1.4890705366902968
-1.4017521902377972	1.488307896027064
-1.391739674593241	1.478061099076049
-1.381727158948686	1.470963128528867
-1.3717146433041298	1.4782286239626106
-1.3617021276595747	1.5041635424764412
-1.3516896120150186	1.5444860233958366
-1.3416770963704625	1.590095645807896
-1.3316645807259073	1.6336407153157757
-1.3216520650813512	1.6734927120024112
-1.311639549436796	1.7120923403619568
-1.30162703379224	1.7508783507441974
-1.2916145181476848	1.7866833280014325
-1.2816020025031287	1.8124312452715743
-1.2715894868585726	1.8212056528663805
-1.2615769712140175	1.810872093500933
-1.2515644555694614	1.7867176138919056
-1.2415519399249062	1.7605914279118953
-1.2315394242803501	1.7464804066489763
-1.221526908635795	1.7543547847063086
-1.2115143929912389	1.7853596697255203
-1.2015018773466828	1.8309840634536996
-1.1914893617021276	1.8769835592684607
-1.1814768460575715	1.9103009661639452
-1.1714643304130163	1.9250515151428427
-1.1614518147684603	1.9237479617815763
-1.151439299123905	1.9133086641119412
-1.141426783479349	1.899525664352649
-1.131414267834793	1.8844631179580593
-1.1214017521902377	1.8678264169604193
-1.1113892365456817	1.8494941726032668
-1.1013767209011265	1.8302888063296587
-1.0913642052565704	1.811031162147204
-1.0813516896120152	1.7917687530273327
-1.0713391739674591	1.7721614068784677
-1.061326658322903	1.7526675331323047
-1.0513141426783479	1.7357372807585114
-1.0413016270337918	1.7255826077533878
-1.0312891113892366	1.7248752280295412
-1.0212765957446805	1.7294892450664574
-1.0112640801001254	1.7265991794327635
-1.0012515644555693	1.700533873872958
-0.9912390488110132	1.6431119473343752
-0.981226533166458	1.5595282528405439
-0.971214017521902	1.4650573069669197
-0.9612015018773468	1.376625245927949
-0.9511889862327907	1.306051416480637
-0.9411764705882355	1.257564295476272
-0.9311639549436794	1.2284552497007408
-0.9211514392991234	1.2119089632650684
-0.9111389236545682	1.2017969282302792
-0.9011264080100121	1.1976111345131124
-0.8911138923654569	1.2057368053837023
-0.8811013767209008	1.2348166341879543
-0.8710888610763456	1.288192514836897
-0.8610763454317896	1.3601392311912246
-0.8510638297872335	1.4397327571856395
-0.8410513141426783	1.5187579381715817
-0.8310387984981222	1.5962823695118389
-0.821026282853567	1.6770021582308503
-0.811013767209011	1.7674892418551562
-0.8010012515644558	1.8749248952720177
-0.7909887359198997	2.0069623039629114
-0.7809762202753436	2.1684801513390304
-0.7709637046307884	2.355807126850458
-0.7609511889862324	2.554311539079377
-0.7509386733416772	2.743191437602939
-0.7409261576971211	2.9046763203799792
-0.7309136420525659	3.0316761188547248
-0.7209011264080099	3.130241779980798
-0.7108886107634538	3.216939101022279
-0.7008760951188986	3.3128738225460967
-0.6908635794743425	3.4356866604867182
-0.6808510638297873	3.5909722911495043
-0.6708385481852313	3.767204019174929
-0.6608260325406761	3.940024841153071
-0.65081351689612	4.08637132197174
-0.6408010012515639	4.198456659996304
-0.6307884856070087	4.28515421852926
-0.6207759699624527	4.360277169427236
-0.6107634543178975	4.4306795753044455
-0.6007509386733414	4.495333546428034
-0.5907384230287862	4.552616327415489
-0.5807259073842301	4.605052214441741
-0.5707133917396741	4.656678016751416
-0.5607008760951189	4.707814841555847
-0.5506883604505628	4.753698317687241
-0.5406758448060076	4.787957850356485
-0.5306633291614515	4.807228122884176
-0.5206508135168963	4.8131889356826125
-0.5106382978723403	4.811244814848033
-0.5006257822277842	4.807579348532509
-0.490613266583229	4.80664316317863
-0.48060075093867294	4.809708542448605
-0.47058823529411775	4.81408116542714
-0.4605757196495617	4.81329937118075
-0.4505632040050065	4.7996819384250955
-0.4405506883604504	4.769288594845722
-0.43053817271589434	4.726234206439251
-0.42052565707133915	4.682338896738405
-0.4105131414267831	4.6515153078068145
-0.4005006257822279	4.642783876662454
-0.3904881101376718	4.656448057727964
-0.38047559449311663	4.684696404505886
-0.37046307884856056	4.71515422380203
-0.3604505632040045	4.735989169585896
-0.3504380475594493	4.74150019937705
-0.3404255319148932	4.735504644786505
-0.33041301627033803	4.729056625602178
-0.32040050062578196	4.732500742941157
-0.3103879849812259	4.747263826993738
-0.3003754693366707	4.7642454518745465
-0.2903629536921146	4.77084156036768
-0.28035043804755944	4.761094796866307
-0.27033792240300336	4.740123386733603
-0.2603254067584482	4.719360921687831
-0.2503128911138921	4.708433380189723
-0.24030037546933602	4.711590723180061
-0.23028785982478084	4.729143841903103
-0.22027534418022476	4.758410745851673
-0.21026282853566958	4.792289194013065
-0.2002503128911135	4.819789090106029
-0.19023779724655832	4.831486874068447
-0.18022528160200224	4.825977546638104
-0.17021276595744617	4.811013345946382
-0.16020025031289098	4.798144544255101
-0.1501877346683349	4.795386099277604
-0.14017521902377972	4.802770489266021
-0.13016270337922364	4.81266616216812
-0.12015018773466846	4.814642156270438
-0.11013767209011238	4.803063211244196
-0.10012515644555631	4.7830457809576306
-0.09011264080100112	4.76955374767083
-0.08010012515644505	4.778391839075569
-0.07008760951188986	4.814563801133034
-0.060075093867333784	4.867139696771497
-0.0500625782227786	4.91606439263247
-0.04005006257822252	4.946214432798328
-0.030037546933666448	4.956188073844642
-0.02002503128911126	4.954072304646189
-0.010012515644555187	4.9468231495657395
0.0	4.936613845755533
