-8.0	55.93353789153668
-7.989987484355444	54.70693719251134
-7.979974968710889	53.773030923795396
-7.969962453066333	53.1121458693799
-7.9599499374217775	52.58899938946933
-7.949937421777221	52.04917130940809
-7.939924906132666	51.35443446822478
-7.92991239048811	50.511070243934476
-7.919899874843554	49.68645349099891
-7.909887359198999	49.10545366485727
-7.899874843554443	48.828199423822305
-7.889862327909888	48.801458797884976
-7.8798498122653315	48.83580585329876
-7.869837296620776	48.78246007715761
-7.85982478097622	48.65328770523283
-7.849812265331664	48.468273109190605
-7.839799749687109	48.258506920752204
-7.829787234042553	48.08283663726791
-7.819774718397998	47.98419475889448
-7.809762202753442	47.95889101850757
-7.7997496871088865	47.94684827772595
-7.78973717146433	47.89133445566496
-7.779724655819774	47.771578189331386
-7.769712140175219	47.612561349163535
-7.759699624530663	47.42551600162213
-7.749687108886108	47.21141510248923
-7.739674593241552	46.99160233315941
-7.729662077596997	46.761970347298565
-7.719649561952441	46.47205188024061
-7.7096370463078845	46.08102695564474
-7.699624530663329	45.63179624753259
-7.689612015018773	45.249799597738765
-7.679599499374218	45.04437423369355
-7.669586983729662	45.03754853816195
-7.659574468085107	45.17962004482051
-7.649561952440551	45.39918013563802
-7.639549436795995	45.648886178780685
-7.629536921151439	45.92985714649309
-7.619524405506883	46.31596578451797
-7.609511889862328	46.88151065864296
-7.599499374217772	47.61753153468186
-7.589486858573217	48.46776033607056
-7.579474342928661	49.38907554544101
-7.569461827284105	50.39068440039863
-7.55944931163955	51.54644912497835
-7.5494367959949935	52.94995734677868
-7.539424280350438	54.500590398136644
-7.529411764705882	55.94758111620314
-7.519399249061326	57.15860913678227
-7.509386733416771	58.093721981121725
-7.499374217772215	58.7550705961489
-7.48936170212766	59.232771315332585
-7.479349186483104	59.58862598877809
-7.4693366708385485	59.85466338434466
-7.459324155193992	60.010893547390296
-7.449311639549437	59.87684358851282
-7.439299123904881	59.29839885346312
-7.429286608260325	58.247525829107325
-7.41927409261577	56.77719701661013
-7.409261576971214	54.97192905704224
-7.399249061326659	52.800466309886694
-7.3892365456821025	50.25692053244918
-7.3792240300375465	47.41284765818685
-7.369211514392991	44.30338977193109
-7.359198998748435	40.83875160746268
-7.34918648310388	36.983786635311695
-7.339173967459324	33.00702496934561
-7.329161451814769	29.019106027596614
-7.319148936170213	25.242008645164486
-7.3091364205256575	22.458336263654513
-7.299123904881101	20.996254041904695
-7.289111389236545	20.256556221264542
-7.27909887359199	19.76799411538519
-7.269086357947434	19.504117146333083
-7.259073842302879	19.478259383382383
-7.249061326658323	19.601065301408067
-7.239048811013767	19.781724351671237
-7.2290362953692116	19.95817636350547
-7.2190237797246555	20.089655250413426
-7.2090112640801	20.15041902589048
-7.198998748435544	20.162583122709123
-7.188986232790989	20.167839215783385
-7.178973717146433	20.17481215639689
-7.168961201501878	20.168055151211615
-7.158948685857322	20.121149790352142
-7.148936170212766	20.01799384623961
-7.13892365456821	19.859134872704384
-7.128911138923654	19.651699555451735
-7.118898623279099	19.386422163733375
-7.108886107634543	19.068671597932564
-7.098873591989987	18.694957620703157
-7.088861076345432	18.241004794659894
-7.078848560700876	17.72421192766239
-7.068836045056321	17.22113957719831
-7.0588235294117645	16.786039079083764
-7.048811013767209	16.44044524317614
-7.038798498122653	16.190987284889825
-7.028785982478098	16.038372983425603
-7.018773466833542	15.986531410271855
-7.008760951188986	16.043387242432658
-6.998748435544431	16.230451490432525
-6.988735919899875	16.5644086257796
-6.9787234042553195	17.02350352722555
-6.968710888610763	17.552108876186445
-6.958698372966207	18.100035896013154
-6.948685857321652	18.628010901054086
-6.938673341677096	19.112545452579948
-6.928660826032541	19.54848077258543
-6.918648310387985	19.934862671670693
-6.908635794743429	20.263958776195942
-6.8986232790988735	20.525911729774894
-6.888610763454318	20.716398151554223
-6.878598247809762	20.82736603619906
-6.868585732165206	20.843814244690517
-6.858573216520651	20.77984726953183
-6.848560700876095	20.695074735004074
-6.83854818523154	20.658782431694437
-6.828535669586984	20.72437702666453
-6.818523153942428	20.904375405279502
-6.808510638297872	21.15379124862147
-6.798498122653316	21.389558562716882
-6.788485607008761	21.54179791824896
-6.778473091364205	21.57668539640454
-6.768460575719649	21.496658966357106
-6.758448060075094	21.334616806245574
-6.748435544430539	21.116984625816755
-6.7384230287859825	20.845926830034617
-6.7284105131414265	20.54699325418194
-6.718397997496871	20.286881771906007
-6.708385481852315	20.12950290491698
-6.69837296620776	20.11763061857
-6.688360450563204	20.28613417009199
-6.678347934918648	20.657609708092284
-6.668335419274093	21.191981771732657
-6.658322903629537	21.789832842380967
-6.648310387984981	22.3574532593425
-6.638297872340425	22.95835062832562
-6.628285356695869	23.756345503054185
-6.618272841051314	24.859425886872337
-6.608260325406759	26.385738068525963
-6.598247809762203	28.438877203474185
-6.588235294117647	30.83670255575761
-6.578222778473092	33.25652053132557
-6.5682102628285355	35.60756823236251
-6.55819774718398	38.00217309656262
-6.548185231539424	40.463592507820145
-6.538172715894868	42.91522977246991
-6.528160200250313	45.36521063936908
-6.518147684605757	47.802429799245026
-6.508135168961202	50.265099195298866
-6.498122653316646	52.705536781617305
-6.4881101376720896	54.90934076344143
-6.478097622027534	56.801819087862135
-6.468085106382979	58.53219735919131
-6.458072590738423	60.15635766010249
-6.448060075093867	61.77272243399841
-6.438047559449312	63.58894997354993
-6.428035043804756	65.52152583966185
-6.418022528160201	67.17532221446024
-6.4080100125156445	68.42433649065443
-6.397997496871088	69.36110973764906
-6.387984981226533	70.05575994155588
-6.377972465581977	70.61391061330967
-6.367959949937422	71.15818138294253
-6.357947434292866	71.7299112535125
-6.34793491864831	72.25385157515342
-6.337922403003755	72.51179726195711
-6.3279098873591995	72.55901264210235
-6.317897371714643	72.58946186957841
-6.307884856070087	72.73409477489123
-6.297872340425532	72.93741766013646
-6.287859824780976	73.10527729463047
-6.277847309136421	73.20633066080998
-6.267834793491865	73.30721494319917
-6.257822277847309	73.25205317022132
-6.2478097622027535	72.97721919474016
-6.2377972465581975	72.6516329296111
-6.227784730913642	72.34669103425131
-6.217772215269086	72.14996893484911
-6.20775969962453	72.02619735848522
-6.197747183979975	71.81184754849502
-6.18773466833542	71.4686164926097
-6.177722152690864	71.0072561528426
-6.167709637046308	70.37781619937874
-6.157697121401752	69.85089824204702
-6.147684605757196	69.40485276612229
-6.137672090112641	68.88877078628708
-6.127659574468085	68.28603282221965
-6.117647058823529	67.45458640986699
-6.107634543178974	66.31840789204664
-6.097622027534418	64.84544359496574
-6.0876095118898625	63.09296188690516
-6.0775969962453065	61.2402777708862
-6.06758448060075	59.55992745289933
-6.057571964956195	57.81282539161602
-6.04755944931164	56.03105862816029
-6.037546933667084	54.22853312399151
-6.027534418022528	52.17720629141861
-6.017521902377973	49.9442877833773
-6.007509386733417	48.19089254560715
-5.997496871088861	47.01409924708735
-5.987484355444305	46.12012961692703
-5.977471839799749	45.42612279732221
-5.967459324155194	45.01438124143366
-5.957446808510639	44.772320292346535
-5.947434292866083	44.61186390419668
-5.937421777221527	44.48585292374541
-5.927409261576971	44.395053991833436
-5.9173967459324155	44.34410538121994
-5.90738423028786	44.317817192417664
-5.897371714643304	44.302979945962626
-5.887359198998748	44.29355768286029
-5.877346683354192	44.2870596129845
-5.867334167709637	44.28234724116521
-5.857321652065082	44.2788218065196
-5.847309136420526	44.276129737897705
-5.83729662077597	44.274044113621734
-5.827284105131414	44.27240061203706
-5.817271589486858	44.16574717395955
-5.807259073842303	43.92723469289027
-5.797246558197747	43.529586648210625
-5.787234042553191	43.19660332637649
-5.777221526908636	42.70604755862409
-5.767209011264081	42.12642914109533
-5.7571964956195245	41.51734126593673
-5.747183979974968	40.30723679643061
-5.737171464330412	39.32088840950911
-5.727158948685857	38.6647105276708
-5.717146433041302	38.921976185802556
-5.707133917396746	38.344269425522384
-5.69712140175219	38.363887767212304
-5.687108886107635	37.90187864895763
-5.677096370463079	38.37455954055701
-5.667083854818523	38.57370238876775
-5.657071339173967	38.866000649968754
-5.647058823529411	39.208807772912714
-5.637046307884856	39.56876523944065
-5.627033792240301	39.571351248895
-5.617021276595745	39.76795576739245
-5.607008760951189	39.79609988195344
-5.596996245306633	39.798900313658265
-5.5869837296620775	39.802315348515364
-5.576971214017522	39.80652914260354
-5.566958698372966	39.811798548285836
-5.55694618272841	39.81852423962253
-5.546933667083855	39.82758823961567
-5.536921151439299	39.84286796120211
-5.526908635794744	39.886485806796856
-5.516896120150188	39.98028635032512
-5.5068836045056315	40.07857839396575
-5.496871088861076	40.22703394544481
-5.486858573216521	40.44368766625401
-5.476846057571965	40.784529621215185
-5.466833541927409	41.21806064284824
-5.456821026282853	41.89109203416723
-5.446808510638298	42.9575090281811
-5.4367959949937426	44.04240840444292
-5.4267834793491865	45.342185787112044
-5.41677096370463	46.82071950575983
-5.406758448060075	48.323417066179765
-5.396745932415519	49.65822083311631
-5.386733416770964	50.801280921722146
-5.376720901126408	51.92317595033097
-5.366708385481852	53.24686978570618
-5.356695869837297	54.639521766693555
-5.346683354192741	55.93091085724835
-5.336670838548185	57.10808204823556
-5.326658322903629	58.096044406589435
-5.316645807259073	58.70309602817553
-5.306633291614518	59.14033472451266
-5.296620775969963	59.621218925793556
-5.286608260325407	60.13049084210642
-5.276595744680851	60.59724753363742
-5.2665832290362955	60.93460786365713
-5.256570713391739	61.19681712583526
-5.246558197747184	61.45916764082019
-5.236545682102628	61.61580762781596
-5.226533166458072	61.59439662567159
-5.216520650813517	61.432268393764126
-5.206508135168962	61.363700726216955
-5.196495619524406	61.3004654632672
-5.18648310387985	61.18359869617508
-5.1764705882352935	60.937095234463314
-5.166458072590738	60.57538290313956
-5.156445556946183	60.10361246990868
-5.146433041301627	59.56501999383262
-5.136420525657071	59.000451416176034
-5.126408010012516	58.26377188737346
-5.11639549436796	57.27824132016615
-5.1063829787234045	56.144376466759105
-5.0963704630788484	55.040762432464135
-5.086357947434292	53.89909439151718
-5.076345431789737	52.51282340484688
-5.066332916145182	50.956146132923955
-5.056320400500626	49.44410348121358
-5.04630788485607	47.955423999946305
-5.036295369211514	46.47448141195704
-5.026282853566959	44.94007140062307
-5.016270337922403	43.43202733307177
-5.006257822277847	41.96251795061818
-4.996245306633291	40.48204309254913
-4.986232790988735	39.032351354731766
-4.97622027534418	37.4386528479913
-4.966207759699625	35.59598601886273
-4.956195244055069	33.780887531302646
-4.946182728410513	32.10110884691847
-4.9361702127659575	30.64003111638234
-4.926157697121402	29.599605785540906
-4.916145181476846	28.86375083390268
-4.90613266583229	28.34117478285308
-4.896120150187734	27.929772941603808
-4.886107634543179	27.603412801216496
-4.876095118898624	27.36760868589066
-4.866082603254068	27.22668730041717
-4.8560700876095115	27.124668119141877
-4.8460575719649555	27.06773223781418
-4.8360450563204	27.03833016920395
-4.826032540675845	27.022719649240127
-4.816020025031289	27.01366217931452
-4.806007509386733	27.007929754520443
-4.795994993742178	27.00405880930234
-4.785982478097623	27.001323725940143
-4.7759699624530665	26.999329734812182
-4.76595744680851	26.99784403577436
-4.755944931163954	26.996720177258208
-4.745932415519399	26.99586129230149
-4.735919899874844	26.99520077505308
-4.725907384230288	26.99469140332135
-4.715894868585732	26.994298854832206
-4.705882352941176	26.99399765910994
-4.6958698372966206	26.993768574483955
-4.685857321652065	26.993596836978863
-4.675844806007509	26.99347096227505
-4.665832290362953	26.993381908929052
-4.655819774718398	26.99332248327505
-4.645807259073843	26.99328690926618
-4.635794743429287	26.993270512821212
-4.625782227784731	26.993269486878543
-4.615769712140175	26.993280714127973
-4.605757196495619	26.9933016315048
-4.595744680851064	26.993330125304627
-4.585732165206508	26.99336444902707
-4.575719649561952	26.993403158296655
-4.565707133917396	26.99344505876809
-4.555694618272841	26.993489164021575
-4.545682102628286	26.993534661232623
-4.53566958698373	26.993580882960284
-4.5256570713391735	26.99362728380191
-4.515644555694618	26.993673420957528
-4.505632040050063	26.993718937965046
-4.495619524405507	26.993763551028874
-4.485607008760951	26.993807037486576
-4.475594493116395	26.99384922605024
-4.46558197747184	26.993889988530512
-4.4555694618272845	26.993929232805325
-4.4455569461827285	26.993966896839083
-4.435544430538172	26.994002943591283
-4.425531914893616	26.994037356681304
-4.415519399249061	26.99407013669727
-4.405506883604506	26.994101298055238
-4.39549436795995	26.994130866328973
-4.385481852315394	26.99415887598307
-4.375469336670839	26.99418536845174
-4.365456821026283	26.994210390514404
-4.355444305381727	26.99423399292589
-4.345431789737171	26.99425622926518
-4.335419274092615	26.994277154971613
-4.32540675844806	26.99429682654215
-4.315394242803505	26.994315300866145
-4.305381727158949	26.99433263467844
-4.295369211514393	26.994348884112902
-4.285356695869837	26.994364104342427
-4.275344180225281	26.994378349292056
-4.265331664580726	26.994391671414412
-4.25531914893617	26.994404121518045
-4.245306633291614	26.994415748640325
-4.235294117647059	26.994426599957986
-4.225281602002504	26.9944367207291
-4.215269086357948	26.99444615426136
-4.2052565707133915	26.994454941902163
-4.1952440550688355	26.99446312304657
-4.18523153942428	26.99447073516
-4.175219023779725	26.994477813812587
-4.165206508135169	26.994484392723027
-4.155193992490613	26.994490503809878
-4.145181476846057	26.99449617724813
-4.135168961201502	26.994501441530414
-4.1251564455569465	26.994506323530867
-4.11514392991239	26.994511739043144
-4.105131414267834	26.775820084983835
-4.095118898623279	26.57575703761178
-4.085106382978723	26.575761554002078
-4.075093867334168	26.370005090608025
-4.065081351689612	26.369567726805272
-4.055068836045056	25.82717027578463
-4.045056320400501	24.968219796289244
-4.035043804755945	24.636234576963528
-4.025031289111389	23.020181541196873
-4.015018773466833	21.801188701240235
-4.005006257822277	20.76873498196023
-3.994993742177722	18.755522309417838
-3.9849812265331668	16.653487163934823
-3.9749687108886107	14.785328116888918
-3.9649561952440546	13.060335575767022
-3.9549436795994994	10.486313792456848
-3.9449311639549434	8.471910938666392
-3.934918648310388	6.452917241174854
-3.924906132665832	5.3193334577962474
-3.914893617021277	4.0015589683517865
-3.904881101376721	2.935731712184632
-3.8948685857321648	1.7784404191147176
-3.8848560700876096	1.2303754520032184
-3.8748435544430535	0.7972031195687039
-3.8648310387984983	0.508932255145403
-3.8548185231539422	0.4582314715199701
-3.844806007509387	0.12937844744093202
-3.834793491864831	0.08195382432535413
-3.824780976220275	0.08195382432535413
-3.8147684605757197	0.08195382432535413
-3.8047559449311636	0.08195382432535413
-3.7947434292866085	0.08195382432535413
-3.7847309136420524	0.08195382432535413
-3.774718397997497	0.08195382431872421
-3.764705882352941	0.09815950514993677
-3.754693366708385	0.01622208307524984
-3.74468085106383	0.016222083075229488
-3.734668335419274	0.016222083075229488
-3.7246558197747186	0.016222083075229488
-3.7146433041301625	0.016222083075229488
-3.7046307884856065	0.016222083075229488
-3.6946182728410513	0.016222083075229488
-3.684605757196495	0.01622208307522949
-3.67459324155194	0.016222083075229488
-3.664580725907384	0.016222083075229488
-3.6545682102628287	0.041270642835941417
-3.6445556946182727	0.07142137674728584
-3.6345431789737166	0.07112326406524634
-3.6245306633291614	0.1027544841530291
-3.6145181476846053	0.1355296018864195
-3.60450563204005	0.1355296466016316
-3.594493116395494	0.23759631270007053
-3.584480600750939	0.2703699914614154
-3.574468085106383	0.39895935870103955
-3.5644555694618267	0.5335578672000237
-3.5544430538172715	0.606650538223375
-3.5444305381727155	0.6582203645090032
-3.5344180225281603	0.861442879569248
-3.524405506883604	0.969813949592617
-3.514392991239049	1.1873518936042622
-3.504380475594493	1.5736421055093734
-3.494367959949937	1.8577505052538867
-3.4843554443053817	2.002190104107004
-3.4743429286608256	2.2433648986834536
-3.4643304130162704	2.6585131130374
-3.4543178973717144	3.1418825224888494
-3.444305381727159	3.8307963042614377
-3.434292866082603	4.27561179600643
-3.424280350438047	4.830811051868275
-3.414267834793492	5.765012924986762
-3.4042553191489358	6.165666968271739
-3.3942428035043806	6.621583747444615
-3.3842302878598245	7.110168250210754
-3.3742177722152693	7.6848933281957885
-3.3642052565707132	8.339690064061493
-3.354192740926157	8.757566483353221
-3.344180225281602	9.062979051747778
-3.334167709637046	9.232939704914966
-3.3241551939924907	9.659321213777856
-3.3141426783479346	9.708488158792193
-3.3041301627033794	9.93331340541672
-3.2941176470588234	10.057179333029275
-3.2841051314142673	10.184727644444608
-3.274092615769712	10.343046135015841
-3.264080100125156	10.34199046897508
-3.254067584480601	10.39660906320702
-3.2440550688360448	10.396657501951557
-3.2340425531914896	10.396685687363005
-3.2240300375469335	10.39671424447423
-3.2140175219023774	10.396743176392313
-3.2040050062578223	10.396772484730304
-3.193992490613266	10.396802169329602
-3.183979974968711	10.396832227949073
-3.173967459324155	10.396862655913623
-3.1639549436795997	10.396893445717525
-3.1539424280350437	10.39692458657733
-3.1439299123904876	10.39695606392858
-3.1339173967459324	10.396987858860102
-3.1239048811013763	10.397019947478908
-3.113892365456821	10.397052300198036
-3.103879849812265	10.397084880939033
-3.09386733416771	10.39711764623998
-3.083854818523154	10.397150544259015
-3.0738423028785977	10.397183513662581
-3.0638297872340425	10.397216482386693
-3.0538172715894865	10.397249366258446
-3.0438047559449313	10.397282067464284
-3.033792240300375	10.397314472850246
-3.02377972465582	10.397346452038843
-3.013767209011264	10.397377855346033
-3.003754693366708	10.397408511481046
-2.9937421777221527	10.397438225011227
-2.9837296620775966	10.397466773573308
-2.9737171464330414	10.397493904812517
-2.9637046307884853	10.397519333030743
-2.95369211514393	10.397542735525455
-2.943679599499374	10.397563748602114
-2.933667083854818	10.397581963244033
-2.923654568210263	10.397596920426082
-2.9136420525657067	10.397608106061451
-2.9036295369211516	10.397614945574546
-2.8936170212765955	10.397616798097836
-2.8836045056320403	10.397612950296182
-2.873591989987484	10.397602609828498
-2.863579474342928	10.397584898463869
-2.853566958698373	10.397558844876468
-2.843554443053817	10.397523377152202
-2.8335419274092617	10.397477315059591
-2.8235294117647056	10.397419362257127
-2.8135168961201504	10.397348099599975
-2.8035043804755944	10.397261989146534
-2.7934918648310383	10.397159470505038
-2.783479349186483	10.39703984622818
-2.773466833541927	10.396910897906182
-2.763454317897372	10.396853417719386
-2.7534418022528158	10.397532728500241
-2.7434292866082606	10.402571431932873
-2.7334167709637045	10.412605537698045
-2.7234042553191484	10.416272787833307
-2.7133917396745932	10.416546438710856
-2.703379224030037	10.4162634020418
-2.693366708385482	10.415875729315463
-2.683354192740926	10.41543614506831
-2.6733416770963707	10.414948651915575
-2.6633291614518146	10.41441096053169
-2.6533166458072586	10.413816526272422
-2.6433041301627034	10.41314571098179
-2.6332916145181473	10.412341147793517
-2.623279098873592	10.411255827823371
-2.613266583229036	10.409641628388773
-2.603254067584481	10.408922188597558
-2.593241551939925	10.43077666568265
-2.5832290362953687	10.461823603374823
-2.5732165206508135	10.493631683886075
-2.5632040050062574	10.511442039370396
-2.5531914893617023	10.538082213174945
-2.543178973717146	10.570062186932654
-2.533166458072591	10.60245485055178
-2.523153942428035	10.619010083038745
-2.513141426783479	10.648413130270885
-2.5031289111389237	10.699181493099172
-2.4931163954943676	10.756830396364208
-2.4831038798498124	10.901262004335024
-2.4730913642052563	11.100512128267637
-2.463078848560701	11.29365047827099
-2.453066332916145	11.577000915849462
-2.443053817271589	11.958370803226952
-2.433041301627034	12.323885740078884
-2.4230287859824777	12.743852329164975
-2.4130162703379225	13.189370977333708
-2.4030037546933665	13.628920686258907
-2.3929912390488113	14.025555633201211
-2.382978723404255	14.451718484478524
-2.372966207759699	14.967997555442453
-2.362953692115144	15.532575444786353
-2.352941176470588	16.186755859183254
-2.3429286608260327	16.87604727722099
-2.3329161451814766	17.50295774041065
-2.3229036295369214	18.05426263573093
-2.3128911138923653	18.57523534924268
-2.3028785982478093	19.14081816153143
-2.292866082603254	19.818237956983936
-2.282853566958698	20.637996544668972
-2.272841051314143	21.650833416350366
-2.2628285356695867	22.76287379500749
-2.2528160200250316	23.80895472617868
-2.2428035043804755	24.75355287078043
-2.2327909887359194	25.663601604880597
-2.2227784730913642	26.618967967275093
-2.212765957446808	27.657929313476032
-2.202753441802253	28.73879446066449
-2.192740926157697	29.839068359992382
-2.1827284105131417	30.904975198252092
-2.1727158948685856	31.914453147979895
-2.1627033792240296	32.90398748408463
-2.1526908635794744	33.95666013588771
-2.1426783479349183	35.22621731937962
-2.132665832290363	36.66963121173868
-2.122653316645807	38.13843630623345
-2.112640801001252	39.554494193916305
-2.1026282853566958	40.94510742114084
-2.0926157697121397	42.390772105184524
-2.0826032540675845	43.82682265488387
-2.0725907384230284	45.147240536730514
-2.0625782227784732	46.24189576052751
-2.052565707133917	47.20184481731578
-2.042553191489362	48.15310385746602
-2.032540675844806	49.095572463132584
-2.02252816020025	49.918961625466025
-2.0125156445556946	50.80754487101598
-2.0025031289111386	51.7034493426486
-1.9924906132665834	52.54373735137955
-1.9824780976220273	53.458592971103776
-1.9724655819774712	54.4564918961546
-1.962453066332916	55.591776044287286
-1.95244055068836	56.75853620250114
-1.9424280350438048	57.69870014307873
-1.9324155193992487	58.34824766423071
-1.9224030037546935	58.976311275548035
-1.9123904881101375	59.74160752190554
-1.9023779724655814	60.50429636252479
-1.8923654568210262	61.208967475712605
-1.8823529411764701	61.77481707835763
-1.872340425531915	62.30406575277115
-1.8623279098873589	62.78263670976168
-1.8523153942428037	63.23135346460689
-1.8423028785982476	63.61922828896613
-1.8322903629536915	63.948152229927224
-1.8222778473091363	64.41359063699872
-1.8122653316645803	64.86182876874385
-1.802252816020025	65.23044755884759
-1.792240300375469	65.54898205288825
-1.7822277847309138	65.78144318388864
-1.7722152690863577	65.82744273833389
-1.7622027534418017	65.81685682265365
-1.7521902377972465	65.84761527111739
-1.7421777221526904	65.89950188775764
-1.7321652065081352	65.98782336686733
-1.7221526908635791	65.796319583906
-1.712140175219024	65.25882341188611
-1.7021276595744679	64.57632730491466
-1.6921151439299118	63.74491035862545
-1.6821026282853566	62.6323281853489
-1.6720901126408005	61.53691877140978
-1.6620775969962454	60.42850478805286
-1.6520650813516893	59.03621703204002
-1.642052565707134	57.471302518943276
-1.632040050062578	56.105970506238386
-1.622027534418022	54.87005053561928
-1.6120150187734668	53.860126793081825
-1.6020025031289107	52.8782248395792
-1.5919899874843555	51.93885520174853
-1.5819774718397994	51.13118738022074
-1.5719649561952442	50.43247660979449
-1.5619524405506882	49.58104946640612
-1.551939924906132	48.80696798317025
-1.541927409261577	48.25294262263253
-1.5319148936170208	47.82371938094616
-1.5219023779724656	47.40160487997144
-1.5118898623279096	47.010459097836176
-1.5018773466833544	46.727051828237556
-1.4918648310387983	46.50824344711173
-1.4818523153942422	46.490590691145414
-1.471839799749687	46.61872197173319
-1.461827284105131	47.337134494258066
-1.4518147684605758	48.40823539222249
-1.4418022528160197	49.46553990464906
-1.4317897371714645	50.58558434310173
-1.4217772215269084	51.551015613311044
-1.4117647058823524	52.624710365813684
-1.4017521902377972	53.37500811360919
-1.391739674593241	53.95117389184133
-1.381727158948686	54.31160788704921
-1.3717146433041298	54.59061931620196
-1.3617021276595747	55.03274787933556
-1.3516896120150186	55.70494300186593
-1.3416770963704625	56.481758671574134
-1.3316645807259073	57.40421042483964
-1.3216520650813512	58.57521614573557
-1.311639549436796	60.156329580504114
-1.30162703379224	61.94318423649333
-1.2916145181476848	63.571971546255796
-1.2816020025031287	65.1038227030647
-1.2715894868585726	66.48511152928307
-1.2615769712140175	67.64485660284639
-1.2515644555694614	68.65152717787448
-1.2415519399249062	69.34033407639126
-1.2315394242803501	69.76730966890705
-1.221526908635795	70.14863287046542
-1.2115143929912389	70.47430711558067
-1.2015018773466828	70.60276980291877
-1.1914893617021276	70.60568276354238
-1.1814768460575715	70.50181858606778
-1.1714643304130163	70.16335845741982
-1.1614518147684603	69.9526403604815
-1.151439299123905	69.90618350283947
-1.141426783479349	70.03071907802698
-1.131414267834793	70.28279071311317
-1.1214017521902377	70.52360744948214
-1.1113892365456817	70.66059486649267
-1.1013767209011265	70.6818646884188
-1.0913642052565704	70.4766815227431
-1.0813516896120152	70.11262876187484
-1.0713391739674591	69.76615415397657
-1.061326658322903	69.74822258762678
-1.0513141426783479	70.06658098252545
-1.0413016270337918	70.3175116255513
-1.0312891113892366	70.53281926605362
-1.0212765957446805	70.82962004164365
-1.0112640801001254	70.90096380025214
-1.0012515644555693	70.79894933350269
-0.9912390488110132	70.63901194737271
-0.981226533166458	70.719552783518
-0.971214017521902	70.84119878050487
-0.9612015018773468	70.75219654326007
-0.9511889862327907	70.71254616510006
-0.9411764705882355	70.56745119987262
-0.9311639549436794	70.23390533603421
-0.9211514392991234	69.78638563222648
-0.9111389236545682	69.31345105637209
-0.9011264080100121	68.76256460623381
-0.8911138923654569	68.20276221988456
-0.8811013767209008	67.7842841857627
-0.8710888610763456	67.54470609522045
-0.8610763454317896	67.33644173111605
-0.8510638297872335	67.00543701017945
-0.8410513141426783	66.71248592631059
-0.8310387984981222	66.4800981621124
-0.821026282853567	66.11816089271127
-0.811013767209011	65.60647535243776
-0.8010012515644558	64.97726998013066
-0.7909887359198997	64.47524286119983
-0.7809762202753436	64.28242088522259
-0.7709637046307884	64.10203605549368
-0.7609511889862324	63.71249006433672
-0.7509386733416772	63.194000467405374
-0.7409261576971211	62.424439118255236
-0.7309136420525659	61.32696022102707
-0.7209011264080099	60.23312606421144
-0.7108886107634538	59.16883466333422
-0.7008760951188986	58.056013807854605
-0.6908635794743425	56.73673351963419
-0.6808510638297873	55.342563544124026
-0.6708385481852313	53.92242400307739
-0.6608260325406761	52.48275098063305
-0.65081351689612	51.071628195543745
-0.6408010012515639	49.660639473587835
-0.6307884856070087	48.24238296489823
-0.6207759699624527	46.965499729055445
-0.6107634543178975	45.897264503028794
-0.6007509386733414	44.71766882192941
-0.5907384230287862	43.581059410913255
-0.5807259073842301	41.9010869166764
-0.5707133917396741	39.82068225526577
-0.5607008760951189	37.399124961490145
-0.5506883604505628	35.026674850876326
-0.5406758448060076	32.530879409730474
-0.5306633291614515	29.301251236893368
-0.5206508135168963	26.161884343430284
-0.5106382978723403	24.213172700798776
-0.5006257822277842	22.96391034612009
-0.490613266583229	21.800590638289613
-0.48060075093867294	20.36260152148725
-0.47058823529411775	19.557519119788786
-0.4605757196495617	19.12942185039713
-0.4505632040050065	19.253210544531964
-0.4405506883604504	19.49429177751862
-0.43053817271589434	20.004878905032523
-0.42052565707133915	20.791566315238427
-0.4105131414267831	21.7603209917921
-0.4005006257822279	22.823726676658342
-0.3904881101376718	23.969511147679476
-0.38047559449311663	25.278530887842035
-0.37046307884856056	26.666072215162163
-0.3604505632040045	28.164670085214443
-0.3504380475594493	29.665685400488993
-0.3404255319148932	31.075383416863417
-0.33041301627033803	32.442794519915076
-0.32040050062578196	33.87700265484033
-0.3103879849812259	35.40781377959956
-0.3003754693366707	36.9661170659654
-0.2903629536921146	38.409326326706356
-0.28035043804755944	39.642551184964525
-0.27033792240300336	40.6916279533404
-0.2603254067584482	41.58496230867687
-0.2503128911138921	42.294706586838196
-0.24030037546933602	42.81997916203121
-0.23028785982478084	43.21963903605786
-0.22027534418022476	43.54458954411468
-0.21026282853566958	43.817232196611464
-0.2002503128911135	44.07098175456419
-0.19023779724655832	44.32935943520941
-0.18022528160200224	44.56727898326867
-0.17021276595744617	44.831356403469826
-0.16020025031289098	45.26536252910423
-0.1501877346683349	45.900342206119255
-0.14017521902377972	46.62804482540902
-0.13016270337922364	47.38384099342774
-0.12015018773466846	48.13091930138486
-0.11013767209011238	48.739763099503314
-0.10012515644555631	49.098170057108426
-0.09011264080100112	49.2532660387409
-0.08010012515644505	49.29785828585989
-0.07008760951188986	49.28760053933527
-0.060075093867333784	49.201933188961185
-0.0500625782227786	49.139484374830246
-0.04005006257822252	49.146228661508715
-0.030037546933666448	49.13851039214607
-0.02002503128911126	49.113083317781395
-0.010012515644555187	49.02049387181492
0.0	48.80451468664346
