-8.0	38.301956289842316
-7.989987484355444	37.77564590717412
-7.979974968710889	37.31616715349065
-7.969962453066333	37.09389923046808
-7.9599499374217775	36.87658178474531
-7.949937421777221	36.67994138712413
-7.939924906132666	36.58062212603924
-7.92991239048811	36.50116499904422
-7.919899874843554	36.38986961339208
-7.909887359198999	36.26736311497726
-7.899874843554443	36.18495817846487
-7.889862327909888	36.086878677975655
-7.8798498122653315	36.49602326564182
-7.869837296620776	36.9978234434669
-7.85982478097622	37.78432565536189
-7.849812265331664	38.50407776469084
-7.839799749687109	39.425839202465546
-7.829787234042553	40.6351415027821
-7.819774718397998	41.43711097573344
-7.809762202753442	41.933393027474885
-7.7997496871088865	42.44711157740323
-7.78973717146433	42.92711489455378
-7.779724655819774	43.2534633716232
-7.769712140175219	43.369888491367504
-7.759699624530663	43.47305243464248
-7.749687108886108	43.637171570101486
-7.739674593241552	43.91938427502132
-7.729662077596997	44.256664097300266
-7.719649561952441	44.746410619700605
-7.7096370463078845	45.40690135049951
-7.699624530663329	46.15986196989098
-7.689612015018773	47.13012310125626
-7.679599499374218	48.385250489491156
-7.669586983729662	49.70765766367
-7.659574468085107	50.84414537343633
-7.649561952440551	51.57686286429891
-7.639549436795995	52.135692949802376
-7.629536921151439	52.62973117231426
-7.619524405506883	53.02630001625307
-7.609511889862328	53.378934195540026
-7.599499374217772	53.71516823537123
-7.589486858573217	53.991729776250125
-7.579474342928661	54.21532536269401
-7.569461827284105	54.4923109336822
-7.55944931163955	54.82744735264806
-7.5494367959949935	55.03432532961941
-7.539424280350438	55.11600948393573
-7.529411764705882	55.080614927291634
-7.519399249061326	54.95357129517123
-7.509386733416771	54.83931155783596
-7.499374217772215	54.780127932384914
-7.48936170212766	54.743265758003496
-7.479349186483104	54.7300561143153
-7.4693366708385485	54.72584898561464
-7.459324155193992	54.73839728374493
-7.449311639549437	54.78600474114339
-7.439299123904881	54.791861100584015
-7.429286608260325	54.69607098398673
-7.41927409261577	54.50248335142013
-7.409261576971214	54.209281299497675
-7.399249061326659	53.86324427629319
-7.3892365456821025	53.44208413808024
-7.3792240300375465	52.869071898528006
-7.369211514392991	52.23630692973536
-7.359198998748435	51.71234253444888
-7.34918648310388	51.188492118951494
-7.339173967459324	50.781196926727645
-7.329161451814769	50.39668201016678
-7.319148936170213	49.83340585560019
-7.3091364205256575	48.88274308801045
-7.299123904881101	47.62359622320307
-7.289111389236545	46.299826464727936
-7.27909887359199	44.993333252517125
-7.269086357947434	43.724710645102775
-7.259073842302879	42.5809914923126
-7.249061326658323	41.62826573669768
-7.239048811013767	40.72483665498922
-7.2290362953692116	39.7746347948158
-7.2190237797246555	38.786056618037804
-7.2090112640801	37.777873094981146
-7.198998748435544	36.761583206924406
-7.188986232790989	35.75338394198506
-7.178973717146433	34.754165532249694
-7.168961201501878	33.78990087562936
-7.158948685857322	32.8548757307606
-7.148936170212766	31.90431339518853
-7.13892365456821	30.913968476926087
-7.128911138923654	29.920739174259207
-7.118898623279099	28.966431570930418
-7.108886107634543	28.05007310287724
-7.098873591989987	27.194836703146777
-7.088861076345432	26.44442897903659
-7.078848560700876	25.804475491387983
-7.068836045056321	25.243931754963377
-7.0588235294117645	24.733404902769028
-7.048811013767209	24.25232883817308
-7.038798498122653	23.78253320881248
-7.028785982478098	23.296065590574333
-7.018773466833542	22.75524849450967
-7.008760951188986	22.14426463043093
-6.998748435544431	21.486958203032856
-6.988735919899875	20.82503920381027
-6.9787234042553195	20.195201027522714
-6.968710888610763	19.62240386529233
-6.958698372966207	19.12827623413479
-6.948685857321652	18.725056166122993
-6.938673341677096	18.409193382369686
-6.928660826032541	18.157860177136214
-6.918648310387985	17.953904029765614
-6.908635794743429	17.81075773663776
-6.8986232790988735	17.756085643191042
-6.888610763454318	17.813992122327466
-6.878598247809762	17.969446932880913
-6.868585732165206	18.190213079298864
-6.858573216520651	18.48346522646391
-6.848560700876095	18.899903749998515
-6.83854818523154	19.419405172217054
-6.828535669586984	20.013317584725055
-6.818523153942428	20.69993188862155
-6.808510638297872	21.509018321630016
-6.798498122653316	22.416800095091595
-6.788485607008761	23.327359014077235
-6.778473091364205	24.23286095511394
-6.768460575719649	25.236697107185396
-6.758448060075094	26.36531445650147
-6.748435544430539	27.554741090279016
-6.7384230287859825	28.70761441073394
-6.7284105131414265	29.808877250588008
-6.718397997496871	30.933542687513185
-6.708385481852315	32.14026226280959
-6.69837296620776	33.50875986997318
-6.688360450563204	35.032320406590664
-6.678347934918648	36.5177620646034
-6.668335419274093	37.82446827720095
-6.658322903629537	38.94595020280944
-6.648310387984981	39.97266052116008
-6.638297872340425	41.006375509600865
-6.628285356695869	42.10492829301482
-6.618272841051314	43.165056615693175
-6.608260325406759	44.085323813470886
-6.598247809762203	44.818071336249815
-6.588235294117647	45.45737900536019
-6.578222778473092	46.10230294828199
-6.5682102628285355	46.725734898624395
-6.55819774718398	47.14323828184981
-6.548185231539424	47.15074042418057
-6.538172715894868	46.81033381956439
-6.528160200250313	46.255603846975845
-6.518147684605757	45.54393756024801
-6.508135168961202	44.69147384902795
-6.498122653316646	43.669197932151654
-6.4881101376720896	42.50794835242883
-6.478097622027534	41.25377815100442
-6.468085106382979	39.93630367725483
-6.458072590738423	38.73887683371242
-6.448060075093867	37.73421728121275
-6.438047559449312	36.81015147660184
-6.428035043804756	35.89194591958737
-6.418022528160201	34.97591963556881
-6.4080100125156445	34.2813458124535
-6.397997496871088	33.802428811355796
-6.387984981226533	33.45633670185782
-6.377972465581977	33.22938067530656
-6.367959949937422	33.12517561755166
-6.357947434292866	33.05417097360338
-6.34793491864831	32.92512935801499
-6.337922403003755	32.793382150451045
-6.3279098873591995	32.782295742506285
-6.317897371714643	32.77776909951618
-6.307884856070087	32.77515736762573
-6.297872340425532	32.77345775660395
-6.287859824780976	32.77228449398163
-6.277847309136421	32.77144666549728
-6.267834793491865	32.770834446242475
-6.257822277847309	32.77037910816304
-6.2478097622027535	32.77003541439694
-6.2377972465581975	32.76977258296908
-6.227784730913642	32.76956916861599
-6.217772215269086	32.769409964075884
-6.20775969962453	32.76928393912737
-6.197747183979975	32.76330522085411
-6.18773466833542	32.583898067250765
-6.177722152690864	32.54208106489332
-6.167709637046308	32.539234930872425
-6.157697121401752	32.518449087906696
-6.147684605757196	32.44730236109038
-6.137672090112641	32.350356812533285
-6.127659574468085	32.59260777843255
-6.117647058823529	32.875784143629645
-6.107634543178974	33.06886522469613
-6.097622027534418	33.76055412924917
-6.0876095118898625	34.109026319240456
-6.0775969962453065	35.09413480651234
-6.06758448060075	35.797119070513574
-6.057571964956195	36.261388218799986
-6.04755944931164	36.64038591207334
-6.037546933667084	37.00972713783496
-6.027534418022528	37.32332619425983
-6.017521902377973	37.51530056958715
-6.007509386733417	37.601722328621015
-5.997496871088861	37.60264130136354
-5.987484355444305	37.714282844184744
-5.977471839799749	37.756071315412946
-5.967459324155194	37.75620204882008
-5.957446808510639	37.756216884287056
-5.947434292866083	37.75623930398907
-5.937421777221527	37.756274146236706
-5.927409261576971	37.75632902450392
-5.9173967459324155	37.75641714759538
-5.90738423028786	37.75656368157932
-5.897371714643304	37.75682721208199
-5.887359198998748	37.757395641071625
-5.877346683354192	37.75907271181616
-5.867334167709637	37.76533711154601
-5.857321652065082	37.7830823884287
-5.847309136420526	37.80764813371237
-5.83729662077597	37.850901725353616
-5.827284105131414	37.93491261321311
-5.817271589486858	38.06891338447232
-5.807259073842303	38.2971076561017
-5.797246558197747	38.66192661373981
-5.787234042553191	39.32771159824225
-5.777221526908636	40.20092367541836
-5.767209011264081	41.26009156676264
-5.7571964956195245	42.393647239605684
-5.747183979974968	43.612604873892245
-5.737171464330412	44.74570717479567
-5.727158948685857	46.06934993364504
-5.717146433041302	47.43846209194507
-5.707133917396746	48.514418689483946
-5.69712140175219	49.34730031265252
-5.687108886107635	50.03605493911604
-5.677096370463079	50.546651471551705
-5.667083854818523	51.03813256293949
-5.657071339173967	51.60517467817315
-5.647058823529411	52.18708147241121
-5.637046307884856	52.685826041876794
-5.627033792240301	53.12481340989749
-5.617021276595745	53.56370999458964
-5.607008760951189	53.98969564976739
-5.596996245306633	54.111488261027134
-5.5869837296620775	54.03105575368331
-5.576971214017522	53.96032381283581
-5.566958698372966	53.9730868083836
-5.55694618272841	53.999112511564434
-5.546933667083855	54.05457852766713
-5.536921151439299	54.21120500908974
-5.526908635794744	54.275298609518806
-5.516896120150188	54.34167939750814
-5.5068836045056315	54.4957141831768
-5.496871088861076	54.57455069473587
-5.486858573216521	54.51060331560071
-5.476846057571965	54.399334953169536
-5.466833541927409	54.37293043682403
-5.456821026282853	54.46572481118839
-5.446808510638298	54.580652183943556
-5.4367959949937426	54.6346912104383
-5.4267834793491865	54.67182118331987
-5.41677096370463	54.67583052430373
-5.406758448060075	54.56629164077573
-5.396745932415519	54.48273849947513
-5.386733416770964	54.44915711430161
-5.376720901126408	54.37824115382841
-5.366708385481852	54.23092930146323
-5.356695869837297	54.083066971381456
-5.346683354192741	53.903371846213346
-5.336670838548185	53.76012534605896
-5.326658322903629	53.70950204596703
-5.316645807259073	53.72758589612829
-5.306633291614518	53.62700534714598
-5.296620775969963	53.49437332679167
-5.286608260325407	53.403753678923856
-5.276595744680851	53.37023015241228
-5.2665832290362955	53.23338324443571
-5.256570713391739	52.91732614251767
-5.246558197747184	52.543295137310416
-5.236545682102628	52.120219437515345
-5.226533166458072	51.807656184726156
-5.216520650813517	51.566899284696
-5.206508135168962	51.24572150676262
-5.196495619524406	50.828551250298915
-5.18648310387985	50.39909933129478
-5.1764705882352935	49.93389513759422
-5.166458072590738	49.42534947504535
-5.156445556946183	48.86540189192581
-5.146433041301627	48.254813688622136
-5.136420525657071	47.45576723335659
-5.126408010012516	46.67160095968753
-5.11639549436796	45.92472543871319
-5.1063829787234045	45.139104322307254
-5.0963704630788484	44.212883486493325
-5.086357947434292	43.22421053472109
-5.076345431789737	42.21781109793804
-5.066332916145182	41.33831759799719
-5.056320400500626	40.49371477554156
-5.04630788485607	39.58517975418921
-5.036295369211514	38.661570004753145
-5.026282853566959	37.72443877925623
-5.016270337922403	36.7711907727573
-5.006257822277847	35.82059614154481
-4.996245306633291	34.8235185365969
-4.986232790988735	34.03125932801779
-4.97622027534418	33.32622407290116
-4.966207759699625	32.620192273080896
-4.956195244055069	31.800411750639796
-4.946182728410513	30.901340790914947
-4.9361702127659575	29.953212474368566
-4.926157697121402	29.23545120320215
-4.916145181476846	28.65020372048318
-4.90613266583229	28.16684336289394
-4.896120150187734	27.873335025454256
-4.886107634543179	27.65040966744457
-4.876095118898624	27.443448933113242
-4.866082603254068	27.312365886944427
-4.8560700876095115	27.268848347875572
-4.8460575719649555	27.257244585260153
-4.8360450563204	27.249919364345097
-4.826032540675845	27.229922072476676
-4.816020025031289	27.200898859669312
-4.806007509386733	27.193064646515108
-4.795994993742178	27.191354213261878
-4.785982478097623	27.190493638280138
-4.7759699624530665	27.18988416968736
-4.76595744680851	27.18943360986234
-4.755944931163954	27.189103124583273
-4.745932415519399	27.18886471080816
-4.735919899874844	27.188696354555354
-4.725907384230288	27.188580758898865
-4.715894868585732	27.188504480149533
-4.705882352941176	27.18845717962414
-4.6958698372966206	27.188430977166618
-4.685857321652065	27.18841991083233
-4.675844806007509	27.18841949866963
-4.665832290362953	27.188426391354483
-4.655819774718398	27.188438101344317
-4.645807259073843	27.188452794098932
-4.635794743429287	27.188469128374877
-4.625782227784731	27.188486134657197
-4.615769712140175	27.18850312289272
-4.605757196495619	27.188519612571728
-4.595744680851064	27.188535279781096
-4.585732165206508	27.188549917115225
-4.575719649561952	27.18856340332109
-4.565707133917396	27.188575680313992
-4.555694618272841	27.188586735779754
-4.545682102628286	27.188596590016783
-4.53566958698373	27.18860528600123
-4.5256570713391735	27.18861288190617
-4.515644555694618	27.18861944549194
-4.505632040050063	27.188625049925097
-4.495619524405507	27.18862977068896
-4.485607008760951	27.18863368332805
-4.475594493116395	27.188636861829792
-4.46558197747184	27.18863937749188
-4.4555694618272845	27.18864129815932
-4.4455569461827285	27.188642687741286
-4.435544430538172	27.188643605938747
-4.425531914893616	27.18864410812954
-4.415519399249061	27.188644245369368
-4.405506883604506	27.188644064477195
-4.39549436795995	27.188643608180257
-4.385481852315394	27.188642915299855
-4.375469336670839	27.18864202096356
-4.365456821026283	27.18864095683274
-4.355444305381727	27.18863975133715
-4.345431789737171	27.18863842991035
-4.335419274092615	27.188637015221385
-4.32540675844806	27.18863552739953
-4.315394242803505	27.18863398424962
-4.305381727158949	27.18863240145667
-4.295369211514393	27.188630792778653
-4.285356695869837	27.188629170227106
-4.275344180225281	27.188627544235295
-4.265331664580726	27.18862592381418
-4.25531914893617	27.188624316696373
-4.245306633291614	27.1886227294686
-4.235294117647059	27.18862116769311
-4.225281602002504	27.18861963601876
-4.215269086357948	27.188618138282195
-4.2052565707133915	27.18861667759993
-4.1952440550688355	27.188615256451918
-4.18523153942428	27.18861387675708
-4.175219023779725	27.1886125399417
-4.165206508135169	27.18861124700094
-4.155193992490613	27.18860999855427
-4.145181476846057	27.188608794895202
-4.135168961201502	27.188607636035847
-4.1251564455569465	27.18860652174677
-4.11514392991239	27.188605451555475
-4.105131414267834	27.18892546260874
-4.095118898623279	27.053192294146665
-4.085106382978723	26.908792889463786
-4.075093867334168	26.907992878755312
-4.065081351689612	26.63381123266261
-4.055068836045056	26.03560418558121
-4.045056320400501	25.22344461315501
-4.035043804755945	23.94351890254573
-4.025031289111389	22.398834521087878
-4.015018773466833	21.04403952067284
-4.005006257822277	19.39321190716381
-3.994993742177722	17.21074826294507
-3.9849812265331668	15.615219959271696
-3.9749687108886107	14.70277427351257
-3.9649561952440546	12.819603696943046
-3.9549436795994994	10.271990491621255
-3.9449311639549434	9.06756556407139
-3.934918648310388	7.009624059523156
-3.924906132665832	5.613541360478171
-3.914893617021277	4.258482887428545
-3.904881101376721	3.289947528315435
-3.8948685857321648	2.6130124698648998
-3.8848560700876096	1.8444276619727649
-3.8748435544430535	1.2421388189965588
-3.8648310387984983	0.447152335447826
-3.8548185231539422	0.359150707590826
-3.844806007509387	0.3591528137274967
-3.834793491864831	0.2296013527187486
-3.824780976220275	0.22960136093226674
-3.8147684605757197	0.1212640457007369
-3.8047559449311636	0.1212640457007369
-3.7947434292866085	0.12126404568360029
-3.7847309136420524	0.12116136236739251
-3.774718397997497	0.0
-3.764705882352941	0.0
-3.754693366708385	0.0
-3.74468085106383	0.0
-3.734668335419274	0.0
-3.7246558197747186	0.0
-3.7146433041301625	0.0
-3.7046307884856065	0.0
-3.6946182728410513	0.0
-3.684605757196495	0.0
-3.67459324155194	0.0
-3.664580725907384	0.0
-3.6545682102628287	0.0
-3.6445556946182727	0.0
-3.6345431789737166	0.0
-3.6245306633291614	0.0
-3.6145181476846053	0.0
-3.60450563204005	0.0
-3.594493116395494	0.0
-3.584480600750939	0.0
-3.574468085106383	0.0
-3.5644555694618267	0.0
-3.5544430538172715	0.0
-3.5444305381727155	0.0
-3.5344180225281603	0.0
-3.524405506883604	0.0
-3.514392991239049	0.0
-3.504380475594493	0.0
-3.494367959949937	0.0
-3.4843554443053817	0.0
-3.4743429286608256	0.0
-3.4643304130162704	0.0
-3.4543178973717144	0.0
-3.444305381727159	0.0
-3.434292866082603	0.1852231827396322
-3.424280350438047	0.2791580365079883
-3.414267834793492	0.5222485077081819
-3.4042553191489358	0.770142531318366
-3.3942428035043806	1.2033413928798582
-3.3842302878598245	1.9382858334208328
-3.3742177722152693	2.2977817768191002
-3.3642052565707132	3.0235925324537356
-3.354192740926157	3.754264811216054
-3.344180225281602	5.081833662824917
-3.334167709637046	5.868427725133021
-3.3241551939924907	7.801615910048976
-3.3141426783479346	9.657585578469691
-3.3041301627033794	12.513094496127588
-3.2941176470588234	14.382644386587431
-3.2841051314142673	16.673074950796487
-3.274092615769712	17.897307819639796
-3.264080100125156	20.165235891037227
-3.254067584480601	22.347489438001837
-3.2440550688360448	24.15815395697751
-3.2340425531914896	25.187201568477356
-3.2240300375469335	26.663118296562796
-3.2140175219023774	27.263288699251703
-3.2040050062578223	27.641258620660803
-3.193992490613266	28.02498809606554
-3.183979974968711	28.156162014230148
-3.173967459324155	28.15616236514309
-3.1639549436795997	28.156162757852467
-3.1539424280350437	28.156163197996218
-3.1439299123904876	28.1561636913195
-3.1339173967459324	28.156164244266215
-3.1239048811013763	28.15616486406438
-3.113892365456821	28.156165558822245
-3.103879849812265	28.156166337636247
-3.09386733416771	28.156167210712216
-3.083854818523154	28.156168189501862
-3.0738423028785977	28.15616928685602
-3.0638297872340425	28.156170517197133
-3.0538172715894865	28.15617189671327
-3.0438047559449313	28.156173443576332
-3.033792240300375	28.15617517818786
-3.02377972465582	28.15617712345558
-3.013767209011264	28.15617930510505
-3.003754693366708	28.15618175203062
-2.9937421777221527	28.156184496691196
-2.9837296620775966	28.15618757555632
-2.9737171464330414	28.156191029609502
-2.9637046307884853	28.1561949049162
-2.95369211514393	28.156199253265278
-2.943679599499374	28.156204132893695
-2.933667083854818	28.156209609305744
-2.923654568210263	28.156215756199764
-2.9136420525657067	28.156222656517397
-2.9036295369211516	28.156230403631955
-2.8936170212765955	28.156239102696013
-2.8836045056320403	28.156248872170522
-2.873591989987484	28.156259845561742
-2.863579474342928	28.156272173396054
-2.853566958698373	28.156286025468034
-2.843554443053817	28.1563015934024
-2.8335419274092617	28.156319093577526
-2.8235294117647056	28.156338770466395
-2.8135168961201504	28.156360900460307
-2.8035043804755944	28.15638579625217
-2.7934918648310383	28.156413811870713
-2.783479349186483	28.15644534847289
-2.773466833541927	28.15648086102317
-2.763454317897372	28.156520866012517
-2.7534418022528158	28.156565950401006
-2.7434292866082606	28.15661678200504
-2.7334167709637045	28.15667412159709
-2.7234042553191484	28.15673883704311
-2.7133917396745932	28.156811919874883
-2.703379224030037	28.156894504784727
-2.693366708385482	28.156987892643482
-2.683354192740926	28.157093577786835
-2.6733416770963707	28.157213280497803
-2.6633291614518146	28.157348985847676
-2.6533166458072586	28.15750299035924
-2.6433041301627034	28.157677958346337
-2.6332916145181473	28.15787699029446
-2.623279098873592	28.15810370631675
-2.613266583229036	28.158362348614595
-2.603254067584481	28.158657908074815
-2.593241551939925	28.158996281787456
-2.5832290362953687	28.15938447057481
-2.5732165206508135	28.159830828929337
-2.5632040050062574	28.1603453846268
-2.5531914893617023	28.16094025269142
-2.543178973717146	28.16163018008233
-2.533166458072591	28.1624332767011
-2.523153942428035	28.163372021564474
-2.513141426783479	28.164474694320717
-2.5031289111389237	28.165777506336553
-2.4931163954943676	28.16732799079302
-2.4831038798498124	28.169190979816484
-2.4730913642052563	28.171460925722286
-2.463078848560701	28.174292974297032
-2.453066332916145	28.177996815917716
-2.443053817271589	28.18332628240583
-2.433041301627034	28.192083242685076
-2.4230287859824777	28.208387931706245
-2.4130162703379225	28.247444298358044
-2.4030037546933665	28.3199409221975
-2.3929912390488113	28.405126151106202
-2.382978723404255	28.53570594617617
-2.372966207759699	28.69930554131796
-2.362953692115144	28.925486201491967
-2.352941176470588	29.252397230364476
-2.3429286608260327	29.698295354673224
-2.3329161451814766	30.426261311379545
-2.3229036295369214	31.20478836649773
-2.3128911138923653	31.837816848153338
-2.3028785982478093	32.472407535968934
-2.292866082603254	33.21439581348007
-2.282853566958698	34.16900355989532
-2.272841051314143	35.29671883526695
-2.2628285356695867	36.35838964546826
-2.2528160200250316	37.41015719893047
-2.2428035043804755	38.48225306817764
-2.2327909887359194	39.456963937148025
-2.2227784730913642	40.27193500016886
-2.212765957446808	41.13402836191074
-2.202753441802253	41.927412806086195
-2.192740926157697	42.55660991095905
-2.1827284105131417	43.00500461164314
-2.1727158948685856	43.38925601876333
-2.1627033792240296	43.82092433731629
-2.1526908635794744	44.32893148574128
-2.1426783479349183	44.89650570900806
-2.132665832290363	45.428875717430564
-2.122653316645807	45.871054926533276
-2.112640801001252	46.368635753172306
-2.1026282853566958	47.070924181771204
-2.0926157697121397	47.66926576437805
-2.0826032540675845	48.053346369160664
-2.0725907384230284	48.340507032409995
-2.0625782227784732	48.67344773048013
-2.052565707133917	48.990730163010234
-2.042553191489362	49.2457278294584
-2.032540675844806	49.55710497611477
-2.02252816020025	49.90325536682707
-2.0125156445556946	50.19634754376768
-2.0025031289111386	50.48496385791812
-1.9924906132665834	50.75510753160067
-1.9824780976220273	50.898903255206136
-1.9724655819774712	50.96647260658003
-1.962453066332916	51.00199883256266
-1.95244055068836	50.93641921157317
-1.9424280350438048	50.80979480279328
-1.9324155193992487	50.605457977642246
-1.9224030037546935	50.411553663339255
-1.9123904881101375	50.42738073283071
-1.9023779724655814	50.60134482226426
-1.8923654568210262	50.805746997630855
-1.8823529411764701	51.04011338055626
-1.872340425531915	51.261420808168026
-1.8623279098873589	51.503753975037846
-1.8523153942428037	51.68080491954247
-1.8423028785982476	51.808298409708975
-1.8322903629536915	51.91920915976486
-1.8222778473091363	51.99941684964851
-1.8122653316645803	51.94020450943836
-1.802252816020025	51.918346515164544
-1.792240300375469	52.04099934244945
-1.7822277847309138	52.248161193986476
-1.7722152690863577	52.493892516707874
-1.7622027534418017	52.72750772510988
-1.7521902377972465	52.90935044227096
-1.7421777221526904	53.14257490211397
-1.7321652065081352	53.28597064293593
-1.7221526908635791	53.320341688768465
-1.712140175219024	53.27288186659608
-1.7021276595744679	53.243019345919635
-1.6921151439299118	53.181530132133936
-1.6821026282853566	53.12646988783845
-1.6720901126408005	53.04149656482237
-1.6620775969962454	53.025895803361244
-1.6520650813516893	53.07085033542228
-1.642052565707134	53.063437074528856
-1.632040050062578	53.06579864109237
-1.622027534418022	53.143264881312085
-1.6120150187734668	53.18740598743198
-1.6020025031289107	53.178102265583114
-1.5919899874843555	53.08367517555547
-1.5819774718397994	52.98212483563907
-1.5719649561952442	52.94759454758636
-1.5619524405506882	52.85413589657531
-1.551939924906132	52.71502069840839
-1.541927409261577	52.5879805396542
-1.5319148936170208	52.41263147433752
-1.5219023779724656	52.35246815477676
-1.5118898623279096	52.573878844273096
-1.5018773466833544	52.91659030871381
-1.4918648310387983	53.289936481995866
-1.4818523153942422	53.50085389709905
-1.471839799749687	53.52873780282554
-1.461827284105131	53.37602382816563
-1.4518147684605758	53.185387552754136
-1.4418022528160197	53.008493315314574
-1.4317897371714645	52.82023706694942
-1.4217772215269084	52.615802310312986
-1.4117647058823524	52.2967284127983
-1.4017521902377972	51.950416899258386
-1.391739674593241	51.56922742972897
-1.381727158948686	51.283429237639346
-1.3717146433041298	51.108142366959505
-1.3617021276595747	51.02953842920651
-1.3516896120150186	50.95536696172029
-1.3416770963704625	51.00006354954873
-1.3316645807259073	50.95814205745987
-1.3216520650813512	50.79505226824014
-1.311639549436796	50.61162617236471
-1.30162703379224	50.455922118614275
-1.2916145181476848	50.324505212878606
-1.2816020025031287	50.112240203291925
-1.2715894868585726	49.83307686264504
-1.2615769712140175	49.586017717308266
-1.2515644555694614	49.32027265360555
-1.2415519399249062	49.286490950935004
-1.2315394242803501	49.44935691622046
-1.221526908635795	49.58041710609157
-1.2115143929912389	49.79671181091155
-1.2015018773466828	50.031463651513455
-1.1914893617021276	50.13673553595618
-1.1814768460575715	50.13750229835643
-1.1714643304130163	50.194858474706436
-1.1614518147684603	50.293694365697334
-1.151439299123905	50.264461300245735
-1.141426783479349	50.260597842574505
-1.131414267834793	50.355465834497736
-1.1214017521902377	50.39034018511627
-1.1113892365456817	50.45981867113167
-1.1013767209011265	50.70343528134288
-1.0913642052565704	51.12789783434687
-1.0813516896120152	51.720822397678745
-1.0713391739674591	52.20063643633285
-1.061326658322903	52.53010059100936
-1.0513141426783479	52.72144173294471
-1.0413016270337918	52.785529426329255
-1.0312891113892366	52.733893968132136
-1.0212765957446805	52.55112998324404
-1.0112640801001254	52.35619236343505
-1.0012515644555693	52.14102412560721
-0.9912390488110132	51.8466483131477
-0.981226533166458	51.45050797921961
-0.971214017521902	51.142974935496305
-0.9612015018773468	51.0293823688164
-0.9511889862327907	50.96139686762288
-0.9411764705882355	50.83050412634452
-0.9311639549436794	50.726984092969545
-0.9211514392991234	50.62400598084205
-0.9111389236545682	50.50559361768705
-0.9011264080100121	50.31137013273893
-0.8911138923654569	50.12606544979688
-0.8811013767209008	49.81966221604829
-0.8710888610763456	49.5443662388344
-0.8610763454317896	49.25655747344379
-0.8510638297872335	48.97354040457659
-0.8410513141426783	48.86083219887903
-0.8310387984981222	48.917826671670504
-0.821026282853567	49.06608024768942
-0.811013767209011	49.18860573940079
-0.8010012515644558	49.185872292216196
-0.7909887359198997	49.09436626256453
-0.7809762202753436	48.88845224252607
-0.7709637046307884	48.570819258297725
-0.7609511889862324	48.3392746508759
-0.7509386733416772	48.15293511292088
-0.7409261576971211	48.07741834636554
-0.7309136420525659	48.04306441741522
-0.7209011264080099	47.89249224069454
-0.7108886107634538	47.66015475918408
-0.7008760951188986	47.4669010852435
-0.6908635794743425	47.17191011835957
-0.6808510638297873	46.91782240667121
-0.6708385481852313	46.65779738695129
-0.6608260325406761	46.14711742620743
-0.65081351689612	45.32841058275495
-0.6408010012515639	44.49084454349196
-0.6307884856070087	43.74224254114608
-0.6207759699624527	43.02831339155739
-0.6107634543178975	42.35187309658226
-0.6007509386733414	41.66071283309001
-0.5907384230287862	41.02484635435993
-0.5807259073842301	40.39799831947844
-0.5707133917396741	39.67036122285671
-0.5607008760951189	38.882653041105634
-0.5506883604505628	38.16754700227371
-0.5406758448060076	37.4374346596497
-0.5306633291614515	36.557085386173924
-0.5206508135168963	35.58245144541952
-0.5106382978723403	34.623396770464986
-0.5006257822277842	33.736024534737595
-0.490613266583229	32.968047439621586
-0.48060075093867294	32.25520564642822
-0.47058823529411775	31.492534951790162
-0.4605757196495617	30.79895220214605
-0.4505632040050065	30.143835403801713
-0.4405506883604504	29.523862814714676
-0.43053817271589434	28.95628051291343
-0.42052565707133915	28.439827015404706
-0.4105131414267831	27.97092418902493
-0.4005006257822279	27.615652975641428
-0.3904881101376718	27.36165526487379
-0.38047559449311663	27.19671893223959
-0.37046307884856056	27.038279383330245
-0.3604505632040045	26.871233148065063
-0.3504380475594493	26.77934906903647
-0.3404255319148932	26.820559843199195
-0.33041301627033803	26.94692494329012
-0.32040050062578196	27.120319889420262
-0.3103879849812259	27.397092911380415
-0.3003754693366707	27.761259067152196
-0.2903629536921146	28.189492059784023
-0.28035043804755944	28.661574052637025
-0.27033792240300336	29.128992410900803
-0.2603254067584482	29.592903421477455
-0.2503128911138921	30.113280839520165
-0.24030037546933602	30.731977255415064
-0.23028785982478084	31.453782637973806
-0.22027534418022476	32.144487904340274
-0.21026282853566958	32.671918784254615
-0.2002503128911135	33.06408535184162
-0.19023779724655832	33.418966967414484
-0.18022528160200224	33.797651765994736
-0.17021276595744617	34.17065166563989
-0.16020025031289098	34.516832246244334
-0.1501877346683349	34.84208701295017
-0.14017521902377972	35.1431715694224
-0.13016270337922364	35.46228795992108
-0.12015018773466846	35.77358396551465
-0.11013767209011238	36.031178500915324
-0.10012515644555631	36.21665753604667
-0.09011264080100112	36.30077386294469
-0.08010012515644505	36.34529778313269
-0.07008760951188986	36.40223626044749
-0.060075093867333784	36.41968345032616
-0.0500625782227786	36.278094455322254
-0.04005006257822252	35.854529988416196
-0.030037546933666448	35.20201975605627
-0.02002503128911126	34.39469512919818
-0.010012515644555187	33.53427777114668
0.0	32.698615952689565
