-8.0	3.2994148683464974
-7.989987484355444	3.306904342218262
-7.979974968710889	3.28113451809381
-7.969962453066333	3.230154156654646
-7.9599499374217775	3.1656301436056467
-7.949937421777221	3.1004228247904555
-7.939924906132666	3.0478425159400913
-7.92991239048811	3.01749571521934
-7.919899874843554	3.0081056722582864
-7.909887359198999	3.004557316686518
-7.899874843554443	2.984786180459428
-7.889862327909888	2.9334763275409688
-7.8798498122653315	2.8531242349866046
-7.869837296620776	2.764520455294295
-7.85982478097622	2.6961869933522054
-7.849812265331664	2.6698647945388876
-7.839799749687109	2.691125593654022
-7.829787234042553	2.7492165184826094
-7.819774718397998	2.823456957992101
-7.809762202753442	2.8914575742465396
-7.7997496871088865	2.9368086398020847
-7.78973717146433	2.9548625872465397
-7.779724655819774	2.9535497838066154
-7.769712140175219	2.9472388067730693
-7.759699624530663	2.947453348722449
-7.749687108886108	2.9578715062672676
-7.739674593241552	2.9764300889082786
-7.729662077596997	2.9997144522969363
-7.719649561952441	3.024133684463397
-7.7096370463078845	3.044973514296991
-7.699624530663329	3.0581812919408384
-7.689612015018773	3.064843484153592
-7.679599499374218	3.0721427098720646
-7.669586983729662	3.087277438617441
-7.659574468085107	3.1098579578063177
-7.649561952440551	3.131312938372643
-7.639549436795995	3.1425009415925986
-7.629536921151439	3.1423163250406656
-7.619524405506883	3.139734696720187
-7.609511889862328	3.1479323658131984
-7.599499374217772	3.175120579611509
-7.589486858573217	3.21868984063684
-7.579474342928661	3.266782455686692
-7.569461827284105	3.306220717936171
-7.55944931163955	3.3312958500740275
-7.5494367959949935	3.347426911609987
-7.539424280350438	3.3673977657481835
-7.529411764705882	3.4031622098486514
-7.519399249061326	3.45929754983041
-7.509386733416771	3.5324005550060074
-7.499374217772215	3.6152394327615416
-7.48936170212766	3.7006671236664985
-7.479349186483104	3.782316360833037
-7.4693366708385485	3.853924667572876
-7.459324155193992	3.9100926646872702
-7.449311639549437	3.9479721864876076
-7.439299123904881	3.9679737168076126
-7.429286608260325	3.9738123319648273
-7.41927409261577	3.972775275696357
-7.409261576971214	3.974470080778713
-7.399249061326659	3.986269092667831
-7.3892365456821025	4.008260643997963
-7.3792240300375465	4.033026963875277
-7.369211514392991	4.051130057906332
-7.359198998748435	4.057156540082345
-7.34918648310388	4.0514813695385135
-7.339173967459324	4.03853132498106
-7.329161451814769	4.025262167903943
-7.319148936170213	4.020608192704518
-7.3091364205256575	4.033255068218022
-7.299123904881101	4.06678927989432
-7.289111389236545	4.116015564706699
-7.27909887359199	4.169081355079884
-7.269086357947434	4.214474096966757
-7.259073842302879	4.246286115966139
-7.249061326658323	4.263133894539508
-7.239048811013767	4.263794660958648
-7.2290362953692116	4.245977924259496
-7.2190237797246555	4.209561259911261
-7.2090112640801	4.159496586167509
-7.198998748435544	4.104477714402606
-7.188986232790989	4.05327866807348
-7.178973717146433	4.013258098038503
-7.168961201501878	3.991842737856419
-7.158948685857322	3.9970650236854848
-7.148936170212766	4.0337044462758564
-7.13892365456821	4.0971867936888735
-7.128911138923654	4.171923509762971
-7.118898623279099	4.238368834553194
-7.108886107634543	4.284797771533852
-7.098873591989987	4.314007839379872
-7.088861076345432	4.339004051027461
-7.078848560700876	4.371879936384799
-7.068836045056321	4.415633029075017
-7.0588235294117645	4.464516606511371
-7.048811013767209	4.510858293957044
-7.038798498122653	4.552597319012891
-7.028785982478098	4.596473302602931
-7.018773466833542	4.654219712995363
-7.008760951188986	4.733480030701028
-6.998748435544431	4.830581159340571
-6.988735919899875	4.932498542352757
-6.9787234042553195	5.02667566331444
-6.968710888610763	5.108444721577427
-6.958698372966207	5.178789580034983
-6.948685857321652	5.237140778211024
-6.938673341677096	5.278886400051629
-6.928660826032541	5.29953138090545
-6.918648310387985	5.299100522080343
-6.908635794743429	5.2823317095181315
-6.8986232790988735	5.25730813686115
-6.888610763454318	5.236259751068092
-6.878598247809762	5.236295482879143
-6.868585732165206	5.274346526689487
-6.858573216520651	5.356345400272495
-6.848560700876095	5.469654810246392
-6.83854818523154	5.587802618593431
-6.828535669586984	5.685406781834895
-6.818523153942428	5.7509663264277
-6.808510638297872	5.787912152251566
-6.798498122653316	5.806415243070066
-6.788485607008761	5.815542738732369
-6.778473091364205	5.820816953523518
-6.768460575719649	5.824424914611288
-6.758448060075094	5.824274496750538
-6.748435544430539	5.812498964230687
-6.7384230287859825	5.7765220478640416
-6.7284105131414265	5.704395974794716
-6.718397997496871	5.59330605661277
-6.708385481852315	5.456721612019401
-6.69837296620776	5.323279141000981
-6.688360450563204	5.224090285546582
-6.678347934918648	5.174903079777842
-6.668335419274093	5.16592174565416
-6.658322903629537	5.167281117636846
-6.648310387984981	5.146540515958876
-6.638297872340425	5.08652793678159
-6.628285356695869	4.992823727606925
-6.618272841051314	4.888155449877959
-6.608260325406759	4.799535190506134
-6.598247809762203	4.746401664451304
-6.588235294117647	4.733633195372976
-6.578222778473092	4.748889133473271
-6.5682102628285355	4.764750549192413
-6.55819774718398	4.748374088262473
-6.548185231539424	4.677351697866814
-6.538172715894868	4.5524780597894665
-6.528160200250313	4.397157951014286
-6.518147684605757	4.243162237875693
-6.508135168961202	4.113380105471335
-6.498122653316646	4.0130544163758
-6.4881101376720896	3.9328260529582404
-6.478097622027534	3.8588436168138776
-6.468085106382979	3.7825198577589836
-6.458072590738423	3.704456135116428
-6.448060075093867	3.6314874505655412
-6.438047559449312	3.5703406775872355
-6.428035043804756	3.522835258823915
-6.418022528160201	3.4849782824353084
-6.4080100125156445	3.4488824909472995
-6.397997496871088	3.405513583947506
-6.387984981226533	3.347509444328501
-6.377972465581977	3.272033070688801
-6.367959949937422	3.182690511285899
-6.357947434292866	3.088671931924959
-6.34793491864831	3.0005258470688556
-6.337922403003755	2.924857669216131
-6.3279098873591995	2.8618394323884924
-6.317897371714643	2.8075039568371256
-6.307884856070087	2.758741094993967
-6.297872340425532	2.7167418770928164
-6.287859824780976	2.6864717494289905
-6.277847309136421	2.673258334130537
-6.267834793491865	2.679056992738173
-6.257822277847309	2.6998503141885117
-6.2478097622027535	2.7245551334193827
-6.2377972465581975	2.736435287901533
-6.227784730913642	2.7183713815428594
-6.217772215269086	2.6608108643804913
-6.20775969962453	2.567703048326817
-6.197747183979975	2.4559847603128575
-6.18773466833542	2.348733982431934
-6.177722152690864	2.2661831047187824
-6.167709637046308	2.2189617815862817
-6.157697121401752	2.205587395046722
-6.147684605757196	2.214184191553619
-6.137672090112641	2.227505305322671
-6.127659574468085	2.229556157465828
-6.117647058823529	2.211147548305483
-6.107634543178974	2.172009998765985
-6.097622027534418	2.1193719415881818
-6.0876095118898625	2.064773488853067
-6.0775969962453065	2.0201393390469695
-6.06758448060075	1.9929464367333578
-6.057571964956195	1.9820165895843957
-6.04755944931164	1.9777828357725558
-6.037546933667084	1.96842296430538
-6.027534418022528	1.9472153615832724
-6.017521902377973	1.9146855587654128
-6.007509386733417	1.8744163486308538
-5.997496871088861	1.8273556045916488
-5.987484355444305	1.7699267050052134
-5.977471839799749	1.6973128527226835
-5.967459324155194	1.6091495588049165
-5.957446808510639	1.512980185649948
-5.947434292866083	1.4221814858226574
-5.937421777221527	1.3491861793544178
-5.927409261576971	1.2987072278151675
-5.9173967459324155	1.2658034113511023
-5.90738423028786	1.2398251652899508
-5.897371714643304	1.2109987230631416
-5.887359198998748	1.1751700184127674
-5.877346683354192	1.134282467906199
-5.867334167709637	1.0930984406451878
-5.857321652065082	1.0547085659671043
-5.847309136420526	1.0180502605259563
-5.83729662077597	0.9792515538848152
-5.827284105131414	0.9354143954014262
-5.817271589486858	0.8874413064086362
-5.807259073842303	0.8398439120057754
-5.797246558197747	0.7981831298021661
-5.787234042553191	0.7661097680800264
-5.777221526908636	0.7437806327897281
-5.767209011264081	0.7284710491749787
-5.7571964956195245	0.7167119980519281
-5.747183979974968	0.70619273293766
-5.737171464330412	0.6960747098623257
-5.727158948685857	0.6858123190272527
-5.717146433041302	0.67382776125735
-5.707133917396746	0.6576432529372845
-5.69712140175219	0.6359166836743669
-5.687108886107635	0.6108059249592807
-5.677096370463079	0.5882140362327214
-5.667083854818523	0.575072812389494
-5.657071339173967	0.5754262013101392
-5.647058823529411	0.588160794929956
-5.637046307884856	0.608164543898376
-5.627033792240301	0.6304892981006412
-5.617021276595745	0.6548461837468798
-5.607008760951189	0.686789783399463
-5.596996245306633	0.7336875401661432
-5.5869837296620775	0.7976125076377095
-5.576971214017522	0.8705363335419405
-5.566958698372966	0.9363639060378954
-5.55694618272841	0.9793278542583328
-5.546933667083855	0.9928888552895694
-5.536921151439299	0.98260923004064
-5.526908635794744	0.9616982098387625
-5.516896120150188	0.9440162357013762
-5.5068836045056315	0.9399388745330315
-5.496871088861076	0.9557802592521434
-5.486858573216521	0.9938155368023799
-5.476846057571965	1.0513005163740483
-5.466833541927409	1.1202508171379215
-5.456821026282853	1.190111706472582
-5.446808510638298	1.2523095166546572
-5.4367959949937426	1.3029979428174256
-5.4267834793491865	1.3416062414149177
-5.41677096370463	1.367052230479518
-5.406758448060075	1.3760485348447034
-5.396745932415519	1.365738264568961
-5.386733416770964	1.3383175372761926
-5.376720901126408	1.3034237691520276
-5.366708385481852	1.2763711415863268
-5.356695869837297	1.27333924699392
-5.346683354192741	1.305421426437095
-5.336670838548185	1.3732154807880081
-5.326658322903629	1.464300534814954
-5.316645807259073	1.5562462986844467
-5.306633291614518	1.6254145914002063
-5.296620775969963	1.657473891276529
-5.286608260325407	1.6532115094612865
-5.276595744680851	1.6259500071016268
-5.2665832290362955	1.5928615512209334
-5.256570713391739	1.5663984094210193
-5.246558197747184	1.5508426984987165
-5.236545682102628	1.5445559270129157
-5.226533166458072	1.544656123516184
-5.216520650813517	1.5499102170898313
-5.206508135168962	1.560001629802323
-5.196495619524406	1.5729719788699523
-5.18648310387985	1.583941406053281
-5.1764705882352935	1.5862747543603473
-5.166458072590738	1.574229855035211
-5.156445556946183	1.5458606802351749
-5.146433041301627	1.5050735178687944
-5.136420525657071	1.4612191085599977
-5.126408010012516	1.425170231885412
-5.11639549436796	1.4034733751251234
-5.1063829787234045	1.3944847795957371
-5.0963704630788484	1.3894039045688862
-5.086357947434292	1.3773433902598495
-5.076345431789737	1.3507956061760396
-5.066332916145182	1.3084941653425348
-5.056320400500626	1.2551076983765954
-5.04630788485607	1.1986152399499093
-5.036295369211514	1.1463952050917954
-5.026282853566959	1.1016097409655423
-5.016270337922403	1.0622471507633446
-5.006257822277847	1.0240333977347167
-4.996245306633291	0.9849208531143759
-4.986232790988735	0.9466419623505894
-4.97622027534418	0.9116235339308778
-4.966207759699625	0.8790192845936482
-4.956195244055069	0.8447962380074509
-4.946182728410513	0.8058224674044644
-4.9361702127659575	0.7632540451260383
-4.926157697121402	0.7217727277256831
-4.916145181476846	0.6857219024033473
-4.90613266583229	0.6555364771308272
-4.896120150187734	0.6270686588617032
-4.886107634543179	0.5942716084128493
-4.876095118898624	0.5533662311923557
-4.866082603254068	0.505376866727369
-4.8560700876095115	0.45521752889555095
-4.8460575719649555	0.40841247032023376
-4.8360450563204	0.36816638773280014
-4.826032540675845	0.33462815505107657
-4.816020025031289	0.3062609115392789
-4.806007509386733	0.28191044082906275
-4.795994993742178	0.26190196420079354
-4.785982478097623	0.2473041898052535
-4.7759699624530665	0.2381071985802703
-4.76595744680851	0.23217833936011958
-4.755944931163954	0.22612387194759587
-4.745932415519399	0.21719642667072192
-4.735919899874844	0.20441214161985224
-4.725907384230288	0.18817726876870056
-4.715894868585732	0.16942339011990604
-4.705882352941176	0.14936579265077898
-4.6958698372966206	0.12966702606943936
-4.685857321652065	0.11208404630080061
-4.675844806007509	0.09753686079590591
-4.665832290362953	0.08554847080749547
-4.655819774718398	0.07471541488818177
-4.645807259073843	0.06377676826503985
-4.635794743429287	0.05236351423975636
-4.625782227784731	0.04100570935650092
-4.615769712140175	0.030671605407270423
-4.605757196495619	0.022282513606492714
-4.595744680851064	0.0163694471307715
-4.585732165206508	0.012854034210089875
-4.575719649561952	0.011046870906236394
-4.565707133917396	0.01001282233300924
-4.555694618272841	0.009178906448683244
-4.545682102628286	0.008737266552686637
-4.53566958698373	0.009467503788185755
-4.5256570713391735	0.012048449794940325
-4.515644555694618	0.016334872329108338
-4.505632040050063	0.02113972262980645
-4.495619524405507	0.02475552976077875
-4.485607008760951	0.025904432751580875
-4.475594493116395	0.024403041011930776
-4.46558197747184	0.021036177260777493
-4.4555694618272845	0.016865005277546162
-4.4455569461827285	0.012659591514710225
-4.435544430538172	0.008828983295608933
-4.425531914893616	0.005616424837165488
-4.415519399249061	0.003191691379884547
-4.405506883604506	0.0015925150275292012
-4.39549436795995	0.0006892975544642888
-4.385481852315394	0.0002568509069560226
-4.375469336670839	8.202222233644587e-05
-4.365456821026283	2.238797446357427e-05
-4.355444305381727	5.2153044356566165e-06
-4.345431789737171	1.0359958036876438e-06
-4.335419274092615	1.7540517995374977e-07
-4.32540675844806	2.530557519681073e-08
-4.315394242803505	3.110381855864624e-09
-4.305381727158949	3.2568511891057916e-10
-4.295369211514393	2.905012353213443e-11
-4.285356695869837	2.207253203798184e-12
-4.275344180225281	1.4285774652056939e-13
-4.265331664580726	7.875881121926844e-15
-4.25531914893617	3.6985892954917117e-16
-4.245306633291614	1.479494875581883e-17
-4.235294117647059	5.04116073746792e-19
-4.225281602002504	1.4631436420856072e-20
-4.215269086357948	3.617283156601527e-22
-4.2052565707133915	7.617580409491752e-24
-4.1952440550688355	1.3664398471927884e-25
-4.18523153942428	2.087867237242044e-27
-4.175219023779725	2.7174033641116734e-29
-4.165206508135169	3.012618879591703e-31
-4.155193992490613	2.8449400970367008e-33
-4.145181476846057	2.2884472355786486e-35
-4.135168961201502	1.568005285653707e-37
-4.1251564455569465	9.151514703138714e-40
-4.11514392991239	4.549642593210655e-42
-4.105131414267834	1.9266393215877642e-44
-4.095118898623279	6.949641430139609e-47
-4.085106382978723	2.1353212123468785e-49
-4.075093867334168	5.5885979890254415e-52
-4.065081351689612	1.2458950823964149e-54
-4.055068836045056	2.567530450618365e-57
-4.045056320400501	1.1295985995112673e-55
-4.035043804755945	5.390496086445591e-53
-4.025031289111389	2.1912245113495846e-50
-4.015018773466833	7.58724063948316e-48
-4.005006257822277	2.2377918020207372e-45
-3.994993742177722	5.622045257339878e-43
-3.9849812265331668	1.203116921373146e-40
-3.9749687108886107	2.1931087696846856e-38
-3.9649561952440546	3.405268389096051e-36
-3.9549436795994994	4.50382348370289e-34
-3.9449311639549434	5.073997093337839e-32
-3.934918648310388	4.8692032807597904e-30
-3.924906132665832	3.9801957961060865e-28
-3.914893617021277	2.771339974647463e-26
-3.904881101376721	1.6436676763241326e-24
-3.8948685857321648	8.303803466712414e-23
-3.8848560700876096	3.573377905992281e-21
-3.8748435544430535	1.30984429462723e-19
-3.8648310387984983	4.089773310955057e-18
-3.8548185231539422	1.0877213149952419e-16
-3.844806007509387	2.464193913048527e-15
-3.834793491864831	4.7552237923893784e-14
-3.824780976220275	7.816383869021913e-13
-3.8147684605757197	1.0944089542700603e-11
-3.8047559449311636	1.3052455897898967e-10
-3.7947434292866085	1.3260004457882649e-09
-3.7847309136420524	1.1474504603096682e-08
-3.774718397997497	8.457909965848702e-08
-3.764705882352941	5.310446157551168e-07
-3.754693366708385	2.840127263695027e-06
-3.74468085106383	1.2938485118331039e-05
-3.734668335419274	5.0207419345137034e-05
-3.7246558197747186	0.0001659553305721402
-3.7146433041301625	0.00046725434981304177
-3.7046307884856065	0.001120609599026307
-3.6946182728410513	0.0022892549547602224
-3.684605757196495	0.003983573456829158
-3.67459324155194	0.0059045983868489475
-3.664580725907384	0.007454987896051558
-3.6545682102628287	0.00801759126438609
-3.6445556946182727	0.007344993828249229
-3.6345431789737166	0.0057328012232935365
-3.6245306633291614	0.003817370066304049
-3.6145181476846053	0.0021915841620043387
-3.60450563204005	0.001171732186216227
-3.594493116395494	0.0008581818458114026
-3.584480600750939	0.001374613076811946
-3.574468085106383	0.0030773167214740277
-3.5644555694618267	0.00656627847109933
-3.5544430538172715	0.012406115140622165
-3.5444305381727155	0.02061073644295185
-3.5344180225281603	0.03019838816521326
-3.524405506883604	0.039288688120698
-3.514392991239049	0.04595261731097554
-3.504380475594493	0.04935090424219969
-3.494367959949937	0.05023833170566551
-3.4843554443053817	0.05032106893473782
-3.4743429286608256	0.05097770737590727
-3.4643304130162704	0.052457607387892714
-3.4543178973717144	0.05421002822241378
-3.444305381727159	0.055935618303357
-3.434292866082603	0.058333013184647245
-3.424280350438047	0.06290615753584926
-3.414267834793492	0.07111445374935908
-3.4042553191489358	0.08359488729176702
-3.3942428035043806	0.0998614081140503
-3.3842302878598245	0.11843087119583792
-3.3742177722152693	0.13727301280225712
-3.3642052565707132	0.15459502604343262
-3.354192740926157	0.16979818340176378
-3.344180225281602	0.18404711000782947
-3.334167709637046	0.19981703349364782
-3.3241551939924907	0.21943886335958498
-3.3141426783479346	0.24364434328891946
-3.3041301627033794	0.27132335359913995
-3.2941176470588234	0.30064611010764986
-3.2841051314142673	0.3304514561679669
-3.274092615769712	0.36078967893408
-3.264080100125156	0.3925208427580701
-3.254067584480601	0.42649731346752917
-3.2440550688360448	0.46274777145323265
-3.2340425531914896	0.5000725667827679
-3.2240300375469335	0.5365987062259518
-3.2140175219023774	0.5712501962829535
-3.2040050062578223	0.6049612237655713
-3.193992490613266	0.6402630259608658
-3.183979974968711	0.679246673267153
-3.173967459324155	0.7215469164138142
-3.1639549436795997	0.7640314328985311
-3.1539424280350437	0.8021555180304468
-3.1439299123904876	0.8315999800582523
-3.1339173967459324	0.8495887613932395
-3.1239048811013763	0.8565716304881282
-3.113892365456821	0.8579593450133856
-3.103879849812265	0.8634698522634925
-3.09386733416771	0.8826202939732946
-3.083854818523154	0.9191080688740265
-3.0738423028785977	0.9687062047865508
-3.0638297872340425	1.0218629719248118
-3.0538172715894865	1.068026905780146
-3.0438047559449313	1.098973538439834
-3.033792240300375	1.111208097867755
-3.02377972465582	1.1078572225707346
-3.013767209011264	1.098443657389339
-3.003754693366708	1.0950341788880436
-2.9937421777221527	1.106582230870994
-2.9837296620775966	1.1354504554373983
-2.9737171464330414	1.1778487707612701
-2.9637046307884853	1.2262206988116904
-2.95369211514393	1.2713152670839232
-2.943679599499374	1.3045037790572178
-2.933667083854818	1.3218250168537682
-2.923654568210263	1.3278847617994818
-2.9136420525657067	1.3347372634973325
-2.9036295369211516	1.3541852457672923
-2.8936170212765955	1.3892532176363874
-2.8836045056320403	1.4326134545562885
-2.873591989987484	1.472893827176758
-2.863579474342928	1.502037096975639
-2.853566958698373	1.5172300821147184
-2.843554443053817	1.5179486646196043
-2.8335419274092617	1.5035682492703868
-2.8235294117647056	1.4749118393299023
-2.8135168961201504	1.437611200678903
-2.8035043804755944	1.4026595016129526
-2.7934918648310383	1.3821532312737617
-2.783479349186483	1.3827538857345958
-2.773466833541927	1.4016434373624311
-2.763454317897372	1.4280567302802398
-2.7534418022528158	1.449194102262699
-2.7434292866082606	1.4559519636981935
-2.7334167709637045	1.4447769839193931
-2.7234042553191484	1.41631968068536
-2.7133917396745932	1.3743475380227346
-2.703379224030037	1.3262020410073094
-2.693366708385482	1.2822923941779003
-2.683354192740926	1.2523871120691177
-2.6733416770963707	1.2405151525384892
-2.6633291614518146	1.2425098067923253
-2.6533166458072586	1.2481360668045198
-2.6433041301627034	1.2464251185089625
-2.6332916145181473	1.2310700091330038
-2.623279098873592	1.2025811616608508
-2.613266583229036	1.1658328457477591
-2.603254067584481	1.125534053661262
-2.593241551939925	1.0840915297670046
-2.5832290362953687	1.0431070481426457
-2.5732165206508135	1.0052661584654283
-2.5632040050062574	0.9736856852296856
-2.5531914893617023	0.9498427826883291
-2.543178973717146	0.9329775883823822
-2.533166458072591	0.9215581305111936
-2.523153942428035	0.9148275165331622
-2.513141426783479	0.9127008684483039
-2.5031289111389237	0.914372196838469
-2.4931163954943676	0.9172430878126265
-2.4831038798498124	0.9170713883435837
-2.4730913642052563	0.9088927500201548
-2.463078848560701	0.8880987111454259
-2.453066332916145	0.851780534301905
-2.443053817271589	0.8003437912084331
-2.433041301627034	0.7383857760496505
-2.4230287859824777	0.673719763631103
-2.4130162703379225	0.614791739363657
-2.4030037546933665	0.5679376170849296
-2.3929912390488113	0.535809643933043
-2.382978723404255	0.5174373924849681
-2.372966207759699	0.5095078748387096
-2.362953692115144	0.5078257461486588
-2.352941176470588	0.5081545632587803
-2.3429286608260327	0.5067959505853142
-2.3329161451814766	0.5017650418480449
-2.3229036295369214	0.49420179125081926
-2.3128911138923653	0.488415314074337
-2.3028785982478093	0.4898362763625588
-2.292866082603254	0.5022450232788458
-2.282853566958698	0.5262767642482127
-2.272841051314143	0.5597348458623547
-2.2628285356695867	0.598540264994195
-2.2528160200250316	0.6370946201633613
-2.2428035043804755	0.6684281876412047
-2.2327909887359194	0.6857267417052488
-2.2227784730913642	0.6856255751898749
-2.212765957446808	0.6709815729024929
-2.202753441802253	0.6503208329047427
-2.192740926157697	0.6341359585779435
-2.1827284105131417	0.6311108725927159
-2.1727158948685856	0.6465513133841635
-2.1627033792240296	0.6822839568629658
-2.1526908635794744	0.7361717737594751
-2.1426783479349183	0.8011638651431445
-2.132665832290363	0.8657542734815213
-2.122653316645807	0.9173612849449848
-2.112640801001252	0.947642164464832
-2.1026282853566958	0.9564126525365656
-2.0926157697121397	0.9510501945592769
-2.0826032540675845	0.9414783870860951
-2.0725907384230284	0.9345336567780773
-2.0625782227784732	0.9319630103273295
-2.052565707133917	0.9326845971951152
-2.042553191489362	0.9360818554695217
-2.032540675844806	0.9431242160939253
-2.02252816020025	0.9552210995386329
-2.0125156445556946	0.972759734195342
-2.0025031289111386	0.994591088909179
-1.9924906132665834	1.0183857151441733
-1.9824780976220273	1.0414910263516919
-1.9724655819774712	1.0620022645261151
-1.962453066332916	1.0794644310301371
-1.95244055068836	1.0946950415777237
-1.9424280350438048	1.1091103676821379
-1.9324155193992487	1.1244133767400093
-1.9224030037546935	1.14258181755024
-1.9123904881101375	1.1651426228869162
-1.9023779724655814	1.1915294202603925
-1.8923654568210262	1.2179996130330093
-1.8823529411764701	1.2386888051079261
-1.872340425531915	1.2485669946634286
-1.8623279098873589	1.246382076707546
-1.8523153942428037	1.2356374679529891
-1.8423028785982476	1.2228790853114357
-1.8322903629536915	1.2140587761302073
-1.8222778473091363	1.2109508634217798
-1.8122653316645803	1.2100545087126635
-1.802252816020025	1.2052341749072328
-1.792240300375469	1.1924525034121933
-1.7822277847309138	1.1727266835407675
-1.7722152690863577	1.1509082626187457
-1.7622027534418017	1.1320475363003075
-1.7521902377972465	1.1189937961927598
-1.7421777221526904	1.1123546333824186
-1.7321652065081352	1.1110995918697546
-1.7221526908635791	1.1128765707925172
-1.712140175219024	1.1151052115388624
-1.7021276595744679	1.1170389771959386
-1.6921151439299118	1.120740039793655
-1.6821026282853566	1.1294965809402786
-1.6720901126408005	1.1451091539083964
-1.6620775969962454	1.166430164531849
-1.6520650813516893	1.1896132303503115
-1.642052565707134	1.2090325645207363
-1.632040050062578	1.2184726780735908
-1.622027534418022	1.2128674316798695
-1.6120150187734668	1.1902019326390219
-1.6020025031289107	1.1527133933759015
-1.5919899874843555	1.1069302236216005
-1.5819774718397994	1.062083064744369
-1.5719649561952442	1.0265572587569614
-1.5619524405506882	1.0040407170139356
-1.551939924906132	0.9926938891149364
-1.541927409261577	0.9883103577697737
-1.5319148936170208	0.9881689092725324
-1.5219023779724656	0.9919871211418202
-1.5118898623279096	1.0002674039336372
-1.5018773466833544	1.012641753559009
-1.4918648310387983	1.0272847218008447
-1.4818523153942422	1.0408834135903764
-1.471839799749687	1.049401898736123
-1.461827284105131	1.0502928473119078
-1.4518147684605758	1.0449681128320851
-1.4418022528160197	1.0389373343088053
-1.4317897371714645	1.0387303459225938
-1.4217772215269084	1.0476967056092397
-1.4117647058823524	1.0637216665038736
-1.4017521902377972	1.0804243354965715
-1.391739674593241	1.091035664811175
-1.381727158948686	1.0922319888640026
-1.3717146433041298	1.0852731073921627
-1.3617021276595747	1.0743195799681964
-1.3516896120150186	1.0640629788358846
-1.3416770963704625	1.0581604078892273
-1.3316645807259073	1.058215927790754
-1.3216520650813512	1.0632601462548354
-1.311639549436796	1.0707402236269876
-1.30162703379224	1.0790562287445107
-1.2916145181476848	1.0896143055931105
-1.2816020025031287	1.1064024329061142
-1.2715894868585726	1.1332475235900439
-1.2615769712140175	1.1706122501374452
-1.2515644555694614	1.2140520994311252
-1.2415519399249062	1.2557148613942908
-1.2315394242803501	1.288349313076652
-1.221526908635795	1.3088855986589112
-1.2115143929912389	1.3184438666513507
-1.2015018773466828	1.3189621828133762
-1.1914893617021276	1.3105153351594783
-1.1814768460575715	1.293122742473553
-1.1714643304130163	1.2717021754048172
-1.1614518147684603	1.2580890264537095
-1.151439299123905	1.2658303202888517
-1.141426783479349	1.3010948940653704
-1.131414267834793	1.3582709795527093
-1.1214017521902377	1.4248384948661037
-1.1113892365456817	1.4905488451447109
-1.1013767209011265	1.5517127406744045
-1.0913642052565704	1.6073916729683995
-1.0813516896120152	1.6531793873663996
-1.0713391739674591	1.680033583427433
-1.061326658322903	1.6795762867373294
-1.0513141426783479	1.650977079273673
-1.0413016270337918	1.6038164520814144
-1.0312891113892366	1.5551618604292379
-1.0212765957446805	1.5229324211528636
-1.0112640801001254	1.5189489950975248
-1.0012515644555693	1.5446467908110306
-0.9912390488110132	1.5913965429700276
-0.981226533166458	1.645337972377932
-0.971214017521902	1.693840135175501
-0.9612015018773468	1.729756867589068
-0.9511889862327907	1.7521163579087609
-0.9411764705882355	1.7649473926312287
-0.9311639549436794	1.7757940104204593
-0.9211514392991234	1.7931467782638746
-0.9111389236545682	1.8220188455190776
-0.9011264080100121	1.860064450574741
-0.8911138923654569	1.8983611165645036
-0.8811013767209008	1.9276754537333909
-0.8710888610763456	1.9455088293100211
-0.8610763454317896	1.9575961004881208
-0.8510638297872335	1.9721242674303308
-0.8410513141426783	1.9915250042305275
-0.8310387984981222	2.0089530215503344
-0.821026282853567	2.0126003726031874
-0.811013767209011	1.9946399907167804
-0.8010012515644558	1.9580800561778011
-0.7909887359198997	1.9166326355670074
-0.7809762202753436	1.88806256131061
-0.7709637046307884	1.8856155817259868
-0.7609511889862324	1.9120570153269827
-0.7509386733416772	1.95858563463695
-0.7409261576971211	2.0093479712916666
-0.7309136420525659	2.0504994532378227
-0.7209011264080099	2.0791151336222544
-0.7108886107634538	2.1049862352876683
-0.7008760951188986	2.1424304015152793
-0.6908635794743425	2.1979495331620065
-0.6808510638297873	2.264062726781982
-0.6708385481852313	2.3243023627065975
-0.6608260325406761	2.364348212686132
-0.65081351689612	2.379897915301316
-0.6408010012515639	2.3766783674959484
-0.6307884856070087	2.365376778516024
-0.6207759699624527	2.3563306733893294
-0.6107634543178975	2.35585133161176
-0.6007509386733414	2.3642953636064687
-0.5907384230287862	2.377488086302696
-0.5807259073842301	2.3927456943657206
-0.5707133917396741	2.415482223745095
-0.5607008760951189	2.4585929614328887
-0.5506883604505628	2.532364613184776
-0.5406758448060076	2.6334610249446513
-0.5306633291614515	2.7442301781531127
-0.5206508135168963	2.84356976738791
-0.5106382978723403	2.919191629676706
-0.5006257822277842	2.971089494168283
-0.490613266583229	3.005947421165809
-0.48060075093867294	3.0300195433148334
-0.47058823529411775	3.0464383809845716
-0.4605757196495617	3.0566521024794127
-0.4505632040050065	3.0627928878243864
-0.4405506883604504	3.069293441894115
-0.43053817271589434	3.083576247622347
-0.42052565707133915	3.1152680273816102
-0.4105131414267831	3.173271108018253
-0.4005006257822279	3.2612945861690616
-0.3904881101376718	3.37366715589729
-0.38047559449311663	3.4936582389175608
-0.37046307884856056	3.5966432032520363
-0.3604505632040045	3.6591524282056147
-0.3504380475594493	3.670567278595795
-0.3404255319148932	3.639938744802062
-0.33041301627033803	3.5921479493051445
-0.32040050062578196	3.5556930378619396
-0.3103879849812259	3.5508148548179626
-0.3003754693366707	3.584758449330853
-0.2903629536921146	3.653723314031428
-0.28035043804755944	3.7468137241365893
-0.27033792240300336	3.849035649805673
-0.2603254067584482	3.9436144187687985
-0.2503128911138921	4.014668203080101
-0.24030037546933602	4.0506082998233826
-0.23028785982478084	4.0480147271631095
-0.22027534418022476	4.014450371834833
-0.21026282853566958	3.9675295044213534
-0.2002503128911135	3.928973986827074
-0.19023779724655832	3.9158894918087035
-0.18022528160200224	3.9338674607033806
-0.17021276595744617	3.975964021753607
-0.16020025031289098	4.028396137487214
-0.1501877346683349	4.079261249292336
-0.14017521902377972	4.1239751291825115
-0.13016270337922364	4.163851465838121
-0.12015018773466846	4.200665695563699
-0.11013767209011238	4.233456404663574
-0.10012515644555631	4.260464082070448
-0.09011264080100112	4.2832635483812185
-0.08010012515644505	4.308498875725368
-0.07008760951188986	4.345849157216811
-0.060075093867333784	4.403994886720455
-0.0500625782227786	4.4864038610887045
-0.04005006257822252	4.587940443636908
-0.030037546933666448	4.694180727576422
-0.02002503128911126	4.785881346978577
-0.010012515644555187	4.847818166580525
0.0	4.876178880974346
