-8.0	15.525788100844007
-7.989987484355444	15.43960602423208
-7.979974968710889	15.375514328064
-7.969962453066333	15.377462672830886
-7.9599499374217775	15.380916903333087
-7.949937421777221	15.329117528258347
-7.939924906132666	15.228467285211966
-7.92991239048811	15.111986375066621
-7.919899874843554	15.000291189374384
-7.909887359198999	14.9048584216951
-7.899874843554443	14.81956479317832
-7.889862327909888	14.752339412769482
-7.8798498122653315	14.667790755931657
-7.869837296620776	14.538966989357856
-7.85982478097622	14.393233825025634
-7.849812265331664	14.329975631350354
-7.839799749687109	14.361099181221743
-7.829787234042553	14.462345241277488
-7.819774718397998	14.599089889414946
-7.809762202753442	14.711001265458075
-7.7997496871088865	14.837253992115787
-7.78973717146433	14.967405237727931
-7.779724655819774	15.047668202304369
-7.769712140175219	15.02077145495217
-7.759699624530663	14.920659773543504
-7.749687108886108	14.771356082291014
-7.739674593241552	14.607909319488808
-7.729662077596997	14.443534762392416
-7.719649561952441	14.330183050600203
-7.7096370463078845	14.26674610047373
-7.699624530663329	14.252866668598989
-7.689612015018773	14.309306418061235
-7.679599499374218	14.372009659377593
-7.669586983729662	14.45214039677236
-7.659574468085107	14.506581066953554
-7.649561952440551	14.557115724817274
-7.639549436795995	14.603172381036682
-7.629536921151439	14.659497977680529
-7.619524405506883	14.760961497393136
-7.609511889862328	14.853307706780566
-7.599499374217772	14.881446774077089
-7.589486858573217	14.880184507784474
-7.579474342928661	14.879092236005205
-7.569461827284105	14.892666830958476
-7.55944931163955	14.92389087311414
-7.5494367959949935	14.9011422665087
-7.539424280350438	14.93145790042066
-7.529411764705882	15.027143718069109
-7.519399249061326	15.149899286872524
-7.509386733416771	15.28916415401136
-7.499374217772215	15.442501017244258
-7.48936170212766	15.59812707509593
-7.479349186483104	15.704854824632205
-7.4693366708385485	15.725086396168017
-7.459324155193992	15.714537344347397
-7.449311639549437	15.689496808565965
-7.439299123904881	15.645226735959902
-7.429286608260325	15.57603122767528
-7.41927409261577	15.487264455101071
-7.409261576971214	15.449331586767562
-7.399249061326659	15.448232850065889
-7.3892365456821025	15.484198252366896
-7.3792240300375465	15.580347366429471
-7.369211514392991	15.701566319158053
-7.359198998748435	15.776949412468928
-7.34918648310388	15.763573039628579
-7.339173967459324	15.709844036770317
-7.329161451814769	15.65828844926223
-7.319148936170213	15.600516329305911
-7.3091364205256575	15.590816027515539
-7.299123904881101	15.604930085778625
-7.289111389236545	15.57595691304985
-7.27909887359199	15.477543594277304
-7.269086357947434	15.299965035594628
-7.259073842302879	15.094952073068901
-7.249061326658323	14.894753381289961
-7.239048811013767	14.701354376154969
-7.2290362953692116	14.519293053470518
-7.2190237797246555	14.360580390793011
-7.2090112640801	14.232778124621337
-7.198998748435544	14.124589426838499
-7.188986232790989	13.988307130404099
-7.178973717146433	13.762234108350862
-7.168961201501878	13.425869504307933
-7.158948685857322	13.07550701522583
-7.148936170212766	12.8001777807574
-7.13892365456821	12.612673001184206
-7.128911138923654	12.479475684539034
-7.118898623279099	12.360673176206006
-7.108886107634543	12.23308511501425
-7.098873591989987	12.094926587478305
-7.088861076345432	12.005663908432293
-7.078848560700876	11.988683522243216
-7.068836045056321	12.025956523691733
-7.0588235294117645	12.067610991525765
-7.048811013767209	12.108999350671713
-7.038798498122653	12.159603709521539
-7.028785982478098	12.226148136481235
-7.018773466833542	12.283961688308484
-7.008760951188986	12.318675552573135
-6.998748435544431	12.361212718890677
-6.988735919899875	12.392194404593196
-6.9787234042553195	12.385786566021892
-6.968710888610763	12.340493608499926
-6.958698372966207	12.296945480646626
-6.948685857321652	12.29110992397545
-6.938673341677096	12.317076984404812
-6.928660826032541	12.382496051690588
-6.918648310387985	12.494903471792194
-6.908635794743429	12.626788089735864
-6.8986232790988735	12.758263569934918
-6.888610763454318	12.866231857358253
-6.878598247809762	12.951489152153664
-6.868585732165206	13.006348817416502
-6.858573216520651	13.018894448916734
-6.848560700876095	13.000006555238922
-6.83854818523154	12.980557040238024
-6.828535669586984	12.985954944456894
-6.818523153942428	13.027654891511348
-6.808510638297872	13.095461025464283
-6.798498122653316	13.153769038115561
-6.788485607008761	13.184857520871509
-6.778473091364205	13.18460338442744
-6.768460575719649	13.159980817745605
-6.758448060075094	13.1199649221319
-6.748435544430539	13.072241237078133
-6.7384230287859825	13.007643545562788
-6.7284105131414265	12.928116730208409
-6.718397997496871	12.870480465377897
-6.708385481852315	12.858824821229478
-6.69837296620776	12.863951680824906
-6.688360450563204	12.846888416586854
-6.678347934918648	12.810007573047828
-6.668335419274093	12.770751702129935
-6.658322903629537	12.747604120241105
-6.648310387984981	12.74333705630612
-6.638297872340425	12.750183199337437
-6.628285356695869	12.787275155046515
-6.618272841051314	12.866182028848893
-6.608260325406759	12.972014672955506
-6.598247809762203	13.112471358345116
-6.588235294117647	13.299944890337455
-6.578222778473092	13.497563456554872
-6.5682102628285355	13.64759214898871
-6.55819774718398	13.762150519068094
-6.548185231539424	13.872264457336962
-6.538172715894868	13.979326036007572
-6.528160200250313	14.080963270524633
-6.518147684605757	14.171852639499063
-6.508135168961202	14.222080265776619
-6.498122653316646	14.216614355630595
-6.4881101376720896	14.207042785385756
-6.478097622027534	14.201679519544486
-6.468085106382979	14.200805944231991
-6.458072590738423	14.217425166554149
-6.448060075093867	14.286428150372021
-6.438047559449312	14.381555887340935
-6.428035043804756	14.467824418308108
-6.418022528160201	14.530923709959247
-6.4080100125156445	14.575181386718985
-6.397997496871088	14.62164696171598
-6.387984981226533	14.725857614254366
-6.377972465581977	14.975328636103276
-6.367959949937422	15.21385937735682
-6.357947434292866	15.377487293396841
-6.34793491864831	15.46342272737686
-6.337922403003755	15.582972702954395
-6.3279098873591995	15.759115306470497
-6.317897371714643	15.983536236124278
-6.307884856070087	16.233107903558924
-6.297872340425532	16.466870130912646
-6.287859824780976	16.676155472537598
-6.277847309136421	16.92007607407711
-6.267834793491865	17.2787559724377
-6.257822277847309	17.67764317584258
-6.2478097622027535	18.101552436978814
-6.2377972465581975	18.519305788557507
-6.227784730913642	18.822796526279998
-6.217772215269086	19.015019049922348
-6.20775969962453	19.24080151787093
-6.197747183979975	19.537515382264434
-6.18773466833542	19.786531701011622
-6.177722152690864	19.864972158577693
-6.167709637046308	19.914054951559205
-6.157697121401752	19.94585385091563
-6.147684605757196	20.012968349316488
-6.137672090112641	20.115622703051113
-6.127659574468085	20.186190085244803
-6.117647058823529	20.33345658205615
-6.107634543178974	20.507930161412354
-6.097622027534418	20.694315762793437
-6.0876095118898625	20.831720355660302
-6.0775969962453065	20.92352103532897
-6.06758448060075	20.91129244871713
-6.057571964956195	20.854858609450627
-6.04755944931164	20.807824244149828
-6.037546933667084	20.735262950679772
-6.027534418022528	20.776417722431432
-6.017521902377973	20.867085770432286
-6.007509386733417	20.99751095081424
-5.997496871088861	21.119801353716245
-5.987484355444305	21.233016635746626
-5.977471839799749	21.3393896938584
-5.967459324155194	21.35258589059818
-5.957446808510639	21.282166655474672
-5.947434292866083	21.257718324948254
-5.937421777221527	21.308495343865662
-5.927409261576971	21.366534493368544
-5.9173967459324155	21.37955501480058
-5.90738423028786	21.21964998658191
-5.897371714643304	20.92697645317896
-5.887359198998748	20.804652044582195
-5.877346683354192	20.745602266063877
-5.867334167709637	20.6570572911312
-5.857321652065082	20.6703624835094
-5.847309136420526	20.73483166436524
-5.83729662077597	20.705931444397184
-5.827284105131414	20.652014897193403
-5.817271589486858	20.602624584400036
-5.807259073842303	20.449820081589927
-5.797246558197747	20.305527452425473
-5.787234042553191	20.318100389415996
-5.777221526908636	20.27997884832321
-5.767209011264081	20.238695144767604
-5.7571964956195245	20.214115199451676
-5.747183979974968	20.167388509683633
-5.737171464330412	20.24797848327031
-5.727158948685857	20.46214526928461
-5.717146433041302	20.51680147390611
-5.707133917396746	20.486321432725315
-5.69712140175219	20.504403084450775
-5.687108886107635	20.597570915727356
-5.677096370463079	20.67690554994228
-5.667083854818523	20.79941670749616
-5.657071339173967	20.937864089629684
-5.647058823529411	21.09431931381826
-5.637046307884856	21.09188582630744
-5.627033792240301	21.21556798351658
-5.617021276595745	21.423866602319432
-5.607008760951189	21.543329036020047
-5.596996245306633	21.5874393518495
-5.5869837296620775	21.69405232334576
-5.576971214017522	21.94809642004661
-5.566958698372966	22.203184616786725
-5.55694618272841	22.494677944762223
-5.546933667083855	22.583578538703232
-5.536921151439299	22.64250278523171
-5.526908635794744	22.954373895063732
-5.516896120150188	23.380023495259177
-5.5068836045056315	23.674932647283963
-5.496871088861076	24.05080754183494
-5.486858573216521	24.587861741137726
-5.476846057571965	24.897230285314006
-5.466833541927409	25.09030189020747
-5.456821026282853	25.2553698795127
-5.446808510638298	25.463983826908123
-5.4367959949937426	25.703843348692647
-5.4267834793491865	26.126452506434937
-5.41677096370463	26.532986106645026
-5.406758448060075	26.868049965184476
-5.396745932415519	27.13187923225258
-5.386733416770964	27.50171460574019
-5.376720901126408	27.740836007224136
-5.366708385481852	28.06326342848022
-5.356695869837297	28.42885176844683
-5.346683354192741	28.610232952979697
-5.336670838548185	28.815435535897727
-5.326658322903629	28.933861154360436
-5.316645807259073	28.952260156395248
-5.306633291614518	28.990158679530012
-5.296620775969963	28.951197763536268
-5.286608260325407	28.804817788286
-5.276595744680851	28.807757478183557
-5.2665832290362955	28.84426997243754
-5.256570713391739	28.925508614907795
-5.246558197747184	28.920510024212973
-5.236545682102628	28.97876743893246
-5.226533166458072	29.141867633677172
-5.216520650813517	29.293036059026026
-5.206508135168962	29.370261293009154
-5.196495619524406	29.2852383925834
-5.18648310387985	29.052285675958686
-5.1764705882352935	28.810352557199003
-5.166458072590738	28.498278062830778
-5.156445556946183	28.21198222625508
-5.146433041301627	27.981333245668853
-5.136420525657071	27.724077469989247
-5.126408010012516	27.439999995332823
-5.11639549436796	27.152507327178895
-5.1063829787234045	26.8094371589963
-5.0963704630788484	26.561662961231388
-5.086357947434292	26.37959385053496
-5.076345431789737	26.08883166090264
-5.066332916145182	25.724502037303083
-5.056320400500626	25.541355778055014
-5.04630788485607	25.271931052258623
-5.036295369211514	24.95004557110561
-5.026282853566959	24.61943906924461
-5.016270337922403	24.24969542115604
-5.006257822277847	23.86415235630333
-4.996245306633291	23.213191445684334
-4.986232790988735	22.561884067264177
-4.97622027534418	21.952824870447554
-4.966207759699625	21.49191431826962
-4.956195244055069	21.144203935025676
-4.946182728410513	20.482636412117213
-4.9361702127659575	20.118254662586697
-4.926157697121402	19.65919705843491
-4.916145181476846	19.133447975823625
-4.90613266583229	18.85966818687404
-4.896120150187734	18.64433205600025
-4.886107634543179	18.418984386461727
-4.876095118898624	18.311175558768607
-4.866082603254068	18.275270067455914
-4.8560700876095115	18.252441048844652
-4.8460575719649555	18.07063127941284
-4.8360450563204	17.844250961123244
-4.826032540675845	17.649251474961986
-4.816020025031289	17.524112430893386
-4.806007509386733	17.43451447893435
-4.795994993742178	17.36041688052514
-4.785982478097623	17.29195533593988
-4.7759699624530665	17.232443461535006
-4.76595744680851	17.125340783706903
-4.755944931163954	17.07277840276891
-4.745932415519399	17.04777003372283
-4.735919899874844	17.023823526539932
-4.725907384230288	17.00886914651068
-4.715894868585732	16.98898177073407
-4.705882352941176	16.91037933660035
-4.6958698372966206	16.878217487640512
-4.685857321652065	16.871544434724314
-4.675844806007509	16.86590100415091
-4.665832290362953	16.864409696891038
-4.655819774718398	16.863029871754705
-4.645807259073843	16.857817889308347
-4.635794743429287	16.84459762387678
-4.625782227784731	16.843259056400246
-4.615769712140175	16.84217825923253
-4.605757196495619	16.838615901532616
-4.595744680851064	16.836325096954045
-4.585732165206508	16.835212490891877
-4.575719649561952	16.833497667843503
-4.565707133917396	16.831506282021603
-4.555694618272841	16.830370591360346
-4.545682102628286	16.829496562311512
-4.53566958698373	16.828684239089498
-4.5256570713391735	16.82791106434583
-4.515644555694618	16.827174213003236
-4.505632040050063	16.82647246432092
-4.495619524405507	16.82580454081646
-4.485607008760951	16.825169024068472
-4.475594493116395	16.824564403546095
-4.46558197747184	16.823989124348714
-4.4555694618272845	16.823441623931913
-4.4455569461827285	16.822920359200143
-4.435544430538172	16.822423825982842
-4.425531914893616	16.821950572597128
-4.415519399249061	16.821499208861148
-4.405506883604506	16.821068411637068
-4.39549436795995	16.82065692775225
-4.385481852315394	16.820263574962393
-4.375469336670839	16.819887241473594
-4.365456821026283	16.819526884424356
-4.355444305381727	16.819181527636538
-4.345431789737171	16.818850258907784
-4.335419274092615	16.839856929294086
-4.32540675844806	16.85535326560488
-4.315394242803505	16.85624596322817
-4.305381727158949	16.880404626724207
-4.295369211514393	16.5980219343469
-4.285356695869837	16.601936591382206
-4.275344180225281	16.634820367240604
-4.265331664580726	16.634671461684007
-4.25531914893617	16.53997787264246
-4.245306633291614	16.775157066456345
-4.235294117647059	16.77531100953787
-4.225281602002504	16.735220104187867
-4.215269086357948	16.631844532495453
-4.2052565707133915	16.58906775769215
-4.1952440550688355	16.487665782707776
-4.18523153942428	16.483856375257567
-4.175219023779725	16.631667123595523
-4.165206508135169	16.56457435128391
-4.155193992490613	16.577632299066778
-4.145181476846057	16.71306245919155
-4.135168961201502	16.847863959917277
-4.1251564455569465	17.05912278132954
-4.11514392991239	17.40280823622393
-4.105131414267834	17.446265089127795
-4.095118898623279	17.878460466289514
-4.085106382978723	18.124952159855713
-4.075093867334168	18.086558420294185
-4.065081351689612	18.145487856640514
-4.055068836045056	18.19631273883096
-4.045056320400501	18.311110313407852
-4.035043804755945	18.335318802209088
-4.025031289111389	18.58403623662283
-4.015018773466833	19.003947274169473
-4.005006257822277	19.00717157423998
-3.994993742177722	18.942348307162952
-3.9849812265331668	19.13643317390496
-3.9749687108886107	19.354369502498116
-3.9649561952440546	19.76066146848985
-3.9549436795994994	19.858647974596533
-3.9449311639549434	19.82527482690371
-3.934918648310388	20.138985113172325
-3.924906132665832	20.242465441293497
-3.914893617021277	20.29739217853809
-3.904881101376721	20.46521863046888
-3.8948685857321648	20.622726847221813
-3.8848560700876096	20.543705264433687
-3.8748435544430535	20.64413022464016
-3.8648310387984983	20.815924751527916
-3.8548185231539422	20.851957214832936
-3.844806007509387	20.891622215293292
-3.834793491864831	20.9777694407891
-3.824780976220275	20.921024792303143
-3.8147684605757197	21.087267371384403
-3.8047559449311636	21.146158236622924
-3.7947434292866085	21.146714273398924
-3.7847309136420524	21.19001685459619
-3.774718397997497	21.242088254328497
-3.764705882352941	21.242089854415642
-3.754693366708385	21.242091618692193
-3.74468085106383	21.242093647455583
-3.734668335419274	21.242095985233604
-3.7246558197747186	21.242098686663496
-3.7146433041301625	21.242101820082034
-3.7046307884856065	21.24210547287543
-3.6946182728410513	21.242109759568812
-3.684605757196495	21.242114834200187
-3.67459324155194	21.242120909416357
-3.664580725907384	21.242128286134783
-3.6545682102628287	21.242137399824617
-3.6445556946182727	21.242148892910603
-3.6345431789737166	21.242163728140845
-3.6245306633291614	21.242183365886035
-3.6145181476846053	21.242210040379543
-3.60450563204005	21.242247186902155
-3.594493116395494	21.242300093713215
-3.584480600750939	21.242376874687313
-3.574468085106383	21.242489864773898
-3.5644555694618267	21.242657485799025
-3.5544430538172715	21.24290641277205
-3.5444305381727155	21.24327330322912
-3.5344180225281603	21.243804217522456
-3.524405506883604	21.24454859746022
-3.514392991239049	21.2455898364826
-3.504380475594493	21.253186096191634
-3.494367959949937	21.316747291530643
-3.4843554443053817	21.323140320518974
-3.4743429286608256	21.324583580187134
-3.4643304130162704	21.32578343303813
-3.4543178973717144	21.326473144051146
-3.444305381727159	21.324880813138538
-3.434292866082603	21.320993037646048
-3.424280350438047	21.32013963461775
-3.414267834793492	21.318293046967632
-3.4042553191489358	21.315356209298525
-3.3942428035043806	21.325106541532787
-3.3842302878598245	21.371168216288822
-3.3742177722152693	21.3903588123144
-3.3642052565707132	21.419294146415087
-3.354192740926157	21.434367139423873
-3.344180225281602	21.456738486453308
-3.334167709637046	21.497634716877347
-3.3241551939924907	21.54405961083052
-3.3141426783479346	21.71011915827463
-3.3041301627033794	21.92193509081026
-3.2941176470588234	22.077565976152595
-3.2841051314142673	22.263260421639664
-3.274092615769712	22.479871772218935
-3.264080100125156	22.71268804931412
-3.254067584480601	22.918937502289
-3.2440550688360448	23.110589159470027
-3.2340425531914896	23.29354154397672
-3.2240300375469335	23.531715657388176
-3.2140175219023774	23.8353487748124
-3.2040050062578223	24.111936479135416
-3.193992490613266	24.401447000610617
-3.183979974968711	24.859609535166665
-3.173967459324155	25.526758089965412
-3.1639549436795997	26.112299043757016
-3.1539424280350437	26.54789170035276
-3.1439299123904876	26.855858353073874
-3.1339173967459324	27.149549310820742
-3.1239048811013763	27.50278546208126
-3.113892365456821	28.161437137766303
-3.103879849812265	28.82569451951583
-3.09386733416771	29.229271777579843
-3.083854818523154	29.649164987670655
-3.0738423028785977	30.09759595953117
-3.0638297872340425	30.682399187864547
-3.0538172715894865	31.225087057937678
-3.0438047559449313	31.693055536206952
-3.033792240300375	32.22756172294428
-3.02377972465582	33.04199536000843
-3.013767209011264	33.90813569460916
-3.003754693366708	34.63457470003986
-2.9937421777221527	35.1492473323387
-2.9837296620775966	35.66669390873007
-2.9737171464330414	36.253906288537195
-2.9637046307884853	36.95698449831849
-2.95369211514393	37.621480239385264
-2.943679599499374	38.26311431584854
-2.933667083854818	38.756131233201515
-2.923654568210263	39.194622300496455
-2.9136420525657067	39.53260757901064
-2.9036295369211516	39.83218290958122
-2.8936170212765955	40.25043693091966
-2.8836045056320403	40.931978682155496
-2.873591989987484	41.77220201469769
-2.863579474342928	42.54088921284088
-2.853566958698373	43.31940447720524
-2.843554443053817	44.04294546146354
-2.8335419274092617	44.63090120417537
-2.8235294117647056	45.1047168735092
-2.8135168961201504	45.466058002197144
-2.8035043804755944	45.69459047540447
-2.7934918648310383	45.85410701076506
-2.783479349186483	45.97915569724503
-2.773466833541927	46.11725617289596
-2.763454317897372	46.08009811965569
-2.7534418022528158	46.00400748737982
-2.7434292866082606	45.84145507586429
-2.7334167709637045	45.42505446241554
-2.7234042553191484	44.97383100192642
-2.7133917396745932	44.716732664459315
-2.703379224030037	44.482986414426826
-2.693366708385482	44.422448161997394
-2.683354192740926	44.58586512105643
-2.6733416770963707	44.442139278441275
-2.6633291614518146	44.15121780391069
-2.6533166458072586	43.892662697816135
-2.6433041301627034	43.62413366918487
-2.6332916145181473	43.36615653531235
-2.623279098873592	42.86656903720637
-2.613266583229036	42.2572074092805
-2.603254067584481	41.83287800130485
-2.593241551939925	41.56778905215389
-2.5832290362953687	41.24605507206226
-2.5732165206508135	40.72608587575665
-2.5632040050062574	39.87556157508777
-2.5531914893617023	39.126309197849984
-2.543178973717146	38.51298209696745
-2.533166458072591	37.90973143798094
-2.523153942428035	37.43771414183951
-2.513141426783479	36.88121357820668
-2.5031289111389237	36.37103445581745
-2.4931163954943676	36.18994315925189
-2.4831038798498124	35.90928021459011
-2.4730913642052563	35.491136660462956
-2.463078848560701	35.1413038679164
-2.453066332916145	34.5382246113027
-2.443053817271589	34.17376085798625
-2.433041301627034	34.03078704250614
-2.4230287859824777	33.88462579793469
-2.4130162703379225	33.62155498686894
-2.4030037546933665	33.42415312031237
-2.3929912390488113	33.20992056240168
-2.382978723404255	33.28060600815161
-2.372966207759699	33.227137060941836
-2.362953692115144	33.188197241743175
-2.352941176470588	33.27103704178826
-2.3429286608260327	33.24390128123165
-2.3329161451814766	33.163490446767945
-2.3229036295369214	33.5051823969792
-2.3128911138923653	33.71558362269895
-2.3028785982478093	33.94175100717615
-2.292866082603254	34.256494454327374
-2.282853566958698	34.608282583326535
-2.272841051314143	34.89313588376331
-2.2628285356695867	34.90331795332211
-2.2528160200250316	35.07463242497974
-2.2428035043804755	35.57005093645009
-2.2327909887359194	36.00195812808498
-2.2227784730913642	36.434588692020505
-2.212765957446808	37.05553897068783
-2.202753441802253	37.43672506674688
-2.192740926157697	37.88496270355978
-2.1827284105131417	38.25259361125214
-2.1727158948685856	38.75641817721838
-2.1627033792240296	39.34057056625966
-2.1526908635794744	40.05326602997144
-2.1426783479349183	40.86404488156696
-2.132665832290363	41.61221625687502
-2.122653316645807	42.21288861428873
-2.112640801001252	42.661637886844936
-2.1026282853566958	43.25350358024511
-2.0926157697121397	44.26088886609293
-2.0826032540675845	45.26428231748038
-2.0725907384230284	46.16362080196122
-2.0625782227784732	46.887508751838624
-2.052565707133917	47.392411971708874
-2.042553191489362	47.90093048836945
-2.032540675844806	48.53052819525139
-2.02252816020025	49.35034035317364
-2.0125156445556946	50.27452741142142
-2.0025031289111386	51.046056445372486
-1.9924906132665834	51.5464697265417
-1.9824780976220273	52.133382496638795
-1.9724655819774712	52.67186455171378
-1.962453066332916	53.354720430597595
-1.95244055068836	54.251625283704925
-1.9424280350438048	55.2918177041134
-1.9324155193992487	55.97473196635697
-1.9224030037546935	56.39097294789958
-1.9123904881101375	56.60030720743666
-1.9023779724655814	56.89430665209226
-1.8923654568210262	57.1909141077366
-1.8823529411764701	57.47547422154546
-1.872340425531915	57.75557838875612
-1.8623279098873589	58.10428418869358
-1.8523153942428037	58.662919267147686
-1.8423028785982476	59.03986656641251
-1.8322903629536915	59.241357740492994
-1.8222778473091363	59.40985973201911
-1.8122653316645803	59.51181680615229
-1.802252816020025	59.61174789635926
-1.792240300375469	59.56072363450553
-1.7822277847309138	59.48813840895125
-1.7722152690863577	59.34587907863705
-1.7622027534418017	59.239208369610125
-1.7521902377972465	59.01351715802006
-1.7421777221526904	58.84290050340901
-1.7321652065081352	58.67464766828089
-1.7221526908635791	58.53254350994856
-1.712140175219024	58.20882290825968
-1.7021276595744679	57.59632311676911
-1.6921151439299118	56.88680860001982
-1.6821026282853566	56.22405804640912
-1.6720901126408005	55.72523659161083
-1.6620775969962454	55.14067225583824
-1.6520650813516893	54.53746563720479
-1.642052565707134	53.94749290424168
-1.632040050062578	53.51836359070821
-1.622027534418022	53.33144549801048
-1.6120150187734668	53.07875086551588
-1.6020025031289107	52.67920719704343
-1.5919899874843555	52.30608918974688
-1.5819774718397994	51.96348151325914
-1.5719649561952442	51.48819268249658
-1.5619524405506882	50.85692763498252
-1.551939924906132	50.192152648684115
-1.541927409261577	49.55188910804957
-1.5319148936170208	49.0831827923735
-1.5219023779724656	48.51433799087088
-1.5118898623279096	47.88209784879705
-1.5018773466833544	47.42382181533459
-1.4918648310387983	46.84576830477589
-1.4818523153942422	46.13379365961408
-1.471839799749687	45.617142668737955
-1.461827284105131	45.2456303771822
-1.4518147684605758	45.02174205582324
-1.4418022528160197	44.71679083124808
-1.4317897371714645	44.34427637534413
-1.4217772215269084	43.87839768075734
-1.4117647058823524	43.330163042589746
-1.4017521902377972	42.75442297709365
-1.391739674593241	42.51231308722248
-1.381727158948686	42.365413406114634
-1.3717146433041298	42.082675772421034
-1.3617021276595747	42.041031040495824
-1.3516896120150186	42.10730372803695
-1.3416770963704625	42.024668861606614
-1.3316645807259073	41.947364572263645
-1.3216520650813512	41.86161130288395
-1.311639549436796	42.039803131892505
-1.30162703379224	42.160569228366164
-1.2916145181476848	42.16957357184836
-1.2816020025031287	42.05475169997062
-1.2715894868585726	41.84323192072524
-1.2615769712140175	41.815332380013146
-1.2515644555694614	42.017337021598955
-1.2415519399249062	42.29693185736036
-1.2315394242803501	42.51510887190994
-1.221526908635795	42.72044424142118
-1.2115143929912389	42.946278354572335
-1.2015018773466828	43.13633449930259
-1.1914893617021276	43.42749612383401
-1.1814768460575715	43.66349803329614
-1.1714643304130163	43.67750607042667
-1.1614518147684603	43.69918541741624
-1.151439299123905	43.83683486527983
-1.141426783479349	43.98581208676838
-1.131414267834793	44.075110057564686
-1.1214017521902377	43.97837290003123
-1.1113892365456817	43.873471346797245
-1.1013767209011265	43.94294219990113
-1.0913642052565704	44.13428903894431
-1.0813516896120152	44.381615884757736
-1.0713391739674591	44.56933963181802
-1.061326658322903	44.71794373762815
-1.0513141426783479	44.95439192363806
-1.0413016270337918	45.22825682172038
-1.0312891113892366	45.549617199619
-1.0212765957446805	45.93878729824185
-1.0112640801001254	46.323952441099046
-1.0012515644555693	46.569087260257
-0.9912390488110132	46.66602581317869
-0.981226533166458	46.63579404676172
-0.971214017521902	46.51108148449627
-0.9612015018773468	46.27534521288869
-0.9511889862327907	46.08233485515482
-0.9411764705882355	45.97710833608322
-0.9311639549436794	45.855334771760866
-0.9211514392991234	45.747607682137634
-0.9111389236545682	45.66092756259273
-0.9011264080100121	45.49499025338581
-0.8911138923654569	45.42281452258883
-0.8811013767209008	45.46184176360096
-0.8710888610763456	45.58739383476491
-0.8610763454317896	45.74438448867362
-0.8510638297872335	45.681327879355486
-0.8410513141426783	45.33811015975117
-0.8310387984981222	45.09977358248064
-0.821026282853567	45.0288489081114
-0.811013767209011	45.15525236167095
-0.8010012515644558	45.407144503761984
-0.7909887359198997	45.696236197556054
-0.7809762202753436	45.95140689158023
-0.7709637046307884	46.192176691669594
-0.7609511889862324	46.367942348036614
-0.7509386733416772	46.20051096344197
-0.7409261576971211	45.826258654812
-0.7309136420525659	45.3643257727099
-0.7209011264080099	44.85766811283215
-0.7108886107634538	44.3559811616759
-0.7008760951188986	43.995872077780504
-0.6908635794743425	43.696475751708185
-0.6808510638297873	43.375774158652604
-0.6708385481852313	43.09676820457076
-0.6608260325406761	42.82905773189288
-0.65081351689612	42.589545810965305
-0.6408010012515639	42.455786886901265
-0.6307884856070087	42.421955921793106
-0.6207759699624527	42.348668985186045
-0.6107634543178975	42.200017343055684
-0.6007509386733414	42.07822192120107
-0.5907384230287862	41.997476112672516
-0.5807259073842301	41.91350647124016
-0.5707133917396741	41.728947852415224
-0.5607008760951189	41.392717554216446
-0.5506883604505628	40.96735658446301
-0.5406758448060076	40.51138628707991
-0.5306633291614515	40.027436536803684
-0.5206508135168963	39.57780598058538
-0.5106382978723403	39.25882688256284
-0.5006257822277842	39.06039149902005
-0.490613266583229	38.90033739849767
-0.48060075093867294	38.679006994970145
-0.47058823529411775	38.35148374202601
-0.4605757196495617	37.977805092186415
-0.4505632040050065	37.61422421424119
-0.4405506883604504	37.24044368710608
-0.43053817271589434	36.84277795316102
-0.42052565707133915	36.3708343303917
-0.4105131414267831	35.75226855455454
-0.4005006257822279	35.026975354339264
-0.3904881101376718	34.3209854962875
-0.38047559449311663	33.87538457088559
-0.37046307884856056	33.781175715254875
-0.3604505632040045	33.87782079724864
-0.3504380475594493	33.99776261416499
-0.3404255319148932	34.045334044818986
-0.33041301627033803	33.993648739871404
-0.32040050062578196	33.90180122918281
-0.3103879849812259	33.91389625417654
-0.3003754693366707	34.091336817434225
-0.2903629536921146	34.35734617664059
-0.28035043804755944	34.57885404382005
-0.27033792240300336	34.71610337726072
-0.2603254067584482	34.78557865062458
-0.2503128911138921	34.781060402742014
-0.24030037546933602	34.6847558560274
-0.23028785982478084	34.495436107588404
-0.22027534418022476	34.19886196954964
-0.21026282853566958	33.79493332106593
-0.2002503128911135	33.40374428329621
-0.19023779724655832	33.06647789333271
-0.18022528160200224	32.73232654245751
-0.17021276595744617	32.38054914434752
-0.16020025031289098	32.02297009206432
-0.1501877346683349	31.644872595012046
-0.14017521902377972	31.257115143228585
-0.13016270337922364	30.889122615040556
-0.12015018773466846	30.538766699346255
-0.11013767209011238	30.22198459367061
-0.10012515644555631	29.97553403650842
-0.09011264080100112	29.79113798582792
-0.08010012515644505	29.62696328337459
-0.07008760951188986	29.466896273079044
-0.060075093867333784	29.3255456824305
-0.0500625782227786	29.233831478208668
-0.04005006257822252	29.226746247695274
-0.030037546933666448	29.28427569739388
-0.02002503128911126	29.338817867006693
-0.010012515644555187	29.308324994437495
0.0	29.169303418293424
