-8.0	32.947970907488745
-7.989987484355444	31.686760428665146
-7.979974968710889	30.316056821092538
-7.969962453066333	28.91466403577623
-7.9599499374217775	27.629820049409524
-7.949937421777221	26.592743283783577
-7.939924906132666	25.84830801256906
-7.92991239048811	25.404318891729325
-7.919899874843554	25.217813150305677
-7.909887359198999	25.188464387358145
-7.899874843554443	25.215631398044067
-7.889862327909888	25.245563524363643
-7.8798498122653315	25.28547837434899
-7.869837296620776	25.380623627531175
-7.85982478097622	25.55005385260893
-7.849812265331664	25.734823741219262
-7.839799749687109	25.83478114376671
-7.829787234042553	25.766996512381056
-7.819774718397998	25.5370687780716
-7.809762202753442	25.23617228566759
-7.7997496871088865	24.929223313825265
-7.78973717146433	24.640800296306658
-7.779724655819774	24.39224782630674
-7.769712140175219	24.23108589193338
-7.759699624530663	24.211096672170335
-7.749687108886108	24.367891226833038
-7.739674593241552	24.722603119568554
-7.729662077596997	25.273755490435708
-7.719649561952441	26.018973033815932
-7.7096370463078845	26.947782897463924
-7.699624530663329	28.007263387414575
-7.689612015018773	29.130212633432855
-7.679599499374218	30.26067051200189
-7.669586983729662	31.40036608203452
-7.659574468085107	32.557383753783675
-7.649561952440551	33.6388607277032
-7.639549436795995	34.61330046312414
-7.629536921151439	35.518379939054086
-7.619524405506883	36.37239530291392
-7.609511889862328	37.11433394813369
-7.599499374217772	37.71100292935579
-7.589486858573217	38.250636497798
-7.579474342928661	38.80150229288712
-7.569461827284105	39.320460873496984
-7.55944931163955	39.714465385993165
-7.5494367959949935	39.95347110889791
-7.539424280350438	40.09560261104351
-7.529411764705882	40.18829945263261
-7.519399249061326	40.22296219029742
-7.509386733416771	40.20445384981271
-7.499374217772215	40.19641238177203
-7.48936170212766	40.25497614681451
-7.479349186483104	40.38097347602241
-7.4693366708385485	40.51133549717912
-7.459324155193992	40.57643686130195
-7.449311639549437	40.543251994392094
-7.439299123904881	40.39457268021203
-7.429286608260325	40.09209266908644
-7.41927409261577	39.58108568646223
-7.409261576971214	38.81562784067401
-7.399249061326659	37.80354123336001
-7.3892365456821025	36.65266516385015
-7.3792240300375465	35.42106148259233
-7.369211514392991	34.083864820535695
-7.359198998748435	32.6748703738148
-7.34918648310388	31.286999633326793
-7.339173967459324	30.03310232264705
-7.329161451814769	29.010615426540948
-7.319148936170213	28.27404987655182
-7.3091364205256575	28.333904293417316
-7.299123904881101	29.526059542281583
-7.289111389236545	31.73446224030477
-7.27909887359199	34.40469185756479
-7.269086357947434	37.35147525073862
-7.259073842302879	40.3064567064279
-7.249061326658323	43.61511723864701
-7.239048811013767	46.98052578613216
-7.2290362953692116	49.872107762950044
-7.2190237797246555	52.37221891513565
-7.2090112640801	54.81803642530772
-7.198998748435544	57.23044190269493
-7.188986232790989	59.494258782142964
-7.178973717146433	61.51595130511017
-7.168961201501878	63.233825143274686
-7.158948685857322	64.66868473178707
-7.148936170212766	65.82461710330479
-7.13892365456821	66.62098018482708
-7.128911138923654	67.02194359102295
-7.118898623279099	67.14906012448525
-7.108886107634543	67.09685841765963
-7.098873591989987	66.91048469896653
-7.088861076345432	66.66895879470408
-7.078848560700876	66.46530187286757
-7.068836045056321	66.33848251181513
-7.0588235294117645	66.22320459150588
-7.048811013767209	66.00976222516744
-7.038798498122653	65.62176677687795
-7.028785982478098	65.06735350555775
-7.018773466833542	64.47160474645179
-7.008760951188986	64.00060280632975
-6.998748435544431	63.763066386358844
-6.988735919899875	63.78437164928717
-6.9787234042553195	63.98391658616182
-6.968710888610763	64.24172384898486
-6.958698372966207	64.53298974488042
-6.948685857321652	64.8745496431929
-6.938673341677096	65.3554282898366
-6.928660826032541	66.05173703246332
-6.918648310387985	66.97546882131758
-6.908635794743429	68.06380404693778
-6.8986232790988735	69.13708337687632
-6.888610763454318	70.06967449324029
-6.878598247809762	70.9297655898931
-6.868585732165206	71.85082633263356
-6.858573216520651	72.84869868678102
-6.848560700876095	73.82010843664126
-6.83854818523154	74.68748114859
-6.828535669586984	75.50515439246621
-6.818523153942428	76.31501553379522
-6.808510638297872	77.12691296233498
-6.798498122653316	77.97568616322887
-6.788485607008761	78.91355594582319
-6.778473091364205	80.01968912145993
-6.768460575719649	81.31545926321746
-6.758448060075094	82.76834869937798
-6.748435544430539	84.14475837688724
-6.7384230287859825	85.19608091517692
-6.7284105131414265	85.93443670620395
-6.718397997496871	86.46696022840624
-6.708385481852315	86.84161163191953
-6.69837296620776	87.02185949173469
-6.688360450563204	86.9214474467019
-6.678347934918648	86.46078565138545
-6.668335419274093	85.63141995378881
-6.658322903629537	84.44950057415055
-6.648310387984981	82.94720373204927
-6.638297872340425	81.21706709495771
-6.628285356695869	79.31794538677741
-6.618272841051314	77.1677693184466
-6.608260325406759	74.63034805520199
-6.598247809762203	71.76263933419774
-6.588235294117647	68.63521593535722
-6.578222778473092	65.57463639467107
-6.5682102628285355	62.9064877378101
-6.55819774718398	60.81333328543245
-6.548185231539424	59.115517131083855
-6.538172715894868	57.61303504156619
-6.528160200250313	56.24383318932423
-6.518147684605757	54.86385566220547
-6.508135168961202	53.259988704345595
-6.498122653316646	51.417084110941914
-6.4881101376720896	49.51438663590548
-6.478097622027534	47.69222462614089
-6.468085106382979	45.96720132684589
-6.458072590738423	44.30018326168628
-6.448060075093867	42.66600803252252
-6.438047559449312	41.10043955299514
-6.428035043804756	39.64148206601502
-6.418022528160201	38.27168781405962
-6.4080100125156445	36.96450113651103
-6.397997496871088	35.74270236665308
-6.387984981226533	34.64139649875371
-6.377972465581977	33.71466187896539
-6.367959949937422	33.0458564826375
-6.357947434292866	32.63042012415029
-6.34793491864831	32.40614198137463
-6.337922403003755	32.33101221852716
-6.3279098873591995	32.325468209813096
-6.317897371714643	32.286945555910044
-6.307884856070087	32.16811506017782
-6.297872340425532	32.00565035325014
-6.287859824780976	31.869125032846622
-6.277847309136421	31.776417627954004
-6.267834793491865	31.713082202266683
-6.257822277847309	31.6814795677034
-6.2478097622027535	31.6995351015537
-6.2377972465581975	31.851562745792805
-6.227784730913642	32.182094806111174
-6.217772215269086	32.754108529210875
-6.20775969962453	33.74282028697199
-6.197747183979975	35.21261068134212
-6.18773466833542	37.37708269437474
-6.177722152690864	40.570393662967774
-6.167709637046308	44.890084459986426
-6.157697121401752	49.7313749079383
-6.147684605757196	54.474297441783726
-6.137672090112641	59.21465653410215
-6.127659574468085	63.83694992323422
-6.117647058823529	68.00670187978423
-6.107634543178974	71.5376923250302
-6.097622027534418	74.54336656122499
-6.0876095118898625	77.21236347454597
-6.0775969962453065	79.66722239526416
-6.06758448060075	81.96337927500319
-6.057571964956195	84.06347488801285
-6.04755944931164	85.95683797437785
-6.037546933667084	87.64126647703698
-6.027534418022528	89.12593440057236
-6.017521902377973	90.37303584962133
-6.007509386733417	91.31411104499311
-5.997496871088861	92.02257841363965
-5.987484355444305	92.64052556265317
-5.977471839799749	93.27318381884132
-5.967459324155194	93.99196791542171
-5.957446808510639	94.72562413544291
-5.947434292866083	95.35083394307973
-5.937421777221527	95.80710073333407
-5.927409261576971	96.02622707385594
-5.9173967459324155	96.11407613831376
-5.90738423028786	96.29421779822395
-5.897371714643304	96.56665103640128
-5.887359198998748	96.78576600531144
-5.877346683354192	96.86938412231686
-5.867334167709637	96.78478533338122
-5.857321652065082	96.48843705499905
-5.847309136420526	96.04234255439356
-5.83729662077597	95.55827874751832
-5.827284105131414	95.13358719406287
-5.817271589486858	94.72991819983879
-5.807259073842303	94.42203701424498
-5.797246558197747	94.17313680593006
-5.787234042553191	93.89533510944719
-5.777221526908636	93.45866548015773
-5.767209011264081	92.76076946936392
-5.7571964956195245	91.97448725942651
-5.747183979974968	91.25248666727421
-5.737171464330412	90.69831863168932
-5.727158948685857	90.1532477258964
-5.717146433041302	89.48063872485395
-5.707133917396746	88.6089002305651
-5.69712140175219	87.58244647703772
-5.687108886107635	86.48051983979235
-5.677096370463079	85.33474813933228
-5.667083854818523	84.08385328967357
-5.657071339173967	82.594124420386
-5.647058823529411	80.78017508356874
-5.637046307884856	78.63481245798917
-5.627033792240301	76.21407717551973
-5.617021276595745	73.64087529056418
-5.607008760951189	71.10354539475375
-5.596996245306633	69.03038332143593
-5.5869837296620775	67.50798067627592
-5.576971214017522	66.41529095172865
-5.566958698372966	65.61804107465176
-5.55694618272841	65.07128748188836
-5.546933667083855	64.79002191272572
-5.536921151439299	64.66215887889918
-5.526908635794744	64.59843728980105
-5.516896120150188	64.5619877438466
-5.5068836045056315	64.52175280241565
-5.496871088861076	64.43413833329822
-5.486858573216521	63.91371795314434
-5.476846057571965	63.50067539885441
-5.466833541927409	63.07848234032833
-5.456821026282853	61.8965506360111
-5.446808510638298	60.094599889850116
-5.4367959949937426	58.8133416951572
-5.4267834793491865	58.21964436810141
-5.41677096370463	58.192060846913044
-5.406758448060075	58.11670742829701
-5.396745932415519	58.32595064840289
-5.386733416770964	58.2617702348697
-5.376720901126408	58.24528577758919
-5.366708385481852	58.271920684052276
-5.356695869837297	58.2969363115335
-5.346683354192741	58.3804264624975
-5.336670838548185	58.58021473148064
-5.326658322903629	58.78585729452057
-5.316645807259073	59.133862888572004
-5.306633291614518	59.68949848740511
-5.296620775969963	60.54485128214845
-5.286608260325407	61.81904775075535
-5.276595744680851	63.53669146305603
-5.2665832290362955	65.67575976360861
-5.256570713391739	68.24678097288776
-5.246558197747184	70.82632009481007
-5.236545682102628	73.14876382963074
-5.226533166458072	75.26699949221944
-5.216520650813517	77.18070871721446
-5.206508135168962	78.87659087479739
-5.196495619524406	80.33429343865089
-5.18648310387985	81.49968795437935
-5.1764705882352935	82.54968657958972
-5.166458072590738	83.59112389209186
-5.156445556946183	84.52469704422708
-5.146433041301627	85.2290356419652
-5.136420525657071	85.707272891711
-5.126408010012516	86.05000701877238
-5.11639549436796	86.24388118058171
-5.1063829787234045	86.2815030800233
-5.0963704630788484	86.20118734881727
-5.086357947434292	86.13688514737518
-5.076345431789737	86.10574723185633
-5.066332916145182	85.97289304816796
-5.056320400500626	85.64492386832721
-5.04630788485607	85.15579343779034
-5.036295369211514	84.53666113066535
-5.026282853566959	83.90708267766298
-5.016270337922403	83.25697463414136
-5.006257822277847	82.54122028893347
-4.996245306633291	81.78892086450038
-4.986232790988735	80.99534883923891
-4.97622027534418	80.17312972879525
-4.966207759699625	79.31450743445677
-4.956195244055069	78.26423746759819
-4.946182728410513	76.9018719066554
-4.9361702127659575	75.255392480774
-4.926157697121402	73.41432273926644
-4.916145181476846	71.54894038088555
-4.90613266583229	69.68650309910907
-4.896120150187734	67.72409142001796
-4.886107634543179	65.62015552301311
-4.876095118898624	63.41509091607504
-4.866082603254068	61.09959264500866
-4.8560700876095115	58.57202966376226
-4.8460575719649555	55.78919457325443
-4.8360450563204	53.0969131910911
-4.826032540675845	50.740226150364414
-4.816020025031289	48.519124070183686
-4.806007509386733	46.4217022980551
-4.795994993742178	44.552465249738624
-4.785982478097623	42.91848063351471
-4.7759699624530665	41.40337602034644
-4.76595744680851	40.10986037201993
-4.755944931163954	39.133378446357646
-4.745932415519399	38.49851132071572
-4.735919899874844	38.09327448550256
-4.725907384230288	37.87332290222766
-4.715894868585732	37.69849965396602
-4.705882352941176	37.516209070692724
-4.6958698372966206	37.449144975322376
-4.685857321652065	37.41406176803575
-4.675844806007509	37.38932143213567
-4.665832290362953	37.37101003465273
-4.655819774718398	37.357098373661444
-4.645807259073843	37.346208151785994
-4.635794743429287	37.33741978290828
-4.625782227784731	37.33013108019543
-4.615769712140175	37.32394596886027
-4.605757196495619	37.31859868254344
-4.595744680851064	37.31390591375961
-4.585732165206508	37.309737441772185
-4.575719649561952	37.305998109587506
-4.565707133917396	37.30261659350582
-4.555694618272841	37.29953823444127
-4.545682102628286	37.296720331054914
-4.53566958698373	37.29412895832193
-4.5256570713391735	37.291736757179144
-4.515644555694618	37.28952136058559
-4.505632040050063	37.2874642488757
-4.495619524405507	37.285549902593374
-4.485607008760951	37.283765166445015
-4.475594493116395	37.282098766159415
-4.46558197747184	37.28054093796818
-4.4555694618272845	37.27908314216914
-4.4455569461827285	37.27771784015429
-4.435544430538172	37.276438319755705
-4.425531914893616	37.27523855763762
-4.415519399249061	37.274113110252955
-4.405506883604506	37.27305702693142
-4.39549436795995	37.27206578018435
-4.385481852315394	37.27113520945266
-4.375469336670839	37.270261475387144
-4.365456821026283	37.26944102240809
-4.355444305381727	37.268670547794464
-4.345431789737171	37.2679469759415
-4.335419274092615	37.2672674367231
-4.32540675844806	37.26662924713001
-4.315394242803505	37.26602989553178
-4.305381727158949	37.26546702805299
-4.295369211514393	37.264938436662746
-4.285356695869837	37.264442048661074
-4.275344180225281	37.2639759173136
-4.265331664580726	37.263538213437634
-4.25531914893617	37.263127217783534
-4.245306633291614	37.262741314087435
-4.235294117647059	37.26237898269691
-4.225281602002504	37.262038794690106
-4.215269086357948	37.261719406425144
-4.2052565707133915	37.26141955446835
-4.1952440550688355	37.261138050859344
-4.18523153942428	37.260873778679056
-4.175219023779725	37.26062568789189
-4.165206508135169	37.260392791438605
-4.155193992490613	37.26017416155995
-4.145181476846057	37.259968926333364
-4.135168961201502	37.259776266408636
-4.1251564455569465	37.259595411928956
-4.11514392991239	37.25942563962608
-4.105131414267834	37.259266270079145
-4.095118898623279	37.259116665127834
-4.085106382978723	37.258976225430985
-4.075093867334168	37.2588443881631
-4.065081351689612	37.25872062484098
-4.055068836045056	37.258604439273725
-4.045056320400501	37.25849536562942
-4.035043804755945	37.258392966612575
-4.025031289111389	37.258296831746065
-4.015018773466833	37.258206575752524
-4.005006257822277	37.258121837029435
-3.994993742177722	37.258042276213196
-3.9849812265331668	37.257967574827184
-3.9749687108886107	37.25789743400939
-3.9649561952440546	37.25783157331521
-3.9549436795994994	37.25776972959117
-3.9449311639549434	37.257711655915905
-3.934918648310388	37.25765712060511
-3.924906132665832	37.25760247349022
-3.914893617021277	36.84660519141629
-3.904881101376721	36.55835300489315
-3.8948685857321648	36.23243486338317
-3.8848560700876096	35.58544461127986
-3.8748435544430535	34.307124025830156
-3.8648310387984983	31.986563681158955
-3.8548185231539422	30.452730193903793
-3.844806007509387	29.341206193747382
-3.834793491864831	27.372341719103815
-3.824780976220275	26.29151147814984
-3.8147684605757197	26.605549335968735
-3.8047559449311636	27.681379453123622
-3.7947434292866085	28.65807745271211
-3.7847309136420524	28.78632818298126
-3.774718397997497	29.434747155788543
-3.764705882352941	29.713023133637137
-3.754693366708385	30.15623900138643
-3.74468085106383	30.210179250011723
-3.734668335419274	30.210190781300838
-3.7246558197747186	30.210203041499483
-3.7146433041301625	30.210216080792485
-3.7046307884856065	30.21022995293542
-3.6946182728410513	30.210244715609086
-3.684605757196495	30.210260430713625
-3.67459324155194	30.21027716468473
-3.664580725907384	30.210294988833294
-3.6545682102628287	30.210313979709916
-3.6445556946182727	30.21033421949628
-3.6345431789737166	30.210355796424988
-3.6245306633291614	30.210378805229947
-3.6145181476846053	30.210403347629065
-3.60450563204005	30.210429532841694
-3.594493116395494	30.21045747814265
-3.584480600750939	30.210487309455342
-3.574468085106383	30.210519161986497
-3.5644555694618267	30.210553180904803
-3.5544430538172715	30.210589522066087
-3.5444305381727155	30.210628352788316
-3.5344180225281603	30.210669852678336
-3.524405506883604	30.21071421451452
-3.514392991239049	30.210761645187674
-3.504380475594493	30.210812366704236
-3.494367959949937	30.210866617255192
-3.4843554443053817	30.210924652354855
-3.4743429286608256	30.210986746054296
-3.4643304130162704	30.211053192234335
-3.4543178973717144	30.21112430598452
-3.444305381727159	30.21120042507514
-3.434292866082603	30.211281911531177
-3.424280350438047	30.211369153319428
-3.414267834793492	30.211462566162652
-3.4042553191489358	30.21156259549872
-3.3942428035043806	30.21166971860852
-3.3842302878598245	30.211784446942758
-3.3742177722152693	30.21190732868864
-3.3642052565707132	30.212038951629587
-3.354192740926157	30.21217994636944
-3.344180225281602	30.212330990015
-3.334167709637046	30.212492810443273
-3.3241551939924907	30.212666191320068
-3.3141426783479346	30.212851978092647
-3.3041301627033794	30.2130510852533
-3.2941176470588234	30.213264505267546
-3.2841051314142673	30.213493319693907
-3.274092615769712	30.21373871319443
-3.264080100125156	30.21400199137197
-3.254067584480601	30.21428460368107
-3.2440550688360448	30.214588173082422
-3.2340425531914896	30.2149145346772
-3.2240300375469335	30.215265786326167
-3.2140175219023774	30.215644355301357
-3.2040050062578223	30.21605308644218
-3.193992490613266	30.216495359241208
-3.183979974968711	30.2169752439837
-3.173967459324155	30.217497710811763
-3.1639549436795997	30.218068910834578
-3.1539424280350437	30.21869655581096
-3.1439299123904876	30.219390433482335
-3.1339173967459324	30.22016311081445
-3.1239048811013763	30.221030899503646
-3.113892365456821	30.222015190690602
-3.103879849812265	30.22314431459654
-3.09386733416771	30.224456155025607
-3.083854818523154	30.226001863776904
-3.0738423028785977	30.227851202182
-3.0638297872340425	30.230100331664847
-3.0538172715894865	30.232883362583895
-3.0438047559449313	30.23638979350581
-3.033792240300375	30.240891384711755
-3.02377972465582	30.246784441863905
-3.013767209011264	30.25465758971892
-3.003754693366708	30.265401556324846
-2.9937421777221527	30.280386091335046
-2.9837296620775966	30.3017400269922
-2.9737171464330414	30.33281656995887
-2.9637046307884853	30.379248735054208
-2.95369211514393	30.452119636225625
-2.943679599499374	30.573465171497432
-2.933667083854818	30.768254359451948
-2.923654568210263	31.071469837256114
-2.9136420525657067	31.646258683464207
-2.9036295369211516	32.296176551459865
-2.8936170212765955	32.97929948921634
-2.8836045056320403	33.85281930442518
-2.873591989987484	35.014795030806
-2.863579474342928	36.42836137044563
-2.853566958698373	38.04499223828735
-2.843554443053817	39.72287227020008
-2.8335419274092617	41.465727909505425
-2.8235294117647056	43.36401394978333
-2.8135168961201504	45.38730908032818
-2.8035043804755944	47.47036965772314
-2.7934918648310383	49.47769989844378
-2.783479349186483	51.31030623886305
-2.773466833541927	52.92493249686235
-2.763454317897372	54.19273215735984
-2.7534418022528158	55.02973334365
-2.7434292866082606	55.39313791004823
-2.7334167709637045	55.32035862966097
-2.7234042553191484	54.90332370524689
-2.7133917396745932	54.22775593320263
-2.703379224030037	53.344915197944296
-2.693366708385482	52.25045203712421
-2.683354192740926	50.945828555399615
-2.6733416770963707	49.46177911964592
-2.6633291614518146	47.757990412976966
-2.6533166458072586	45.810219128520735
-2.6433041301627034	43.67436018557378
-2.6332916145181473	41.348071204417515
-2.623279098873592	38.87289212603411
-2.613266583229036	36.40402603006641
-2.603254067584481	34.16502462612279
-2.593241551939925	32.21686994474874
-2.5832290362953687	30.631232227924638
-2.5732165206508135	29.29983593955619
-2.5632040050062574	28.180744663449637
-2.5531914893617023	27.373106444380607
-2.543178973717146	26.806261529968967
-2.533166458072591	26.35667419754923
-2.523153942428035	26.027781454760163
-2.513141426783479	25.778335202864792
-2.5031289111389237	25.55974769106053
-2.4931163954943676	25.39106536431376
-2.4831038798498124	25.312915640688036
-2.4730913642052563	25.274555231264948
-2.463078848560701	25.24954041343721
-2.453066332916145	25.23129197634742
-2.443053817271589	25.217452639847487
-2.433041301627034	25.20670596993098
-2.4230287859824777	25.198182785333195
-2.4130162703379225	25.19128385433685
-2.4030037546933665	25.185589348628834
-2.3929912390488113	25.180801328205458
-2.382978723404255	25.176705509760406
-2.372966207759699	25.173145663525826
-2.362953692115144	25.170006378581597
-2.352941176470588	25.167201359466596
-2.3429286608260327	25.164665382084358
-2.3329161451814766	25.16234868513418
-2.3229036295369214	25.16021299911093
-2.3128911138923653	25.158228690808407
-2.3028785982478093	25.156372321493496
-2.292866082603254	25.13267391508743
-2.282853566958698	24.940399548934426
-2.272841051314143	24.915903525609515
-2.2628285356695867	24.577176105603268
-2.2528160200250316	24.524495513317685
-2.2428035043804755	23.938670074915883
-2.2327909887359194	22.830812119292155
-2.2227784730913642	21.615632604034914
-2.212765957446808	20.897182478884343
-2.202753441802253	20.54456830413465
-2.192740926157697	20.158803322650474
-2.1827284105131417	20.02316187740502
-2.1727158948685856	20.061721722520527
-2.1627033792240296	20.355856725301116
-2.1526908635794744	20.371230762637747
-2.1426783479349183	20.404566676286155
-2.132665832290363	20.44836533369593
-2.122653316645807	20.464946947647572
-2.112640801001252	20.470443603029953
-2.1026282853566958	20.474653412705166
-2.0926157697121397	20.479175490692217
-2.0826032540675845	20.484038350050728
-2.0725907384230284	20.48927345040789
-2.0625782227784732	20.494915808763526
-2.052565707133917	20.50100479906384
-2.042553191489362	20.507585326530855
-2.032540675844806	20.514709593894555
-2.02252816020025	20.522439812690973
-2.0125156445556946	20.530852447842953
-2.0025031289111386	20.54004501311865
-1.9924906132665834	20.550147284571633
-1.9824780976220273	20.56134066109856
-1.9724655819774712	20.573893961586354
-1.962453066332916	20.58823624624127
-1.95244055068836	20.605122388763355
-1.9424280350438048	20.626045673807216
-1.9324155193992487	20.654265969228348
-1.9224030037546935	20.69672944390858
-1.9123904881101375	20.764689092549627
-1.9023779724655814	20.872566906634535
-1.8923654568210262	21.005684140264236
-1.8823529411764701	21.18056437988762
-1.872340425531915	21.453179402540275
-1.8623279098873589	21.884630729156626
-1.8523153942428037	22.47069708664376
-1.8423028785982476	23.177575738897662
-1.8322903629536915	24.02709349121122
-1.8222778473091363	25.019326073911817
-1.8122653316645803	26.088989065261266
-1.802252816020025	27.236966513543432
-1.792240300375469	28.461401419434516
-1.7822277847309138	29.697232403626053
-1.7722152690863577	30.886552198503637
-1.7622027534418017	32.00166204475396
-1.7521902377972465	33.005865360652955
-1.7421777221526904	33.84431593071404
-1.7321652065081352	34.49747804713169
-1.7221526908635791	35.012584954585904
-1.712140175219024	35.37771349724827
-1.7021276595744679	35.49866612582995
-1.6921151439299118	35.32776950322959
-1.6821026282853566	34.91924594784576
-1.6720901126408005	34.34304612872305
-1.6620775969962454	33.55391315684358
-1.6520650813516893	32.45240802103821
-1.642052565707134	31.064243993421815
-1.632040050062578	29.56788880412706
-1.622027534418022	28.050254237993347
-1.6120150187734668	26.566313643327835
-1.6020025031289107	25.307879081918422
-1.5919899874843555	24.346317240616056
-1.5819774718397994	23.570759412089227
-1.5719649561952442	22.936506926647212
-1.5619524405506882	22.43100801009221
-1.551939924906132	22.02060078966442
-1.541927409261577	21.69863639374011
-1.5319148936170208	21.489241853500957
-1.5219023779724656	21.35660242630534
-1.5118898623279096	21.44017303430238
-1.5018773466833544	21.61673705478876
-1.4918648310387983	22.006536614793056
-1.4818523153942422	23.135533594388235
-1.471839799749687	25.03946208492383
-1.461827284105131	28.123232642650645
-1.4518147684605758	31.65316935793278
-1.4418022528160197	35.67974340453438
-1.4317897371714645	39.00715647019411
-1.4217772215269084	42.704384093638154
-1.4117647058823524	45.88541074786445
-1.4017521902377972	47.3807004957628
-1.391739674593241	48.03665508205847
-1.381727158948686	48.51787966111221
-1.3717146433041298	48.83797101933295
-1.3617021276595747	49.15685846277974
-1.3516896120150186	49.506820072301814
-1.3416770963704625	50.013031244328225
-1.3316645807259073	50.766908965663234
-1.3216520650813512	51.83337127660966
-1.311639549436796	53.35760457777841
-1.30162703379224	55.25706594139024
-1.2916145181476848	57.19554688164837
-1.2816020025031287	59.28177152566643
-1.2715894868585726	61.42651892660499
-1.2615769712140175	63.436473453464416
-1.2515644555694614	65.39161486473536
-1.2415519399249062	67.35801418808059
-1.2315394242803501	69.36903831965331
-1.221526908635795	71.3985138318981
-1.2115143929912389	73.24219163560119
-1.2015018773466828	74.82277813482551
-1.1914893617021276	76.25601806863321
-1.1814768460575715	77.63329321930033
-1.1714643304130163	78.89244017978109
-1.1614518147684603	80.05132988476593
-1.151439299123905	81.23176297311234
-1.141426783479349	82.42289834883306
-1.131414267834793	83.53096718564956
-1.1214017521902377	84.49749935358913
-1.1113892365456817	85.37741123845494
-1.1013767209011265	86.04840359510166
-1.0913642052565704	86.48625817060103
-1.0813516896120152	86.80089330820928
-1.0713391739674591	87.04677330549934
-1.061326658322903	87.28049585027864
-1.0513141426783479	87.52822908679069
-1.0413016270337918	87.63897031270463
-1.0312891113892366	87.55729342510358
-1.0212765957446805	87.25336353770777
-1.0112640801001254	86.92327320996264
-1.0012515644555693	86.84653698319254
-0.9912390488110132	86.8328471838318
-0.981226533166458	86.63038922437262
-0.971214017521902	86.24429748758057
-0.9612015018773468	85.64729658588975
-0.9511889862327907	84.93177805156137
-0.9411764705882355	84.40722944820457
-0.9311639549436794	84.05560300401191
-0.9211514392991234	83.58730917154753
-0.9111389236545682	82.92366851534814
-0.9011264080100121	81.96127050747717
-0.8911138923654569	80.64931732669635
-0.8811013767209008	79.15072500209642
-0.8710888610763456	77.71811261969788
-0.8610763454317896	76.28171787795763
-0.8510638297872335	74.81867895202743
-0.8410513141426783	73.22705449965221
-0.8310387984981222	71.39584249801038
-0.821026282853567	69.28736420424698
-0.811013767209011	66.86251887260907
-0.8010012515644558	64.18438800134628
-0.7909887359198997	61.375367821650116
-0.7809762202753436	58.67720224594069
-0.7709637046307884	56.55848479484548
-0.7609511889862324	55.061423082286744
-0.7509386733416772	53.974965996525455
-0.7409261576971211	52.76945326029574
-0.7309136420525659	51.68890675664245
-0.7209011264080099	50.731280498119624
-0.7108886107634538	50.220129771988844
-0.7008760951188986	50.521648184554294
-0.6908635794743425	51.25377185421443
-0.6808510638297873	52.22764976904082
-0.6708385481852313	53.223779056481256
-0.6608260325406761	54.00247338373651
-0.65081351689612	54.9254410119405
-0.6408010012515639	56.07440774179434
-0.6307884856070087	57.230034651287376
-0.6207759699624527	58.29310141109274
-0.6107634543178975	59.22895095088892
-0.6007509386733414	60.072640704620355
-0.5907384230287862	60.82061429496361
-0.5807259073842301	61.41173453596427
-0.5707133917396741	61.72061620362723
-0.5607008760951189	61.67054685196898
-0.5506883604505628	61.319522134145174
-0.5406758448060076	60.6354931596944
-0.5306633291614515	59.621918793428144
-0.5206508135168963	58.42841181136495
-0.5106382978723403	57.20534434596726
-0.5006257822277842	55.94882446489179
-0.490613266583229	54.66968131050707
-0.48060075093867294	53.43314817395752
-0.47058823529411775	52.365017489373294
-0.4605757196495617	51.57871268801927
-0.4505632040050065	51.023643666640176
-0.4405506883604504	50.53820584098236
-0.43053817271589434	50.02091592361603
-0.42052565707133915	49.36924607825281
-0.4105131414267831	48.56512336553304
-0.4005006257822279	47.66838265117587
-0.3904881101376718	46.70023845068403
-0.38047559449311663	45.65922980644677
-0.37046307884856056	44.60163326169635
-0.3604505632040045	43.67934596909154
-0.3504380475594493	43.00305380578648
-0.3404255319148932	42.609482151231845
-0.33041301627033803	42.46688702167161
-0.32040050062578196	42.50244724431478
-0.3103879849812259	42.61657993531258
-0.3003754693366707	42.7176083176327
-0.2903629536921146	42.76790539044478
-0.28035043804755944	42.79695650992969
-0.27033792240300336	42.909281349017064
-0.2603254067584482	43.237445474766716
-0.2503128911138921	43.8277357072706
-0.24030037546933602	44.56929812141968
-0.23028785982478084	45.30672211828227
-0.22027534418022476	45.98150758770682
-0.21026282853566958	46.60932443300841
-0.2002503128911135	47.18568911233156
-0.19023779724655832	47.69627501129617
-0.18022528160200224	48.19573053113212
-0.17021276595744617	48.77848342693023
-0.16020025031289098	49.49154390757929
-0.1501877346683349	50.32247482029092
-0.14017521902377972	51.213875459310586
-0.13016270337922364	52.041779145481506
-0.12015018773466846	52.66297360258142
-0.11013767209011238	53.0186693994157
-0.10012515644555631	53.11791557764685
-0.09011264080100112	52.98777361358862
-0.08010012515644505	52.69880748556066
-0.07008760951188986	52.365532065602395
-0.060075093867333784	52.127010428919675
-0.0500625782227786	52.12727308330292
-0.04005006257822252	52.38952790249979
-0.030037546933666448	52.76965629265143
-0.02002503128911126	53.079713344124
-0.010012515644555187	53.21132894829342
0.0	53.156150623652465
