-8.0	26.396256804371113
-7.989987484355444	25.435789728493727
-7.979974968710889	24.575046582315835
-7.969962453066333	23.835367448602433
-7.9599499374217775	23.20919723801236
-7.949937421777221	22.688961583879625
-7.939924906132666	22.31727142132543
-7.92991239048811	22.126792486783764
-7.919899874843554	22.078454355903204
-7.909887359198999	22.178272566174538
-7.899874843554443	22.4353945602093
-7.889862327909888	22.818177274469857
-7.8798498122653315	23.284224700351615
-7.869837296620776	23.79047375207274
-7.85982478097622	24.307749219962474
-7.849812265331664	24.846837664945856
-7.839799749687109	25.445715973562095
-7.829787234042553	26.120739529809853
-7.819774718397998	26.864178078154065
-7.809762202753442	27.674008013442783
-7.7997496871088865	28.576927799071818
-7.78973717146433	29.616264950107794
-7.779724655819774	30.813131017834777
-7.769712140175219	32.152753930103266
-7.759699624530663	33.58398163183828
-7.749687108886108	35.064810264153294
-7.739674593241552	36.59168338047762
-7.729662077596997	38.16703665393849
-7.719649561952441	39.80625828968954
-7.7096370463078845	41.53403430282407
-7.699624530663329	43.32434182303871
-7.689612015018773	45.07818955015413
-7.679599499374218	46.67280694028339
-7.669586983729662	48.04934964731605
-7.659574468085107	49.21771711252015
-7.649561952440551	50.17350769053172
-7.639549436795995	50.91679633913076
-7.629536921151439	51.53075667113702
-7.619524405506883	52.090547767323244
-7.609511889862328	52.62363251713254
-7.599499374217772	53.11651848226825
-7.589486858573217	53.51861763254997
-7.579474342928661	53.80882756667011
-7.569461827284105	53.995737006949184
-7.55944931163955	54.11287717319942
-7.5494367959949935	54.22184077327747
-7.539424280350438	54.37612847679986
-7.529411764705882	54.64292988463011
-7.519399249061326	55.09873685313103
-7.509386733416771	55.76545562808387
-7.499374217772215	56.60848462674758
-7.48936170212766	57.55288284425891
-7.479349186483104	58.533196850305075
-7.4693366708385485	59.53810474256572
-7.459324155193992	60.54018895616959
-7.449311639549437	61.45097407986009
-7.439299123904881	62.1532804471009
-7.429286608260325	62.545041576063745
-7.41927409261577	62.63918690992572
-7.409261576971214	62.59682468274756
-7.399249061326659	62.61582445974014
-7.3892365456821025	62.73122914230535
-7.3792240300375465	62.74722056402342
-7.369211514392991	62.582371231866624
-7.359198998748435	62.63390785699665
-7.34918648310388	63.316733102680324
-7.339173967459324	64.55323198056624
-7.329161451814769	66.23867249018272
-7.319148936170213	68.41645787801289
-7.3091364205256575	70.9571562025271
-7.299123904881101	73.60895271149629
-7.289111389236545	76.23534098548019
-7.27909887359199	78.8277144633565
-7.269086357947434	81.22601284699488
-7.259073842302879	83.33006390006048
-7.249061326658323	85.24403760873695
-7.239048811013767	86.94554888587804
-7.2290362953692116	88.21999743821276
-7.2190237797246555	89.01376459552262
-7.2090112640801	89.44659816128254
-7.198998748435544	89.6798997772753
-7.188986232790989	89.92229335862028
-7.178973717146433	90.25016031861371
-7.168961201501878	90.52124398118447
-7.158948685857322	90.65066728769538
-7.148936170212766	90.75441644241576
-7.13892365456821	90.89612629844214
-7.128911138923654	91.09774148097502
-7.118898623279099	91.2735911138532
-7.108886107634543	91.24929761911439
-7.098873591989987	90.9788059215411
-7.088861076345432	90.45475546690886
-7.078848560700876	89.72342562883158
-7.068836045056321	88.98860534590062
-7.0588235294117645	88.40660068942383
-7.048811013767209	87.98009568340315
-7.038798498122653	87.55697305798725
-7.028785982478098	86.89118837150194
-7.018773466833542	85.88563890381377
-7.008760951188986	84.65148387477542
-6.998748435544431	83.49736854949208
-6.988735919899875	82.6218456112483
-6.9787234042553195	81.85484396186692
-6.968710888610763	80.85488442443176
-6.958698372966207	79.4238233371862
-6.948685857321652	77.70511638134037
-6.938673341677096	75.90225115348363
-6.928660826032541	74.12673004357227
-6.918648310387985	72.376058378438
-6.908635794743429	70.66802280931944
-6.8986232790988735	69.09093611027144
-6.888610763454318	67.72438803787891
-6.878598247809762	66.63756181685741
-6.868585732165206	65.83025662945062
-6.858573216520651	65.2094804315236
-6.848560700876095	64.66478156718344
-6.83854818523154	64.20686333685903
-6.828535669586984	63.977662369979534
-6.818523153942428	63.91664603093319
-6.808510638297872	63.88877659540427
-6.798498122653316	63.887440162279084
-6.788485607008761	63.95648568466321
-6.778473091364205	64.1047609433123
-6.768460575719649	64.22145616445967
-6.758448060075094	64.3515237967174
-6.748435544430539	64.65959455436936
-6.7384230287859825	65.25494422491786
-6.7284105131414265	66.19577345375194
-6.718397997496871	67.35051841788666
-6.708385481852315	68.51982197840658
-6.69837296620776	69.66300404346467
-6.688360450563204	70.83449612334402
-6.678347934918648	71.95804818057479
-6.668335419274093	72.88345823395747
-6.658322903629537	73.62656030013993
-6.648310387984981	74.2526317387816
-6.638297872340425	74.85846299031626
-6.628285356695869	75.65915681945148
-6.618272841051314	76.6256570363415
-6.608260325406759	77.54313207541354
-6.598247809762203	78.30017607298412
-6.588235294117647	78.89667209508544
-6.578222778473092	79.27059489229454
-6.5682102628285355	79.49366632595283
-6.55819774718398	79.90837384262119
-6.548185231539424	80.71380907127723
-6.538172715894868	81.85229320585066
-6.528160200250313	83.26549876894325
-6.518147684605757	84.91252303431204
-6.508135168961202	86.50747382873548
-6.498122653316646	87.69889009346181
-6.4881101376720896	88.48562943028777
-6.478097622027534	89.12417847602936
-6.468085106382979	89.78831176082666
-6.458072590738423	90.45808747806566
-6.448060075093867	91.0333932609034
-6.438047559449312	91.38729600015951
-6.428035043804756	91.37171130290925
-6.418022528160201	90.96506714282819
-6.4080100125156445	90.31109292219105
-6.397997496871088	89.61373520844563
-6.387984981226533	88.92631285615121
-6.377972465581977	88.16205122611765
-6.367959949937422	87.25141438943899
-6.357947434292866	85.99555509667901
-6.34793491864831	84.32254211468096
-6.337922403003755	82.4456843043898
-6.3279098873591995	80.55629827141722
-6.317897371714643	78.5799917033036
-6.307884856070087	76.34541122025179
-6.297872340425532	73.89773039774299
-6.287859824780976	71.30926386878878
-6.277847309136421	68.57658376372443
-6.267834793491865	65.72310167609302
-6.257822277847309	62.79020179004693
-6.2478097622027535	59.81095694620735
-6.2377972465581975	56.857598674202926
-6.227784730913642	54.06216494589672
-6.217772215269086	51.480381856853874
-6.20775969962453	49.080954295616955
-6.197747183979975	46.82695579289523
-6.18773466833542	44.74802831840403
-6.177722152690864	42.918077466893145
-6.167709637046308	41.40121627531734
-6.157697121401752	40.20353747522501
-6.147684605757196	39.24335195713373
-6.137672090112641	38.39307488193917
-6.127659574468085	37.566446128896345
-6.117647058823529	36.76338356410898
-6.107634543178974	36.0502727575504
-6.097622027534418	35.524914738991406
-6.0876095118898625	35.30779087509821
-6.0775969962453065	35.51625768524516
-6.06758448060075	36.2342657844656
-6.057571964956195	37.50113480380098
-6.04755944931164	39.3047060832284
-6.037546933667084	41.55543480260914
-6.027534418022528	44.08521359842177
-6.017521902377973	46.768234819957605
-6.007509386733417	49.58780120765127
-5.997496871088861	52.5752711015046
-5.987484355444305	55.6850815624946
-5.977471839799749	58.856870440810816
-5.967459324155194	62.017984073484584
-5.957446808510639	65.10797588630341
-5.947434292866083	68.14603941651941
-5.937421777221527	71.11342093082055
-5.927409261576971	73.93613798103245
-5.9173967459324155	76.57889533117175
-5.90738423028786	79.0236959030901
-5.897371714643304	81.18410313235032
-5.887359198998748	83.05389997437747
-5.877346683354192	84.72872848943177
-5.867334167709637	86.27333148012069
-5.857321652065082	87.75298201417937
-5.847309136420526	89.13930791023381
-5.83729662077597	90.25101008417538
-5.827284105131414	90.93343820324083
-5.817271589486858	91.27461828301819
-5.807259073842303	91.54419336147976
-5.797246558197747	91.79156244525835
-5.787234042553191	91.86269067007385
-5.777221526908636	91.68419113088842
-5.767209011264081	91.26376005569618
-5.7571964956195245	90.61529878155258
-5.747183979974968	89.72334949048583
-5.737171464330412	88.51803946801853
-5.727158948685857	86.93485797163417
-5.717146433041302	84.9948954675035
-5.707133917396746	82.78768171268628
-5.69712140175219	80.43396901052236
-5.687108886107635	78.14136401700688
-5.677096370463079	76.19059602004182
-5.667083854818523	74.76940689637422
-5.657071339173967	73.81278939842456
-5.647058823529411	73.15442730812971
-5.637046307884856	72.6699624970954
-5.627033792240301	72.21795085345177
-5.617021276595745	71.73516375037778
-5.607008760951189	71.20778035242019
-5.596996245306633	70.60036436513948
-5.5869837296620775	69.7627579613343
-5.576971214017522	69.0858199328843
-5.566958698372966	68.75326797577492
-5.55694618272841	69.04847849618409
-5.546933667083855	69.31069096675962
-5.536921151439299	69.71146076137374
-5.526908635794744	69.78767977202591
-5.516896120150188	69.8788614335174
-5.5068836045056315	70.25671659755191
-5.496871088861076	70.8802347779476
-5.486858573216521	71.8474312329943
-5.476846057571965	73.29822359591059
-5.466833541927409	75.21761254983676
-5.456821026282853	77.41567891722673
-5.446808510638298	79.59973860357431
-5.4367959949937426	81.64645159932293
-5.4267834793491865	83.59230751853787
-5.41677096370463	85.28221306787906
-5.406758448060075	86.58668385920075
-5.396745932415519	87.5535774010714
-5.386733416770964	88.26537213453346
-5.376720901126408	88.78403128701333
-5.366708385481852	89.12950581762058
-5.356695869837297	89.36175576634896
-5.346683354192741	89.54722875523666
-5.336670838548185	89.70868712182654
-5.326658322903629	89.87085758926965
-5.316645807259073	89.87309350238763
-5.306633291614518	89.53899091058655
-5.296620775969963	88.80741204753551
-5.286608260325407	87.86848320056443
-5.276595744680851	86.93502923198731
-5.2665832290362955	86.04707861527119
-5.256570713391739	85.19789462532935
-5.246558197747184	84.30897010066391
-5.236545682102628	83.27634130495258
-5.226533166458072	82.17882162787008
-5.216520650813517	81.03901551987049
-5.206508135168962	79.78748298190996
-5.196495619524406	78.31925207566229
-5.18648310387985	76.69422806976709
-5.1764705882352935	74.91574143188822
-5.166458072590738	72.86965780826104
-5.156445556946183	70.5963674638903
-5.146433041301627	68.16507731185355
-5.136420525657071	65.67288533296615
-5.126408010012516	63.32370816070219
-5.11639549436796	60.92200795420567
-5.1063829787234045	58.439034798088514
-5.0963704630788484	55.82489153919411
-5.086357947434292	53.09979960883356
-5.076345431789737	50.275777961014434
-5.066332916145182	47.755608682075376
-5.056320400500626	45.69032706819598
-5.04630788485607	43.90801636735894
-5.036295369211514	42.20009398406154
-5.026282853566959	40.70864749447002
-5.016270337922403	39.652102435870155
-5.006257822277847	38.931099821558014
-4.996245306633291	38.32568055007095
-4.986232790988735	37.79458038943228
-4.97622027534418	37.5469655873924
-4.966207759699625	37.42501784396179
-4.956195244055069	37.32903179577038
-4.946182728410513	37.23246253288052
-4.9361702127659575	37.150204138676685
-4.926157697121402	37.09738542358723
-4.916145181476846	37.0657411574146
-4.90613266583229	37.04467758198658
-4.896120150187734	37.028878669801706
-4.886107634543179	37.01608810269079
-4.876095118898624	37.005280131238806
-4.866082603254068	36.99591430440304
-4.8560700876095115	36.98766239739268
-4.8460575719649555	36.98030366564383
-4.8360450563204	36.97367978913351
-4.826032540675845	36.967672533007466
-4.816020025031289	36.96219111256029
-4.806007509386733	36.95716430680418
-4.795994993742178	36.952535208031186
-4.785982478097623	36.94825758298215
-4.7759699624530665	36.944293285475176
-4.76595744680851	36.940610384014526
-4.755944931163954	36.93718178864099
-4.745932415519399	36.93398423264715
-4.735919899874844	36.930997509775196
-4.725907384230288	36.92820389716507
-4.715894868585732	36.925587714454636
-4.705882352941176	36.92313498339256
-4.6958698372966206	36.920833162154985
-4.685857321652065	36.91867093555608
-4.675844806007509	36.916638047370505
-4.665832290362953	36.91472516462335
-4.655819774718398	36.91292376634464
-4.645807259073843	36.9112260512184
-4.635794743429287	36.90962485996881
-4.625782227784731	36.908113609366836
-4.615769712140175	36.90668623550624
-4.605757196495619	36.905337144564555
-4.595744680851064	36.90406116968399
-4.585732165206508	36.90285353291941
-4.575719649561952	36.901709811433605
-4.565707133917396	36.9006259072941
-4.555694618272841	36.89959802035747
-4.545682102628286	36.89862262382661
-4.53566958698373	36.89769644214302
-4.5256570713391735	36.89681643093373
-4.515644555694618	36.89597975877884
-4.505632040050063	36.89518379060151
-4.495619524405507	36.894426072509944
-4.485607008760951	36.89370431794449
-4.475594493116395	36.8930163950017
-4.46558197747184	36.892360314822426
-4.4555694618272845	36.89173422094387
-4.4455569461827285	36.89113637952718
-4.435544430538172	36.890565170380754
-4.425531914893616	36.89001907870828
-4.415519399249061	36.889496687517145
-4.405506883604506	36.88899667062952
-4.39549436795995	36.88851778624371
-4.385481852315394	36.88805887099868
-4.375469336670839	36.887618834498255
-4.365456821026283	36.88719665425671
-4.355444305381727	36.88679137102982
-4.345431789737171	36.88640208449938
-4.335419274092615	36.88602794928197
-4.32540675844806	36.88566817123508
-4.315394242803505	36.88532200403651
-4.305381727158949	36.884988746014656
-4.295369211514393	36.88466773720976
-4.285356695869837	36.884358356647425
-4.275344180225281	36.88406001980751
-4.265331664580726	36.8837721762734
-4.25531914893617	36.883494307547195
-4.245306633291614	36.88322592501793
-4.235294117647059	36.8829665680714
-4.225281602002504	36.88271580233047
-4.215269086357948	36.88247321801595
-4.2052565707133915	36.88223842841932
-4.1952440550688355	36.88201106847858
-4.18523153942428	36.881790793448246
-4.175219023779725	36.88157020780517
-4.165206508135169	36.258092150861806
-4.155193992490613	36.02780460744488
-4.145181476846057	35.5681388852002
-4.135168961201502	35.03808388568893
-4.1251564455569465	33.6161331222779
-4.11514392991239	31.897633796738912
-4.105131414267834	29.27494659511978
-4.095118898623279	25.88919076387911
-4.085106382978723	23.603838836125462
-4.075093867334168	19.591730636771803
-4.065081351689612	15.779933857615534
-4.055068836045056	13.579415054625914
-4.045056320400501	10.19542409487273
-4.035043804755945	7.559505496673518
-4.025031289111389	4.485416791250972
-4.015018773466833	3.2189217719395353
-4.005006257822277	1.7642855397622053
-3.994993742177722	1.3772837635998572
-3.9849812265331668	1.0805655870687292
-3.9749687108886107	0.8112904763158715
-3.9649561952440546	0.2835378260629796
-3.9549436795994994	0.13934240561541272
-3.9449311639549434	0.0
-3.934918648310388	0.0
-3.924906132665832	0.0
-3.914893617021277	0.0
-3.904881101376721	0.07581889850559376
-3.8948685857321648	0.14917601899870014
-3.8848560700876096	0.28317878697471827
-3.8748435544430535	0.2831995944863297
-3.8648310387984983	0.5003094193613988
-3.8548185231539422	0.5003094202271514
-3.844806007509387	0.6681556585818027
-3.834793491864831	0.8681471930175948
-3.824780976220275	1.2787499196172039
-3.8147684605757197	2.12202655215899
-3.8047559449311636	3.556738835054074
-3.7947434292866085	4.142789566234599
-3.7847309136420524	5.035609698170455
-3.774718397997497	7.72868845207321
-3.764705882352941	9.329751051929843
-3.754693366708385	10.28663341692769
-3.74468085106383	13.232022655205016
-3.734668335419274	14.85774467699592
-3.7246558197747186	17.18026894720926
-3.7146433041301625	19.196763427812748
-3.7046307884856065	20.751106596753047
-3.6946182728410513	21.29972570957907
-3.684605757196495	22.161029699190696
-3.67459324155194	22.630635405716095
-3.664580725907384	22.768981066950715
-3.6545682102628287	22.87544217294905
-3.6445556946182727	23.13251367155375
-3.6345431789737166	23.24323162572777
-3.6245306633291614	23.24366435965419
-3.6145181476846053	23.24383523518561
-3.60450563204005	23.244009725286286
-3.594493116395494	23.244187928313327
-3.584480600750939	23.24436994624267
-3.574468085106383	23.244555886517514
-3.5644555694618267	23.24474586252646
-3.5544430538172715	23.244939994128604
-3.5444305381727155	23.24513840823014
-3.5344180225281603	23.245341239417783
-3.524405506883604	23.24554863065437
-3.514392991239049	23.245760734042854
-3.504380475594493	23.245977711665727
-3.494367959949937	23.246199736507002
-3.4843554443053817	23.24642699346498
-3.4743429286608256	23.24665968046491
-3.4643304130162704	23.24689800968128
-3.4543178973717144	23.24714220888048
-3.444305381727159	23.247392522895957
-3.434292866082603	23.247649215248543
-3.424280350438047	23.247912569926584
-3.414267834793492	23.24818289334148
-3.4042553191489358	23.248460516475784
-3.3942428035043806	23.24874579724324
-3.3842302878598245	23.249039123081438
-3.3742177722152693	23.249340913800086
-3.3642052565707132	23.249651624710886
-3.354192740926157	23.24997175006688
-3.344180225281602	23.25030182684272
-3.334167709637046	23.250642438891017
-3.3241551939924907	23.250994221513743
-3.3141426783479346	23.25135786649279
-3.3041301627033794	23.25173412762953
-3.2941176470588234	23.252123826850475
-3.2841051314142673	23.25252786094446
-3.274092615769712	23.252947209007303
-3.264080100125156	23.25338294068451
-3.254067584480601	23.253836225317794
-3.2440550688360448	23.25430834212562
-3.2340425531914896	23.254800691575294
-3.2240300375469335	23.25531480814381
-3.2140175219023774	23.25585237471607
-3.2040050062578223	23.25641523893948
-3.193992490613266	23.25700543194947
-3.183979974968711	23.257625190013748
-3.173967459324155	23.25827697982848
-3.1639549436795997	23.258963528459343
-3.1539424280350437	23.25968785929201
-3.1439299123904876	23.260453335885753
-3.1339173967459324	23.2612637163909
-3.1239048811013763	23.262123222305398
-3.113892365456821	23.263036626982824
-3.103879849812265	23.264009371721937
-3.09386733416771	23.265047720867077
-3.083854818523154	23.266158972732804
-3.0738423028785977	23.26735175126778
-3.0638297872340425	23.26863641559912
-3.0538172715894865	23.270025643092485
-3.0438047559449313	23.271535269501634
-3.033792240300375	23.273185511789556
-3.02377972465582	23.27500276165135
-3.013767209011264	23.27702222866336
-3.003754693366708	23.279291839399132
-2.9937421777221527	23.28187796632891
-2.9837296620775966	23.28487375834052
-2.9737171464330414	23.28841105079238
-2.9637046307884853	23.292677106569712
-2.95369211514393	23.297938525151082
-2.943679599499374	23.30458072653119
-2.933667083854818	23.31319952221667
-2.923654568210263	23.324869739825473
-2.9136420525657067	23.34166731965884
-2.9036295369211516	23.365439814105116
-2.8936170212765955	23.392537142334003
-2.8836045056320403	23.419065899710322
-2.873591989987484	23.448892440010173
-2.863579474342928	23.498130598691265
-2.853566958698373	23.59261854659278
-2.843554443053817	23.72765145680044
-2.8335419274092617	23.947645711599172
-2.8235294117647056	24.320797053598927
-2.8135168961201504	24.810617866608286
-2.8035043804755944	25.303587919389418
-2.7934918648310383	25.812502771691086
-2.783479349186483	26.44035653690539
-2.773466833541927	27.29611954773021
-2.763454317897372	28.343983475293502
-2.7534418022528158	29.501210988309168
-2.7434292866082606	30.706100530644203
-2.7334167709637045	31.943709552796037
-2.7234042553191484	33.187175134519066
-2.7133917396745932	34.41702398209848
-2.703379224030037	35.497003715550896
-2.693366708385482	36.36205663953497
-2.683354192740926	37.15773158748669
-2.6733416770963707	37.9341637814473
-2.6633291614518146	38.54264243316545
-2.6533166458072586	38.858988676987465
-2.6433041301627034	38.79185668851425
-2.6332916145181473	38.30204741115722
-2.623279098873592	37.50563958733559
-2.613266583229036	36.49934525069464
-2.603254067584481	35.33114281737171
-2.593241551939925	34.067271844053366
-2.5832290362953687	32.74529641153529
-2.5732165206508135	31.411080808906338
-2.5632040050062574	30.07300243837065
-2.5531914893617023	28.766484300342896
-2.543178973717146	27.476384067055402
-2.533166458072591	26.096615137673677
-2.523153942428035	24.631727374315005
-2.513141426783479	23.177963048884877
-2.5031289111389237	21.80646275727718
-2.4931163954943676	20.39352645885531
-2.4831038798498124	19.105510248426317
-2.4730913642052563	18.34646440974093
-2.463078848560701	17.61518380557307
-2.453066332916145	16.637746464468904
-2.443053817271589	15.79118295573295
-2.433041301627034	15.234784841577373
-2.4230287859824777	14.85154984789477
-2.4130162703379225	14.496473293003135
-2.4030037546933665	14.343792667470852
-2.3929912390488113	14.288430607198181
-2.382978723404255	14.248985956391822
-2.372966207759699	14.167191724537075
-2.362953692115144	14.08232415435141
-2.352941176470588	14.06928886180513
-2.3429286608260327	14.064710197073802
-2.3329161451814766	14.061345776729546
-2.3229036295369214	14.058766185346101
-2.3128911138923653	14.056763214808438
-2.3028785982478093	14.055197490663051
-2.292866082603254	14.05397198706442
-2.282853566958698	14.053015856454097
-2.272841051314143	14.052275216393516
-2.2628285356695867	14.051707910038163
-2.2528160200250316	14.05128035838109
-2.2428035043804755	14.050965525425683
-2.2327909887359194	14.050741508084853
-2.2227784730913642	14.050590502915583
-2.212765957446808	14.050498017673258
-2.202753441802253	14.050452252789862
-2.192740926157697	14.050443607226496
-2.1827284105131417	14.050464279032305
-2.1727158948685856	14.0505079388419
-2.1627033792240296	14.050400562335204
-2.1526908635794744	13.698167599997777
-2.1426783479349183	13.31790949712711
-2.132665832290363	13.30027547790354
-2.122653316645807	13.596312637121828
-2.112640801001252	13.957432974246816
-2.1026282853566958	13.989584866817207
-2.0926157697121397	14.456676543066704
-2.0826032540675845	15.027821138673572
-2.0725907384230284	15.588957187332172
-2.0625782227784732	16.672289070062373
-2.052565707133917	17.47503480687914
-2.042553191489362	18.035298869988146
-2.032540675844806	18.932832564262494
-2.02252816020025	19.273779475596772
-2.0125156445556946	19.695053560775154
-2.0025031289111386	20.250438262647407
-1.9924906132665834	20.417423317898745
-1.9824780976220273	20.520985969738252
-1.9724655819774712	20.532183736312568
-1.962453066332916	20.573525813014562
-1.95244055068836	20.65489931105218
-1.9424280350438048	20.656867299994826
-1.9324155193992487	20.658627242862977
-1.9224030037546935	20.660586154189048
-1.9123904881101375	20.66277056559663
-1.9023779724655814	20.665211195208702
-1.8923654568210262	20.667943967165666
-1.8823529411764701	20.67101138711494
-1.872340425531915	20.67446456277543
-1.8623279098873589	20.67836627133547
-1.8523153942428037	20.682795747707058
-1.8423028785982476	20.687856344986628
-1.8322903629536915	20.69368809362172
-1.8222778473091363	20.70048888269212
-1.8122653316645803	20.708551467116276
-1.802252816020025	20.718330964214477
-1.792240300375469	20.730573916493928
-1.7822277847309138	20.746576684756423
-1.7722152690863577	20.768726638954575
-1.7622027534418017	20.80172774792548
-1.7521902377972465	20.85603769174693
-1.7421777221526904	20.95959052158344
-1.7321652065081352	21.175455111108565
-1.7221526908635791	21.537952013991102
-1.712140175219024	22.010605968978386
-1.7021276595744679	22.64250982189808
-1.6921151439299118	23.492958968286956
-1.6821026282853566	24.51559662473835
-1.6720901126408005	25.73700092846553
-1.6620775969962454	27.206223188941774
-1.6520650813516893	28.91131139260258
-1.642052565707134	30.797011557685867
-1.632040050062578	32.778493669600714
-1.622027534418022	34.8427809347612
-1.6120150187734668	36.95108990647266
-1.6020025031289107	39.04803476297967
-1.5919899874843555	41.123363578525336
-1.5819774718397994	43.14050873988436
-1.5719649561952442	44.913378230192706
-1.5619524405506882	46.22539178367471
-1.551939924906132	46.98258539907566
-1.541927409261577	47.193304723324395
-1.5319148936170208	46.90947619583
-1.5219023779724656	46.19724255763226
-1.5118898623279096	45.14211058472289
-1.5018773466833544	43.86087862167637
-1.4918648310387983	42.46658894451994
-1.4818523153942422	41.07053165326
-1.471839799749687	39.76966123482282
-1.461827284105131	38.62457558838902
-1.4518147684605758	37.64595095687275
-1.4418022528160197	36.87387485106161
-1.4317897371714645	36.31092963100699
-1.4217772215269084	35.87427609034202
-1.4117647058823524	35.53423311286203
-1.4017521902377972	35.29843687397775
-1.391739674593241	35.15105227726057
-1.381727158948686	34.98820091206264
-1.3717146433041298	34.94226538341776
-1.3617021276595747	35.16326770897855
-1.3516896120150186	35.61910836546721
-1.3416770963704625	36.42104306297438
-1.3316645807259073	38.73019552312205
-1.3216520650813512	41.687927264629245
-1.311639549436796	45.00541551479647
-1.30162703379224	48.19285173836732
-1.2916145181476848	50.53688218927026
-1.2816020025031287	52.183516961995636
-1.2715894868585726	53.154313118367874
-1.2615769712140175	53.63669065158711
-1.2515644555694614	54.02396069491173
-1.2415519399249062	54.49444158025188
-1.2315394242803501	54.82468823063685
-1.221526908635795	55.25960442388314
-1.2115143929912389	55.937827828509505
-1.2015018773466828	56.913759930605714
-1.1914893617021276	58.30734134786661
-1.1814768460575715	60.19034164115798
-1.1714643304130163	62.332569501719995
-1.1614518147684603	64.57570509929758
-1.151439299123905	66.86022305281395
-1.141426783479349	69.05309339989424
-1.131414267834793	71.21325498386213
-1.1214017521902377	73.36825462352712
-1.1113892365456817	75.47529908173556
-1.1013767209011265	77.44414790220851
-1.0913642052565704	79.15947124791057
-1.0813516896120152	80.62178558174745
-1.0713391739674591	81.95444826150556
-1.061326658322903	83.24428534775437
-1.0513141426783479	84.50433791760452
-1.0413016270337918	85.64658963030807
-1.0312891113892366	86.63325504456493
-1.0212765957446805	87.57899961529607
-1.0112640801001254	88.49713230255466
-1.0012515644555693	89.27652988794796
-0.9912390488110132	89.93107714867803
-0.981226533166458	90.50724293297193
-0.971214017521902	91.00569022054947
-0.9612015018773468	91.34683908232927
-0.9511889862327907	91.66881286904001
-0.9411764705882355	92.10708511336321
-0.9311639549436794	92.57977988285582
-0.9211514392991234	93.01872487034032
-0.9111389236545682	93.38587434803624
-0.9011264080100121	93.67077430406721
-0.8911138923654569	93.85634158309954
-0.8811013767209008	93.85683152444847
-0.8710888610763456	93.72189660654828
-0.8610763454317896	93.68515470196616
-0.8510638297872335	93.70781726365999
-0.8410513141426783	93.6673765672512
-0.8310387984981222	93.5546329208284
-0.821026282853567	93.30995364406668
-0.811013767209011	93.00114867246197
-0.8010012515644558	92.75878581824341
-0.7909887359198997	92.57149541055962
-0.7809762202753436	92.33507099199939
-0.7709637046307884	91.90551362737469
-0.7609511889862324	91.21172168269736
-0.7509386733416772	90.399342710262
-0.7409261576971211	89.37716123705711
-0.7309136420525659	88.03057436546294
-0.7209011264080099	86.43485123856102
-0.7108886107634538	84.62852814738443
-0.7008760951188986	82.60685443629941
-0.6908635794743425	80.34645061536582
-0.6808510638297873	77.85935536865588
-0.6708385481852313	75.27470416377524
-0.6608260325406761	72.67561566070529
-0.65081351689612	69.96366276799958
-0.6408010012515639	66.71583337026416
-0.6307884856070087	62.44541158560237
-0.6207759699624527	57.23161064640181
-0.6107634543178975	51.617258798184885
-0.6007509386733414	45.51232920701933
-0.5907384230287862	40.021935535633666
-0.5807259073842301	35.73888082476415
-0.5707133917396741	32.61156692108788
-0.5607008760951189	31.177114837192438
-0.5506883604505628	31.193489552611787
-0.5406758448060076	32.343551856726044
-0.5306633291614515	34.224933430693014
-0.5206508135168963	36.38013774497876
-0.5106382978723403	38.53444217900482
-0.5006257822277842	40.65626603827694
-0.490613266583229	42.73058997396688
-0.48060075093867294	44.64797210073546
-0.47058823529411775	46.3385323414942
-0.4605757196495617	47.896393685218825
-0.4505632040050065	49.46393799964669
-0.4405506883604504	51.130227766800466
-0.43053817271589434	52.91954764806574
-0.42052565707133915	54.774291761439066
-0.4105131414267831	56.56480867751647
-0.4005006257822279	58.126930840506205
-0.3904881101376718	59.34367881023119
-0.38047559449311663	60.216931653295156
-0.37046307884856056	60.81354553924809
-0.3604505632040045	61.20792421174395
-0.3504380475594493	61.49691144097143
-0.3404255319148932	61.80495961851723
-0.33041301627033803	62.21514390042997
-0.32040050062578196	62.641721607789066
-0.3103879849812259	62.89555047588183
-0.3003754693366707	62.92847675304545
-0.2903629536921146	62.855241743440956
-0.28035043804755944	62.82570062172086
-0.27033792240300336	62.898118270747936
-0.2603254067584482	62.95617195681734
-0.2503128911138921	62.82140983803328
-0.24030037546933602	62.45156774431547
-0.23028785982478084	61.9098268451973
-0.22027534418022476	61.25166576362353
-0.21026282853566958	60.550415779258266
-0.2002503128911135	59.86319911577953
-0.19023779724655832	59.170274291712765
-0.18022528160200224	58.44814877604517
-0.17021276595744617	57.69765450136835
-0.16020025031289098	56.918226284755164
-0.1501877346683349	56.12948065150889
-0.14017521902377972	55.37620974416965
-0.13016270337922364	54.694692874357024
-0.12015018773466846	54.10985234290421
-0.11013767209011238	53.63803434498174
-0.10012515644555631	53.262848776894444
-0.09011264080100112	52.93129056363454
-0.08010012515644505	52.63869147438399
-0.07008760951188986	52.45707992906356
-0.060075093867333784	52.44036144360805
-0.0500625782227786	52.578628581792444
-0.04005006257822252	52.8339182607528
-0.030037546933666448	53.129351379192066
-0.02002503128911126	53.32655419727365
-0.010012515644555187	53.33531992178829
0.0	53.183765265782704
