-8.0	5.763591241367484
-7.989987484355444	5.614612784851116
-7.979974968710889	5.467784302691768
-7.969962453066333	5.341911802943473
-7.9599499374217775	5.252194842384216
-7.949937421777221	5.201652542751045
-7.939924906132666	5.182925316211365
-7.92991239048811	5.190024060591548
-7.919899874843554	5.228594273736637
-7.909887359198999	5.314144881327645
-7.899874843554443	5.459785067306259
-7.889862327909888	5.664836229573487
-7.8798498122653315	5.913439802458348
-7.869837296620776	6.182534775495743
-7.85982478097622	6.451829267935724
-7.849812265331664	6.708642904982895
-7.839799749687109	6.945434474133741
-7.829787234042553	7.1537428754218455
-7.819774718397998	7.320772864258075
-7.809762202753442	7.431647408976512
-7.7997496871088865	7.4751007990151335
-7.78973717146433	7.448527970374961
-7.779724655819774	7.360023390771885
-7.769712140175219	7.226879632545212
-7.759699624530663	7.070828651737145
-7.749687108886108	6.911615077489652
-7.739674593241552	6.7623810836215466
-7.729662077596997	6.63001257325605
-7.719649561952441	6.519183948711754
-7.7096370463078845	6.4343221484569115
-7.699624530663329	6.375994827008413
-7.689612015018773	6.336311099076151
-7.679599499374218	6.3009283340693605
-7.669586983729662	6.257720483431496
-7.659574468085107	6.204149847735252
-7.649561952440551	6.1478180618195735
-7.639549436795995	6.102340946840434
-7.629536921151439	6.082153888553786
-7.619524405506883	6.096409250388815
-7.609511889862328	6.14268344780082
-7.599499374217772	6.205145979518416
-7.589486858573217	6.261108959552661
-7.579474342928661	6.293216170757413
-7.569461827284105	6.298790616313608
-7.55944931163955	6.288872376862881
-7.5494367959949935	6.277205798289083
-7.539424280350438	6.26801553748749
-7.529411764705882	6.252672617096781
-7.519399249061326	6.217133509870856
-7.509386733416771	6.1523503302321405
-7.499374217772215	6.058444715189831
-7.48936170212766	5.940754224800775
-7.479349186483104	5.803501709851601
-7.4693366708385485	5.647426560106977
-7.459324155193992	5.472101663037285
-7.449311639549437	5.278716761777263
-7.439299123904881	5.069733020018046
-7.429286608260325	4.846258755414758
-7.41927409261577	4.606775172835976
-7.409261576971214	4.348930644332744
-7.399249061326659	4.072160700097736
-7.3892365456821025	3.778149691613487
-7.3792240300375465	3.4699193192894398
-7.369211514392991	3.153487980126478
-7.359198998748435	2.843009660834697
-7.34918648310388	2.5633693026163162
-7.339173967459324	2.34298324118994
-7.329161451814769	2.1986303181021496
-7.319148936170213	2.1242697558306376
-7.3091364205256575	2.0941281161507956
-7.299123904881101	2.077824946013494
-7.289111389236545	2.055619693331265
-7.27909887359199	2.0236580078431663
-7.269086357947434	1.9880345871344176
-7.259073842302879	1.9542479525024326
-7.249061326658323	1.9208744298241425
-7.239048811013767	1.8819804062594068
-7.2290362953692116	1.834510634474784
-7.2190237797246555	1.7822051434218589
-7.2090112640801	1.7319667262771046
-7.198998748435544	1.6870911901321046
-7.188986232790989	1.644601427674997
-7.178973717146433	1.5990168683166286
-7.168961201501878	1.5489256336769044
-7.158948685857322	1.5012864920488989
-7.148936170212766	1.470507656095557
-7.13892365456821	1.4718303167472613
-7.128911138923654	1.5112543277438273
-7.118898623279099	1.578081481357602
-7.108886107634543	1.6476696177980636
-7.098873591989987	1.695921127600323
-7.088861076345432	1.7159421269827593
-7.078848560700876	1.7227052522382167
-7.068836045056321	1.7407046476839771
-7.0588235294117645	1.784808504864491
-7.048811013767209	1.8504183842329929
-7.038798498122653	1.9198838254660668
-7.028785982478098	1.9779113387973832
-7.018773466833542	2.023026023860444
-7.008760951188986	2.0676023143520132
-6.998748435544431	2.128075986660033
-6.988735919899875	2.2129460382068165
-6.9787234042553195	2.317084364884618
-6.968710888610763	2.4264617307302894
-6.958698372966207	2.5296363721762316
-6.948685857321652	2.6268979576693083
-6.938673341677096	2.7297019561010094
-6.928660826032541	2.8507891622878168
-6.918648310387985	2.992917904000653
-6.908635794743429	3.145294374211413
-6.8986232790988735	3.290408550486493
-6.888610763454318	3.4154636492148374
-6.878598247809762	3.519415828278307
-6.868585732165206	3.611156557495841
-6.858573216520651	3.701735615071748
-6.848560700876095	3.7970331259314767
-6.83854818523154	3.895044180614086
-6.828535669586984	3.9877234131178554
-6.818523153942428	4.065080641489784
-6.808510638297872	4.119089192155391
-6.798498122653316	4.145824394049521
-6.788485607008761	4.145853072206404
-6.778473091364205	4.124147353542044
-6.768460575719649	4.08997037538813
-6.758448060075094	4.055083335395685
-6.748435544430539	4.028491450543379
-6.7384230287859825	4.009400465746003
-6.7284105131414265	3.9841081269097227
-6.718397997496871	3.9317156105580975
-6.708385481852315	3.836537058870149
-6.69837296620776	3.6983132722248406
-6.688360450563204	3.532263462508936
-6.678347934918648	3.3591367682483604
-6.668335419274093	3.1932250589787694
-6.658322903629537	3.037402126590247
-6.648310387984981	2.8880245299216347
-6.638297872340425	2.7437725223057394
-6.628285356695869	2.60902463728339
-6.618272841051314	2.48831870976772
-6.608260325406759	2.3781787243634516
-6.598247809762203	2.2656007567075247
-6.588235294117647	2.135848653433136
-6.578222778473092	1.9834492741206475
-6.5682102628285355	1.8179244436958915
-6.55819774718398	1.6607518796446994
-6.548185231539424	1.5365191925653219
-6.538172715894868	1.4636003780318476
-6.528160200250313	1.4477004360663919
-6.518147684605757	1.4793760413104728
-6.508135168961202	1.5367112049005927
-6.498122653316646	1.5941717231487404
-6.4881101376720896	1.6347500895318716
-6.478097622027534	1.657288715616947
-6.468085106382979	1.6718798148554652
-6.458072590738423	1.6861070349082545
-6.448060075093867	1.694963786003606
-6.438047559449312	1.6855503068543796
-6.428035043804756	1.6534145723394829
-6.418022528160201	1.6145062289012468
-6.4080100125156445	1.5993386597474823
-6.397997496871088	1.6325008474208158
-6.387984981226533	1.7148604700871988
-6.377972465581977	1.8238282593419564
-6.367959949937422	1.9312208511561184
-6.357947434292866	2.0236522219922386
-6.34793491864831	2.109755455217582
-6.337922403003755	2.2108983113258605
-6.3279098873591995	2.3451591613687857
-6.317897371714643	2.517304084493396
-6.307884856070087	2.7202069184067077
-6.297872340425532	2.9437233913588146
-6.287859824780976	3.1828114238252345
-6.277847309136421	3.4390114500949482
-6.267834793491865	3.7153124709986787
-6.257822277847309	4.010011754438477
-6.2478097622027535	4.316384522700228
-6.2377972465581975	4.629422669366432
-6.227784730913642	4.952535378505111
-6.217772215269086	5.2953494905473635
-6.20775969962453	5.662377017867846
-6.197747183979975	6.042485113117738
-6.18773466833542	6.4092431856848755
-6.177722152690864	6.732181686734937
-6.167709637046308	6.989487534966161
-6.157697121401752	7.172698719694949
-6.147684605757196	7.282280169677221
-6.137672090112641	7.320797846538002
-6.127659574468085	7.290678978088103
-6.117647058823529	7.197190341417078
-6.107634543178974	7.0513907783059215
-6.097622027534418	6.8683278009379825
-6.0876095118898625	6.661607844094791
-6.0775969962453065	6.439815106955544
-6.06758448060075	6.207966879505338
-6.057571964956195	5.971310609591822
-6.04755944931164	5.7369306998418645
-6.037546933667084	5.512598675075819
-6.027534418022528	5.305505437583648
-6.017521902377973	5.121486041869866
-6.007509386733417	4.962709937020478
-5.997496871088861	4.823973163268823
-5.987484355444305	4.691365881365729
-5.977471839799749	4.545939825966337
-5.967459324155194	4.370515348997598
-5.957446808510639	4.156021486251684
-5.947434292866083	3.9053235609769748
-5.937421777221527	3.633390817075523
-5.927409261576971	3.3626714931649224
-5.9173967459324155	3.1146710915731846
-5.90738423028786	2.902106589029758
-5.897371714643304	2.726237199725221
-5.887359198998748	2.580004963971948
-5.877346683354192	2.453499348283954
-5.867334167709637	2.3378469416077787
-5.857321652065082	2.226471626092933
-5.847309136420526	2.115491040997165
-5.83729662077597	2.005252711276871
-5.827284105131414	1.9024862007643453
-5.817271589486858	1.819668446904788
-5.807259073842303	1.7688576503342943
-5.797246558197747	1.752622186299699
-5.787234042553191	1.7597002431464923
-5.777221526908636	1.7706598599858623
-5.767209011264081	1.7696393623872664
-5.7571964956195245	1.7520585974182263
-5.747183979974968	1.7226957000663257
-5.737171464330412	1.6885056553158748
-5.727158948685857	1.6540318007849277
-5.717146433041302	1.6214306506621265
-5.707133917396746	1.5911025326336752
-5.69712140175219	1.559973254421883
-5.687108886107635	1.5192636005023317
-5.677096370463079	1.4552740989499988
-5.667083854818523	1.354227453821644
-5.657071339173967	1.2090592922796608
-5.647058823529411	1.024570333573794
-5.637046307884856	0.8177868666937218
-5.627033792240301	0.6127172021982759
-5.617021276595745	0.43206740618003114
-5.607008760951189	0.29037706532515617
-5.596996245306633	0.19179652275265455
-5.5869837296620775	0.13269308338208072
-5.576971214017522	0.10694953033283387
-5.566958698372966	0.11115874758473691
-5.55694618272841	0.1473805650493052
-5.546933667083855	0.2221625965346753
-5.536921151439299	0.342048239443071
-5.526908635794744	0.5076181328412328
-5.516896120150188	0.7094500728798497
-5.5068836045056315	0.9289892206204923
-5.496871088861076	1.1445290825573167
-5.486858573216521	1.3387047206630986
-5.476846057571965	1.5024494505296018
-5.466833541927409	1.6333791938098308
-5.456821026282853	1.7315191846927365
-5.446808510638298	1.7969496991733103
-5.4367959949937426	1.8307933262470504
-5.4267834793491865	1.8372682870379313
-5.41677096370463	1.824409366727522
-5.406758448060075	1.803155800008905
-5.396745932415519	1.7852533338415386
-5.386733416770964	1.779910948959451
-5.376720901126408	1.7899697442218274
-5.366708385481852	1.8101814643966245
-5.356695869837297	1.8299324886676187
-5.346683354192741	1.8395595698387093
-5.336670838548185	1.8363315604409691
-5.326658322903629	1.8261206228747433
-5.316645807259073	1.8195134649399693
-5.306633291614518	1.8247005618434564
-5.296620775969963	1.8420969437926111
-5.286608260325407	1.865128714493278
-5.276595744680851	1.8868801350172666
-5.2665832290362955	1.9067550748420676
-5.256570713391739	1.931010180959481
-5.246558197747184	1.966993609869107
-5.236545682102628	2.0168081586565454
-5.226533166458072	2.0757544785626334
-5.216520650813517	2.1355508207448217
-5.206508135168962	2.1883131422317628
-5.196495619524406	2.228472653282298
-5.18648310387985	2.2536123789742764
-5.1764705882352935	2.2659514673604475
-5.166458072590738	2.272825432697244
-5.156445556946183	2.282906315853542
-5.146433041301627	2.2994064219257195
-5.136420525657071	2.316759837971239
-5.126408010012516	2.3249185008023234
-5.11639549436796	2.3170537448387343
-5.1063829787234045	2.292546887189708
-5.0963704630788484	2.2527004465150484
-5.086357947434292	2.194814215285246
-5.076345431789737	2.111729250713579
-5.066332916145182	1.9975752100823998
-5.056320400500626	1.853684674346936
-5.04630788485607	1.6887241419779242
-5.036295369211514	1.513379057997607
-5.026282853566959	1.3350097001115468
-5.016270337922403	1.1564884553747703
-5.006257822277847	0.9787598264316495
-4.996245306633291	0.8040998702754166
-4.986232790988735	0.6377519220232144
-4.97622027534418	0.4872195684206794
-4.966207759699625	0.35970038485434214
-4.956195244055069	0.2591023490866307
-4.946182728410513	0.18447324795415393
-4.9361702127659575	0.13085921451647758
-4.926157697121402	0.09195300738733556
-4.916145181476846	0.06270960863656155
-4.90613266583229	0.04039895998340455
-4.896120150187734	0.023982125588649515
-4.886107634543179	0.012873577037837118
-4.876095118898624	0.006167216443270895
-4.866082603254068	0.0026126610037900014
-4.8560700876095115	0.0009722514741390447
-4.8460575719649555	0.00031616169358161507
-4.8360450563204	8.945524274094192e-05
-4.826032540675845	2.1942265064292487e-05
-4.816020025031289	4.651354360893402e-06
-4.806007509386733	8.498576836433336e-07
-4.795994993742178	1.335402368078477e-07
-4.785982478097623	1.8012426738584576e-08
-4.7759699624530665	2.0824075142671157e-09
-4.76595744680851	2.0608929694945579e-10
-4.755944931163954	1.744246540272989e-11
-4.745932415519399	1.2614647319663918e-12
-4.735919899874844	7.790745769222483e-14
-4.725907384230288	4.1067459257087985e-15
-4.715894868585732	1.8469490320431851e-16
-4.705882352941176	7.084508385688523e-18
-4.6958698372966206	2.3171301006738345e-19
-4.685857321652065	6.460824917206543e-21
-4.675844806007509	1.535505704963368e-22
-4.665832290362953	3.1101706651693022e-24
-4.655819774718398	5.368353997368396e-26
-4.645807259073843	7.895617128165829e-28
-4.635794743429287	9.894414399252466e-30
-4.625782227784731	1.0564039024991455e-31
-4.615769712140175	9.609198417864853e-34
-4.605757196495619	7.446404338587937e-36
-4.595744680851064	4.915823731553036e-38
-4.585732165206508	2.7645630779852376e-40
-4.575719649561952	1.3244311117278347e-42
-4.565707133917396	5.405035768959963e-45
-4.555694618272841	1.879009462375606e-47
-4.545682102628286	5.564375138532045e-50
-4.53566958698373	1.403645714912279e-52
-4.5256570713391735	3.0161264000936177e-55
-4.515644555694618	5.520650817511283e-58
-4.505632040050063	8.60751755445509e-61
-4.495619524405507	1.1431704239447136e-63
-4.485607008760951	1.2932672110320647e-66
-4.475594493116395	1.2462604097782566e-69
-4.46558197747184	1.0229909162064372e-72
-4.4555694618272845	7.152807703631285e-76
-4.4455569461827285	4.260127355699311e-79
-4.435544430538172	2.161272063218078e-82
-4.425531914893616	9.339782543578759e-86
-4.415519399249061	3.437987277491392e-89
-4.405506883604506	1.0779824783771324e-92
-4.39549436795995	2.8791141137434724e-96
-4.385481852315394	6.550065370208972e-100
-4.375469336670839	1.2693220877505575e-103
-4.365456821026283	2.0952573818093478e-107
-4.355444305381727	2.94606396142355e-111
-4.345431789737171	3.528467654919834e-115
-4.335419274092615	3.5997241934127444e-119
-4.32540675844806	3.1281774497094264e-123
-4.315394242803505	2.3155414644371474e-127
-4.305381727158949	1.459999602778409e-131
-4.295369211514393	7.841368784829184e-136
-4.285356695869837	3.587318732701123e-140
-4.275344180225281	1.3979349945960366e-144
-4.265331664580726	4.6402662286674745e-149
-4.25531914893617	1.3120117288738278e-153
-4.245306633291614	3.1598860668937818e-158
-4.235294117647059	6.482522146856188e-163
-4.225281602002504	1.1328058056681129e-167
-4.215269086357948	1.6861872032294076e-172
-4.2052565707133915	2.1379373432640777e-177
-4.1952440550688355	2.3089951172138174e-182
-4.18523153942428	2.1241731253927356e-187
-4.175219023779725	1.6645454452071908e-192
-4.165206508135169	1.1110670100360233e-197
-4.155193992490613	6.31718646144992e-203
-4.145181476846057	3.05946849307094e-208
-4.135168961201502	1.2621388032667578e-213
-4.1251564455569465	4.43513757941332e-219
-4.11514392991239	1.327534806209146e-224
-4.105131414267834	3.3847264780413912e-230
-4.095118898623279	7.350892685956228e-236
-4.085106382978723	1.3598638457490697e-241
-4.075093867334168	2.1428393503859604e-247
-4.065081351689612	2.876223556599022e-253
-4.055068836045056	3.288474699125285e-259
-4.045056320400501	3.202618519278157e-265
-4.035043804755945	2.65677487890882e-271
-4.025031289111389	1.8773408970949016e-277
-4.015018773466833	1.1299789822548739e-283
-4.005006257822277	5.793438877528274e-290
-3.994993742177722	2.5301212394414663e-296
-3.9849812265331668	9.41206839764832e-303
-3.9749687108886107	2.982412121553776e-309
-3.9649561952440546	8.04987387e-316
-3.9549436795994994	1.83e-322
-3.9449311639549434	0.0
-3.934918648310388	0.0
-3.924906132665832	0.0
-3.914893617021277	0.0
-3.904881101376721	1.1e-322
-3.8948685857321648	4.6561073e-316
-3.8848560700876096	1.735039100318207e-309
-3.8748435544430535	5.507244973059851e-303
-3.8648310387984983	1.489012568653566e-296
-3.8548185231539422	3.429265985941428e-290
-3.844806007509387	6.727331364260122e-284
-3.834793491864831	1.1241475242430998e-277
-3.824780976220275	1.6000834643861826e-271
-3.8147684605757197	1.9399958758574915e-265
-3.8047559449311636	2.0035390771597502e-259
-3.7947434292866085	1.7625184408273443e-253
-3.7847309136420524	1.320712730201013e-247
-3.774718397997497	8.429889873034676e-242
-3.764705882352941	4.58325775275333e-236
-3.754693366708385	2.1225870332140634e-230
-3.74468085106383	8.373279292404408e-225
-3.734668335419274	2.8136138613973492e-219
-3.7246558197747186	8.053270017278366e-214
-3.7146433041301625	1.963445617473455e-208
-3.7046307884856065	4.077597417997215e-203
-3.6946182728410513	7.213211550548027e-198
-3.684605757196495	1.0869056635324638e-192
-3.67459324155194	1.395063243436558e-187
-3.664580725907384	1.525228134022894e-182
-3.6545682102628287	1.4204128454995573e-177
-3.6445556946182727	1.1267647543782169e-172
-3.6345431789737166	7.613613085693958e-168
-3.6245306633291614	4.3821500865269225e-163
-3.6145181476846053	2.1484368865806455e-158
-3.60450563204005	8.972157177308462e-154
-3.594493116395494	3.191611950805175e-149
-3.584480600750939	9.670796570435722e-145
-3.574468085106383	2.496050637210097e-140
-3.5644555694618267	5.487613822236397e-136
-3.5544430538172715	1.0276677544304201e-131
-3.5444305381727155	1.6393096514418247e-127
-3.5344180225281603	2.2274521657120058e-123
-3.524405506883604	2.5780714969644643e-119
-3.514392991239049	2.54167943816247e-115
-3.504380475594493	2.134449681059642e-111
-3.494367959949937	1.5268293122122136e-107
-3.4843554443053817	9.303247909658328e-104
-3.4743429286608256	4.828568231449223e-100
-3.4643304130162704	2.1347252564556704e-96
-3.4543178973717144	8.039066780410158e-93
-3.444305381727159	2.578751836497542e-89
-3.434292866082603	7.046184478748897e-86
-3.424280350438047	1.639983006001539e-82
-3.414267834793492	3.2513667845031934e-79
-3.4042553191489358	5.4907837260860853e-76
-3.3942428035043806	7.898507559556739e-73
-3.3842302878598245	9.678292617194676e-70
-3.3742177722152693	1.0101742314073983e-66
-3.3642052565707132	8.98128807613078e-64
-3.354192740926157	6.801848258635352e-61
-3.344180225281602	4.3879595990661305e-58
-3.334167709637046	2.4112783198353818e-55
-3.3241551939924907	1.1287118938576907e-52
-3.3141426783479346	4.500619446033114e-50
-3.3041301627033794	1.528684196052917e-47
-3.2941176470588234	4.4230614859730535e-45
-3.2841051314142673	1.0901643972018278e-42
-3.274092615769712	2.2889153857309235e-40
-3.264080100125156	4.093945784585719e-38
-3.254067584480601	6.237866629077622e-36
-3.2440550688360448	8.096926117976814e-34
-3.2340425531914896	8.95374023992565e-32
-3.2240300375469335	8.435312689246544e-30
-3.2140175219023774	6.770564342648511e-28
-3.2040050062578223	4.6301291930433817e-26
-3.193992490613266	2.6979075294733916e-24
-3.183979974968711	1.3395293634293718e-22
-3.173967459324155	5.66760367130431e-21
-3.1639549436795997	2.0436480131872326e-19
-3.1539424280350437	6.280835702233386e-18
-3.1439299123904876	1.6454650501604451e-16
-3.1339173967459324	3.675252658098554e-15
-3.1239048811013763	6.999962602444606e-14
-3.113892365456821	1.1371454762968977e-12
-3.103879849812265	1.5760647708343003e-11
-3.09386733416771	1.8643452302195438e-10
-3.083854818523154	1.883077879780162e-09
-3.0738423028785977	1.6249686556222643e-08
-3.0638297872340425	1.1988502973259127e-07
-3.0538172715894865	7.568633508470445e-07
-3.0438047559449313	4.093494026068976e-06
-3.033792240300375	1.8993927772267773e-05
-3.02377972465582	7.574552065595994e-05
-3.013767209011264	0.000260188571383126
-3.003754693366708	0.0007719663595336172
-2.9937421777221527	0.0019848674526973227
-2.9837296620775966	0.004440436890220195
-2.9737171464330414	0.00868551301803602
-2.9637046307884853	0.014947123141093166
-2.95369211514393	0.022836804019000824
-2.943679599499374	0.0314472016199842
-2.933667083854818	0.04011414435740078
-2.923654568210263	0.04967477107842054
-2.9136420525657067	0.0634871236375927
-2.9036295369211516	0.08726645219871403
-2.8936170212765955	0.1273032056043103
-2.8836045056320403	0.1877232968053155
-2.873591989987484	0.2684597827762692
-2.863579474342928	0.36563726927021406
-2.853566958698373	0.474572452085292
-2.843554443053817	0.5932825194370286
-2.8335419274092617	0.7236089011766321
-2.8235294117647056	0.8694029588061171
-2.8135168961201504	1.034282595900728
-2.8035043804755944	1.2210406388264292
-2.7934918648310383	1.4314773783731318
-2.783479349186483	1.6646379472137782
-2.773466833541927	1.9146642074857416
-2.763454317897372	2.1713579497001003
-2.7534418022528158	2.423583673732235
-2.7434292866082606	2.6620574604691973
-2.7334167709637045	2.8791609391262223
-2.7234042553191484	3.067509940750457
-2.7133917396745932	3.220430802711032
-2.703379224030037	3.3347533087389287
-2.693366708385482	3.413271164681043
-2.683354192740926	3.4643037542651043
-2.6733416770963707	3.498283432209211
-2.6633291614518146	3.5232500357275995
-2.6533166458072586	3.541300085246878
-2.6433041301627034	3.547597966690984
-2.6332916145181473	3.5331596754751686
-2.623279098873592	3.490792069026328
-2.613266583229036	3.4202123174890757
-2.603254067584481	3.327522062990724
-2.593241551939925	3.2190026765903035
-2.5832290362953687	3.0953301657869803
-2.5732165206508135	2.9521227941652604
-2.5632040050062574	2.785945667323276
-2.5531914893617023	2.5994689884736473
-2.543178973717146	2.4010097028156956
-2.533166458072591	2.199403115842689
-2.523153942428035	1.9990851021466531
-2.513141426783479	1.7995681509544046
-2.5031289111389237	1.5993964667856562
-2.4931163954943676	1.4008264721954466
-2.4831038798498124	1.211208298140699
-2.4730913642052563	1.0401937322680066
-2.463078848560701	0.8951121860586407
-2.453066332916145	0.7775062710740337
-2.443053817271589	0.6824863701556773
-2.433041301627034	0.6011454932374927
-2.4230287859824777	0.5251119489258812
-2.4130162703379225	0.450858947301858
-2.4030037546933665	0.38078216982158924
-2.3929912390488113	0.3201540609311085
-2.382978723404255	0.27257802673136955
-2.372966207759699	0.23755831824267695
-2.362953692115144	0.21121132491611813
-2.352941176470588	0.18845492486284637
-2.3429286608260327	0.16499918871336067
-2.3329161451814766	0.1387230451646076
-2.3229036295369214	0.11030894121735312
-2.3128911138923653	0.08271409810037231
-2.3028785982478093	0.05953579943227776
-2.292866082603254	0.043219068420729485
-2.282853566958698	0.034121863761648545
-2.272841051314143	0.030660336536080978
-2.2628285356695867	0.030110666375885622
-2.2528160200250316	0.029633943039732748
-2.2428035043804755	0.027265984905482522
-2.2327909887359194	0.022545635234382404
-2.2227784730913642	0.016413887654831552
-2.212765957446808	0.010406768434093331
-2.202753441802253	0.005710369892586348
-2.192740926157697	0.002701497239552646
-2.1827284105131417	0.001099188925606452
-2.1727158948685856	0.00038401314505633543
-2.1627033792240296	0.0001150564746881279
-2.1526908635794744	2.9537965968314274e-05
-2.1426783479349183	6.49305809214862e-06
-2.132665832290363	1.22142065944537e-06
-2.122653316645807	1.9652304306679862e-07
-2.112640801001252	2.7033728240456453e-08
-2.1026282853566958	3.1781600108086033e-09
-2.0926157697121397	3.1920780389732003e-10
-2.0826032540675845	2.7381979683947897e-11
-2.0725907384230284	2.0055287764693397e-12
-2.0625782227784732	1.2538826881657453e-13
-2.052565707133917	6.690385635600695e-15
-2.042553191489362	3.0459606782175494e-16
-2.032540675844806	1.1840142418164216e-17
-2.02252816020025	7.495175571709654e-19
-2.0125156445556946	1.111761919326871e-17
-2.0025031289111386	2.940487836784759e-16
-1.9924906132665834	6.636692252475383e-15
-1.9824780976220273	1.277092471735222e-13
-1.9724655819774712	2.0954780691096795e-12
-1.962453066332916	2.9322051608921754e-11
-1.95244055068836	3.499664466511984e-10
-1.9424280350438048	3.563380142699087e-09
-1.9324155193992487	3.095997976294578e-08
-1.9224030037546935	2.295952962596352e-07
-1.9123904881101375	1.4537899237549557e-06
-1.9023779724655814	7.86352384067225e-06
-1.8923654568210262	3.635697131858925e-05
-1.8823529411764701	0.00014382118909802292
-1.872340425531915	0.0004874893362103184
-1.8623279098873589	0.0014193129687099172
-1.8523153942428037	0.0035644779512450683
-1.8423028785982476	0.007779327031327319
-1.8322903629536915	0.014946094226613419
-1.8222778473091363	0.02582323530936361
-1.8122653316645803	0.04139009051445504
-1.802252816020025	0.06379251858327184
-1.792240300375469	0.0971176899874856
-1.7822277847309138	0.1469057834004467
-1.7722152690863577	0.21856725976923017
-1.7622027534418017	0.31662032709612076
-1.7521902377972465	0.44623769712980915
-1.7421777221526904	0.6154906217628004
-1.7321652065081352	0.8344124883396038
-1.7221526908635791	1.109305456497874
-1.712140175219024	1.436160449131156
-1.7021276595744679	1.7994862553839048
-1.6921151439299118	2.1783845652379594
-1.6821026282853566	2.554586923321749
-1.6720901126408005	2.9156892262191607
-1.6620775969962454	3.252702012309051
-1.6520650813516893	3.5567487076538797
-1.642052565707134	3.8189448760913067
-1.632040050062578	4.033015417354361
-1.622027534418022	4.197963399769282
-1.6120150187734668	4.318750239659944
-1.6020025031289107	4.404017363787087
-1.5919899874843555	4.461023237916055
-1.5819774718397994	4.490015869267532
-1.5719649561952442	4.482239439891197
-1.5619524405506882	4.4249801761367245
-1.551939924906132	4.311830747666569
-1.541927409261577	4.150072392006333
-1.5319148936170208	3.9573421792948626
-1.5219023779724656	3.7490366150987513
-1.5118898623279096	3.5274833605407903
-1.5018773466833544	3.282878259260165
-1.4918648310387983	3.004721940311771
-1.4818523153942422	2.6927826748187704
-1.471839799749687	2.3584686973354634
-1.461827284105131	2.018041195418428
-1.4518147684605758	1.6860618912976382
-1.4418022528160197	1.373956147308442
-1.4317897371714645	1.091075607290567
-1.4217772215269084	0.8441857360159754
-1.4117647058823524	0.6358235503347891
-1.4017521902377972	0.464510318273716
-1.391739674593241	0.32717426708618264
-1.381727158948686	0.22114329030275648
-1.3717146433041298	0.14391449337219298
-1.3617021276595747	0.09175771915707187
-1.3516896120150186	0.059232306998740776
-1.3416770963704625	0.04028829512859979
-1.3316645807259073	0.029983746871170464
-1.3216520650813512	0.025594465644023467
-1.311639549436796	0.026690117528005593
-1.30162703379224	0.03455131207064507
-1.2916145181476848	0.05162350117056571
-1.2816020025031287	0.08153654868294385
-1.2715894868585726	0.12957274396316584
-1.2615769712140175	0.20267629077146723
-1.2515644555694614	0.30801960462579453
-1.2415519399249062	0.45019118184078943
-1.2315394242803501	0.6283610919614391
-1.221526908635795	0.8350404518076042
-1.2115143929912389	1.0571399953232432
-1.2015018773466828	1.278792720021755
-1.1914893617021276	1.484544167340134
-1.1814768460575715	1.661538810033098
-1.1714643304130163	1.8005151017530245
-1.1614518147684603	1.8966477508973956
-1.151439299123905	1.9507116238859894
-1.141426783479349	1.9693212891011633
-1.131414267834793	1.962998398057913
-1.1214017521902377	1.942865232630546
-1.1113892365456817	1.917806581133976
-1.1013767209011265	1.8928750570016384
-1.0913642052565704	1.8689956765378115
-1.0813516896120152	1.8445219137116242
-1.0713391739674591	1.8184455892804683
-1.061326658322903	1.7926725382021276
-1.0513141426783479	1.7705797687849387
-1.0413016270337918	1.7529674828069712
-1.0312891113892366	1.736098751809455
-1.0212765957446805	1.7146092986362522
-1.0112640801001254	1.6864824149856976
-1.0012515644555693	1.6549384044062767
-0.9912390488110132	1.6257484980025982
-0.981226533166458	1.6032597343239612
-0.971214017521902	1.5886706219365014
-0.9612015018773468	1.5806313941030485
-0.9511889862327907	1.5761980732653889
-0.9411764705882355	1.5714913589623167
-0.9311639549436794	1.5628020223596812
-0.9211514392991234	1.5478378318289439
-0.9111389236545682	1.5258550913353988
-0.9011264080100121	1.497197933741592
-0.8911138923654569	1.4643690051859282
-0.8811013767209008	1.4342432123962645
-0.8710888610763456	1.4172754342737006
-0.8610763454317896	1.4211542420044418
-0.8510638297872335	1.4431978357747004
-0.8410513141426783	1.4695653777665223
-0.8310387984981222	1.484249401546405
-0.821026282853567	1.4814462171713156
-0.811013767209011	1.4709582896057938
-0.8010012515644558	1.4716009522294295
-0.7909887359198997	1.4971690232885169
-0.7809762202753436	1.5455322807368388
-0.7709637046307884	1.599366574293645
-0.7609511889862324	1.6380834313357329
-0.7509386733416772	1.651493275332619
-0.7409261576971211	1.6447143165973621
-0.7309136420525659	1.6320855160878422
-0.7209011264080099	1.6271605447821247
-0.7108886107634538	1.6371158146348157
-0.7008760951188986	1.6632078856364994
-0.6908635794743425	1.7027798102580662
-0.6808510638297873	1.7492221914793569
-0.6708385481852313	1.7915185433787146
-0.6608260325406761	1.8169351276491303
-0.65081351689612	1.8166433006562968
-0.6408010012515639	1.7901523080123796
-0.6307884856070087	1.745607886918443
-0.6207759699624527	1.6970562079991975
-0.6107634543178975	1.6614712548721362
-0.6007509386733414	1.6569474519224112
-0.5907384230287862	1.7015729008708553
-0.5807259073842301	1.8116166316737712
-0.5707133917396741	1.9983234973838948
-0.5607008760951189	2.264771235494299
-0.5506883604505628	2.605404205890178
-0.5406758448060076	3.0083950151402314
-0.5306633291614515	3.457495716748081
-0.5206508135168963	3.931200899831694
-0.5106382978723403	4.4024117074200975
-0.5006257822277842	4.843241479511818
-0.490613266583229	5.233076926200928
-0.48060075093867294	5.561820163380295
-0.47058823529411775	5.824489291210229
-0.4605757196495617	6.014031440806649
-0.4505632040050065	6.12212494050359
-0.4405506883604504	6.148246886299557
-0.43053817271589434	6.106723256906031
-0.42052565707133915	6.022318314600119
-0.4105131414267831	5.916404890611136
-0.4005006257822279	5.796090176835519
-0.3904881101376718	5.656903776505466
-0.38047559449311663	5.496357627429254
-0.37046307884856056	5.324389796390498
-0.3604505632040045	5.160376200251746
-0.3504380475594493	5.020940689348255
-0.3404255319148932	4.911211567595945
-0.33041301627033803	4.826289808817377
-0.32040050062578196	4.758910409054845
-0.3103879849812259	4.705933774179157
-0.3003754693366707	4.670841127328432
-0.2903629536921146	4.663571060899148
-0.28035043804755944	4.69839594124878
-0.27033792240300336	4.788797811331068
-0.2603254067584482	4.939992858841743
-0.2503128911138921	5.143384944010694
-0.24030037546933602	5.377951191640167
-0.23028785982478084	5.61953036324959
-0.22027534418022476	5.8528624483974845
-0.21026282853566958	6.0776981853844125
-0.2002503128911135	6.303288190392545
-0.19023779724655832	6.534858383933079
-0.18022528160200224	6.764074741632048
-0.17021276595744617	6.97306844445289
-0.16020025031289098	7.148050265259867
-0.1501877346683349	7.288052516158561
-0.14017521902377972	7.399832268059165
-0.13016270337922364	7.485324248719125
-0.12015018773466846	7.535353480606941
-0.11013767209011238	7.535578687179577
-0.10012515644555631	7.477887090857462
-0.09011264080100112	7.366007102508807
-0.08010012515644505	7.211387257461111
-0.07008760951188986	7.0259705658697476
-0.060075093867333784	6.820432807261188
-0.0500625782227786	6.607901948955199
-0.04005006257822252	6.405438935632748
-0.030037546933666448	6.228381682463805
-0.02002503128911126	6.081963987590146
-0.010012515644555187	5.959328085867019
0.0	5.849979091748489
