-8.0	5.404026258501982
-7.989987484355444	5.37134020969935
-7.979974968710889	5.364144169665993
-7.969962453066333	5.382514315145492
-7.9599499374217775	5.419222896714939
-7.949937421777221	5.46377608319155
-7.939924906132666	5.509545911950538
-7.92991239048811	5.558651770612354
-7.919899874843554	5.619706349957822
-7.909887359198999	5.698788370109774
-7.899874843554443	5.789922493324603
-7.889862327909888	5.87231839458757
-7.8798498122653315	5.916794346953323
-7.869837296620776	5.897753258554614
-7.85982478097622	5.804137890997751
-7.849812265331664	5.643652043606069
-7.839799749687109	5.438165298645024
-7.829787234042553	5.2131361025257075
-7.819774718397998	4.987261224737473
-7.809762202753442	4.7679145362783295
-7.7997496871088865	4.553843437684339
-7.78973717146433	4.341800897201285
-7.779724655819774	4.131458162792037
-7.769712140175219	3.925528785173923
-7.759699624530663	3.7278926745191177
-7.749687108886108	3.5449887321995783
-7.739674593241552	3.391073492404607
-7.729662077596997	3.291576764110853
-7.719649561952441	3.278534981297351
-7.7096370463078845	3.378256012343066
-7.699624530663329	3.5980996454208856
-7.689612015018773	3.9213575369180145
-7.679599499374218	4.314714814715429
-7.669586983729662	4.7439014235435275
-7.659574468085107	5.186883741174317
-7.649561952440551	5.63639124823936
-7.639549436795995	6.09256185393238
-7.629536921151439	6.553808553778432
-7.619524405506883	7.013832342378434
-7.609511889862328	7.465694298069709
-7.599499374217772	7.906423044903605
-7.589486858573217	8.335581613883788
-7.579474342928661	8.749094939396272
-7.569461827284105	9.135955237985218
-7.55944931163955	9.48211202957266
-7.5494367959949935	9.77734243547918
-7.539424280350438	10.018083920676133
-7.529411764705882	10.205020737277389
-7.519399249061326	10.340230643090921
-7.509386733416771	10.426932211373147
-7.499374217772215	10.46926145343289
-7.48936170212766	10.46986153844003
-7.479349186483104	10.428837600798351
-7.4693366708385485	10.348072750432356
-7.459324155193992	10.237337737199033
-7.449311639549437	10.114134951374412
-7.439299123904881	9.995276164626535
-7.429286608260325	9.887004335844583
-7.41927409261577	9.78131487545159
-7.409261576971214	9.660088554782726
-7.399249061326659	9.50363555213861
-7.3892365456821025	9.299052098130876
-7.3792240300375465	9.044498416766409
-7.369211514392991	8.747678584029014
-7.359198998748435	8.420425334388675
-7.34918648310388	8.073877372492516
-7.339173967459324	7.717802829287017
-7.329161451814769	7.363659268916851
-7.319148936170213	7.027010668801999
-7.3091364205256575	6.72460107632564
-7.299123904881101	6.466079637165091
-7.289111389236545	6.246670320268676
-7.27909887359199	6.04864491685485
-7.269086357947434	5.852983163630565
-7.259073842302879	5.652782080510484
-7.249061326658323	5.45716018316969
-7.239048811013767	5.283262316308055
-7.2290362953692116	5.145310784942619
-7.2190237797246555	5.050290522760477
-7.2090112640801	5.00022541478879
-7.198998748435544	4.994213809522224
-7.188986232790989	5.026843283081295
-7.178973717146433	5.086682814277065
-7.168961201501878	5.1596202234030315
-7.158948685857322	5.23618406997843
-7.148936170212766	5.316969239939305
-7.13892365456821	5.4114538510959385
-7.128911138923654	5.530547776933314
-7.118898623279099	5.676938373193266
-7.108886107634543	5.838768210945905
-7.098873591989987	5.991744610567975
-7.088861076345432	6.109970211360094
-7.078848560700876	6.178206615449211
-7.068836045056321	6.196797043829375
-7.0588235294117645	6.178069700310123
-7.048811013767209	6.1396000373146125
-7.038798498122653	6.097569152295646
-7.028785982478098	6.059645316143594
-7.018773466833542	6.01932484567714
-7.008760951188986	5.9571212835753435
-6.998748435544431	5.850193658714262
-6.988735919899875	5.684470191951574
-6.9787234042553195	5.461299829547291
-6.968710888610763	5.195889791279494
-6.958698372966207	4.910969497766642
-6.948685857321652	4.630506211890294
-6.938673341677096	4.375102990636235
-6.928660826032541	4.157576557531339
-6.918648310387985	3.977964487581885
-6.908635794743429	3.820971494615651
-6.8986232790988735	3.660661827977054
-6.888610763454318	3.473007784127703
-6.878598247809762	3.2492430894486524
-6.868585732165206	3.0000599279956006
-6.858573216520651	2.7472732385233125
-6.848560700876095	2.509947112341022
-6.83854818523154	2.295722092120536
-6.828535669586984	2.102138930315308
-6.818523153942428	1.9240819367110484
-6.808510638297872	1.7600704341308595
-6.798498122653316	1.6131802277440461
-6.788485607008761	1.4874395133204164
-6.778473091364205	1.3833266307731051
-6.768460575719649	1.2956425929448356
-6.758448060075094	1.2151145346356602
-6.748435544430539	1.1329539163425206
-6.7384230287859825	1.0457570798277998
-6.7284105131414265	0.957615418865336
-6.718397997496871	0.8780727558257359
-6.708385481852315	0.8174483001684666
-6.69837296620776	0.7825930910929008
-6.688360450563204	0.7755158664746485
-6.678347934918648	0.7951867341237658
-6.668335419274093	0.8401465694397321
-6.658322903629537	0.9084632069722818
-6.648310387984981	0.9944789308380141
-6.638297872340425	1.0865974265021714
-6.628285356695869	1.17081399853492
-6.618272841051314	1.238894638958868
-6.608260325406759	1.2944195865420576
-6.598247809762203	1.3509452687515675
-6.588235294117647	1.423056910556366
-6.578222778473092	1.5165770201466666
-6.5682102628285355	1.6243733086318881
-6.55819774718398	1.7299431293690841
-6.548185231539424	1.816121976908862
-6.538172715894868	1.8739943773069925
-6.528160200250313	1.907531708876332
-6.518147684605757	1.9313602912553594
-6.508135168961202	1.9621597594975135
-6.498122653316646	2.0081989418030175
-6.4881101376720896	2.0637136243601955
-6.478097622027534	2.112238498474227
-6.468085106382979	2.1366989092771074
-6.458072590738423	2.129087593611415
-6.448060075093867	2.0932974192538425
-6.438047559449312	2.040718993135229
-6.428035043804756	1.9840210635474211
-6.418022528160201	1.9343383807471748
-6.4080100125156445	1.9014795419341948
-6.397997496871088	1.8927659306906828
-6.387984981226533	1.9086808115501122
-6.377972465581977	1.9392239957771324
-6.367959949937422	1.9664648278139023
-6.357947434292866	1.9738863461785585
-6.34793491864831	1.956441842868098
-6.337922403003755	1.9234744447524135
-6.3279098873591995	1.8919380170476934
-6.317897371714643	1.8751169819473088
-6.307884856070087	1.8751744927778529
-6.297872340425532	1.8838794087844748
-6.287859824780976	1.8892706853854533
-6.277847309136421	1.8829511662157685
-6.267834793491865	1.8642730166765156
-6.257822277847309	1.8402067239107711
-6.2478097622027535	1.8208795955544324
-6.2377972465581975	1.8122882382655547
-6.227784730913642	1.8104365918850607
-6.217772215269086	1.8019099911386138
-6.20775969962453	1.7717187199210647
-6.197747183979975	1.7128902508063286
-6.18773466833542	1.6301686192388902
-6.177722152690864	1.535048616326558
-6.167709637046308	1.4368118044929472
-6.157697121401752	1.3372367648420094
-6.147684605757196	1.2328341133113103
-6.137672090112641	1.1216844935342163
-6.127659574468085	1.0081465755382082
-6.117647058823529	0.9009964689031941
-6.107634543178974	0.8068984453080603
-6.097622027534418	0.7254797913535135
-6.0876095118898625	0.6504141553787344
-6.0775969962453065	0.5751425173057743
-6.06758448060075	0.4982391533722947
-6.057571964956195	0.4245849742305159
-6.04755944931164	0.36201546299622744
-6.037546933667084	0.31591151628991165
-6.027534418022528	0.2852592058459737
-6.017521902377973	0.26281741646902657
-6.007509386733417	0.23935308699762675
-5.997496871088861	0.20899406348526306
-5.987484355444305	0.17197789023890242
-5.977471839799749	0.13324219910252447
-5.967459324155194	0.09855548212066786
-5.957446808510639	0.07135017075117642
-5.947434292866083	0.052029642501640036
-5.937421777221527	0.03910700223935079
-5.927409261576971	0.030591441502321935
-5.9173967459324155	0.024823974263166064
-5.90738423028786	0.020826356729642465
-5.897371714643304	0.01827091382874723
-5.887359198998748	0.017062426800585426
-5.877346683354192	0.01680333013483553
-5.867334167709637	0.016636412890229976
-5.857321652065082	0.01563701281143385
-5.847309136420526	0.013382235502775702
-5.83729662077597	0.010179372446707673
-5.827284105131414	0.006793210974240005
-5.817271589486858	0.003947606830885842
-5.807259073842303	0.001987714506711599
-5.797246558197747	0.0008640556935409891
-5.787234042553191	0.00032331904629746
-5.777221526908636	0.00010389601157984992
-5.767209011264081	2.8616833157005963e-05
-5.7571964956195245	6.74601925474144e-06
-5.747183979974968	1.3594670568442487e-06
-5.737171464330412	2.3398829437888035e-07
-5.727158948685857	3.437374197990736e-08
-5.717146433041302	4.307674240092808e-09
-5.707133917396746	4.6033573447485737e-10
-5.69712140175219	4.193701799243695e-11
-5.687108886107635	3.2562584368318235e-12
-5.677096370463079	2.1546175111019096e-13
-5.667083854818523	1.214789328554729e-14
-5.657071339173967	5.835444875475368e-16
-5.647058823529411	2.3881509613259458e-17
-5.637046307884856	8.326149765428964e-19
-5.627033792240301	2.472899542481901e-20
-5.617021276595745	6.256589369674513e-22
-5.607008760951189	1.3484341840247996e-23
-5.596996245306633	2.4755796506309186e-25
-5.5869837296620775	3.871460129650203e-27
-5.576971214017522	5.157274512657912e-29
-5.566958698372966	5.85208942146761e-31
-5.55694618272841	5.656466250379715e-33
-5.546933667083855	4.657166200166588e-35
-5.536921151439299	3.2661764641029635e-37
-5.526908635794744	1.951184109730259e-39
-5.516896120150188	9.928806767525069e-42
-5.5068836045056315	4.3036377311483034e-44
-5.496871088861076	1.5889635231666457e-46
-5.486858573216521	4.997255174071982e-49
-5.476846057571965	1.3387157085581085e-51
-5.466833541927409	3.054810830098098e-54
-5.456821026282853	5.937714824971872e-57
-5.446808510638298	9.830901497702517e-60
-5.4367959949937426	1.386456688511082e-62
-5.4267834793491865	1.665551986456538e-65
-5.41677096370463	1.7043115174723392e-68
-5.406758448060075	1.4855204993040306e-71
-5.396745932415519	1.1029280743546214e-74
-5.386733416770964	6.975166794235706e-78
-5.376720901126408	3.7575161814925283e-81
-5.366708385481852	1.7241933822001384e-84
-5.356695869837297	6.739224696095994e-88
-5.346683354192741	2.2437411109493727e-91
-5.336670838548185	6.363182776583982e-95
-5.326658322903629	1.5371452009567327e-98
-5.316645807259073	3.1629638662087697e-102
-5.306633291614518	5.543861966322686e-106
-5.296620775969963	8.276932753020481e-110
-5.286608260325407	1.0526046517151228e-113
-5.276595744680851	1.1402497423804976e-117
-5.2665832290362955	1.0521399715646843e-121
-5.256570713391739	8.269626531919584e-126
-5.246558197747184	5.536523050286889e-130
-5.236545682102628	3.1573822791306455e-134
-5.226533166458072	1.533755245198687e-138
-5.216520650813517	6.3463466980544295e-143
-5.206508135168962	2.2368165399093493e-147
-5.196495619524406	6.7154601455911125e-152
-5.18648310387985	1.7173547890964712e-156
-5.1764705882352935	3.740960424972897e-161
-5.166458072590738	6.941367548923347e-166
-5.156445556946183	1.0970989697228903e-170
-5.146433041301627	1.4770167218896259e-175
-5.136420525657071	1.6938067371607345e-180
-5.126408010012516	1.6545547341780913e-185
-5.11639549436796	1.3766934941573585e-190
-5.1063829787234045	9.757357567250823e-196
-5.0963704630788484	5.890687981077182e-201
-5.086357947434292	3.029274699012238e-206
-5.076345431789737	1.326936481787165e-211
-5.066332916145182	4.9510857724827865e-217
-5.056320400500626	1.5735828171502922e-222
-5.04630788485607	4.2600784619172474e-228
-5.036295369211514	9.823911246136263e-234
-5.026282853566959	1.929701352485157e-239
-5.016270337922403	3.2287514269117043e-245
-5.006257822277847	4.601696372680584e-251
-4.996245306633291	5.586504428658521e-257
-4.986232790988735	5.7769841205589755e-263
-4.97622027534418	5.088631933656382e-269
-4.966207759699625	3.8180335742253e-275
-4.956195244055069	2.4401542816494604e-281
-4.946182728410513	1.328414684580635e-287
-4.9361702127659575	6.160115971094389e-294
-4.926157697121402	2.433228797537774e-300
-4.916145181476846	8.186831388807643e-307
-4.90613266583229	2.3463218399e-313
-4.896120150187734	5.7277e-320
-4.886107634543179	0.0
-4.876095118898624	0.0
-4.866082603254068	0.0
-4.8560700876095115	0.0
-4.8460575719649555	0.0
-4.8360450563204	0.0
-4.826032540675845	0.0
-4.816020025031289	0.0
-4.806007509386733	0.0
-4.795994993742178	0.0
-4.785982478097623	0.0
-4.7759699624530665	0.0
-4.76595744680851	8.59887e-319
-4.755944931163954	3.423663381316e-312
-4.745932415519399	1.161125166961754e-305
-4.735919899874844	3.3543305530693064e-299
-4.725907384230288	8.254134033107613e-293
-4.715894868585732	1.7301191564156128e-286
-4.705882352941176	3.0890102690878906e-280
-4.6958698372966206	4.697875775785007e-274
-4.685857321652065	6.085868229218886e-268
-4.675844806007509	6.715562580492121e-262
-4.665832290362953	6.312205016143173e-256
-4.655819774718398	5.053806754092277e-250
-4.645807259073843	3.446632724442025e-244
-4.635794743429287	2.0022127532816784e-238
-4.625782227784731	9.907504547614862e-233
-4.615769712140175	4.175968159592493e-227
-4.605757196495619	1.4993013041030469e-221
-4.595744680851064	4.5852128543776117e-216
-4.585732165206508	1.1944526187553085e-210
-4.575719649561952	2.6504352367106312e-205
-4.565707133917396	5.0096145506534446e-200
-4.555694618272841	8.06548101434368e-195
-4.545682102628286	1.1061017589126884e-189
-4.53566958698373	1.2921077840055936e-184
-4.5256570713391735	1.2857047701506336e-179
-4.515644555694618	1.0897393241328285e-174
-4.505632040050063	7.867610474493282e-170
-4.495619524405507	4.838401898172483e-165
-4.485607008760951	2.5345443688682595e-160
-4.475594493116395	1.1309326210672863e-155
-4.46558197747184	4.298455611950765e-151
-4.4555694618272845	1.3916404793915649e-146
-4.4455569461827285	3.837784298568101e-142
-4.435544430538172	9.015150607457836e-138
-4.425531914893616	1.8038662927690497e-133
-4.415519399249061	3.074501095756398e-129
-4.405506883604506	4.4635863082661495e-125
-4.39549436795995	5.5199129142119395e-121
-4.385481852315394	5.814596134104052e-117
-4.375469336670839	5.217301884317566e-113
-4.365456821026283	3.9875993075240542e-109
-4.355444305381727	2.5960691318910576e-105
-4.345431789737171	1.439661087847069e-101
-4.335419274092615	6.800543809491666e-98
-4.32540675844806	2.736317532316417e-94
-4.315394242803505	9.378404316413291e-91
-4.305381727158949	2.737985738682692e-87
-4.295369211514393	6.808843932259756e-84
-4.285356695869837	1.442300601270673e-80
-4.275344180225281	2.6024277757327747e-77
-4.265331664580726	3.99983828411388e-74
-4.25531914893617	5.2365764828757265e-71
-4.245306633291614	5.839749980347398e-68
-4.235294117647059	5.547323129453786e-65
-4.225281602002504	4.488650960573223e-62
-4.215269086357948	3.093800336091199e-59
-4.2052565707133915	1.816410107297503e-56
-4.1952440550688355	9.084103172951758e-54
-4.18523153942428	3.8698875836186594e-51
-4.175219023779725	1.4043156902337538e-48
-4.165206508135169	4.340938500096643e-46
-4.155193992490613	1.1430306696919163e-43
-4.145181476846057	2.5638403907528924e-41
-4.135168961201502	4.8987712053937114e-39
-4.1251564455569465	7.973545959304114e-37
-4.11514392991239	1.1055800575587905e-34
-4.105131414267834	1.305902362641141e-32
-4.095118898623279	1.3140807815419704e-30
-4.085106382978723	1.126510319434422e-28
-4.075093867334168	8.227411439407237e-27
-4.065081351689612	5.119435714922582e-25
-4.055068836045056	2.714132162459528e-23
-4.045056320400501	1.2260636808956761e-21
-4.035043804755945	4.719500484352508e-20
-4.025031289111389	1.548151577360948e-18
-4.015018773466833	4.328182314863815e-17
-4.005006257822277	1.0313840464518571e-15
-3.994993742177722	2.095152889180607e-14
-3.9849812265331668	3.628777470444671e-13
-3.9749687108886107	5.3596489085807216e-12
-3.9649561952440546	6.752139496911882e-11
-3.9549436795994994	7.257576098740282e-10
-3.9449311639549434	6.657709215699129e-09
-3.934918648310388	5.21441078814128e-08
-3.924906132665832	3.4884247149819985e-07
-3.914893617021277	1.9945046381475652e-06
-3.904881101376721	9.75250373450013e-06
-3.8948685857321648	4.0817556271461124e-05
-3.8848560700876096	0.00014639508414073202
-3.8748435544430535	0.0004506683324077766
-3.8648310387984983	0.0011936833478745023
-3.8548185231539422	0.0027307556111513544
-3.844806007509387	0.005429605660405733
-3.834793491864831	0.009482066331029363
-3.824780976220275	0.014795508916179027
-3.8147684605757197	0.021168906328293987
-3.8047559449311636	0.028711132990566025
-3.7947434292866085	0.038100142191901575
-3.7847309136420524	0.050305506069625465
-3.774718397997497	0.0659746029301478
-3.764705882352941	0.08523089598652352
-3.754693366708385	0.1083946965358643
-3.74468085106383	0.13718284458801588
-3.734668335419274	0.17526298003618798
-3.7246558197747186	0.22742264951217125
-3.7146433041301625	0.29762066976767204
-3.7046307884856065	0.38674671904365887
-3.6946182728410513	0.49095612740332073
-3.684605757196495	0.6017516135456087
-3.67459324155194	0.7090474285755731
-3.664580725907384	0.8066005230903854
-3.6545682102628287	0.8961363547095226
-3.6445556946182727	0.9861219529659712
-3.6345431789737166	1.0852948061910546
-3.6245306633291614	1.195884746259473
-3.6145181476846053	1.3118501189768466
-3.60450563204005	1.4232489646590971
-3.594493116395494	1.5232850889193088
-3.584480600750939	1.6131321344452345
-3.574468085106383	1.701645879903075
-3.5644555694618267	1.8004830378789891
-3.5544430538172715	1.9176029751807075
-3.5444305381727155	2.0526110213236906
-3.5344180225281603	2.19621212415347
-3.524405506883604	2.333865438405156
-3.514392991239049	2.4515442562026646
-3.504380475594493	2.5405843422164707
-3.494367959949937	2.599454373134782
-3.4843554443053817	2.63227643748364
-3.4743429286608256	2.6459941932760045
-3.4643304130162704	2.6486780057286525
-3.4543178973717144	2.6493707134812334
-3.444305381727159	2.6571095652166816
-3.434292866082603	2.677554019484393
-3.424280350438047	2.709893153969404
-3.414267834793492	2.7482161767795055
-3.4042553191489358	2.7868488381936927
-3.3942428035043806	2.8238979140938874
-3.3842302878598245	2.8587189994763222
-3.3742177722152693	2.885962911244637
-3.3642052565707132	2.893175437883043
-3.354192740926157	2.8656021698294465
-3.344180225281602	2.794356642485159
-3.334167709637046	2.6807514721471435
-3.3241551939924907	2.5340766129770573
-3.3141426783479346	2.3665262167209478
-3.3041301627033794	2.189622655561697
-3.2941176470588234	2.0124790576944256
-3.2841051314142673	1.8404333798386368
-3.274092615769712	1.6744976561612872
-3.264080100125156	1.5129945991323324
-3.254067584480601	1.354548905623224
-3.2440550688360448	1.1997394568520103
-3.2340425531914896	1.0502107295841885
-3.2240300375469335	0.9069679144515598
-3.2140175219023774	0.7702393901622872
-3.2040050062578223	0.6411307573461777
-3.193992490613266	0.5230431489074964
-3.183979974968711	0.42092243606691204
-3.173967459324155	0.33854448113357904
-3.1639549436795997	0.27592854108589543
-3.1539424280350437	0.22886108309972508
-3.1439299123904876	0.1908212566694779
-3.1339173967459324	0.15599518746341753
-3.1239048811013763	0.12158511259419484
-3.113892365456821	0.08822830147786986
-3.103879849812265	0.05856683543272797
-3.09386733416771	0.03512390374287375
-3.083854818523154	0.01885828751079253
-3.0738423028785977	0.008998990252966717
-3.0638297872340425	0.0037925393314646593
-3.0538172715894865	0.0014034742586885713
-3.0438047559449313	0.00045365336224805896
-3.033792240300375	0.00012748028357974697
-3.02377972465582	3.1016767961014275e-05
-3.013767209011264	6.511988702306133e-06
-3.003754693366708	1.1765302119991424e-06
-2.9937421777221527	1.8252486456633902e-07
-2.9837296620775966	2.4273733010719384e-08
-2.9737171464330414	2.7636413261651358e-09
-2.9637046307884853	2.691070371753151e-10
-2.95369211514393	2.23942533994762e-11
-2.943679599499374	1.5917094157263834e-12
-2.933667083854818	9.658564857492151e-14
-2.923654568210263	5.0018745262329645e-15
-2.9136420525657067	2.2100744791703872e-16
-2.9036295369211516	8.329943763645815e-18
-2.8936170212765955	2.6777120883015787e-19
-2.8836045056320403	7.340268315413436e-21
-2.873591989987484	1.7156808493620158e-22
-2.863579474342928	3.418976078454092e-24
-2.853566958698373	5.808386109099902e-26
-2.843554443053817	8.411716884644767e-28
-2.8335419274092617	1.0383827651461433e-29
-2.8235294117647056	1.092574562869362e-31
-2.8135168961201504	9.798176646464753e-34
-2.8035043804755944	7.48896793381843e-36
-2.7934918648310383	4.878260551192563e-38
-2.783479349186483	2.7080686244468474e-40
-2.773466833541927	1.2811283698729226e-42
-2.763454317897372	5.1647789862632504e-45
-2.7534418022528158	1.774294632933828e-47
-2.7434292866082606	5.194028226925089e-50
-2.7334167709637045	1.2956206985025683e-52
-2.7234042553191484	2.7538328517531017e-55
-2.7133917396745932	4.987410751121854e-58
-2.703379224030037	7.696315208260226e-61
-2.693366708385482	1.0119370339611161e-63
-2.683354192740926	1.133653436815879e-66
-2.6733416770963707	1.0820739889347135e-69
-2.6633291614518146	8.799894712554359e-73
-2.6533166458072586	6.303286591494367e-76
-2.6433041301627034	3.1822395164035557e-74
-2.6332916145181473	4.187139054210744e-71
-2.623279098873592	4.692960726697565e-68
-2.613266583229036	4.480400909706677e-65
-2.603254067584481	3.643574483295291e-62
-2.593241551939925	2.523944165156594e-59
-2.5832290362953687	1.4892711427585465e-56
-2.5732165206508135	7.485322700444659e-54
-2.5632040050062574	3.2047266051030364e-51
-2.5531914893617023	1.1687358884533113e-48
-2.543178973717146	3.6306823880477956e-46
-2.533166458072591	9.60745955987781e-44
-2.523153942428035	2.1656074840779423e-41
-2.513141426783479	4.158195146806825e-39
-2.5031289111389237	6.8012353273189685e-37
-2.4931163954943676	9.476182459976547e-35
-2.4831038798498124	1.1247288412127535e-32
-2.4730913642052563	1.1372050348196365e-30
-2.463078848560701	9.795259994691871e-29
-2.453066332916145	7.187728704082335e-27
-2.443053817271589	4.493464975952207e-25
-2.433041301627034	2.393340652051428e-23
-2.4230287859824777	1.0861398079416172e-21
-2.4130162703379225	4.200064855581072e-20
-2.4030037546933665	1.3840582628175443e-18
-2.3929912390488113	3.887138749936443e-17
-2.382978723404255	9.305610561485037e-16
-2.372966207759699	1.899225594888211e-14
-2.362953692115144	3.3053878923654547e-13
-2.352941176470588	4.906865054573546e-12
-2.3429286608260327	6.215454879396206e-11
-2.3329161451814766	6.720725465841827e-10
-2.3229036295369214	6.206748872466255e-09
-2.3128911138923653	4.898892442046544e-08
-2.3028785982478093	3.3071697097068753e-07
-2.292866082603254	1.911368067938926e-06
-2.282853566958698	9.46753727879494e-06
-2.272841051314143	4.0242575233371826e-05
-2.2628285356695867	0.000147001451239297
-2.2528160200250316	0.00046223707226894614
-2.2428035043804755	0.001253580037143194
-2.2327909887359194	0.0029390906357401195
-2.2227784730913642	0.005976617472695372
-2.212765957446808	0.010594447422398613
-2.202753441802253	0.01651600688757255
-2.192740926157697	0.02300717651910092
-2.1827284105131417	0.02944195360813945
-2.1727158948685856	0.03606626832756344
-2.1627033792240296	0.04422179105965842
-2.1526908635794744	0.05560936481741777
-2.1426783479349183	0.0711074396224704
-2.132665832290363	0.09021040410675728
-2.122653316645807	0.11159699507495245
-2.112640801001252	0.13425361037751496
-2.1026282853566958	0.1581551134080206
-2.0926157697121397	0.184069985607263
-2.0826032540675845	0.2128195625453304
-2.0725907384230284	0.24457373965965373
-2.0625782227784732	0.2786340597269373
-2.052565707133917	0.3140003786919592
-2.042553191489362	0.3507106697751157
-2.032540675844806	0.391192513624055
-2.02252816020025	0.4401246192840264
-2.0125156445556946	0.5018774627802416
-2.0025031289111386	0.5769797110534601
-1.9924906132665834	0.6610871497347048
-1.9824780976220273	0.7484054748923664
-1.9724655819774712	0.8369384040554938
-1.962453066332916	0.9305233055935598
-1.95244055068836	1.035869806892462
-1.9424280350438048	1.1578939833402826
-1.9324155193992487	1.2971918632827704
-1.9224030037546935	1.4498305368161772
-1.9123904881101375	1.6078658616007124
-1.9023779724655814	1.7610544568582494
-1.8923654568210262	1.901025259824335
-1.8823529411764701	2.025820117526723
-1.872340425531915	2.1402188605992056
-1.8623279098873589	2.250625916972532
-1.8523153942428037	2.3589345259376193
-1.8423028785982476	2.46067816563029
-1.8322903629536915	2.548556815897434
-1.8222778473091363	2.6184110358495585
-1.8122653316645803	2.67371148357878
-1.802252816020025	2.7255715433600183
-1.792240300375469	2.787639239347361
-1.7822277847309138	2.8687874101011146
-1.7722152690863577	2.9685935807224113
-1.7622027534418017	3.0784997317690186
-1.7521902377972465	3.187014236744441
-1.7421777221526904	3.2847547997631956
-1.7321652065081352	3.366365841459977
-1.7221526908635791	3.429534937176659
-1.712140175219024	3.473565556641374
-1.7021276595744679	3.499460577790119
-1.6921151439299118	3.5109390098134465
-1.6821026282853566	3.5142480989006053
-1.6720901126408005	3.5159425792411767
-1.6620775969962454	3.520008232379325
-1.6520650813516893	3.5259690278880575
-1.642052565707134	3.5286336432450165
-1.632040050062578	3.5201203387869935
-1.622027534418022	3.4946779788903806
-1.6120150187734668	3.454222318994475
-1.6020025031289107	3.409676396938922
-1.5919899874843555	3.375261363325906
-1.5819774718397994	3.3593733987150265
-1.5719649561952442	3.359333913273093
-1.5619524405506882	3.363621869373554
-1.551939924906132	3.358779891801376
-1.541927409261577	3.335976172718944
-1.5319148936170208	3.2943568580393183
-1.5219023779724656	3.2404125593870914
-1.5118898623279096	3.183653416669053
-1.5018773466833544	3.1311289934425464
-1.4918648310387983	3.0853591060723597
-1.4818523153942422	3.0476503088383526
-1.471839799749687	3.0224455126257066
-1.461827284105131	3.016139191787791
-1.4518147684605758	3.0299832755864298
-1.4418022528160197	3.0542332068087963
-1.4317897371714645	3.069892861877671
-1.4217772215269084	3.056808195165478
-1.4117647058823524	3.0021967457566827
-1.4017521902377972	2.905533138831881
-1.391739674593241	2.7788162374148473
-1.381727158948686	2.6422297376895973
-1.3717146433041298	2.5162869131736705
-1.3617021276595747	2.4137703839787075
-1.3516896120150186	2.3355091316888394
-1.3416770963704625	2.271929935407435
-1.3316645807259073	2.209225732990255
-1.3216520650813512	2.1367638936928772
-1.311639549436796	2.051737586931439
-1.30162703379224	1.958844739361258
-1.2916145181476848	1.8664837193922073
-1.2816020025031287	1.783197308860341
-1.2715894868585726	1.7162893227860312
-1.2615769712140175	1.671391827640177
-1.2515644555694614	1.6517541867472858
-1.2415519399249062	1.6583611698464409
-1.2315394242803501	1.6920230326331618
-1.221526908635795	1.7555650021057594
-1.2115143929912389	1.8526385923683004
-1.2015018773466828	1.9826286968468225
-1.1914893617021276	2.1360198063872615
-1.1814768460575715	2.2956730506725433
-1.1714643304130163	2.4443320519591247
-1.1614518147684603	2.5721038811766257
-1.151439299123905	2.677432156714998
-1.141426783479349	2.7623217180560244
-1.131414267834793	2.8288044173582665
-1.1214017521902377	2.880756185641068
-1.1113892365456817	2.9268109446390413
-1.1013767209011265	2.9777755298327984
-1.0913642052565704	3.0391533033629723
-1.0813516896120152	3.1062846877670953
-1.0713391739674591	3.16716732750737
-1.061326658322903	3.2102752829026846
-1.0513141426783479	3.2309664695840814
-1.0413016270337918	3.232190032221146
-1.0312891113892366	3.2194238904704777
-1.0212765957446805	3.193860692831045
-1.0112640801001254	3.1497859318483954
-1.0012515644555693	3.078857252456755
-0.9912390488110132	2.977437658938506
-0.981226533166458	2.850307442801146
-0.971214017521902	2.707946152071358
-0.9612015018773468	2.5602281104682554
-0.9511889862327907	2.4114151525821645
-0.9411764705882355	2.2595023176019473
-0.9311639549436794	2.0997452261860587
-0.9211514392991234	1.9296255355939376
-0.9111389236545682	1.7519120759266442
-0.9011264080100121	1.57406765567481
-0.8911138923654569	1.4048006076978519
-0.8811013767209008	1.2502982253147086
-0.8710888610763456	1.1124756543753693
-0.8610763454317896	0.989768150199596
-0.8510638297872335	0.8792643411181025
-0.8410513141426783	0.7785863332809936
-0.8310387984981222	0.6865983560352881
-0.821026282853567	0.6030062809874697
-0.811013767209011	0.5276930771942483
-0.8010012515644558	0.46064157053713495
-0.7909887359198997	0.4024381625519413
-0.7809762202753436	0.35461088997732126
-0.7709637046307884	0.31924800474840864
-0.7609511889862324	0.29803288254490623
-0.7509386733416772	0.2912352841157746
-0.7409261576971211	0.2972159715184102
-0.7309136420525659	0.3127886485601452
-0.7209011264080099	0.33427810876597064
-0.7108886107634538	0.3585615665552658
-0.7008760951188986	0.38348359575836977
-0.6908635794743425	0.4078635789621284
-0.6808510638297873	0.4318041566635311
-0.6708385481852313	0.4573642838632825
-0.6608260325406761	0.48868060813159053
-0.65081351689612	0.5307926431347884
-0.6408010012515639	0.5878837946826707
-0.6307884856070087	0.6626171295358898
-0.6207759699624527	0.7569764566530187
-0.6107634543178975	0.8725733885151666
-0.6007509386733414	1.008341218886136
-0.5907384230287862	1.1571214415837083
-0.5807259073842301	1.3054411277750644
-0.5707133917396741	1.438275113053538
-0.5607008760951189	1.545569986496414
-0.5506883604505628	1.62606387051253
-0.5406758448060076	1.6868390441851229
-0.5306633291614515	1.739632227381414
-0.5206508135168963	1.7957847251337928
-0.5106382978723403	1.8621790006649672
-0.5006257822277842	1.94000377261464
-0.490613266583229	2.0261776835720355
-0.48060075093867294	2.1158216950799154
-0.47058823529411775	2.204414523912234
-0.4605757196495617	2.2887344738099076
-0.4505632040050065	2.366083539662069
-0.4405506883604504	2.432637557671741
-0.43053817271589434	2.4828904868533583
-0.42052565707133915	2.511164216920108
-0.4105131414267831	2.5142871193455654
-0.4005006257822279	2.494045859481598
-0.3904881101376718	2.4584002059507664
-0.38047559449311663	2.420519667655791
-0.37046307884856056	2.395141911677344
-0.3604505632040045	2.3931605841157353
-0.3504380475594493	2.416662525558522
-0.3404255319148932	2.4568162818746604
-0.33041301627033803	2.496044005324031
-0.32040050062578196	2.5141464439671477
-0.3103879849812259	2.4961166228061047
-0.3003754693366707	2.4381473965554714
-0.2903629536921146	2.348535128234286
-0.28035043804755944	2.2423302597787726
-0.27033792240300336	2.13243569519654
-0.2603254067584482	2.022981407266084
-0.2503128911138921	1.9096420802243563
-0.24030037546933602	1.7859897159029094
-0.23028785982478084	1.6501476147606349
-0.22027534418022476	1.5067306658049338
-0.21026282853566958	1.3638351076385986
-0.2002503128911135	1.2285261273693475
-0.19023779724655832	1.1043153877687188
-0.18022528160200224	0.9916395058359302
-0.17021276595744617	0.8897243830573949
-0.16020025031289098	0.7976277409574171
-0.1501877346683349	0.7140521972673158
-0.14017521902377972	0.6373357078982022
-0.13016270337922364	0.5664742392316295
-0.12015018773466846	0.5020448297049385
-0.11013767209011238	0.4454989924085137
-0.10012515644555631	0.3973161673608769
-0.09011264080100112	0.3561643308749997
-0.08010012515644505	0.3199642372091245
-0.07008760951188986	0.28727374285937196
-0.060075093867333784	0.25729284086857795
-0.0500625782227786	0.22900819313779794
-0.04005006257822252	0.2011197685370441
-0.030037546933666448	0.17310411247642263
-0.02002503128911126	0.14637289966362987
-0.010012515644555187	0.12466284957976036
0.0	0.11342246872259369
