-8.0	21.275946309963842
-7.989987484355444	21.10012424075588
-7.979974968710889	20.92173229689588
-7.969962453066333	20.759791575748924
-7.9599499374217775	20.63073603954051
-7.949937421777221	20.504912090098728
-7.939924906132666	20.332216333943077
-7.92991239048811	20.087585310995177
-7.919899874843554	19.790336292246568
-7.909887359198999	19.4781950016384
-7.899874843554443	19.174683699190105
-7.889862327909888	18.856026381237214
-7.8798498122653315	18.446526774765413
-7.869837296620776	17.897153425442895
-7.85982478097622	17.247831236552432
-7.849812265331664	16.587791792596086
-7.839799749687109	15.962886109282865
-7.829787234042553	15.384840509098533
-7.819774718397998	14.877428838176096
-7.809762202753442	14.485576453498906
-7.7997496871088865	14.239778777880403
-7.78973717146433	14.12727814815768
-7.779724655819774	14.13759518573698
-7.769712140175219	14.253556372282835
-7.759699624530663	14.42169727699703
-7.749687108886108	14.569456915809672
-7.739674593241552	14.635544374997504
-7.729662077596997	14.610406244214957
-7.719649561952441	14.51652680968641
-7.7096370463078845	14.387987294097265
-7.699624530663329	14.248220714909225
-7.689612015018773	14.11091555104068
-7.679599499374218	13.996714623650396
-7.669586983729662	13.911628555622029
-7.659574468085107	13.871486700964391
-7.649561952440551	13.898645661689125
-7.639549436795995	13.985847717423862
-7.629536921151439	14.115162354177254
-7.619524405506883	14.265959192678736
-7.609511889862328	14.402345968612158
-7.599499374217772	14.496885857661551
-7.589486858573217	14.542434633575517
-7.579474342928661	14.54321764197975
-7.569461827284105	14.519951177558372
-7.55944931163955	14.485563221498651
-7.5494367959949935	14.433892827474068
-7.539424280350438	14.366084638282482
-7.529411764705882	14.293910883950382
-7.519399249061326	14.223072760711313
-7.509386733416771	14.151923769848354
-7.499374217772215	14.074095250745655
-7.48936170212766	13.97804945151304
-7.479349186483104	13.8683171959708
-7.4693366708385485	13.75785286735301
-7.459324155193992	13.649089149561876
-7.449311639549437	13.534154336053232
-7.439299123904881	13.401078760215809
-7.429286608260325	13.261016193976888
-7.41927409261577	13.130915624287132
-7.409261576971214	13.010243060317194
-7.399249061326659	12.892420950049376
-7.3892365456821025	12.788018168155716
-7.3792240300375465	12.712288906004687
-7.369211514392991	12.659577915747132
-7.359198998748435	12.605220916075451
-7.34918648310388	12.518661425638347
-7.339173967459324	12.394615345347617
-7.329161451814769	12.260106223913526
-7.319148936170213	12.146682426044217
-7.3091364205256575	12.069980991733749
-7.299123904881101	12.032569355586897
-7.289111389236545	12.03025989395518
-7.27909887359199	12.046028652600334
-7.269086357947434	12.070833746064691
-7.259073842302879	12.105692419266218
-7.249061326658323	12.1484459155782
-7.239048811013767	12.183544650034236
-7.2290362953692116	12.193928772058936
-7.2190237797246555	12.167321884751233
-7.2090112640801	12.110213720327028
-7.198998748435544	12.05123962939981
-7.188986232790989	12.004024737576175
-7.178973717146433	11.953825333347003
-7.168961201501878	11.87003265796584
-7.158948685857322	11.733226294754493
-7.148936170212766	11.560708207466728
-7.13892365456821	11.383154540375525
-7.128911138923654	11.236730957354885
-7.118898623279099	11.152147771202891
-7.108886107634543	11.131656382391276
-7.098873591989987	11.147169292106488
-7.088861076345432	11.17065642044549
-7.078848560700876	11.207146600023872
-7.068836045056321	11.248149184649696
-7.0588235294117645	11.246981070503512
-7.048811013767209	11.16693586283486
-7.038798498122653	11.019342551642502
-7.028785982478098	10.83578403355957
-7.018773466833542	10.64424958744235
-7.008760951188986	10.459332761085584
-6.998748435544431	10.291841251670023
-6.988735919899875	10.14342012341509
-6.9787234042553195	9.999128280499313
-6.968710888610763	9.85602126199687
-6.958698372966207	9.712305188703983
-6.948685857321652	9.580924495049885
-6.938673341677096	9.474752271390996
-6.928660826032541	9.424331824852645
-6.918648310387985	9.37466958397661
-6.908635794743429	9.339628111416845
-6.8986232790988735	9.328925439472165
-6.888610763454318	9.345667598155904
-6.878598247809762	9.396415858836212
-6.868585732165206	9.465669541987305
-6.858573216520651	9.595027011559395
-6.848560700876095	9.777923171188128
-6.83854818523154	9.90745932770671
-6.828535669586984	10.000786852912471
-6.818523153942428	10.067126245305214
-6.808510638297872	10.108415456770128
-6.798498122653316	10.154930640738838
-6.788485607008761	10.184503739223008
-6.778473091364205	10.349780116918456
-6.768460575719649	10.563485825866799
-6.758448060075094	10.84611531323193
-6.748435544430539	11.165011872645177
-6.7384230287859825	11.417497487393808
-6.7284105131414265	11.730519159666908
-6.718397997496871	12.081176657119398
-6.708385481852315	12.375575720275977
-6.69837296620776	12.711349910750357
-6.688360450563204	13.216655494846602
-6.678347934918648	13.67128659774829
-6.668335419274093	14.050061685476768
-6.658322903629537	14.443783452199266
-6.648310387984981	14.811755445796297
-6.638297872340425	15.119368881541622
-6.628285356695869	15.425524739967145
-6.618272841051314	15.861505751214953
-6.608260325406759	16.26368739408032
-6.598247809762203	16.632230025987106
-6.588235294117647	17.085837754575373
-6.578222778473092	17.64799368378039
-6.5682102628285355	18.10113125638222
-6.55819774718398	18.292032553349998
-6.548185231539424	18.389890490109174
-6.538172715894868	18.558243655065073
-6.528160200250313	18.67713397453884
-6.518147684605757	18.761030694870332
-6.508135168961202	18.871854233793695
-6.498122653316646	18.955083172850713
-6.4881101376720896	19.054809705770865
-6.478097622027534	19.10544838854321
-6.468085106382979	19.15218931905303
-6.458072590738423	19.194880612266314
-6.448060075093867	19.247288505243983
-6.438047559449312	19.29514250250657
-6.428035043804756	19.392816711765818
-6.418022528160201	19.536727493768392
-6.4080100125156445	19.729395345012694
-6.397997496871088	19.81811789717988
-6.387984981226533	19.73130848109597
-6.377972465581977	19.483103121880923
-6.367959949937422	19.180284132102674
-6.357947434292866	18.85696862469088
-6.34793491864831	18.58392989581246
-6.337922403003755	18.434499027352995
-6.3279098873591995	18.325173881086506
-6.317897371714643	18.160739679635572
-6.307884856070087	17.949491101081392
-6.297872340425532	17.79132963975294
-6.287859824780976	17.72260484409729
-6.277847309136421	17.695319480109863
-6.267834793491865	17.642306214939513
-6.257822277847309	17.56232835436912
-6.2478097622027535	17.374376340996793
-6.2377972465581975	17.10628737177551
-6.227784730913642	16.708701987968116
-6.217772215269086	16.35974496845225
-6.20775969962453	16.00490824905252
-6.197747183979975	15.622773076390523
-6.18773466833542	15.354960633086705
-6.177722152690864	15.148086306070756
-6.167709637046308	14.996630330365369
-6.157697121401752	14.943622395757325
-6.147684605757196	14.868982159716461
-6.137672090112641	14.776499318410227
-6.127659574468085	14.669118434639037
-6.117647058823529	14.386635837379313
-6.107634543178974	14.223647385914282
-6.097622027534418	14.130983120186906
-6.0876095118898625	14.009905394459636
-6.0775969962453065	13.839537643321291
-6.06758448060075	13.735112465955169
-6.057571964956195	13.639879298238785
-6.04755944931164	13.515379696561514
-6.037546933667084	13.428516787047641
-6.027534418022528	13.369079133695857
-6.017521902377973	13.312184331035485
-6.007509386733417	13.273363255896822
-5.997496871088861	13.237395401328124
-5.987484355444305	13.224896985492112
-5.977471839799749	13.221520599988164
-5.967459324155194	13.217738817892641
-5.957446808510639	13.20338065014237
-5.947434292866083	13.193758549870184
-5.937421777221527	13.189217280611272
-5.927409261576971	13.138538691812508
-5.9173967459324155	13.128481088610025
-5.90738423028786	13.129027966943116
-5.897371714643304	13.130387791732717
-5.887359198998748	13.131767124913154
-5.877346683354192	13.132695826273546
-5.867334167709637	13.133302233027026
-5.857321652065082	13.133769351046478
-5.847309136420526	13.13417718428878
-5.83729662077597	13.134551513384675
-5.827284105131414	13.134899745367498
-5.817271589486858	13.135224039735213
-5.807259073842303	13.135525302868476
-5.797246558197747	13.13580427565029
-5.787234042553191	13.136061777166743
-5.777221526908636	13.136298724384186
-5.767209011264081	13.136516103274838
-5.7571964956195245	13.136714936931654
-5.747183979974968	13.136896260130023
-5.737171464330412	13.137061100685507
-5.727158948685857	13.137210466194189
-5.717146433041302	13.137345334766975
-5.707133917396746	13.137466648699903
-5.69712140175219	13.137575310318311
-5.687108886107635	13.137672179445845
-5.677096370463079	13.13775807209617
-5.667083854818523	13.137833760086309
-5.657071339173967	13.137899971342321
-5.647058823529411	13.137957390720242
-5.637046307884856	13.138006661204416
-5.627033792240301	13.138048385374994
-5.617021276595745	13.138083127060089
-5.607008760951189	13.138111413106015
-5.596996245306633	13.138133735213884
-5.5869837296620775	13.138150551802452
-5.576971214017522	13.138162289866209
-5.566958698372966	13.138169346805427
-5.55694618272841	13.13817209221065
-5.546933667083855	13.13817086958893
-5.536921151439299	13.138165998022927
-5.526908635794744	13.138157773756975
-5.516896120150188	13.138146471706559
-5.5068836045056315	13.138132346889456
-5.496871088861076	13.138115635778457
-5.486858573216521	13.13809655757628
-5.476846057571965	13.138075315414499
-5.466833541927409	13.138052097478718
-5.456821026282853	13.138027078062656
-5.446808510638298	13.138000418554201
-5.4367959949937426	13.137972268356549
-5.4267834793491865	13.137942765747818
-5.41677096370463	13.137912038682327
-5.406758448060075	13.137880205536936
-5.396745932415519	13.137847375805663
-5.386733416770964	13.137813650745702
-5.376720901126408	13.137779123977944
-5.366708385481852	13.137743882045017
-5.356695869837297	13.137707073672804
-5.346683354192741	12.87713920957154
-5.336670838548185	12.817211884494972
-5.326658322903629	12.745408130954251
-5.316645807259073	12.480948534484702
-5.306633291614518	12.438147154373999
-5.296620775969963	12.165544119373513
-5.286608260325407	11.697158294130002
-5.276595744680851	11.64148129940175
-5.2665832290362955	11.217729268142746
-5.256570713391739	10.80385730255609
-5.246558197747184	10.340259885672548
-5.236545682102628	10.175223483657097
-5.226533166458072	9.814604153967398
-5.216520650813517	9.332419828013556
-5.206508135168962	8.540739183150693
-5.196495619524406	8.11222073699156
-5.18648310387985	7.72518070754901
-5.1764705882352935	7.157271594978987
-5.166458072590738	6.926424873775559
-5.156445556946183	6.126584874851505
-5.146433041301627	5.871447511403763
-5.136420525657071	5.214127095650507
-5.126408010012516	4.621944792954619
-5.11639549436796	3.846822743367787
-5.1063829787234045	3.8475948586560915
-5.0963704630788484	3.542662726456472
-5.086357947434292	3.1871642695964075
-5.076345431789737	3.083254905714713
-5.066332916145182	2.748022005772261
-5.056320400500626	2.595315403295355
-5.04630788485607	2.301378996785821
-5.036295369211514	2.187043186564929
-5.026282853566959	2.0065412577373003
-5.016270337922403	1.808867753684028
-5.006257822277847	1.6414011497383996
-4.996245306633291	1.344316592277732
-4.986232790988735	1.2027908281908755
-4.97622027534418	1.1840977823393277
-4.966207759699625	1.0194703282580906
-4.956195244055069	0.8533291501297097
-4.946182728410513	0.848164857721176
-4.9361702127659575	0.732494452242357
-4.926157697121402	0.7500218768653694
-4.916145181476846	0.8894983796777427
-4.90613266583229	0.8940713488384404
-4.896120150187734	1.0493287110182963
-4.886107634543179	1.0502688217669727
-4.876095118898624	1.1571788882017138
-4.866082603254068	1.205206912996719
-4.8560700876095115	1.3176253891430298
-4.8460575719649555	1.4503193344199823
-4.8360450563204	1.5570663763328554
-4.826032540675845	1.7661433376186768
-4.816020025031289	2.020002428354996
-4.806007509386733	2.316659417041357
-4.795994993742178	2.5264607659717613
-4.785982478097623	2.957997591331393
-4.7759699624530665	3.3436655485927567
-4.76595744680851	3.5165864341868516
-4.755944931163954	3.7209071256326407
-4.745932415519399	4.142307617991573
-4.735919899874844	4.6064466301583415
-4.725907384230288	4.843415294157562
-4.715894868585732	5.12839275575377
-4.705882352941176	5.698051882933317
-4.6958698372966206	6.055751006232273
-4.685857321652065	6.375183305365979
-4.675844806007509	6.697131293981533
-4.665832290362953	7.072103708074368
-4.655819774718398	7.470399839021154
-4.645807259073843	7.778129815934307
-4.635794743429287	8.008327737363693
-4.625782227784731	8.139622474370077
-4.615769712140175	8.35921927280519
-4.605757196495619	8.65887346308152
-4.595744680851064	8.972898952994496
-4.585732165206508	9.03562450555473
-4.575719649561952	9.201109759056585
-4.565707133917396	9.291946979556233
-4.555694618272841	9.32704192043592
-4.545682102628286	9.326969615424796
-4.53566958698373	9.393671972432312
-4.5256570713391735	9.467075508366356
-4.515644555694618	9.466996788790153
-4.505632040050063	9.466918683666176
-4.495619524405507	9.46684124460932
-4.485607008760951	9.583738278320878
-4.475594493116395	9.583827531923442
-4.46558197747184	9.58375494202464
-4.4555694618272845	9.583683410776983
-4.4455569461827285	9.583613009549303
-4.435544430538172	9.58354381279796
-4.425531914893616	9.583475898373413
-4.415519399249061	9.583409347610328
-4.405506883604506	9.583344245408655
-4.39549436795995	9.583280680303206
-4.385481852315394	9.583218744518927
-4.375469336670839	9.583158534008506
-4.365456821026283	9.583100148468551
-4.355444305381727	9.58304369132971
-4.345431789737171	9.582989269715851
-4.335419274092615	9.582936994366026
-4.32540675844806	9.582886979512612
-4.315394242803505	9.58283934270749
-4.305381727158949	9.582794204587206
-4.295369211514393	9.582751688566503
-4.285356695869837	9.582711920448109
-4.275344180225281	9.582675027934762
-4.265331664580726	9.582641140027473
-4.25531914893617	9.582610386291508
-4.245306633291614	9.582582895969045
-4.235294117647059	9.582558796914357
-4.225281602002504	9.582538214323915
-4.215269086357948	9.582521269230194
-4.2052565707133915	9.582508076723748
-4.1952440550688355	9.582498743863798
-4.18523153942428	9.582493367233
-4.175219023779725	9.582492030087804
-4.165206508135169	9.582494799052018
-4.155193992490613	9.582501720299197
-4.145181476846057	9.582512815170917
-4.135168961201502	9.582528075186092
-4.1251564455569465	9.582547456418931
-4.11514392991239	9.58257087327332
-4.105131414267834	9.582598191791668
-4.095118898623279	9.582629222877994
-4.085106382978723	9.5826637163526
-4.075093867334168	9.58270135794608
-4.065081351689612	9.582741773346411
-4.055068836045056	9.582784533853193
-4.045056320400501	9.582828873821418
-4.035043804755945	9.582867382775788
-4.025031289111389	9.582769073165975
-4.015018773466833	9.580464227568928
-4.005006257822277	9.568327786236605
-3.994993742177722	9.563086922240693
-3.9849812265331668	9.562860415849913
-3.9749687108886107	9.564149624988563
-3.9649561952440546	9.583486689145717
-3.9549436795994994	9.592526769799052
-3.9449311639549434	9.608636819210863
-3.934918648310388	9.633743387820484
-3.924906132665832	9.637923972475802
-3.914893617021277	9.643863114715181
-3.904881101376721	9.663969079574684
-3.8948685857321648	9.697258752543204
-3.8848560700876096	9.750567442390754
-3.8748435544430535	9.822638818664426
-3.8648310387984983	9.919487818457664
-3.8548185231539422	9.965152974383866
-3.844806007509387	10.022464132267537
-3.834793491864831	10.189894082435783
-3.824780976220275	10.276340350497327
-3.8147684605757197	10.300192044554201
-3.8047559449311636	10.30489888676175
-3.7947434292866085	10.293323276721974
-3.7847309136420524	10.27309611073225
-3.774718397997497	10.28248938794849
-3.764705882352941	10.450848250211397
-3.754693366708385	10.538104398032026
-3.74468085106383	10.640315082322704
-3.734668335419274	10.712785160236267
-3.7246558197747186	10.794077690465846
-3.7146433041301625	10.932728539142104
-3.7046307884856065	11.092266345743424
-3.6946182728410513	11.226470353856264
-3.684605757196495	11.368894206484494
-3.67459324155194	11.573149158542641
-3.664580725907384	11.818394008612989
-3.6545682102628287	12.065517669778098
-3.6445556946182727	12.303240606773144
-3.6345431789737166	12.543097562333466
-3.6245306633291614	12.688064897554835
-3.6145181476846053	12.761320139612845
-3.60450563204005	12.868395242919007
-3.594493116395494	13.003616564809874
-3.584480600750939	13.102920890361233
-3.574468085106383	13.20101539531678
-3.5644555694618267	13.300943055560072
-3.5544430538172715	13.366693742622934
-3.5444305381727155	13.481778958628306
-3.5344180225281603	13.741607457697173
-3.524405506883604	14.021416076351748
-3.514392991239049	14.208471013447713
-3.504380475594493	14.295598408900299
-3.494367959949937	14.305200094543533
-3.4843554443053817	14.282906639018227
-3.4743429286608256	14.238724172888244
-3.4643304130162704	14.173267922102642
-3.4543178973717144	14.033121275628657
-3.444305381727159	13.845971040994302
-3.434292866082603	13.656938263318807
-3.424280350438047	13.447300652462172
-3.414267834793492	13.127021850900896
-3.4042553191489358	12.850242850071185
-3.3942428035043806	12.637943536158351
-3.3842302878598245	12.472838697457282
-3.3742177722152693	12.31131939485629
-3.3642052565707132	12.10452365480536
-3.354192740926157	11.89240610063777
-3.344180225281602	11.710298435356709
-3.334167709637046	11.537714231733556
-3.3241551939924907	11.362628280556493
-3.3141426783479346	11.205850326841725
-3.3041301627033794	11.082963956421663
-3.2941176470588234	10.942121332601934
-3.2841051314142673	10.779361904693607
-3.274092615769712	10.5960511286391
-3.264080100125156	10.403098643845773
-3.254067584480601	10.215398148675463
-3.2440550688360448	10.065990054503722
-3.2340425531914896	9.962172392759674
-3.2240300375469335	9.874877774883224
-3.2140175219023774	9.766243507495638
-3.2040050062578223	9.692933873699698
-3.193992490613266	9.596959521586665
-3.183979974968711	9.486454509127576
-3.173967459324155	9.407099691655255
-3.1639549436795997	9.360256883644434
-3.1539424280350437	9.325061988036373
-3.1439299123904876	9.281101485259038
-3.1339173967459324	9.2397445689894
-3.1239048811013763	9.210610463041542
-3.113892365456821	9.17895291274794
-3.103879849812265	9.139838490186293
-3.09386733416771	9.124828054733475
-3.083854818523154	9.116124675268605
-3.0738423028785977	9.104715863376436
-3.0638297872340425	9.098644625097037
-3.0538172715894865	9.097114854871363
-3.0438047559449313	9.101120138521763
-3.033792240300375	9.1068431254398
-3.02377972465582	9.109237482362317
-3.013767209011264	9.1090966898904
-3.003754693366708	9.105590076816775
-2.9937421777221527	9.096504490658843
-2.9837296620775966	9.086582994648822
-2.9737171464330414	9.081982760587735
-2.9637046307884853	9.080839974586366
-2.95369211514393	9.080797242372823
-2.943679599499374	9.080984379681784
-2.933667083854818	9.077611094398593
-2.923654568210263	9.053663090523719
-2.9136420525657067	9.051783550317241
-2.9036295369211516	9.052038491344023
-2.8936170212765955	9.052308853920701
-2.8836045056320403	9.05256951303771
-2.873591989987484	9.046591837963318
-2.863579474342928	9.046818110057313
-2.853566958698373	9.053390683019005
-2.843554443053817	9.030504464065357
-2.8335419274092617	9.008435832504272
-2.8235294117647056	8.998560031761318
-2.8135168961201504	9.046404667060512
-2.8035043804755944	8.947063303782674
-2.7934918648310383	8.864455392453909
-2.783479349186483	8.87875211051971
-2.773466833541927	8.8885070056031
-2.763454317897372	8.73007549020679
-2.7534418022528158	8.746354874448166
-2.7434292866082606	8.686238565266551
-2.7334167709637045	8.774806127277378
-2.7234042553191484	8.692483728159466
-2.7133917396745932	8.611985121499023
-2.703379224030037	8.40456942446862
-2.693366708385482	8.309116532460266
-2.683354192740926	8.383076666698413
-2.6733416770963707	8.278174711245923
-2.6633291614518146	8.266551624133376
-2.6533166458072586	8.121821917719258
-2.6433041301627034	8.096018963368412
-2.6332916145181473	8.138911299241844
-2.623279098873592	8.02824911580884
-2.613266583229036	8.096168756777509
-2.603254067584481	8.045789753809988
-2.593241551939925	8.020768454069957
-2.5832290362953687	8.007880272189162
-2.5732165206508135	8.016537175224837
-2.5632040050062574	7.999796335611055
-2.5531914893617023	8.006910021075146
-2.543178973717146	8.028458900288351
-2.533166458072591	8.072944259960508
-2.523153942428035	8.127962304424614
-2.513141426783479	8.094692385020702
-2.5031289111389237	8.09764743686892
-2.4931163954943676	8.097857055445296
-2.4831038798498124	8.098087746371084
-2.4730913642052563	8.098345043847592
-2.463078848560701	8.094933598302386
-2.453066332916145	8.126133421689579
-2.443053817271589	8.133993314787789
-2.433041301627034	8.178254692767752
-2.4230287859824777	8.178736473931368
-2.4130162703379225	8.179253387668089
-2.4030037546933665	8.17979876547998
-2.3929912390488113	8.180363452063427
-2.382978723404255	8.180944715582166
-2.372966207759699	8.181546678675804
-2.362953692115144	8.182175371338284
-2.352941176470588	8.182819540152902
-2.3429286608260327	8.18336302917972
-2.3329161451814766	8.183302360257775
-2.3229036295369214	8.182299591632828
-2.3128911138923653	8.181997311486668
-2.3028785982478093	8.18241969285939
-2.292866082603254	8.178196985969207
-2.282853566958698	8.178913351487077
-2.272841051314143	8.19766654874297
-2.2628285356695867	8.208582681202204
-2.2528160200250316	8.215335200707798
-2.2428035043804755	8.231444426941925
-2.2327909887359194	8.25444184623827
-2.2227784730913642	8.284944285007962
-2.212765957446808	8.305786433861286
-2.202753441802253	8.297225803936612
-2.192740926157697	8.30115428847904
-2.1827284105131417	8.325195587068977
-2.1727158948685856	8.346682218669248
-2.1627033792240296	8.389137764149671
-2.1526908635794744	8.408117639550426
-2.1426783479349183	8.41665748559138
-2.132665832290363	8.479580885758129
-2.122653316645807	8.516039738090367
-2.112640801001252	8.531429446047694
-2.1026282853566958	8.552108567366364
-2.0926157697121397	8.605917611548314
-2.0826032540675845	8.667403249088538
-2.0725907384230284	8.716915577190516
-2.0625782227784732	8.789694331661332
-2.052565707133917	8.855856506658442
-2.042553191489362	8.947418548873264
-2.032540675844806	9.034340554438266
-2.02252816020025	9.126367767733834
-2.0125156445556946	9.26436248875365
-2.0025031289111386	9.460966577360255
-1.9924906132665834	9.67271397989757
-1.9824780976220273	9.810499174601539
-1.9724655819774712	9.972624889703685
-1.962453066332916	10.121238921042547
-1.95244055068836	10.242624223958218
-1.9424280350438048	10.422594316915829
-1.9324155193992487	10.70620038793599
-1.9224030037546935	10.93804188921381
-1.9123904881101375	11.117381119502259
-1.9023779724655814	11.315128196838648
-1.8923654568210262	11.53744726358943
-1.8823529411764701	11.741626626446402
-1.872340425531915	11.931704462871814
-1.8623279098873589	12.12935600653232
-1.8523153942428037	12.262209643209735
-1.8423028785982476	12.384591360381318
-1.8322903629536915	12.558047459489876
-1.8222778473091363	12.796996119452999
-1.8122653316645803	13.111052389843113
-1.802252816020025	13.4501164115024
-1.792240300375469	13.748995725633216
-1.7822277847309138	13.969618914892417
-1.7722152690863577	14.141616916091353
-1.7622027534418017	14.31807670781579
-1.7521902377972465	14.543674111971686
-1.7421777221526904	14.83110441052936
-1.7321652065081352	15.141726838092033
-1.7221526908635791	15.421255697930233
-1.712140175219024	15.660935076981952
-1.7021276595744679	15.830812709065857
-1.6921151439299118	15.929473366508871
-1.6821026282853566	15.97382078938696
-1.6720901126408005	15.994412999084538
-1.6620775969962454	15.999102357605226
-1.6520650813516893	15.980374158841672
-1.642052565707134	15.97587575623926
-1.632040050062578	15.995244004325853
-1.622027534418022	16.05715573883095
-1.6120150187734668	16.150224355151693
-1.6020025031289107	16.244651618861923
-1.5919899874843555	16.343175639794254
-1.5819774718397994	16.485752976426845
-1.5719649561952442	16.714827707096806
-1.5619524405506882	17.008005931274
-1.551939924906132	17.339607519166346
-1.541927409261577	17.645479808382703
-1.5319148936170208	17.867498388067705
-1.5219023779724656	18.02223944743079
-1.5118898623279096	18.136495033388517
-1.5018773466833544	18.222158961398197
-1.4918648310387983	18.267845887310486
-1.4818523153942422	18.267429340371816
-1.471839799749687	18.211559687070825
-1.461827284105131	18.053974626703877
-1.4518147684605758	17.905600154999362
-1.4418022528160197	17.86049931398556
-1.4317897371714645	17.89862081855236
-1.4217772215269084	17.92069560465511
-1.4117647058823524	17.941783264836424
-1.4017521902377972	17.974042980646836
-1.391739674593241	17.943925574850766
-1.381727158948686	17.86099782058784
-1.3717146433041298	17.79480228151922
-1.3617021276595747	17.756482385379783
-1.3516896120150186	17.678323294520933
-1.3416770963704625	17.618840980523732
-1.3316645807259073	17.573500275645415
-1.3216520650813512	17.525695988626484
-1.311639549436796	17.44995401557713
-1.30162703379224	17.30030699573591
-1.2916145181476848	17.117197369231615
-1.2816020025031287	16.90118210412742
-1.2715894868585726	16.648708417607622
-1.2615769712140175	16.38928191795716
-1.2515644555694614	16.156793013269517
-1.2415519399249062	15.939780527799007
-1.2315394242803501	15.77453132069987
-1.221526908635795	15.66324813793497
-1.2115143929912389	15.561254682248498
-1.2015018773466828	15.43552996513041
-1.1914893617021276	15.288397974597428
-1.1814768460575715	15.149111910213987
-1.1714643304130163	15.009527929080049
-1.1614518147684603	14.897985681734202
-1.151439299123905	14.80043868853971
-1.141426783479349	14.669649413820443
-1.131414267834793	14.500888082144304
-1.1214017521902377	14.283683593723492
-1.1113892365456817	13.944074878581002
-1.1013767209011265	13.592972352136512
-1.0913642052565704	13.306761396554522
-1.0813516896120152	13.01148338023407
-1.0713391739674591	12.682003703675612
-1.061326658322903	12.357465365813896
-1.0513141426783479	12.059974887596884
-1.0413016270337918	11.808660188997376
-1.0312891113892366	11.606661909264874
-1.0212765957446805	11.452227405236485
-1.0112640801001254	11.294108100016327
-1.0012515644555693	11.146284854145513
-0.9912390488110132	10.995895122705013
-0.981226533166458	10.784334941256034
-0.971214017521902	10.583190754560475
-0.9612015018773468	10.32816845958945
-0.9511889862327907	10.087729049834426
-0.9411764705882355	9.845903233678314
-0.9311639549436794	9.582855621241553
-0.9211514392991234	9.262448046816598
-0.9111389236545682	8.979024491377237
-0.9011264080100121	8.730998562938169
-0.8911138923654569	8.523357659728724
-0.8811013767209008	8.301976017168888
-0.8710888610763456	8.082150505296473
-0.8610763454317896	7.865395642973738
-0.8510638297872335	7.699405048030915
-0.8410513141426783	7.589386384830672
-0.8310387984981222	7.474039846409632
-0.821026282853567	7.37910892260224
-0.811013767209011	7.279015684044048
-0.8010012515644558	7.180541775524249
-0.7909887359198997	7.129785367957856
-0.7809762202753436	7.059296181026663
-0.7709637046307884	7.002910916983923
-0.7609511889862324	6.937909800350559
-0.7509386733416772	6.938709247246127
-0.7409261576971211	6.9657747351604105
-0.7309136420525659	6.949239927591294
-0.7209011264080099	6.938049778889702
-0.7108886107634538	7.009501166127472
-0.7008760951188986	7.056722746098075
-0.6908635794743425	7.201975739854555
-0.6808510638297873	7.287728400711949
-0.6708385481852313	7.348193137311495
-0.6608260325406761	7.400363465879261
-0.65081351689612	7.4460626386313855
-0.6408010012515639	7.496746439334806
-0.6307884856070087	7.541373519746071
-0.6207759699624527	7.622547146904408
-0.6107634543178975	7.733088897332072
-0.6007509386733414	7.837593174046951
-0.5907384230287862	7.949448101383847
-0.5807259073842301	8.060886319054772
-0.5707133917396741	8.18931167235551
-0.5607008760951189	8.276219835673016
-0.5506883604505628	8.343552183156328
-0.5406758448060076	8.39058633826845
-0.5306633291614515	8.432622119272427
-0.5206508135168963	8.503628964444243
-0.5106382978723403	8.5878669370843
-0.5006257822277842	8.647477143980755
-0.490613266583229	8.66681492129886
-0.48060075093867294	8.64651435397574
-0.47058823529411775	8.645342391478582
-0.4605757196495617	8.67416062880625
-0.4505632040050065	8.679045957044869
-0.4405506883604504	8.676269969010324
-0.43053817271589434	8.663723080650442
-0.42052565707133915	8.658671385139113
-0.4105131414267831	8.694168327821394
-0.4005006257822279	8.744415947212708
-0.3904881101376718	8.745688475991686
-0.38047559449311663	8.7821509069841
-0.37046307884856056	8.807941184561084
-0.3604505632040045	8.82208949845162
-0.3504380475594493	8.833948187187506
-0.3404255319148932	8.865358925898681
-0.33041301627033803	8.898724073721514
-0.32040050062578196	8.947519982895837
-0.3103879849812259	8.992492167049463
-0.3003754693366707	8.991721309233165
-0.2903629536921146	8.898732556876825
-0.28035043804755944	8.818008733097658
-0.27033792240300336	8.751504743927795
-0.2603254067584482	8.690269821551894
-0.2503128911138921	8.598440031000555
-0.24030037546933602	8.482032891910064
-0.23028785982478084	8.443648006148594
-0.22027534418022476	8.353347388165002
-0.21026282853566958	8.323291197042092
-0.2002503128911135	8.302145047502721
-0.19023779724655832	8.259536807092097
-0.18022528160200224	8.139733879218989
-0.17021276595744617	7.912740995905204
-0.16020025031289098	7.780608235973628
-0.1501877346683349	7.652556112136006
-0.14017521902377972	7.5366587629035555
-0.13016270337922364	7.489730919772963
-0.12015018773466846	7.407287218828277
-0.11013767209011238	7.237732824653746
-0.10012515644555631	7.107364707679871
-0.09011264080100112	7.0571356249040775
-0.08010012515644505	7.051719798389837
-0.07008760951188986	7.102681905001796
-0.060075093867333784	7.135000093451681
-0.0500625782227786	7.145540803306075
-0.04005006257822252	7.1783856403250095
-0.030037546933666448	7.209654025096912
-0.02002503128911126	7.227410476562471
-0.010012515644555187	7.182538310575225
0.0	7.183478393292227
