-8.0	11.775400928770207
-7.989987484355444	11.9572761634619
-7.979974968710889	12.174136319996332
-7.969962453066333	12.434211231764582
-7.9599499374217775	12.620376399648928
-7.949937421777221	12.96310482567753
-7.939924906132666	13.42374697560664
-7.92991239048811	14.055003857377843
-7.919899874843554	14.740377502133924
-7.909887359198999	15.500694305528151
-7.899874843554443	16.221377271869052
-7.889862327909888	16.819522476321747
-7.8798498122653315	17.538569557903458
-7.869837296620776	18.280057097470404
-7.85982478097622	19.16718872304681
-7.849812265331664	20.000169814983508
-7.839799749687109	20.682619346804167
-7.829787234042553	21.374942454170135
-7.819774718397998	22.11957370210117
-7.809762202753442	22.866645828332036
-7.7997496871088865	23.614010403246933
-7.78973717146433	24.262669819773027
-7.779724655819774	24.761464842539855
-7.769712140175219	25.214366073908828
-7.759699624530663	25.74464454182383
-7.749687108886108	26.382433546700977
-7.739674593241552	27.099875472683173
-7.729662077596997	27.87908483121166
-7.719649561952441	28.783317515445518
-7.7096370463078845	29.825371336981732
-7.699624530663329	30.822480906549124
-7.689612015018773	31.788351324075148
-7.679599499374218	32.80399062505472
-7.669586983729662	33.79137173168179
-7.659574468085107	34.687419553472616
-7.649561952440551	35.461067070496846
-7.639549436795995	36.107083545973346
-7.629536921151439	36.679136404430785
-7.619524405506883	37.207317685635545
-7.609511889862328	37.705160587275074
-7.599499374217772	38.27328622879083
-7.589486858573217	38.96201904653281
-7.579474342928661	39.700341538276234
-7.569461827284105	40.34704082677668
-7.55944931163955	40.817226612776345
-7.5494367959949935	41.09928953490565
-7.539424280350438	41.18726374470775
-7.529411764705882	41.09103708906123
-7.519399249061326	40.921738787700725
-7.509386733416771	40.81126259785794
-7.499374217772215	40.80077086995639
-7.48936170212766	40.82796594672104
-7.479349186483104	40.803108804864664
-7.4693366708385485	40.64674304493843
-7.459324155193992	40.37019003293352
-7.449311639549437	40.08191384718025
-7.439299123904881	39.84312535907797
-7.429286608260325	39.628131012079535
-7.41927409261577	39.4226689065015
-7.409261576971214	39.24327949518538
-7.399249061326659	39.12825537575531
-7.3892365456821025	39.09356986257084
-7.3792240300375465	39.08694287322705
-7.369211514392991	39.042297222020046
-7.359198998748435	38.86819870972819
-7.34918648310388	38.507216940465476
-7.339173967459324	37.9976399177623
-7.329161451814769	37.40203168379046
-7.319148936170213	36.77800341735551
-7.3091364205256575	36.17954806247182
-7.299123904881101	35.64631191214023
-7.289111389236545	35.1763878904681
-7.27909887359199	34.70847713920728
-7.269086357947434	34.17923567793859
-7.259073842302879	33.57170643081438
-7.249061326658323	32.917563247133536
-7.239048811013767	32.2707561326061
-7.2290362953692116	31.661155340356387
-7.2190237797246555	31.08715810615675
-7.2090112640801	30.538145907931924
-7.198998748435544	30.005345896316832
-7.188986232790989	29.514632161339186
-7.178973717146433	29.11091385846413
-7.168961201501878	28.808594393889557
-7.158948685857322	28.59073808177966
-7.148936170212766	28.43745086356329
-7.13892365456821	28.316409181422152
-7.128911138923654	28.184849303064276
-7.118898623279099	28.028429300941966
-7.108886107634543	27.85091438786952
-7.098873591989987	27.63220589067093
-7.088861076345432	27.336823183453255
-7.078848560700876	26.965487451340746
-7.068836045056321	26.565995641637333
-7.0588235294117645	26.18710839415512
-7.048811013767209	25.847100117359364
-7.038798498122653	25.536265353266376
-7.028785982478098	25.224540309434733
-7.018773466833542	24.86913207964846
-7.008760951188986	24.442784009579377
-6.998748435544431	23.955656290360736
-6.988735919899875	23.435674673116424
-6.9787234042553195	22.922277452221802
-6.968710888610763	22.431001244978944
-6.958698372966207	21.94491297788812
-6.948685857321652	21.42310574140284
-6.938673341677096	20.837142327560354
-6.928660826032541	20.239286193217904
-6.918648310387985	19.728363355118272
-6.908635794743429	19.313218818318273
-6.8986232790988735	18.94099740846488
-6.888610763454318	18.59194465596084
-6.878598247809762	18.269236544172433
-6.868585732165206	17.986309138298488
-6.858573216520651	17.74657577882712
-6.848560700876095	17.504520813920205
-6.83854818523154	17.225365369623066
-6.828535669586984	16.93082515089707
-6.818523153942428	16.657710374080402
-6.808510638297872	16.409040493271945
-6.798498122653316	16.17442977520948
-6.788485607008761	15.922414614517
-6.778473091364205	15.604242281681302
-6.768460575719649	15.271843496658294
-6.758448060075094	14.982689135516615
-6.748435544430539	14.716746120211807
-6.7384230287859825	14.500165990607195
-6.7284105131414265	14.331494780587596
-6.718397997496871	14.142409873691925
-6.708385481852315	13.927006295051358
-6.69837296620776	13.722156435470495
-6.688360450563204	13.577240600053926
-6.678347934918648	13.555629405339332
-6.668335419274093	13.697779737788716
-6.658322903629537	13.973721939259983
-6.648310387984981	14.175428701508569
-6.638297872340425	14.334165082365066
-6.628285356695869	14.451574161597048
-6.618272841051314	14.646644365477307
-6.608260325406759	14.885033253659243
-6.598247809762203	15.120662878525382
-6.588235294117647	15.503811148536421
-6.578222778473092	16.006413257440997
-6.5682102628285355	16.489050368126943
-6.55819774718398	16.91259854806728
-6.548185231539424	17.475913997447527
-6.538172715894868	18.16161544813777
-6.528160200250313	18.949407519303648
-6.518147684605757	19.76345652797421
-6.508135168961202	20.505042778254577
-6.498122653316646	21.12969763117926
-6.4881101376720896	21.659076900632336
-6.478097622027534	22.21932578750578
-6.468085106382979	22.78151409417351
-6.458072590738423	23.297349683932012
-6.448060075093867	23.854743471634677
-6.438047559449312	24.493141728376642
-6.428035043804756	25.178758354190926
-6.418022528160201	25.857055677091186
-6.4080100125156445	26.486941093210632
-6.397997496871088	27.145175948667763
-6.387984981226533	27.927942226002276
-6.377972465581977	28.85456641957404
-6.367959949937422	29.847933682385683
-6.357947434292866	30.923916880081414
-6.34793491864831	32.12327528266454
-6.337922403003755	33.34998701948092
-6.3279098873591995	34.52752263202758
-6.317897371714643	35.67395647896248
-6.307884856070087	36.77491729971197
-6.297872340425532	37.81436232858509
-6.287859824780976	38.80613472540744
-6.277847309136421	39.75764388924124
-6.267834793491865	40.652377208646286
-6.257822277847309	41.55185685256804
-6.2478097622027535	42.56620788144044
-6.2377972465581975	43.741895715702306
-6.227784730913642	45.0653573288301
-6.217772215269086	46.49861918089315
-6.20775969962453	47.892370474811294
-6.197747183979975	49.22272472999704
-6.18773466833542	50.50651656222614
-6.177722152690864	51.69817280023324
-6.167709637046308	52.74745756648271
-6.157697121401752	53.64833843542411
-6.147684605757196	54.363435145726164
-6.137672090112641	54.91406998626915
-6.127659574468085	55.391047747940455
-6.117647058823529	55.83599325789239
-6.107634543178974	56.24751860219261
-6.097622027534418	56.74983849484146
-6.0876095118898625	57.373675252501755
-6.0775969962453065	58.01132269963969
-6.06758448060075	58.6277087774915
-6.057571964956195	59.24344887615725
-6.04755944931164	59.75702102850641
-6.037546933667084	60.093257165089085
-6.027534418022528	60.22952979524773
-6.017521902377973	60.10796349052139
-6.007509386733417	59.7192312390483
-5.997496871088861	59.16803173102466
-5.987484355444305	58.57615742205759
-5.977471839799749	57.957366813484875
-5.967459324155194	57.26333349986455
-5.957446808510639	56.6232538235793
-5.947434292866083	56.15755670767943
-5.937421777221527	55.82903194584864
-5.927409261576971	55.5526679217283
-5.9173967459324155	55.2149058291853
-5.90738423028786	54.73561419631557
-5.897371714643304	54.14487605522051
-5.887359198998748	53.43718665408929
-5.877346683354192	52.55227645012441
-5.867334167709637	51.569736339912396
-5.857321652065082	50.612907657014766
-5.847309136420526	49.74790399959103
-5.83729662077597	48.98215145226172
-5.827284105131414	48.25205129908385
-5.817271589486858	47.483946730122874
-5.807259073842303	46.61018751785974
-5.797246558197747	45.71928438531139
-5.787234042553191	44.8800257607276
-5.777221526908636	43.99696873249589
-5.767209011264081	43.03318505988753
-5.7571964956195245	42.274657441864754
-5.747183979974968	41.69197812272133
-5.737171464330412	40.98500785646071
-5.727158948685857	40.12041738864145
-5.717146433041302	39.175173132738735
-5.707133917396746	38.293548927454275
-5.69712140175219	37.388197623948294
-5.687108886107635	36.31984078579554
-5.677096370463079	35.20676608475451
-5.667083854818523	34.47380539616176
-5.657071339173967	34.21153704622598
-5.647058823529411	34.28345780317333
-5.637046307884856	34.36438370831384
-5.627033792240301	34.45012025443653
-5.617021276595745	34.61923651106687
-5.607008760951189	34.839535321921005
-5.596996245306633	35.024047597147096
-5.5869837296620775	35.27938519338588
-5.576971214017522	35.6932405392535
-5.566958698372966	35.93766153511575
-5.55694618272841	36.367113062682705
-5.546933667083855	37.228225486527904
-5.536921151439299	38.49541320374988
-5.526908635794744	39.61636427775133
-5.516896120150188	40.50790313014821
-5.5068836045056315	41.650996807616174
-5.496871088861076	42.95772443374833
-5.486858573216521	44.165075173300366
-5.476846057571965	45.734440916497796
-5.466833541927409	47.278077956051376
-5.456821026282853	48.55575568572345
-5.446808510638298	49.732879284144175
-5.4367959949937426	51.0038688700828
-5.4267834793491865	52.27311089231636
-5.41677096370463	53.31652165964459
-5.406758448060075	54.114999674110365
-5.396745932415519	54.851017938223876
-5.386733416770964	55.755431712432895
-5.376720901126408	56.51432734490323
-5.366708385481852	57.2899106343283
-5.356695869837297	58.12239462405198
-5.346683354192741	58.872077101864384
-5.336670838548185	59.34287758970035
-5.326658322903629	59.51959329550449
-5.316645807259073	59.58684249450135
-5.306633291614518	59.78741207319639
-5.296620775969963	60.04014203304219
-5.286608260325407	60.39490000721385
-5.276595744680851	60.81488941966168
-5.2665832290362955	61.14200880693073
-5.256570713391739	61.17028871447427
-5.246558197747184	60.99161916638616
-5.236545682102628	60.8042357748495
-5.226533166458072	60.60006612895591
-5.216520650813517	60.41491791912483
-5.206508135168962	60.327674588187925
-5.196495619524406	60.2393523381793
-5.18648310387985	60.067188341704544
-5.1764705882352935	59.742741158579626
-5.166458072590738	59.2332733361426
-5.156445556946183	58.58654576791821
-5.146433041301627	57.92875519724558
-5.136420525657071	57.39212861569992
-5.126408010012516	56.87574329531175
-5.11639549436796	56.291155977893425
-5.1063829787234045	55.57649896906141
-5.0963704630788484	54.86512940294466
-5.086357947434292	54.13909775562545
-5.076345431789737	53.346599433802304
-5.066332916145182	52.7011998587135
-5.056320400500626	51.92970764991783
-5.04630788485607	50.97256049521694
-5.036295369211514	50.117538574986355
-5.026282853566959	49.32160616772744
-5.016270337922403	48.47687955131573
-5.006257822277847	47.55373824926994
-4.996245306633291	46.69001176457157
-4.986232790988735	45.75859126280607
-4.97622027534418	44.84275898621537
-4.966207759699625	44.065218269275135
-4.956195244055069	43.250470299047244
-4.946182728410513	42.2275560794468
-4.9361702127659575	41.19820986873653
-4.926157697121402	40.251371424958755
-4.916145181476846	39.2736853881303
-4.90613266583229	38.28699835783949
-4.896120150187734	37.12240070206741
-4.886107634543179	36.1426622700917
-4.876095118898624	35.39833495566702
-4.866082603254068	34.949058541992
-4.8560700876095115	34.330633081467816
-4.8460575719649555	33.75926945926843
-4.8360450563204	33.40879801314284
-4.826032540675845	32.99715177154545
-4.816020025031289	32.57317321268404
-4.806007509386733	32.116761087928175
-4.795994993742178	31.845504107848935
-4.785982478097623	31.560607102812664
-4.7759699624530665	31.096932238813658
-4.76595744680851	30.69975993244137
-4.755944931163954	30.3628297466842
-4.745932415519399	30.09842895737642
-4.735919899874844	29.876681349112904
-4.725907384230288	29.67411857453985
-4.715894868585732	29.57613127234214
-4.705882352941176	29.497558125395393
-4.6958698372966206	29.445545775473864
-4.685857321652065	29.35773990661534
-4.675844806007509	29.26584802318478
-4.665832290362953	29.210916610895346
-4.655819774718398	29.144714298613984
-4.645807259073843	29.080342618287084
-4.635794743429287	29.03623790072933
-4.625782227784731	29.030391333126463
-4.615769712140175	29.03584284981666
-4.605757196495619	29.053198286237144
-4.595744680851064	29.05260636499159
-4.585732165206508	29.04832331560888
-4.575719649561952	29.046509885268932
-4.565707133917396	29.045403508211418
-4.555694618272841	29.044527670435524
-4.545682102628286	29.0437911659922
-4.53566958698373	29.04316787586812
-4.5256570713391735	29.04264242293065
-4.515644555694618	29.042201942018647
-4.505632040050063	29.041834926093465
-4.495619524405507	29.041531077379084
-4.485607008760951	29.041281263883278
-4.475594493116395	29.0410774615858
-4.46558197747184	29.040912676045096
-4.4555694618272845	29.040780851326865
-4.4455569461827285	29.04067677387799
-4.435544430538172	29.040595976939
-4.425531914893616	29.04053464921153
-4.415519399249061	29.040489550028912
-4.405506883604506	29.040457932201242
-4.39549436795995	29.040437472953187
-4.385481852315394	29.040426212869438
-4.375469336670839	29.04042250244808
-4.365456821026283	29.04042495568056
-4.355444305381727	29.040432409990775
-4.345431789737171	29.03905760727742
-4.335419274092615	28.972796090770398
-4.32540675844806	28.972813320519446
-4.315394242803505	28.971415273966254
-4.305381727158949	28.862321203558242
-4.295369211514393	28.704019973308185
-4.285356695869837	28.70165750760032
-4.275344180225281	28.70168058514862
-4.265331664580726	28.66048971125947
-4.25531914893617	28.66043569240239
-4.245306633291614	28.605842941827657
-4.235294117647059	28.460924294467777
-4.225281602002504	28.349506501731526
-4.215269086357948	28.279195796203393
-4.2052565707133915	28.17768756446041
-4.1952440550688355	28.078178009415605
-4.18523153942428	27.943218114738492
-4.175219023779725	27.8319086251434
-4.165206508135169	27.2709737645668
-4.155193992490613	27.079622317169925
-4.145181476846057	26.461573940201095
-4.135168961201502	25.91021468241472
-4.1251564455569465	25.54147549961233
-4.11514392991239	25.11721202365764
-4.105131414267834	24.452648909565088
-4.095118898623279	24.29539530419412
-4.085106382978723	24.022197597395866
-4.075093867334168	23.829586445964473
-4.065081351689612	23.512187961366877
-4.055068836045056	23.485355696370842
-4.045056320400501	23.435455886215824
-4.035043804755945	23.024820513918954
-4.025031289111389	22.754703787987584
-4.015018773466833	22.779286661288438
-4.005006257822277	22.57263575011505
-3.994993742177722	22.609778329890993
-3.9849812265331668	22.552617516099325
-3.9749687108886107	22.473909139901963
-3.9649561952440546	22.420361016374905
-3.9549436795994994	22.907761773996477
-3.9449311639549434	22.490593408543706
-3.934918648310388	22.42311643112674
-3.924906132665832	22.284528769689462
-3.914893617021277	22.350807909133085
-3.904881101376721	22.371059909881012
-3.8948685857321648	22.371238612196446
-3.8848560700876096	22.371421064157797
-3.8748435544430535	22.36324040780951
-3.8648310387984983	22.278679970213297
-3.8548185231539422	22.278888484293805
-3.844806007509387	22.27910514713273
-3.834793491864831	22.279330235258843
-3.824780976220275	22.279564053718563
-3.8147684605757197	22.279806921249698
-3.8047559449311636	22.2800591714833
-3.7947434292866085	22.28032115428026
-3.7847309136420524	22.280593237207782
-3.774718397997497	22.2808758071572
-3.764705882352941	22.281169272096825
-3.754693366708385	22.28147406294384
-3.74468085106383	22.281790635523087
-3.734668335419274	22.282119472558648
-3.7246558197747186	22.282461085611903
-3.7146433041301625	22.282816016834143
-3.7046307884856065	22.28318484033852
-3.6946182728410513	22.283568162907002
-3.684605757196495	22.283966623626117
-3.67459324155194	22.28438089187867
-3.664580725907384	22.284811662911125
-3.6545682102628287	22.285259650222
-3.6445556946182727	22.28572557956025
-3.6345431789737166	22.286210296879805
-3.6245306633291614	22.286716938382735
-3.6145181476846053	22.28726690381054
-3.60450563204005	22.28783884567691
-3.594493116395494	22.288416074442775
-3.584480600750939	22.289171568417846
-3.574468085106383	22.29265862491823
-3.5644555694618267	22.31930307386692
-3.5544430538172715	22.346479537378595
-3.5444305381727155	22.352636538947703
-3.5344180225281603	22.369145872209522
-3.524405506883604	22.382742267029503
-3.514392991239049	22.411719069887464
-3.504380475594493	22.489904072395824
-3.494367959949937	22.491230877871715
-3.4843554443053817	22.49904972509403
-3.4743429286608256	22.53535353124006
-3.4643304130162704	22.608345434762928
-3.4543178973717144	22.699878642136095
-3.444305381727159	22.803640501013053
-3.434292866082603	22.89817337877731
-3.424280350438047	22.999711827160194
-3.414267834793492	23.1621766968447
-3.4042553191489358	23.517134977050006
-3.3942428035043806	23.932651925310015
-3.3842302878598245	24.36557669102919
-3.3742177722152693	24.73677726529345
-3.3642052565707132	24.969385727434325
-3.354192740926157	25.279617089062917
-3.344180225281602	25.458458323186214
-3.334167709637046	25.720483674299786
-3.3241551939924907	26.116320279938627
-3.3141426783479346	26.603196087438548
-3.3041301627033794	27.174498085956326
-3.2941176470588234	28.010141509606864
-3.2841051314142673	28.695200935868147
-3.274092615769712	29.325355798984674
-3.264080100125156	30.10108678121639
-3.254067584480601	30.831707257492067
-3.2440550688360448	31.613973533585
-3.2340425531914896	32.2683075981295
-3.2240300375469335	32.740992245395354
-3.2140175219023774	33.21698377484423
-3.2040050062578223	33.984533275548245
-3.193992490613266	34.912023125780784
-3.183979974968711	35.74483327286935
-3.173967459324155	36.58147472357814
-3.1639549436795997	37.31035883089529
-3.1539424280350437	38.02983917106016
-3.1439299123904876	38.85693946874223
-3.1339173967459324	39.68536397331708
-3.1239048811013763	40.26136898983895
-3.113892365456821	40.88532744321017
-3.103879849812265	41.71249037267671
-3.09386733416771	42.43639987183304
-3.083854818523154	42.85088461990952
-3.0738423028785977	43.17949304438914
-3.0638297872340425	43.52143655834385
-3.0538172715894865	43.7643033887393
-3.0438047559449313	43.80201246304866
-3.033792240300375	43.771801590788215
-3.02377972465582	43.89135126525747
-3.013767209011264	44.14942008491725
-3.003754693366708	44.38402802606466
-2.9937421777221527	44.47229269617691
-2.9837296620775966	44.48669423013219
-2.9737171464330414	44.56372281808537
-2.9637046307884853	44.45970516790095
-2.95369211514393	44.03722172913442
-2.943679599499374	43.5605521773191
-2.933667083854818	43.14006012135762
-2.923654568210263	42.73290386844415
-2.9136420525657067	42.08117084621843
-2.9036295369211516	41.43626906803286
-2.8936170212765955	40.45603647354296
-2.8836045056320403	39.295868020570836
-2.873591989987484	38.358752501479835
-2.863579474342928	37.53167366433801
-2.853566958698373	36.71700111830273
-2.843554443053817	35.88124687098099
-2.8335419274092617	35.06814280568063
-2.8235294117647056	34.42180293589883
-2.8135168961201504	33.84127300514804
-2.8035043804755944	33.42300027825112
-2.7934918648310383	32.98302027171927
-2.783479349186483	32.409310404317985
-2.773466833541927	31.744340499437307
-2.763454317897372	30.586158734637536
-2.7534418022528158	29.437720848684354
-2.7434292866082606	28.69655084416539
-2.7334167709637045	28.049081150069867
-2.7234042553191484	27.230951853562118
-2.7133917396745932	26.589675652884193
-2.703379224030037	26.10535597237585
-2.693366708385482	25.532997065106663
-2.683354192740926	25.063386828762255
-2.6733416770963707	24.68867923483227
-2.6633291614518146	24.327891793893652
-2.6533166458072586	24.150904641789314
-2.6433041301627034	23.988148106934496
-2.6332916145181473	23.803068551354812
-2.623279098873592	23.71957376955764
-2.613266583229036	23.690213747803934
-2.603254067584481	23.670870029832198
-2.593241551939925	23.629215913794766
-2.5832290362953687	23.561758131664796
-2.5732165206508135	23.476555703007342
-2.5632040050062574	23.27243693796847
-2.5531914893617023	23.124691472787962
-2.543178973717146	23.090865289341245
-2.533166458072591	23.06046922716418
-2.523153942428035	23.038154416646936
-2.513141426783479	23.003158670494376
-2.5031289111389237	22.95788068936087
-2.4931163954943676	22.931329359666083
-2.4831038798498124	22.923753884688605
-2.4730913642052563	22.87749224942875
-2.463078848560701	22.828614805099576
-2.453066332916145	22.826888326871277
-2.443053817271589	22.810352971688268
-2.433041301627034	22.87389840482184
-2.4230287859824777	22.81095374285034
-2.4130162703379225	22.80742069260735
-2.4030037546933665	22.721179853859887
-2.3929912390488113	22.772133422284167
-2.382978723404255	22.77392345582345
-2.372966207759699	22.763080772875647
-2.362953692115144	22.73358731118424
-2.352941176470588	22.815945843558172
-2.3429286608260327	22.926122141409426
-2.3329161451814766	23.02277076287279
-2.3229036295369214	23.001078954751254
-2.3128911138923653	23.389224848178326
-2.3028785982478093	23.160577030255837
-2.292866082603254	23.368820239467013
-2.282853566958698	23.637523087776977
-2.272841051314143	24.247680034695083
-2.2628285356695867	24.442098957945255
-2.2528160200250316	24.62088210920353
-2.2428035043804755	24.60964513115679
-2.2327909887359194	24.632920029196566
-2.2227784730913642	24.749120846458013
-2.212765957446808	24.98263578043584
-2.202753441802253	25.180599961754286
-2.192740926157697	25.455401544627872
-2.1827284105131417	25.532502730745477
-2.1727158948685856	25.70606243912149
-2.1627033792240296	25.93991106651401
-2.1526908635794744	26.334542567734022
-2.1426783479349183	26.390404076582442
-2.132665832290363	26.29621501950245
-2.122653316645807	26.346665541990745
-2.112640801001252	26.439308559500887
-2.1026282853566958	26.488918835309477
-2.0926157697121397	26.447470236100475
-2.0826032540675845	26.500735341072506
-2.0725907384230284	26.50849648677147
-2.0625782227784732	26.57505427561872
-2.052565707133917	26.63932296946563
-2.042553191489362	26.665410296529778
-2.032540675844806	26.826408476696244
-2.02252816020025	26.843735847383567
-2.0125156445556946	26.93179475938996
-2.0025031289111386	27.046588566759485
-1.9924906132665834	27.123735545958915
-1.9824780976220273	27.18996797273365
-1.9724655819774712	27.276747804385533
-1.962453066332916	27.346513117569163
-1.95244055068836	27.369522714306633
-1.9424280350438048	27.402148079532076
-1.9324155193992487	27.489857434113087
-1.9224030037546935	27.56202289963393
-1.9123904881101375	27.65200215692428
-1.9023779724655814	27.813872190514722
-1.8923654568210262	28.093954866190412
-1.8823529411764701	28.364471627878576
-1.872340425531915	28.596842984885065
-1.8623279098873589	28.86261614723417
-1.8523153942428037	29.150943647354314
-1.8423028785982476	29.537933469148083
-1.8322903629536915	29.907931801152223
-1.8222778473091363	30.41440597441172
-1.8122653316645803	30.88220997267839
-1.802252816020025	31.273759929198157
-1.792240300375469	31.771620509102387
-1.7822277847309138	32.3878549047993
-1.7722152690863577	33.237291781065636
-1.7622027534418017	33.922848227010896
-1.7521902377972465	34.79300601591503
-1.7421777221526904	35.562775713337935
-1.7321652065081352	36.417328559484694
-1.7221526908635791	37.38606766390585
-1.712140175219024	38.22638523770358
-1.7021276595744679	39.07182300690296
-1.6921151439299118	40.03568281776547
-1.6821026282853566	40.76905829543579
-1.6720901126408005	41.382774227623095
-1.6620775969962454	42.08585091322202
-1.6520650813516893	42.93484850355431
-1.642052565707134	43.7765868055813
-1.632040050062578	44.50416253159451
-1.622027534418022	45.24840715501118
-1.6120150187734668	46.00156389768946
-1.6020025031289107	46.61087576129007
-1.5919899874843555	47.05656894283371
-1.5819774718397994	47.504107035223676
-1.5719649561952442	47.854221776297216
-1.5619524405506882	48.17232547510755
-1.551939924906132	48.624258177147205
-1.541927409261577	48.96224810401955
-1.5319148936170208	49.050364747968565
-1.5219023779724656	49.16734484049696
-1.5118898623279096	49.30562549576887
-1.5018773466833544	49.07929024701002
-1.4918648310387983	48.60729248634032
-1.4818523153942422	48.199317915068804
-1.471839799749687	47.84039792131239
-1.461827284105131	47.46363701963096
-1.4518147684605758	46.942857210643645
-1.4418022528160197	46.341302738927794
-1.4317897371714645	45.831368196371095
-1.4217772215269084	45.28594813354049
-1.4117647058823524	44.743464448159415
-1.4017521902377972	44.42078018436604
-1.391739674593241	44.22094105336583
-1.381727158948686	43.99873276140125
-1.3717146433041298	43.74652505807765
-1.3617021276595747	43.19330210769476
-1.3516896120150186	42.70723660778245
-1.3416770963704625	42.28302322866508
-1.3316645807259073	41.85600337314797
-1.3216520650813512	41.261803996193464
-1.311639549436796	40.60154741857629
-1.30162703379224	39.79255245183399
-1.2916145181476848	38.95057091439122
-1.2816020025031287	38.11259191343177
-1.2715894868585726	37.300492726269006
-1.2615769712140175	36.55267699461732
-1.2515644555694614	35.801973864443845
-1.2415519399249062	35.02333840190009
-1.2315394242803501	34.1205853355897
-1.221526908635795	33.133946810186124
-1.2115143929912389	32.23139730498239
-1.2015018773466828	31.55181495883223
-1.1914893617021276	30.982513578949167
-1.1814768460575715	30.351038485595243
-1.1714643304130163	29.55947369593894
-1.1614518147684603	28.932935242975887
-1.151439299123905	28.21711653711749
-1.141426783479349	27.517884921160135
-1.131414267834793	27.084127309230222
-1.1214017521902377	26.772990607166
-1.1113892365456817	26.47125172779143
-1.1013767209011265	26.087216117408335
-1.0913642052565704	25.810041165864202
-1.0813516896120152	25.202018416050855
-1.0713391739674591	24.878424203222096
-1.061326658322903	24.598578557977184
-1.0513141426783479	24.403580470629713
-1.0413016270337918	24.31202204412129
-1.0312891113892366	24.278546055953615
-1.0212765957446805	24.266111744023807
-1.0112640801001254	24.189270534628278
-1.0012515644555693	24.054281937482386
-0.9912390488110132	24.034669263963
-0.981226533166458	24.107986771183345
-0.971214017521902	24.268955598826945
-0.9612015018773468	24.273514110411043
-0.9511889862327907	24.342706943264805
-0.9411764705882355	24.450853989179663
-0.9311639549436794	24.530998419732008
-0.9211514392991234	24.620638282685764
-0.9111389236545682	24.754628339242448
-0.9011264080100121	24.78548869609632
-0.8911138923654569	24.691134912950766
-0.8811013767209008	24.57841153184327
-0.8710888610763456	24.451703241657462
-0.8610763454317896	24.40383898071706
-0.8510638297872335	24.550196748189528
-0.8410513141426783	24.672288006676336
-0.8310387984981222	24.704670067439842
-0.821026282853567	24.801371312870703
-0.811013767209011	24.795995442265337
-0.8010012515644558	24.65611712627062
-0.7909887359198997	24.558903497454732
-0.7809762202753436	24.516525208116803
-0.7709637046307884	24.43276647453669
-0.7609511889862324	24.286558753992892
-0.7509386733416772	24.249031617238504
-0.7409261576971211	24.252641877832822
-0.7309136420525659	24.126217130957418
-0.7209011264080099	23.815478767242908
-0.7108886107634538	23.50814173379485
-0.7008760951188986	23.221141760076492
-0.6908635794743425	22.955366690250283
-0.6808510638297873	22.714861803564627
-0.6708385481852313	22.4654897640393
-0.6608260325406761	22.207106796257772
-0.65081351689612	22.03877107642615
-0.6408010012515639	21.977005806776916
-0.6307884856070087	21.922410785596995
-0.6207759699624527	21.77236064265202
-0.6107634543178975	21.52051220987255
-0.6007509386733414	21.22601145569214
-0.5907384230287862	20.94300585308548
-0.5807259073842301	20.689309947576383
-0.5707133917396741	20.532419939487077
-0.5607008760951189	20.49472443038415
-0.5506883604505628	20.51482013538688
-0.5406758448060076	20.599093370815268
-0.5306633291614515	20.701138920447846
-0.5206508135168963	20.755657183251838
-0.5106382978723403	20.838692908743266
-0.5006257822277842	21.01149576982958
-0.490613266583229	21.269803443536894
-0.48060075093867294	21.509731782190297
-0.47058823529411775	21.662141165570592
-0.4605757196495617	21.788888820084505
-0.4505632040050065	21.905582474034556
-0.4405506883604504	22.0299165884941
-0.43053817271589434	22.193623857732078
-0.42052565707133915	22.35874294865693
-0.4105131414267831	22.54484354020552
-0.4005006257822279	22.82892001456481
-0.3904881101376718	23.169555887622344
-0.38047559449311663	23.48145436804263
-0.37046307884856056	23.691453290663514
-0.3604505632040045	23.8546999395124
-0.3504380475594493	24.04726961986966
-0.3404255319148932	24.232780527642888
-0.33041301627033803	24.360290867419028
-0.32040050062578196	24.448817641708235
-0.3103879849812259	24.546928699633867
-0.3003754693366707	24.67489646590811
-0.2903629536921146	24.82455641423624
-0.28035043804755944	25.005225813944442
-0.27033792240300336	25.207950061383418
-0.2603254067584482	25.41969733071281
-0.2503128911138921	25.587772630052328
-0.24030037546933602	25.76230515053109
-0.23028785982478084	25.906063025711422
-0.22027534418022476	26.049756842048133
-0.21026282853566958	26.23474217353656
-0.2002503128911135	26.415556930118882
-0.19023779724655832	26.528982119831518
-0.18022528160200224	26.5271675449841
-0.17021276595744617	26.38796500380021
-0.16020025031289098	26.21443324256889
-0.1501877346683349	26.00010229808044
-0.14017521902377972	25.78192353313585
-0.13016270337922364	25.587342817077467
-0.12015018773466846	25.372433939420304
-0.11013767209011238	25.11307062839062
-0.10012515644555631	24.819407269696217
-0.09011264080100112	24.54886470859564
-0.08010012515644505	24.244108494972707
-0.07008760951188986	23.901039450639196
-0.060075093867333784	23.546790761767294
-0.0500625782227786	23.159663456805472
-0.04005006257822252	22.751763829162744
-0.030037546933666448	22.373392892759707
-0.02002503128911126	21.938588056583455
-0.010012515644555187	21.44590384535675
0.0	21.001943093129515
