-8.0	12.369029133949903
-7.989987484355444	13.391260592730072
-7.979974968710889	13.961733946433453
-7.969962453066333	14.443813507315452
-7.9599499374217775	14.965213400460014
-7.949937421777221	15.549716616609226
-7.939924906132666	15.667835445672146
-7.92991239048811	15.825540313042815
-7.919899874843554	15.936897760070433
-7.909887359198999	15.988722647571738
-7.899874843554443	16.054325754698734
-7.889862327909888	16.143153129270324
-7.8798498122653315	16.257522147363442
-7.869837296620776	16.458145581419444
-7.85982478097622	16.8527912214085
-7.849812265331664	17.542220356599312
-7.839799749687109	18.476078549387633
-7.829787234042553	19.734775055268088
-7.819774718397998	21.34311566905092
-7.809762202753442	23.264046845618857
-7.7997496871088865	25.30308674144204
-7.78973717146433	27.407925484844544
-7.779724655819774	29.56982511948162
-7.769712140175219	31.771318721186006
-7.759699624530663	34.03524826236039
-7.749687108886108	36.3450045503377
-7.739674593241552	38.57461043920775
-7.729662077596997	40.57578751588098
-7.719649561952441	42.32256632834166
-7.7096370463078845	43.884690175787846
-7.699624530663329	45.36233103008463
-7.689612015018773	46.86635292380212
-7.679599499374218	48.44575314999793
-7.669586983729662	50.028632629152426
-7.659574468085107	51.47991065367553
-7.649561952440551	52.7380428273435
-7.639549436795995	53.84519087129985
-7.629536921151439	54.84987302342418
-7.619524405506883	55.75845487968445
-7.609511889862328	56.55787116917192
-7.599499374217772	57.20841960729704
-7.589486858573217	57.67815952179863
-7.579474342928661	57.967002818756
-7.569461827284105	58.07342245738335
-7.55944931163955	57.99963670912732
-7.5494367959949935	57.79408824978039
-7.539424280350438	57.56792935734352
-7.529411764705882	57.41334107726795
-7.519399249061326	57.24494056193783
-7.509386733416771	56.8669744173805
-7.499374217772215	56.1723736126738
-7.48936170212766	55.21385583985001
-7.479349186483104	54.10809089103379
-7.4693366708385485	52.91011725934037
-7.459324155193992	51.549434668976865
-7.449311639549437	49.924776912790655
-7.439299123904881	48.0915803446905
-7.429286608260325	46.24795688681272
-7.41927409261577	44.53352022705767
-7.409261576971214	42.950643260371145
-7.399249061326659	41.43743203414255
-7.3892365456821025	39.948174434894334
-7.3792240300375465	38.50812868006454
-7.369211514392991	37.15591597719832
-7.359198998748435	35.95829936336781
-7.34918648310388	34.96583556037057
-7.339173967459324	34.14711650729689
-7.329161451814769	33.415412781014396
-7.319148936170213	32.68934938007493
-7.3091364205256575	31.94330444818519
-7.299123904881101	31.213404463209617
-7.289111389236545	30.53479788048547
-7.27909887359199	29.92557738438135
-7.269086357947434	29.401042262103143
-7.259073842302879	28.980194040161482
-7.249061326658323	28.692988628432836
-7.239048811013767	28.542798808409934
-7.2290362953692116	28.472545452080663
-7.2190237797246555	28.410196503580565
-7.2090112640801	28.32118405935871
-7.198998748435544	28.20803081829381
-7.188986232790989	28.087064138436087
-7.178973717146433	27.9826814730811
-7.168961201501878	27.92891023379811
-7.158948685857322	27.939206205986032
-7.148936170212766	28.004406095121713
-7.13892365456821	28.124102698781442
-7.128911138923654	28.30538830659135
-7.118898623279099	28.545212297481623
-7.108886107634543	28.820605818283553
-7.098873591989987	29.100697266339157
-7.088861076345432	29.36150785714344
-7.078848560700876	29.577635530538057
-7.068836045056321	29.728900756878325
-7.0588235294117645	29.803977473252655
-7.048811013767209	29.78744772643679
-7.038798498122653	29.649216511521495
-7.028785982478098	29.359510059945528
-7.018773466833542	28.916580638149814
-7.008760951188986	28.36171653633866
-6.998748435544431	27.74912400420488
-6.988735919899875	27.08495176835607
-6.9787234042553195	26.330937082607008
-6.968710888610763	25.4545341788204
-6.958698372966207	24.458879669018472
-6.948685857321652	23.375817848898134
-6.938673341677096	22.24943154170226
-6.928660826032541	21.12658200817154
-6.918648310387985	20.04099060810762
-6.908635794743429	19.00263109827131
-6.8986232790988735	17.987891657928447
-6.888610763454318	16.94009283423227
-6.878598247809762	15.839726562216219
-6.868585732165206	14.774398745704824
-6.858573216520651	13.757801991450505
-6.848560700876095	12.750252572898674
-6.83854818523154	11.790531350156606
-6.828535669586984	11.02639154570236
-6.818523153942428	10.4571126013633
-6.808510638297872	10.002655631368032
-6.798498122653316	9.613727191351957
-6.788485607008761	9.220135659874549
-6.778473091364205	8.795737276757935
-6.768460575719649	8.403927965408203
-6.758448060075094	8.10109245582567
-6.748435544430539	7.753182368882863
-6.7384230287859825	7.5249597719553085
-6.7284105131414265	7.366737499964573
-6.718397997496871	7.206932086218055
-6.708385481852315	7.18356371094854
-6.69837296620776	7.29134563187418
-6.688360450563204	7.617350501558098
-6.678347934918648	8.078775714590112
-6.668335419274093	8.727575499941493
-6.658322903629537	9.78424020342563
-6.648310387984981	10.941907649178725
-6.638297872340425	12.029611231332087
-6.628285356695869	13.311061231479021
-6.618272841051314	14.306623713793007
-6.608260325406759	15.056993542278594
-6.598247809762203	16.004442365817145
-6.588235294117647	16.660995932628186
-6.578222778473092	17.269094916669257
-6.5682102628285355	17.650214614785796
-6.55819774718398	18.04780514782567
-6.548185231539424	18.48952458579986
-6.538172715894868	18.94226618752405
-6.528160200250313	19.48617993881404
-6.518147684605757	20.015937635612506
-6.508135168961202	20.640381098326746
-6.498122653316646	21.422094814520563
-6.4881101376720896	22.347325202004395
-6.478097622027534	23.38389606173668
-6.468085106382979	24.51301411981555
-6.458072590738423	25.76250666607519
-6.448060075093867	27.153573120365568
-6.438047559449312	28.67924661497479
-6.428035043804756	30.32906658854339
-6.418022528160201	32.058188885662084
-6.4080100125156445	33.824015964978805
-6.397997496871088	35.652699388091136
-6.387984981226533	37.61561466384173
-6.377972465581977	39.71557394119145
-6.367959949937422	41.87428566824814
-6.357947434292866	44.03556157896934
-6.34793491864831	46.1892439103796
-6.337922403003755	48.32881753505595
-6.3279098873591995	50.47137462042376
-6.317897371714643	52.662523514374705
-6.307884856070087	54.9090490930275
-6.297872340425532	57.10597522239846
-6.287859824780976	59.139062893369115
-6.277847309136421	61.01059048150832
-6.267834793491865	62.73990444531369
-6.257822277847309	64.36797950372737
-6.2478097622027535	65.9524546988176
-6.2377972465581975	67.52052060819082
-6.227784730913642	69.07682935959373
-6.217772215269086	70.49551867552572
-6.20775969962453	71.77382556652825
-6.197747183979975	72.95129021311617
-6.18773466833542	74.03617655392722
-6.177722152690864	75.10004509143847
-6.167709637046308	76.17052691121786
-6.157697121401752	77.17947166931852
-6.147684605757196	77.9939878057092
-6.137672090112641	78.60271770492773
-6.127659574468085	79.09788200347828
-6.117647058823529	79.52767442931236
-6.107634543178974	79.93977874226712
-6.097622027534418	80.3771619521366
-6.0876095118898625	80.82674974067567
-6.0775969962453065	81.18419406295254
-6.06758448060075	81.30875547436816
-6.057571964956195	81.13132975432086
-6.04755944931164	80.64097911031922
-6.037546933667084	79.87298206225213
-6.027534418022528	78.824021956962
-6.017521902377973	77.59713136498674
-6.007509386733417	76.27305037796764
-5.997496871088861	74.78620774469502
-5.987484355444305	73.14680565192498
-5.977471839799749	71.45110168854082
-5.967459324155194	69.79662473089319
-5.957446808510639	68.17661227937346
-5.947434292866083	66.61851826330548
-5.937421777221527	65.12207205550409
-5.927409261576971	63.62319414178611
-5.9173967459324155	62.02863782427534
-5.90738423028786	60.266628548779195
-5.897371714643304	58.24748095701973
-5.887359198998748	55.911188440936314
-5.877346683354192	53.43325797897767
-5.867334167709637	51.08092982517535
-5.857321652065082	48.962696802347786
-5.847309136420526	47.04975111692508
-5.83729662077597	45.29482129884576
-5.827284105131414	43.760414052823066
-5.817271589486858	42.55881304831044
-5.807259073842303	41.65001272635705
-5.797246558197747	40.85108651356081
-5.787234042553191	39.97535381536862
-5.777221526908636	38.90128895487474
-5.767209011264081	37.53949985477075
-5.7571964956195245	35.913761810343516
-5.747183979974968	34.174976849345356
-5.737171464330412	32.326177045461996
-5.727158948685857	30.289564503569284
-5.717146433041302	28.214782143386692
-5.707133917396746	26.282522872586856
-5.69712140175219	24.622047291136386
-5.687108886107635	23.12916298526259
-5.677096370463079	21.818750813154132
-5.667083854818523	20.65239364724392
-5.657071339173967	19.715917793112553
-5.647058823529411	18.811420836280348
-5.637046307884856	18.002956646966016
-5.627033792240301	17.344263156309175
-5.617021276595745	17.042319102583658
-5.607008760951189	17.11642530878255
-5.596996245306633	17.625804423924894
-5.5869837296620775	18.79113294236335
-5.576971214017522	21.026269996714177
-5.566958698372966	24.182294183266865
-5.55694618272841	27.926046010867772
-5.546933667083855	32.945338533518054
-5.536921151439299	38.30194633021486
-5.526908635794744	42.33350421085477
-5.516896120150188	46.69382588428953
-5.5068836045056315	50.17330358635165
-5.496871088861076	52.77681680362587
-5.486858573216521	54.97236669577619
-5.476846057571965	57.278938612834935
-5.466833541927409	59.20159297679263
-5.456821026282853	61.343238502387045
-5.446808510638298	63.78722907400005
-5.4367959949937426	66.3852578596508
-5.4267834793491865	68.90720881997872
-5.41677096370463	71.47548101366415
-5.406758448060075	73.92571761541247
-5.396745932415519	76.05166636221307
-5.386733416770964	77.85558002224401
-5.376720901126408	79.46908817966276
-5.366708385481852	80.79748468023081
-5.356695869837297	81.81989105966244
-5.346683354192741	82.62670223494811
-5.336670838548185	83.16338496263158
-5.326658322903629	83.39408480036992
-5.316645807259073	83.51003571628355
-5.306633291614518	83.62550404373368
-5.296620775969963	83.64688709537612
-5.286608260325407	83.50021357116948
-5.276595744680851	83.25280751216067
-5.2665832290362955	83.00636614058236
-5.256570713391739	82.75605121707
-5.246558197747184	82.50741212678065
-5.236545682102628	82.2708052450772
-5.226533166458072	82.00372903316409
-5.216520650813517	81.70852612364735
-5.206508135168962	81.2696590028558
-5.196495619524406	80.70668320079581
-5.18648310387985	80.11417659947939
-5.1764705882352935	79.42240239641612
-5.166458072590738	78.64602333784727
-5.156445556946183	77.77555031212269
-5.146433041301627	76.78377365164515
-5.136420525657071	75.69709139542647
-5.126408010012516	74.51944864321096
-5.11639549436796	73.24446761813648
-5.1063829787234045	71.98794714056814
-5.0963704630788484	70.70679604674447
-5.086357947434292	69.25508248729507
-5.076345431789737	67.70322726763419
-5.066332916145182	66.15467279731554
-5.056320400500626	64.47565826948026
-5.04630788485607	62.43459239777508
-5.036295369211514	60.117098977958456
-5.026282853566959	57.726255905801665
-5.016270337922403	55.388745768293845
-5.006257822277847	53.11222360492537
-4.996245306633291	50.77484467775483
-4.986232790988735	48.53027097713992
-4.97622027534418	46.22001861314144
-4.966207759699625	44.12543168349178
-4.956195244055069	42.40732736202494
-4.946182728410513	40.909155123950924
-4.9361702127659575	39.75546936808524
-4.926157697121402	38.92048698776166
-4.916145181476846	38.27899704795231
-4.90613266583229	37.80116505698232
-4.896120150187734	37.52201283738712
-4.886107634543179	37.3574464162582
-4.876095118898624	37.25132830246916
-4.866082603254068	37.19004442980729
-4.8560700876095115	37.159676399529694
-4.8460575719649555	37.14264708530893
-4.8360450563204	37.13178588283801
-4.826032540675845	37.12428420412406
-4.816020025031289	37.1188214574815
-4.806007509386733	37.114693738761865
-4.795994993742178	37.11149349572504
-4.785982478097623	37.108968866913074
-4.7759699624530665	37.106955035964134
-4.76595744680851	37.10533845586888
-4.755944931163954	37.10403728411911
-4.745932415519399	37.10299023554094
-4.735919899874844	37.10214998094176
-4.725907384230288	37.10147908360579
-4.715894868585732	37.10094739662415
-4.705882352941176	37.100530326758935
-4.6958698372966206	37.10020762850767
-4.685857321652065	37.099962533441115
-4.675844806007509	37.099781099134795
-4.665832290362953	37.09965170732354
-4.655819774718398	37.09956466730709
-4.645807259073843	37.09951189630619
-4.635794743429287	37.0994866579557
-4.625782227784731	37.099483345990244
-4.615769712140175	37.09949730389483
-4.605757196495619	37.099524673714626
-4.595744680851064	37.099562268842405
-4.585732165206508	37.09960746672988
-4.575719649561952	37.09965811827953
-4.565707133917396	37.09971247127304
-4.555694618272841	37.0997691056539
-4.545682102628286	37.09982687884283
-4.53566958698373	37.09988487955602
-4.5256570713391735	37.099942388834144
-4.515644555694618	37.099998847188076
-4.505632040050063	37.10005382693175
-4.495619524405507	37.10010700891323
-4.485607008760951	37.10015816297219
-4.475594493116395	37.10020713155297
-4.46558197747184	37.10025381598746
-4.4555694618272845	37.100298165035234
-4.4455569461827285	37.10034016533015
-4.435544430538172	37.10037983343522
-4.425531914893616	37.1004172092536
-4.415519399249061	37.100452350580774
-4.405506883604506	37.10048532861655
-4.39549436795995	37.1005162242829
-4.385481852315394	37.100545125217586
-4.375469336670839	37.100572123333116
-4.365456821026283	37.10059731284854
-4.355444305381727	37.100620788715005
-4.345431789737171	37.100642645369284
-4.335419274092615	37.10066297575916
-4.32540675844806	37.1006818705939
-4.315394242803505	37.10069941778018
-4.305381727158949	37.10071570201032
-4.295369211514393	37.1007308044752
-4.285356695869837	37.10074480267813
-4.275344180225281	37.100757770330816
-4.265331664580726	37.10076977731457
-4.25531914893617	37.100780889693766
-4.245306633291614	37.1007911697699
-4.235294117647059	37.10080067616717
-4.225281602002504	37.100809463941985
-4.215269086357948	37.100817580624984
-4.2052565707133915	36.886613049859236
-4.1952440550688355	36.88659625658165
-4.18523153942428	36.88660265371269
-4.175219023779725	36.74282820621034
-4.165206508135169	36.51019674637143
-4.155193992490613	36.218035413770835
-4.145181476846057	35.93368980510959
-4.135168961201502	34.88751567297637
-4.1251564455569465	33.34405830348733
-4.11514392991239	31.687149729459932
-4.105131414267834	31.26631387933719
-4.095118898623279	30.207182487718057
-4.085106382978723	29.573007938930427
-4.075093867334168	29.4304781104762
-4.065081351689612	29.510438003051846
-4.055068836045056	30.29204469533323
-4.045056320400501	30.515048329303536
-4.035043804755945	30.755036027147202
-4.025031289111389	31.08794432672594
-4.015018773466833	31.377215596006714
-4.005006257822277	31.38896593980681
-3.994993742177722	31.388992067980727
-3.9849812265331668	31.3890199557432
-3.9749687108886107	31.38904973353793
-3.9649561952440546	31.38908154277957
-3.9549436795994994	31.38911553691284
-3.9449311639549434	31.389151882587754
-3.934918648310388	31.389190760965025
-3.924906132665832	31.389232369167836
-3.914893617021277	31.3892769218981
-3.904881101376721	31.389324653238113
-3.8948685857321648	31.3893758186609
-3.8848560700876096	31.38943069727659
-3.8748435544430535	31.389489594345065
-3.8648310387984983	31.38955284409028
-3.8548185231539422	31.38962081285642
-3.844806007509387	31.389693902652013
-3.834793491864831	31.389772555134765
-3.824780976220275	31.38985725609872
-3.8147684605757197	31.38994854053323
-3.8047559449311636	31.390046998335922
-3.7947434292866085	31.390153280773013
-3.7847309136420524	31.390268107796732
-3.774718397997497	31.390392276346283
-3.764705882352941	31.390526669780808
-3.754693366708385	31.39067226861663
-3.74468085106383	31.39083016277148
-3.734668335419274	31.391001565553154
-3.7246558197747186	31.391187829671974
-3.7146433041301625	31.391390465607547
-3.7046307884856065	31.391611162719848
-3.6946182728410513	31.39185181356913
-3.684605757196495	31.392114541996467
-3.67459324155194	31.392401735625143
-3.664580725907384	31.392716083574154
-3.6545682102628287	31.39306062033487
-3.6445556946182727	31.39343877695968
-3.6345431789737166	31.393854440953877
-3.6245306633291614	31.394312026562034
-3.6145181476846053	31.394816557513042
-3.60450563204005	31.39537376475307
-3.594493116395494	31.395990202275915
-3.584480600750939	31.39667338489085
-3.574468085106383	31.397431952687963
-3.5644555694618267	31.398275868124774
-3.5544430538172715	31.399216653137685
-3.5444305381727155	31.400267675569957
-3.5344180225281603	31.401444496627
-3.524405506883604	31.402765294192438
-3.514392991239049	31.4042513808884
-3.504380475594493	31.405927841074085
-3.494367959949937	31.407824318021607
-3.4843554443053817	31.409975992035243
-3.4743429286608256	31.41242480351182
-3.4643304130162704	31.415220994052024
-3.4543178973717144	31.418425067876548
-3.444305381727159	31.422110323466363
-3.434292866082603	31.42636618998427
-3.424280350438047	31.431302766739506
-3.414267834793492	31.437057306788578
-3.4042553191489358	31.4438041532584
-3.3942428035043806	31.451771446155103
-3.3842302878598245	31.461272332627637
-3.3742177722152693	31.472769286233106
-3.3642052565707132	31.48701560244773
-3.354192740926157	31.505366040447466
-3.344180225281602	31.530392734214907
-3.334167709637046	31.567065489388863
-3.3241551939924907	31.626111847857864
-3.3141426783479346	31.733408963765587
-3.3041301627033794	31.92403382298182
-3.2941176470588234	32.217776159149935
-3.2841051314142673	32.659937705615086
-3.274092615769712	33.23369713007989
-3.264080100125156	34.100852911296684
-3.254067584480601	35.34986484663497
-3.2440550688360448	36.83695668058384
-3.2340425531914896	38.58236876976394
-3.2240300375469335	40.57819141301212
-3.2140175219023774	42.72811131023226
-3.2040050062578223	45.022227077798604
-3.193992490613266	47.35127146062375
-3.183979974968711	49.62934128491258
-3.173967459324155	51.94829866619179
-3.1639549436795997	54.366705441312554
-3.1539424280350437	56.75687305380237
-3.1439299123904876	58.94690678592096
-3.1339173967459324	60.81325237750883
-3.1239048811013763	62.396037110893474
-3.113892365456821	63.96260954228258
-3.103879849812265	65.54624602443985
-3.09386733416771	66.95360230464073
-3.083854818523154	68.12358398484906
-3.0738423028785977	69.01859601229886
-3.0638297872340425	69.78251514421346
-3.0538172715894865	70.4173940053055
-3.0438047559449313	70.7620580462743
-3.033792240300375	70.89836539484425
-3.02377972465582	70.82746503585214
-3.013767209011264	70.53075445695283
-3.003754693366708	69.94041367576223
-2.9937421777221527	69.08334065263561
-2.9837296620775966	68.0010548749847
-2.9737171464330414	66.70689736121537
-2.9637046307884853	65.17320261610813
-2.95369211514393	63.365051867955465
-2.943679599499374	61.36073852807019
-2.933667083854818	59.222156543834046
-2.923654568210263	57.01540308853724
-2.9136420525657067	54.878217050419316
-2.9036295369211516	52.741761403171814
-2.8936170212765955	50.43630908705116
-2.8836045056320403	48.01378657054977
-2.873591989987484	45.45810947416388
-2.863579474342928	42.9858506907081
-2.853566958698373	40.68046094738522
-2.843554443053817	38.80185637099856
-2.8335419274092617	37.42379749919265
-2.8235294117647056	36.34166639392814
-2.8135168961201504	35.60104560657353
-2.8035043804755944	35.09192333749552
-2.7934918648310383	34.66305995293033
-2.783479349186483	34.229673719506785
-2.773466833541927	33.8261982909389
-2.763454317897372	33.549608005830436
-2.7534418022528158	33.42738804196102
-2.7434292866082606	33.37597206706717
-2.7334167709637045	33.34784562068881
-2.7234042553191484	33.32769729793637
-2.7133917396745932	33.31209866306278
-2.703379224030037	33.29977622840896
-2.693366708385482	33.290012546496214
-2.683354192740926	33.28229745361961
-2.6733416770963707	33.27623101837501
-2.6633291614518146	33.271490126067846
-2.6533166458072586	33.267812535710995
-2.6433041301627034	33.26498607257044
-2.6332916145181473	33.262839785335764
-2.623279098873592	33.26123637221127
-2.613266583229036	33.26006574978026
-2.603254067584481	33.25923970062802
-2.593241551939925	33.25868749898715
-2.5832290362953687	33.258352383438655
-2.5732165206508135	33.25818873783279
-2.5632040050062574	33.25815984996259
-2.5531914893617023	33.25823613393536
-2.543178973717146	33.25839372089916
-2.533166458072591	33.25861334064873
-2.523153942428035	33.25887943227067
-2.513141426783479	33.25917943500841
-2.5031289111389237	33.2595032210544
-2.4931163954943676	33.259842640330056
-2.4831038798498124	33.26019115386906
-2.4730913642052563	33.26054353752842
-2.463078848560701	33.260895641721234
-2.453066332916145	33.26124419594308
-2.443053817271589	33.26158664925299
-2.433041301627034	33.26192103972711
-2.4230287859824777	33.26224588734755
-2.4130162703379225	33.26256010591874
-2.4030037546933665	33.262862930488225
-2.3929912390488113	33.26315385744307
-2.382978723404255	33.263432594136304
-2.372966207759699	33.2410524402613
-2.362953692115144	33.00579703945943
-2.352941176470588	32.836662096008546
-2.3429286608260327	32.698567525071276
-2.3329161451814766	32.621389797729535
-2.3229036295369214	31.87506515308902
-2.3128911138923653	31.69956825981031
-2.3028785982478093	31.44094606635646
-2.292866082603254	31.957620133456693
-2.282853566958698	32.056981301196075
-2.272841051314143	32.49635944109218
-2.2628285356695867	34.075719603830045
-2.2528160200250316	35.20744011477242
-2.2428035043804755	35.81280798569727
-2.2327909887359194	36.903686315682
-2.2227784730913642	37.14390636743432
-2.212765957446808	37.426665278926734
-2.202753441802253	37.66811501134367
-2.192740926157697	37.79872475116438
-2.1827284105131417	37.793387118024846
-2.1727158948685856	37.79375246191143
-2.1627033792240296	37.79414490948561
-2.1526908635794744	37.794566834903655
-2.1426783479349183	37.795020895129234
-2.132665832290363	37.795510029083474
-2.122653316645807	37.796037494468926
-2.112640801001252	37.7966069110161
-2.1026282853566958	37.79722231168433
-2.0926157697121397	37.79788820381407
-2.0826032540675845	37.79860964286097
-2.0725907384230284	37.79939232220578
-2.0625782227784732	37.800242683732066
-2.052565707133917	37.801168055531306
-2.042553191489362	37.80217682545009
-2.032540675844806	37.8032786625485
-2.02252816020025	37.8044848033768
-2.0125156445556946	37.80580842703168
-2.0025031289111386	37.807265153370864
-1.9924906132665834	37.80887371433367
-1.9824780976220273	37.81065687188433
-1.9724655819774712	37.812642692234235
-1.962453066332916	37.81486634214753
-1.95244055068836	37.817372661569586
-1.9424280350438048	37.8202199080921
-1.9324155193992487	37.82348529789651
-1.9224030037546935	37.82727334543496
-1.9123904881101375	37.83172863724167
-1.9023779724655814	37.83705575658017
-1.8923654568210262	37.843550961929324
-1.8823529411764701	37.85165361103158
-1.872340425531915	37.86203174621134
-1.8623279098873589	37.87572985464616
-1.8523153942428037	37.89444167835363
-1.8423028785982476	37.92108232460607
-1.8322903629536915	37.9612331373835
-1.8222778473091363	38.02708935316487
-1.8122653316645803	38.14217797564059
-1.802252816020025	38.332021456522774
-1.792240300375469	38.64596158186794
-1.7822277847309138	39.03795473625472
-1.7722152690863577	39.52294715969356
-1.7622027534418017	40.26838423160636
-1.7521902377972465	41.41305703307004
-1.7421777221526904	42.89952750567362
-1.7321652065081352	44.50189960639334
-1.7221526908635791	46.29308055115913
-1.712140175219024	48.184419643394286
-1.7021276595744679	49.99359001687564
-1.6921151439299118	51.69929342238697
-1.6821026282853566	53.492603884719166
-1.6720901126408005	55.277176293578016
-1.6620775969962454	56.897885181281175
-1.6520650813516893	58.35017917948728
-1.642052565707134	59.75939841917885
-1.632040050062578	61.23775694046509
-1.622027534418022	62.73016236890086
-1.6120150187734668	64.22995906565589
-1.6020025031289107	65.60010542711409
-1.5919899874843555	66.62372671942332
-1.5819774718397994	67.29811859595674
-1.5719649561952442	67.78562776367205
-1.5619524405506882	68.15424814169674
-1.551939924906132	68.34281537650207
-1.541927409261577	68.31434629708981
-1.5319148936170208	68.01398885180491
-1.5219023779724656	67.55872702210763
-1.5118898623279096	67.14283444623116
-1.5018773466833544	66.85048222290726
-1.4918648310387983	66.5625967636066
-1.4818523153942422	66.09567060104591
-1.471839799749687	65.38199372377642
-1.461827284105131	64.58114311616487
-1.4518147684605758	63.82203151460872
-1.4418022528160197	63.01531106986207
-1.4317897371714645	61.89248907258882
-1.4217772215269084	60.351606113311746
-1.4117647058823524	58.682191978109685
-1.4017521902377972	56.986161575804836
-1.391739674593241	55.269989603634315
-1.381727158948686	53.46162116922799
-1.3717146433041298	51.61983105186926
-1.3617021276595747	49.61226465166606
-1.3516896120150186	47.49797087366925
-1.3416770963704625	45.36127495109526
-1.3316645807259073	43.23556051374707
-1.3216520650813512	41.074457286994765
-1.311639549436796	39.160486451605024
-1.30162703379224	37.2415696454729
-1.2916145181476848	35.27533752499347
-1.2816020025031287	33.468871740697224
-1.2715894868585726	31.53775296810053
-1.2615769712140175	29.84549796072215
-1.2515644555694614	28.518489207128955
-1.2415519399249062	27.426131907120833
-1.2315394242803501	26.35265668692358
-1.221526908635795	25.291442307419317
-1.2115143929912389	24.29043957395686
-1.2015018773466828	23.687748912782677
-1.1914893617021276	23.288115369451905
-1.1814768460575715	23.189057558953692
-1.1714643304130163	22.986005617001485
-1.1614518147684603	22.732883668862108
-1.151439299123905	22.289650590797688
-1.141426783479349	21.815610569247262
-1.131414267834793	21.683173008192597
-1.1214017521902377	21.665221393708766
-1.1113892365456817	21.44652090090062
-1.1013767209011265	21.261211350025523
-1.0913642052565704	21.47193787279255
-1.0813516896120152	22.052742696507423
-1.0713391739674591	23.09488381283183
-1.061326658322903	23.574244065823546
-1.0513141426783479	24.318999761592764
-1.0413016270337918	25.136229283683562
-1.0312891113892366	25.95874633852996
-1.0212765957446805	26.291561691488187
-1.0112640801001254	26.454301360902974
-1.0012515644555693	26.5943596108057
-0.9912390488110132	26.82651083185087
-0.981226533166458	27.24885167212412
-0.971214017521902	27.718917488983095
-0.9612015018773468	28.08324695512102
-0.9511889862327907	28.55149866773034
-0.9411764705882355	29.033104423994494
-0.9311639549436794	29.496760869878766
-0.9211514392991234	30.020486241425193
-0.9111389236545682	30.561534323950216
-0.9011264080100121	31.057083688287904
-0.8911138923654569	31.471816682926022
-0.8811013767209008	31.774120663451495
-0.8710888610763456	31.96999882889092
-0.8610763454317896	32.07795954301792
-0.8510638297872335	32.092134709407446
-0.8410513141426783	31.984983627782285
-0.8310387984981222	31.72683420845608
-0.821026282853567	31.354623864045628
-0.811013767209011	30.872724881205453
-0.8010012515644558	30.278648399737747
-0.7909887359198997	29.616013016974517
-0.7809762202753436	28.86116301981426
-0.7709637046307884	28.008790114540492
-0.7609511889862324	27.100651248544114
-0.7509386733416772	26.15998303766732
-0.7409261576971211	25.202406560445656
-0.7309136420525659	24.271292493022425
-0.7209011264080099	23.41701291492731
-0.7108886107634538	22.62694385950676
-0.7008760951188986	21.87202575181171
-0.6908635794743425	21.13616128501086
-0.6808510638297873	20.415488241146196
-0.6708385481852313	19.61666656548491
-0.6608260325406761	18.844991480538663
-0.65081351689612	18.120219270938602
-0.6408010012515639	17.419512115098485
-0.6307884856070087	16.89181184227282
-0.6207759699624527	16.36053104355539
-0.6107634543178975	16.053918937126532
-0.6007509386733414	15.83839501119863
-0.5907384230287862	15.726680598900879
-0.5807259073842301	15.76477205421631
-0.5707133917396741	15.947255996248586
-0.5607008760951189	16.174627890799353
-0.5506883604505628	16.42068595767597
-0.5406758448060076	16.732861392872607
-0.5306633291614515	17.209309936685536
-0.5206508135168963	17.85369927417677
-0.5106382978723403	18.540657888285267
-0.5006257822277842	19.149137211361086
-0.490613266583229	19.67496744390834
-0.48060075093867294	20.139311244252262
-0.47058823529411775	20.560160197625866
-0.4605757196495617	20.97811623539455
-0.4505632040050065	21.40946551465691
-0.4405506883604504	21.827454975258473
-0.43053817271589434	22.239879731856767
-0.42052565707133915	22.675985777698234
-0.4105131414267831	23.175490378563854
-0.4005006257822279	23.751953451640176
-0.3904881101376718	24.390853336413986
-0.38047559449311663	25.073630424900852
-0.37046307884856056	25.786922733843234
-0.3604505632040045	26.572150871037564
-0.3504380475594493	27.45970634685949
-0.3404255319148932	28.387164847001653
-0.33041301627033803	29.28606921060289
-0.32040050062578196	30.140214573516154
-0.3103879849812259	30.977344443401723
-0.3003754693366707	31.83621679344611
-0.2903629536921146	32.70961259170361
-0.28035043804755944	33.5674089078049
-0.27033792240300336	34.37338521628072
-0.2603254067584482	35.07859983777928
-0.2503128911138921	35.70567152034069
-0.24030037546933602	36.35433208202444
-0.23028785982478084	37.059473926418676
-0.22027534418022476	37.75503982481866
-0.21026282853566958	38.36912938890418
-0.2002503128911135	38.89905728432377
-0.19023779724655832	39.25623429766983
-0.18022528160200224	39.31883033383998
-0.17021276595744617	39.02682075821664
-0.16020025031289098	38.400151577416665
-0.1501877346683349	37.499275977779526
-0.14017521902377972	36.36678490797865
-0.13016270337922364	35.02065472093264
-0.12015018773466846	33.560256531128644
-0.11013767209011238	32.07630186024866
-0.10012515644555631	30.58838427321959
-0.09011264080100112	29.09437926684992
-0.08010012515644505	27.69277906573938
-0.07008760951188986	26.298157628148484
-0.060075093867333784	24.861067480827092
-0.0500625782227786	23.525616426092757
-0.04005006257822252	22.3118411476396
-0.030037546933666448	21.2593433120181
-0.02002503128911126	19.946263484827774
-0.010012515644555187	18.52394067569313
0.0	17.138919888381906
