-8.0	27.44585861456468
-7.989987484355444	27.99417283757017
-7.979974968710889	28.710838546128315
-7.969962453066333	29.407342101219562
-7.9599499374217775	29.926945195649285
-7.949937421777221	30.17124436597721
-7.939924906132666	30.395749222233942
-7.92991239048811	30.67500480766042
-7.919899874843554	30.887238582471824
-7.909887359198999	31.06675568410617
-7.899874843554443	31.23994012139733
-7.889862327909888	31.45587209899785
-7.8798498122653315	31.706646333918048
-7.869837296620776	31.934705695938483
-7.85982478097622	32.12397998531446
-7.849812265331664	32.29015194049776
-7.839799749687109	32.538675522684606
-7.829787234042553	32.78231311008065
-7.819774718397998	32.94454338125863
-7.809762202753442	33.08127649214248
-7.7997496871088865	33.17962328670099
-7.78973717146433	33.224546113420594
-7.779724655819774	33.26905542877855
-7.769712140175219	33.39037300343708
-7.759699624530663	33.57568753107344
-7.749687108886108	33.689293138533245
-7.739674593241552	33.73542034107851
-7.729662077596997	33.76833685668703
-7.719649561952441	33.80409718573854
-7.7096370463078845	33.75152673179442
-7.699624530663329	33.542951554109294
-7.689612015018773	33.22191132643823
-7.679599499374218	32.93008450181707
-7.669586983729662	32.747065657920444
-7.659574468085107	32.70662685013373
-7.649561952440551	32.73758099707423
-7.639549436795995	32.75748505569436
-7.629536921151439	32.77841549413055
-7.619524405506883	32.836628356744605
-7.609511889862328	32.91523870446386
-7.599499374217772	32.92887535279317
-7.589486858573217	32.77471367333338
-7.579474342928661	32.536089513878395
-7.569461827284105	32.29519865479533
-7.55944931163955	32.053592031488314
-7.5494367959949935	31.858485951239135
-7.539424280350438	31.62553375217464
-7.529411764705882	31.43521978997136
-7.519399249061326	31.373331519281205
-7.509386733416771	31.41893393740169
-7.499374217772215	31.54058544489117
-7.48936170212766	31.651894285978514
-7.479349186483104	31.76372022586818
-7.4693366708385485	31.84839786173152
-7.459324155193992	31.96718680713595
-7.449311639549437	32.07224315788085
-7.439299123904881	32.09507662378248
-7.429286608260325	32.042424190860636
-7.41927409261577	31.990489124933717
-7.409261576971214	31.978994691970204
-7.399249061326659	32.02891747951713
-7.3892365456821025	32.14735654404523
-7.3792240300375465	32.26858620413132
-7.369211514392991	32.40223511221533
-7.359198998748435	32.58735356465136
-7.34918648310388	32.78955912861521
-7.339173967459324	32.95273459841263
-7.329161451814769	33.010450029719486
-7.319148936170213	32.93104574198238
-7.3091364205256575	32.74797360626612
-7.299123904881101	32.537850344768195
-7.289111389236545	32.35056073951693
-7.27909887359199	32.19416116214372
-7.269086357947434	32.06702249474904
-7.259073842302879	31.97694772458596
-7.249061326658323	31.968600872418374
-7.239048811013767	32.05111548416151
-7.2290362953692116	32.15696540457507
-7.2190237797246555	32.23897619354992
-7.2090112640801	32.317174441307856
-7.198998748435544	32.4119059444465
-7.188986232790989	32.518067605056025
-7.178973717146433	32.6420029403197
-7.168961201501878	32.813577010571
-7.158948685857322	33.06922936512596
-7.148936170212766	33.418456746261235
-7.13892365456821	33.811697573765485
-7.128911138923654	34.15885793378688
-7.118898623279099	34.39637293526053
-7.108886107634543	34.532686637236445
-7.098873591989987	34.56304814863518
-7.088861076345432	34.46148337018478
-7.078848560700876	34.260570200005155
-7.068836045056321	34.07865277802189
-7.0588235294117645	34.017941233301244
-7.048811013767209	34.07013355313738
-7.038798498122653	34.177453545688216
-7.028785982478098	34.28917087117862
-7.018773466833542	34.39487958279161
-7.008760951188986	34.49855217268612
-6.998748435544431	34.59344525946316
-6.988735919899875	34.69807252835225
-6.9787234042553195	34.830328735009054
-6.968710888610763	34.942432840308996
-6.958698372966207	34.97108896057131
-6.948685857321652	34.87405311141451
-6.938673341677096	34.65323521429974
-6.928660826032541	34.34550646783959
-6.918648310387985	34.024013709073465
-6.908635794743429	33.78622421831599
-6.8986232790988735	33.67687096762938
-6.888610763454318	33.67125422897727
-6.878598247809762	33.73069136524822
-6.868585732165206	33.83581822079947
-6.858573216520651	33.95901755496909
-6.848560700876095	34.05575366408368
-6.83854818523154	34.1024717304865
-6.828535669586984	34.10201331744132
-6.818523153942428	34.06998029493258
-6.808510638297872	34.0149268023988
-6.798498122653316	33.87676883752066
-6.788485607008761	33.631832135578776
-6.778473091364205	33.399270628942396
-6.768460575719649	33.209687780307235
-6.758448060075094	33.06311556434949
-6.748435544430539	32.98099526532063
-6.7384230287859825	32.99753347666068
-6.7284105131414265	33.06736360366384
-6.718397997496871	33.020953979972994
-6.708385481852315	32.87075489258018
-6.69837296620776	32.675774195286984
-6.688360450563204	32.39113466926568
-6.678347934918648	32.04632643064082
-6.668335419274093	31.733950202744655
-6.658322903629537	31.491238464257304
-6.648310387984981	31.364142458696705
-6.638297872340425	31.29684274775562
-6.628285356695869	31.229624662205573
-6.618272841051314	31.136344336699867
-6.608260325406759	31.032698106062952
-6.598247809762203	30.77371151944845
-6.588235294117647	30.351367365847434
-6.578222778473092	29.878666658251003
-6.5682102628285355	29.400913876407174
-6.55819774718398	28.959714775345574
-6.548185231539424	28.53943107195597
-6.538172715894868	28.156397985937907
-6.528160200250313	27.7613289950556
-6.518147684605757	27.403911167416243
-6.508135168961202	27.200973917656686
-6.498122653316646	27.055747518654723
-6.4881101376720896	26.962072367339744
-6.478097622027534	26.907902749855587
-6.468085106382979	26.873932471841563
-6.458072590738423	26.844361939851115
-6.448060075093867	26.797429216800875
-6.438047559449312	26.75286646159229
-6.428035043804756	26.647082221775246
-6.418022528160201	26.424887446807322
-6.4080100125156445	26.189344946720492
-6.397997496871088	25.966079933619103
-6.387984981226533	25.626552413511313
-6.377972465581977	25.177732170952453
-6.367959949937422	24.685712490980155
-6.357947434292866	24.210796627931106
-6.34793491864831	23.790606593992734
-6.337922403003755	23.41666929437418
-6.3279098873591995	23.098065436672787
-6.317897371714643	22.877664629587073
-6.307884856070087	22.80975049495316
-6.297872340425532	22.87558999421049
-6.287859824780976	22.976695690868954
-6.277847309136421	23.043217257474723
-6.267834793491865	23.025383769463463
-6.257822277847309	22.949306958974834
-6.2478097622027535	22.791912573935566
-6.2377972465581975	22.538249681979323
-6.227784730913642	22.296678000444114
-6.217772215269086	22.165426527205053
-6.20775969962453	22.193915227327366
-6.197747183979975	22.299919003076177
-6.18773466833542	22.410536765513683
-6.177722152690864	22.594956338348705
-6.167709637046308	22.867831505660494
-6.157697121401752	23.120827484712173
-6.147684605757196	23.341320548469703
-6.137672090112641	23.506179153846965
-6.127659574468085	23.623694081080174
-6.117647058823529	23.759353985672927
-6.107634543178974	23.931251190034782
-6.097622027534418	24.162154231574817
-6.0876095118898625	24.453507759643763
-6.0775969962453065	24.74002354420853
-6.06758448060075	24.987553027415167
-6.057571964956195	25.257160479273647
-6.04755944931164	25.57966672279749
-6.037546933667084	25.917692889387187
-6.027534418022528	26.230333653146182
-6.017521902377973	26.57390855831777
-6.007509386733417	27.011215803666328
-5.997496871088861	27.502139705332123
-5.987484355444305	27.975012711960375
-5.977471839799749	28.37722229123004
-5.967459324155194	28.699023524698372
-5.957446808510639	29.01695334867502
-5.947434292866083	29.403378735974158
-5.937421777221527	29.83923063875748
-5.927409261576971	30.268995762318028
-5.9173967459324155	30.67687053024094
-5.90738423028786	31.071082568799575
-5.897371714643304	31.42521053530046
-5.887359198998748	31.73508087406572
-5.877346683354192	32.05327345968868
-5.867334167709637	32.47344304423597
-5.857321652065082	32.96582172910659
-5.847309136420526	33.402336308441974
-5.83729662077597	33.73701585365082
-5.827284105131414	34.012636361543876
-5.817271589486858	34.299135304910926
-5.807259073842303	34.61707017714758
-5.797246558197747	34.98774945844112
-5.787234042553191	35.26889355683425
-5.777221526908636	35.47651827904456
-5.767209011264081	35.69727586591955
-5.7571964956195245	35.911013474772176
-5.747183979974968	35.96089242396641
-5.737171464330412	35.927072221237005
-5.727158948685857	35.9545674451233
-5.717146433041302	36.03075089798063
-5.707133917396746	36.179278549546
-5.69712140175219	36.39149816950578
-5.687108886107635	36.57768803435596
-5.677096370463079	36.58324768731621
-5.667083854818523	36.48580848171835
-5.657071339173967	36.36456308132303
-5.647058823529411	36.240980046923895
-5.637046307884856	36.123884020468196
-5.627033792240301	35.921311390032955
-5.617021276595745	35.65190044480646
-5.607008760951189	35.348872743461065
-5.596996245306633	34.970933148707644
-5.5869837296620775	34.59793081324371
-5.576971214017522	34.24956701323631
-5.566958698372966	34.03182262286943
-5.55694618272841	33.95519552185373
-5.546933667083855	33.88514175449638
-5.536921151439299	33.66328786790057
-5.526908635794744	33.303004897559
-5.516896120150188	32.901650902119385
-5.5068836045056315	32.51885429318867
-5.496871088861076	31.921937395195723
-5.486858573216521	31.1644654064668
-5.476846057571965	30.46002899118186
-5.466833541927409	29.755871474664694
-5.456821026282853	29.15151355260432
-5.446808510638298	28.621502826566697
-5.4367959949937426	28.139260430261828
-5.4267834793491865	27.72038306374777
-5.41677096370463	27.297685371509765
-5.406758448060075	26.861760553295202
-5.396745932415519	26.452245719734716
-5.386733416770964	26.00283795393797
-5.376720901126408	25.545617212564096
-5.366708385481852	25.093481651851473
-5.356695869837297	24.690914257423728
-5.346683354192741	24.166185349462662
-5.336670838548185	23.603236017559844
-5.326658322903629	23.170209716107664
-5.316645807259073	22.717188505530604
-5.306633291614518	22.4454868107048
-5.296620775969963	22.30019620235875
-5.286608260325407	22.074973379497273
-5.276595744680851	21.819163544590765
-5.2665832290362955	21.530710262076543
-5.256570713391739	21.298981891826962
-5.246558197747184	21.122284335483783
-5.236545682102628	20.91775459226851
-5.226533166458072	20.6536568398634
-5.216520650813517	20.42028756057349
-5.206508135168962	20.181951644937044
-5.196495619524406	20.034192770693373
-5.18648310387985	19.915367687354287
-5.1764705882352935	19.752880883042575
-5.166458072590738	19.64346961088347
-5.156445556946183	19.591724865084903
-5.146433041301627	19.524834852497722
-5.136420525657071	19.5204155138696
-5.126408010012516	19.51071291377426
-5.11639549436796	19.500634197831225
-5.1063829787234045	19.452653447388467
-5.0963704630788484	19.41530136075378
-5.086357947434292	19.39790181246537
-5.076345431789737	19.3862846840881
-5.066332916145182	19.35858144111981
-5.056320400500626	19.32816335407551
-5.04630788485607	19.30441981263158
-5.036295369211514	19.24537977865169
-5.026282853566959	19.229652950564788
-5.016270337922403	19.225436881324217
-5.006257822277847	19.20071185989584
-4.996245306633291	19.168027071773274
-4.986232790988735	19.14854825322767
-4.97622027534418	19.106135748767812
-4.966207759699625	19.10457527727425
-4.956195244055069	19.10434547424874
-4.946182728410513	19.104114800457964
-4.9361702127659575	19.103773006213103
-4.926157697121402	19.101651682828198
-4.916145181476846	19.085693376857304
-4.90613266583229	19.071799096370317
-4.896120150187734	19.07017234574486
-4.886107634543179	19.069874217060974
-4.876095118898624	19.0696592285103
-4.866082603254068	19.0694546410466
-4.8560700876095115	19.069256405016777
-4.8460575719649555	19.069064216291515
-4.8360450563204	19.068891411252256
-4.826032540675845	19.08895032132318
-4.816020025031289	19.088775328489906
-4.806007509386733	19.088605706523264
-4.795994993742178	19.08844126979853
-4.785982478097623	19.088281835865168
-4.7759699624530665	19.08812722778232
-4.76595744680851	19.087977275156017
-4.755944931163954	19.08783181456172
-4.745932415519399	19.087690689592886
-4.735919899874844	19.087553750691164
-4.725907384230288	19.0878415920694
-4.715894868585732	19.149098526077193
-4.705882352941176	19.14897331187026
-4.6958698372966206	19.148851747549827
-4.685857321652065	19.14873371280703
-4.675844806007509	19.14861909214407
-4.665832290362953	19.129332427902288
-4.655819774718398	18.96640735508463
-4.645807259073843	18.96630232760631
-4.635794743429287	18.96620026216617
-4.625782227784731	18.959486418213714
-4.615769712140175	18.959389997791533
-4.605757196495619	18.948983448803794
-4.595744680851064	18.921870648728767
-4.585732165206508	18.95288858459838
-4.575719649561952	18.864036145513328
-4.565707133917396	18.74376173179381
-4.555694618272841	18.68375389530527
-4.545682102628286	18.685698516214348
-4.53566958698373	18.77102342229441
-4.5256570713391735	18.671985280737754
-4.515644555694618	18.409296895698855
-4.505632040050063	18.35354146550706
-4.495619524405507	18.162727277607452
-4.485607008760951	18.091702714943985
-4.475594493116395	17.936439212041794
-4.46558197747184	18.057036870629837
-4.4555694618272845	18.104244343470114
-4.4455569461827285	17.96959217542146
-4.435544430538172	17.826331798251037
-4.425531914893616	18.047776269399225
-4.415519399249061	17.4390075694818
-4.405506883604506	17.448132840708425
-4.39549436795995	17.51850880070461
-4.385481852315394	17.501525615215506
-4.375469336670839	17.8513052327322
-4.365456821026283	17.63105548342437
-4.355444305381727	17.730307760894014
-4.345431789737171	17.62214486055934
-4.335419274092615	17.825300112654798
-4.32540675844806	17.957465685361317
-4.315394242803505	17.623976234822393
-4.305381727158949	17.98678174124332
-4.295369211514393	18.311070507963294
-4.285356695869837	18.143976338329026
-4.275344180225281	18.25026761786002
-4.265331664580726	18.511406041163458
-4.25531914893617	18.751872410475624
-4.245306633291614	18.785098156719656
-4.235294117647059	18.969364232400515
-4.225281602002504	19.128357350243025
-4.215269086357948	19.12835668022807
-4.2052565707133915	19.016706080586133
-4.1952440550688355	18.84840894966851
-4.18523153942428	18.870000244065295
-4.175219023779725	18.88223980456985
-4.165206508135169	18.84669839720342
-4.155193992490613	18.725985490931084
-4.145181476846057	18.819302032173706
-4.135168961201502	19.004113325222267
-4.1251564455569465	19.00411603276335
-4.11514392991239	19.004127765230372
-4.105131414267834	19.02444335324906
-4.095118898623279	19.02783035414016
-4.085106382978723	19.02782987704922
-4.075093867334168	19.027829312284105
-4.065081351689612	19.027828642851212
-4.055068836045056	19.027827848185435
-4.045056320400501	19.02782690331525
-4.035043804755945	19.027825777810286
-4.025031289111389	19.02782443445288
-4.015018773466833	19.027822827574266
-4.005006257822277	19.027820901217076
-3.994993742177722	19.0278185925026
-3.9849812265331668	19.027815965979688
-3.9749687108886107	19.036558607974666
-3.9649561952440546	19.037182670436145
-3.9549436795994994	19.039111663805578
-3.9449311639549434	19.059512731784476
-3.934918648310388	19.07675736000406
-3.924906132665832	19.078111498348456
-3.914893617021277	19.07816402974309
-3.904881101376721	19.078160074610707
-3.8948685857321648	19.07816122097969
-3.8848560700876096	19.078184968986886
-3.8748435544430535	19.07826892931585
-3.8648310387984983	19.078503387192516
-3.8548185231539422	19.079095283460667
-3.844806007509387	19.080481547185798
-3.834793491864831	19.08411635911236
-3.824780976220275	19.122468312780583
-3.8147684605757197	19.177516787088713
-3.8047559449311636	19.186748040362293
-3.7947434292866085	19.196581454085123
-3.7847309136420524	19.20464552807959
-3.774718397997497	19.207948291189307
-3.764705882352941	19.233073302895555
-3.754693366708385	19.262818191010062
-3.74468085106383	19.263292941402984
-3.734668335419274	19.26247853232349
-3.7246558197747186	19.26143066566399
-3.7146433041301625	19.261284103899147
-3.7046307884856065	19.27228109704303
-3.6946182728410513	19.31185930852999
-3.684605757196495	19.310763190459674
-3.67459324155194	19.30977469292381
-3.664580725907384	19.32287971330054
-3.6545682102628287	19.340209797194127
-3.6445556946182727	19.384599146056257
-3.6345431789737166	19.42826047302961
-3.6245306633291614	19.503336921822505
-3.6145181476846053	19.515888475858535
-3.60450563204005	19.557196677779952
-3.594493116395494	19.676379063043072
-3.584480600750939	19.79116593601403
-3.574468085106383	19.88646190687351
-3.5644555694618267	20.118387470673536
-3.5544430538172715	20.25480212885319
-3.5444305381727155	20.481647830317915
-3.5344180225281603	20.860866699325907
-3.524405506883604	21.008174420525616
-3.514392991239049	21.084843047046505
-3.504380475594493	21.26760807902869
-3.494367959949937	21.504664442968004
-3.4843554443053817	21.814659624961774
-3.4743429286608256	22.195600364267598
-3.4643304130162704	22.4810353811499
-3.4543178973717144	22.662272779227724
-3.444305381727159	22.876991416363605
-3.434292866082603	23.03839584483555
-3.424280350438047	23.155203957541232
-3.414267834793492	23.34382734356358
-3.4042553191489358	23.59077838376114
-3.3942428035043806	23.862793878399735
-3.3842302878598245	24.10384389121084
-3.3742177722152693	24.414984124953534
-3.3642052565707132	24.801488502684553
-3.354192740926157	25.166368639432637
-3.344180225281602	25.54553899236678
-3.334167709637046	25.96902911304224
-3.3241551939924907	26.422413779701294
-3.3141426783479346	26.7112626786395
-3.3041301627033794	26.87238272153662
-3.2941176470588234	27.011112484155337
-3.2841051314142673	27.220105278715938
-3.274092615769712	27.64730654336309
-3.264080100125156	28.104725399151935
-3.254067584480601	28.548493160385032
-3.2440550688360448	28.964369739159885
-3.2340425531914896	29.26724197241563
-3.2240300375469335	29.724779699061795
-3.2140175219023774	30.021789800395002
-3.2040050062578223	30.252638213557695
-3.193992490613266	30.50654049797424
-3.183979974968711	30.77798715347234
-3.173967459324155	31.024575069561916
-3.1639549436795997	31.288204171732147
-3.1539424280350437	31.571033854996834
-3.1439299123904876	31.83767923595873
-3.1339173967459324	32.03984056449308
-3.1239048811013763	32.15985963316353
-3.113892365456821	32.28212739330923
-3.103879849812265	32.499472725575856
-3.09386733416771	32.73036488229564
-3.083854818523154	32.885424421149075
-3.0738423028785977	32.95329724512621
-3.0638297872340425	32.945552207451115
-3.0538172715894865	32.90041882053056
-3.0438047559449313	32.768082949293415
-3.033792240300375	32.583563652754854
-3.02377972465582	32.43287211682452
-3.013767209011264	32.28387041014684
-3.003754693366708	32.06633470461678
-2.9937421777221527	31.85355615608685
-2.9837296620775966	31.599383806042056
-2.9737171464330414	31.41026055249636
-2.9637046307884853	31.16655180979123
-2.95369211514393	30.953244212505062
-2.943679599499374	30.649696653816132
-2.933667083854818	30.01455777643736
-2.923654568210263	29.499160891726746
-2.9136420525657067	29.15711136130927
-2.9036295369211516	28.85053169136862
-2.8936170212765955	28.59629202363498
-2.8836045056320403	28.334697636405657
-2.873591989987484	27.997948555879827
-2.863579474342928	27.72783563855465
-2.853566958698373	27.4108234732116
-2.843554443053817	27.015363568960854
-2.8335419274092617	26.443576865915567
-2.8235294117647056	25.941225175062595
-2.8135168961201504	25.375603585835705
-2.8035043804755944	24.951870807117622
-2.7934918648310383	24.51606752645213
-2.783479349186483	24.057562316456256
-2.773466833541927	23.68568761000943
-2.763454317897372	23.236625476425086
-2.7534418022528158	22.948632555688807
-2.7434292866082606	22.73458674668508
-2.7334167709637045	22.326789765089753
-2.7234042553191484	21.948607546729825
-2.7133917396745932	21.549907294080167
-2.703379224030037	21.221964736427577
-2.693366708385482	21.014005981636437
-2.683354192740926	20.682569271116904
-2.6733416770963707	20.30066881462231
-2.6633291614518146	19.926556645828512
-2.6533166458072586	19.61050869070716
-2.6433041301627034	19.418369759770435
-2.6332916145181473	19.273485614874065
-2.623279098873592	19.16753282203979
-2.613266583229036	18.908249817006695
-2.603254067584481	18.720422723175755
-2.593241551939925	18.517105393630093
-2.5832290362953687	18.41076381288192
-2.5732165206508135	18.373343590256873
-2.5632040050062574	18.35344142169941
-2.5531914893617023	18.19196859183834
-2.543178973717146	18.11786714036878
-2.533166458072591	18.083363821417212
-2.523153942428035	17.99009320408328
-2.513141426783479	17.894603140239905
-2.5031289111389237	17.93709114144497
-2.4931163954943676	17.964704752962398
-2.4831038798498124	17.968046177905503
-2.4730913642052563	17.966795934200775
-2.463078848560701	17.892952315313984
-2.453066332916145	17.87271538834464
-2.443053817271589	17.828558662310545
-2.433041301627034	17.900361427328384
-2.4230287859824777	17.92062956331053
-2.4130162703379225	17.9326260085732
-2.4030037546933665	17.980249403428207
-2.3929912390488113	18.007481644616835
-2.382978723404255	18.01888856218162
-2.372966207759699	18.092631012193188
-2.362953692115144	18.118028487114742
-2.352941176470588	18.311662405725357
-2.3429286608260327	18.447272057145383
-2.3329161451814766	18.62083474805597
-2.3229036295369214	18.430930471227644
-2.3128911138923653	18.45247874696961
-2.3028785982478093	18.607624637648303
-2.292866082603254	18.87149337969834
-2.282853566958698	19.181541200591298
-2.272841051314143	19.29416504560288
-2.2628285356695867	19.294814833537373
-2.2528160200250316	19.407528341309533
-2.2428035043804755	19.77143535453279
-2.2327909887359194	19.902299064552114
-2.2227784730913642	20.025103652781088
-2.212765957446808	20.165838859439976
-2.202753441802253	20.2953595445361
-2.192740926157697	20.546637284779326
-2.1827284105131417	20.733563301065388
-2.1727158948685856	20.9857791812503
-2.1627033792240296	21.03647004014993
-2.1526908635794744	21.143540303822125
-2.1426783479349183	21.17046437825511
-2.132665832290363	21.29374208892318
-2.122653316645807	21.376565008043876
-2.112640801001252	21.398842000646813
-2.1026282853566958	21.462781693725354
-2.0926157697121397	21.623202085577063
-2.0826032540675845	21.76983404395129
-2.0725907384230284	21.835796008862403
-2.0625782227784732	21.981688307358443
-2.052565707133917	22.10716756844414
-2.042553191489362	22.183793079926073
-2.032540675844806	22.2764193791904
-2.02252816020025	22.351137781934856
-2.0125156445556946	22.468097890096516
-2.0025031289111386	22.586062000084507
-1.9924906132665834	22.80413099027723
-1.9824780976220273	23.043065981181606
-1.9724655819774712	23.231137139529622
-1.962453066332916	23.507921827999333
-1.95244055068836	23.843637520626956
-1.9424280350438048	23.962656800194665
-1.9324155193992487	24.06248120197931
-1.9224030037546935	24.24697370232026
-1.9123904881101375	24.563345108893625
-1.9023779724655814	24.915608026016578
-1.8923654568210262	25.149948612445694
-1.8823529411764701	25.442612421291308
-1.872340425531915	25.800479570110173
-1.8623279098873589	25.996567325308106
-1.8523153942428037	26.173752663828466
-1.8423028785982476	26.402292192285046
-1.8322903629536915	26.72023189529159
-1.8222778473091363	27.015014104138938
-1.8122653316645803	27.211208949888015
-1.802252816020025	27.391952793970198
-1.792240300375469	27.590015748864683
-1.7822277847309138	27.932028717630285
-1.7722152690863577	28.28705245344142
-1.7622027534418017	28.563678207043107
-1.7521902377972465	28.9225761743386
-1.7421777221526904	29.346339607166186
-1.7321652065081352	29.790750028114466
-1.7221526908635791	30.226627901356903
-1.712140175219024	30.549313525793337
-1.7021276595744679	30.81190050220557
-1.6921151439299118	31.061350078063494
-1.6821026282853566	31.22396825393946
-1.6720901126408005	31.298888689524496
-1.6620775969962454	31.360681885075955
-1.6520650813516893	31.312186896786734
-1.642052565707134	31.192453010201397
-1.632040050062578	31.12276373558681
-1.622027534418022	31.158231353986242
-1.6120150187734668	31.30547839554271
-1.6020025031289107	31.521592682954406
-1.5919899874843555	31.754531817916213
-1.5819774718397994	32.05221963716762
-1.5719649561952442	32.36262877070108
-1.5619524405506882	32.51180366438136
-1.551939924906132	32.57799076666026
-1.541927409261577	32.61859656863629
-1.5319148936170208	32.75422000315261
-1.5219023779724656	32.83502627908407
-1.5118898623279096	32.92534449416905
-1.5018773466833544	32.951047825595765
-1.4918648310387983	32.822360647321766
-1.4818523153942422	32.53033497868916
-1.471839799749687	32.180814128028175
-1.461827284105131	31.886008773290364
-1.4518147684605758	31.55447073314997
-1.4418022528160197	31.174664779420205
-1.4317897371714645	30.96244722102679
-1.4217772215269084	30.811625311861306
-1.4117647058823524	30.68220386971528
-1.4017521902377972	30.46942403295588
-1.391739674593241	30.18800821829689
-1.381727158948686	29.873647525035125
-1.3717146433041298	29.473901224289843
-1.3617021276595747	29.11300366987123
-1.3516896120150186	28.758994443130256
-1.3416770963704625	28.326913665935983
-1.3316645807259073	27.939193407134685
-1.3216520650813512	27.667594489764774
-1.311639549436796	27.2857967164083
-1.30162703379224	26.810546352119733
-1.2916145181476848	26.46453700512433
-1.2816020025031287	26.073179742847444
-1.2715894868585726	25.63830529468883
-1.2615769712140175	25.28100473239136
-1.2515644555694614	24.994670001856562
-1.2415519399249062	24.648152315770666
-1.2315394242803501	24.36524462583126
-1.221526908635795	24.07501461111243
-1.2115143929912389	23.78638146320256
-1.2015018773466828	23.531579448737574
-1.1914893617021276	23.044761391385425
-1.1814768460575715	22.799095516579634
-1.1714643304130163	22.336288090324786
-1.1614518147684603	22.024243838578176
-1.151439299123905	21.65713165594797
-1.141426783479349	21.39616729050597
-1.131414267834793	21.088831462705564
-1.1214017521902377	20.7762073797999
-1.1113892365456817	20.517153652907595
-1.1013767209011265	20.05656981401517
-1.0913642052565704	19.75535875208133
-1.0813516896120152	19.563467188422493
-1.0713391739674591	19.260474180147963
-1.061326658322903	19.08105128245024
-1.0513141426783479	18.765789832994066
-1.0413016270337918	18.572022277417574
-1.0312891113892366	18.27846329199641
-1.0212765957446805	18.008444632220254
-1.0112640801001254	17.733647991892298
-1.0012515644555693	17.514633676997093
-0.9912390488110132	17.07966196964538
-0.981226533166458	16.88952015177018
-0.971214017521902	16.61459176581298
-0.9612015018773468	16.304722657980008
-0.9511889862327907	16.021292764643498
-0.9411764705882355	15.821587821682165
-0.9311639549436794	15.487503819454837
-0.9211514392991234	15.19192079853095
-0.9111389236545682	15.097950879127701
-0.9011264080100121	14.80065700229341
-0.8911138923654569	14.65481588353381
-0.8811013767209008	14.50988221255106
-0.8710888610763456	14.414293591965887
-0.8610763454317896	14.27006330309021
-0.8510638297872335	14.133236779732723
-0.8410513141426783	14.00223575037217
-0.8310387984981222	13.870922380622163
-0.821026282853567	13.748170319430573
-0.811013767209011	13.601879411338064
-0.8010012515644558	13.58943876728795
-0.7909887359198997	13.501791764172692
-0.7809762202753436	13.388207598101275
-0.7709637046307884	13.298404493907137
-0.7609511889862324	13.356359661328243
-0.7509386733416772	13.445633183393822
-0.7409261576971211	13.43437523480827
-0.7309136420525659	13.443136613235918
-0.7209011264080099	13.49966149295712
-0.7108886107634538	13.582085102742601
-0.7008760951188986	13.679088044506258
-0.6908635794743425	13.716011964298131
-0.6808510638297873	13.770627688824455
-0.6708385481852313	13.905983168783305
-0.6608260325406761	14.027395252666224
-0.65081351689612	14.156251667880056
-0.6408010012515639	14.281775218659682
-0.6307884856070087	14.415326995704703
-0.6207759699624527	14.523193350269652
-0.6107634543178975	14.632097769231237
-0.6007509386733414	14.741160748529916
-0.5907384230287862	14.831081691728038
-0.5807259073842301	14.882826086715493
-0.5707133917396741	14.876709450239673
-0.5607008760951189	14.822604478709673
-0.5506883604505628	14.82285024065982
-0.5406758448060076	14.851796337866132
-0.5306633291614515	14.907012879735598
-0.5206508135168963	15.002038205098668
-0.5106382978723403	15.123700169664758
-0.5006257822277842	15.306197605616129
-0.490613266583229	15.52056416889316
-0.48060075093867294	15.728253786409168
-0.47058823529411775	15.947531230084065
-0.4605757196495617	16.159087955880988
-0.4505632040050065	16.358705592242856
-0.4405506883604504	16.56621198527306
-0.43053817271589434	16.806465374203974
-0.42052565707133915	17.077824864273794
-0.4105131414267831	17.380041576029722
-0.4005006257822279	17.686164261375726
-0.3904881101376718	17.99039458673135
-0.38047559449311663	18.324844712213242
-0.37046307884856056	18.647085048590107
-0.3604505632040045	18.874365873487843
-0.3504380475594493	19.04416068660503
-0.3404255319148932	19.211953022117534
-0.33041301627033803	19.37525092801859
-0.32040050062578196	19.531594125925018
-0.3103879849812259	19.711048870613308
-0.3003754693366707	19.925451320953872
-0.2903629536921146	20.120190543726405
-0.28035043804755944	20.27139077381968
-0.27033792240300336	20.418631132954943
-0.2603254067584482	20.583400289941604
-0.2503128911138921	20.7555343700563
-0.24030037546933602	20.91378931114247
-0.23028785982478084	21.052485163292303
-0.22027534418022476	21.160981680017937
-0.21026282853566958	21.247628828817966
-0.2002503128911135	21.352099443342848
-0.19023779724655832	21.499581487618357
-0.18022528160200224	21.663459052690985
-0.17021276595744617	21.78964712432282
-0.16020025031289098	21.88142608248273
-0.1501877346683349	21.933629481425946
-0.14017521902377972	21.927216482688745
-0.13016270337922364	21.88444441846491
-0.12015018773466846	21.818559048292865
-0.11013767209011238	21.756071010628368
-0.10012515644555631	21.785144042794855
-0.09011264080100112	21.97629602884387
-0.08010012515644505	22.28354668774112
-0.07008760951188986	22.595246229702926
-0.060075093867333784	22.831332901442906
-0.0500625782227786	22.953667328116435
-0.04005006257822252	22.99715557879822
-0.030037546933666448	23.049222476015125
-0.02002503128911126	23.148720822869908
-0.010012515644555187	23.27503455660418
0.0	23.404644537081357
