-8.0	20.854820756768596
-7.989987484355444	20.792963335913967
-7.979974968710889	20.800309841531465
-7.969962453066333	20.88945243546166
-7.9599499374217775	21.03728413430772
-7.949937421777221	21.189712113953036
-7.939924906132666	21.304316561077986
-7.92991239048811	21.37058265804632
-7.919899874843554	21.3911121298133
-7.909887359198999	21.37470884672354
-7.899874843554443	21.35067868800436
-7.889862327909888	21.362477670222788
-7.8798498122653315	21.424392817249
-7.869837296620776	21.51540725608764
-7.85982478097622	21.616885819376765
-7.849812265331664	21.731472237318023
-7.839799749687109	21.86507127911766
-7.829787234042553	22.00948126468628
-7.819774718397998	22.152246902866604
-7.809762202753442	22.283376825633322
-7.7997496871088865	22.40211619384044
-7.78973717146433	22.503923523352384
-7.779724655819774	22.568892258782228
-7.769712140175219	22.574683756697603
-7.759699624530663	22.514239126203698
-7.749687108886108	22.3998253156703
-7.739674593241552	22.25449939468546
-7.729662077596997	22.109325654362642
-7.719649561952441	22.00573825718068
-7.7096370463078845	21.9729685777944
-7.699624530663329	22.01115794725912
-7.689612015018773	22.105830150868634
-7.679599499374218	22.240640264055806
-7.669586983729662	22.39155316393078
-7.659574468085107	22.52962910782767
-7.649561952440551	22.632114213415235
-7.639549436795995	22.687565710347798
-7.629536921151439	22.705211820662843
-7.619524405506883	22.708394898220362
-7.609511889862328	22.70431830997579
-7.599499374217772	22.67751602040647
-7.589486858573217	22.606954555216483
-7.579474342928661	22.490786075547252
-7.569461827284105	22.34704226446349
-7.55944931163955	22.19673831945197
-7.5494367959949935	22.059489689787814
-7.539424280350438	21.943059258491864
-7.529411764705882	21.83453060633339
-7.519399249061326	21.71572996352646
-7.509386733416771	21.583313530282997
-7.499374217772215	21.44010047180889
-7.48936170212766	21.281162631386294
-7.479349186483104	21.099336951565174
-7.4693366708385485	20.89938706225676
-7.459324155193992	20.6911407003754
-7.449311639549437	20.471742767439462
-7.439299123904881	20.230378280918977
-7.429286608260325	19.975552634817465
-7.41927409261577	19.73518844653127
-7.409261576971214	19.5196246166918
-7.399249061326659	19.313911970129034
-7.3892365456821025	19.11561654076542
-7.3792240300375465	18.94249800481201
-7.369211514392991	18.79880153145429
-7.359198998748435	18.66602521346186
-7.34918648310388	18.525740462543684
-7.339173967459324	18.362245278797545
-7.329161451814769	18.154853125862992
-7.319148936170213	17.88958253779811
-7.3091364205256575	17.570869894806158
-7.299123904881101	17.23301545860634
-7.289111389236545	16.939245603845357
-7.27909887359199	16.74551624187276
-7.269086357947434	16.658440728282102
-7.259073842302879	16.635184258895016
-7.249061326658323	16.62762689277712
-7.239048811013767	16.60407049009766
-7.2290362953692116	16.554712431594236
-7.2190237797246555	16.492864171055626
-7.2090112640801	16.43044696168816
-7.198998748435544	16.36450839420619
-7.188986232790989	16.303012321992853
-7.178973717146433	16.26793358942388
-7.168961201501878	16.2665531496252
-7.158948685857322	16.277005897231465
-7.148936170212766	16.27309200582506
-7.13892365456821	16.267199838679918
-7.128911138923654	16.285202880508248
-7.118898623279099	16.336582984880163
-7.108886107634543	16.420921822013312
-7.098873591989987	16.519903039691872
-7.088861076345432	16.599235781681955
-7.078848560700876	16.627037613775173
-7.068836045056321	16.57941381189699
-7.0588235294117645	16.449151036567073
-7.048811013767209	16.258831205934097
-7.038798498122653	16.041238325353326
-7.028785982478098	15.822785494307546
-7.018773466833542	15.61781262625781
-7.008760951188986	15.44111673912438
-6.998748435544431	15.334114394219384
-6.988735919899875	15.330328017882874
-6.9787234042553195	15.413438280700165
-6.968710888610763	15.532744659209614
-6.958698372966207	15.646597985501362
-6.948685857321652	15.733671205261711
-6.938673341677096	15.787036553117415
-6.928660826032541	15.81981311999397
-6.918648310387985	15.864644267545536
-6.908635794743429	15.960721727442337
-6.8986232790988735	16.13829702996363
-6.888610763454318	16.388256988674804
-6.878598247809762	16.661731166574672
-6.868585732165206	16.89801917691019
-6.858573216520651	17.114920399642223
-6.848560700876095	17.29512980643099
-6.83854818523154	17.42225825286366
-6.828535669586984	17.525664599052842
-6.818523153942428	17.657029411136044
-6.808510638297872	17.863917963716933
-6.798498122653316	18.146337530566438
-6.788485607008761	18.483984911942883
-6.778473091364205	18.847727210425923
-6.768460575719649	19.221272159532457
-6.758448060075094	19.597358834851708
-6.748435544430539	20.008407691898967
-6.7384230287859825	20.47348908714944
-6.7284105131414265	20.985664113677
-6.718397997496871	21.499456107316018
-6.708385481852315	21.97591297661556
-6.69837296620776	22.344273204616936
-6.688360450563204	22.569844718629305
-6.678347934918648	22.75989788520683
-6.668335419274093	23.006734611163587
-6.658322903629537	23.293188550976268
-6.648310387984981	23.558119008379258
-6.638297872340425	23.76843587358898
-6.628285356695869	23.908632366798482
-6.618272841051314	23.919604272519685
-6.608260325406759	23.746601044300633
-6.598247809762203	23.486440367162487
-6.588235294117647	23.254971428361515
-6.578222778473092	22.996219662351006
-6.5682102628285355	22.76909712849691
-6.55819774718398	22.566281550388805
-6.548185231539424	22.256733181574052
-6.538172715894868	21.949744703805298
-6.528160200250313	21.698583301813358
-6.518147684605757	21.49626937474941
-6.508135168961202	21.325060100988225
-6.498122653316646	21.11296432916092
-6.4881101376720896	20.823928398296882
-6.478097622027534	20.46297661714058
-6.468085106382979	20.149070455747815
-6.458072590738423	19.88317118028581
-6.448060075093867	19.559777181962886
-6.438047559449312	19.215679580694687
-6.428035043804756	18.84740448085887
-6.418022528160201	18.49425680821929
-6.4080100125156445	18.23072491780212
-6.397997496871088	17.995986260945706
-6.387984981226533	17.849786081938017
-6.377972465581977	17.658151776108344
-6.367959949937422	17.51876695021149
-6.357947434292866	17.422739390149935
-6.34793491864831	17.136852218010837
-6.337922403003755	16.948376135129063
-6.3279098873591995	16.814392001405622
-6.317897371714643	16.62295328373304
-6.307884856070087	16.57833760288425
-6.297872340425532	16.370489770717526
-6.287859824780976	16.222496023736465
-6.277847309136421	16.073283078002955
-6.267834793491865	15.859488964001489
-6.257822277847309	15.697294494479317
-6.2478097622027535	15.43861456078902
-6.2377972465581975	15.238146788390809
-6.227784730913642	14.972984185464632
-6.217772215269086	14.541255573435635
-6.20775969962453	14.322920016892727
-6.197747183979975	14.250867479206008
-6.18773466833542	14.071111389768575
-6.177722152690864	13.713215125433825
-6.167709637046308	13.563308974341053
-6.157697121401752	13.481752769264522
-6.147684605757196	13.523350576622034
-6.137672090112641	13.553770793633793
-6.127659574468085	13.485338451251643
-6.117647058823529	13.523238315482123
-6.107634543178974	13.550409725309681
-6.097622027534418	13.569365779034507
-6.0876095118898625	13.63659836422807
-6.0775969962453065	13.713664605465514
-6.06758448060075	13.827278236116673
-6.057571964956195	13.962979796409522
-6.04755944931164	14.067063541779552
-6.037546933667084	14.154534020309475
-6.027534418022528	14.21990896488149
-6.017521902377973	14.269286396972632
-6.007509386733417	14.338542848720968
-5.997496871088861	14.487800513835706
-5.987484355444305	14.593655740330874
-5.977471839799749	14.75657648427724
-5.967459324155194	14.941844989293525
-5.957446808510639	15.048031365713987
-5.947434292866083	15.203137001250491
-5.937421777221527	15.528232579115395
-5.927409261576971	15.83550023965052
-5.9173967459324155	16.06554801015954
-5.90738423028786	16.246228602136792
-5.897371714643304	16.401479702478646
-5.887359198998748	16.619502206132886
-5.877346683354192	16.888946650061325
-5.867334167709637	17.150159585833276
-5.857321652065082	17.376080419192732
-5.847309136420526	17.607983409969037
-5.83729662077597	17.767816306894158
-5.827284105131414	17.840941007844773
-5.817271589486858	17.88908534747005
-5.807259073842303	17.868265867698984
-5.797246558197747	17.713243379586885
-5.787234042553191	17.475207706874208
-5.777221526908636	17.206313873734327
-5.767209011264081	16.91342911774147
-5.7571964956195245	16.575000980681704
-5.747183979974968	16.24367711788473
-5.737171464330412	15.961748583278766
-5.727158948685857	15.747566655670932
-5.717146433041302	15.616571864344206
-5.707133917396746	15.558015143804244
-5.69712140175219	15.449590036290129
-5.687108886107635	15.338778516669237
-5.677096370463079	15.226722315404617
-5.667083854818523	15.008077913606675
-5.657071339173967	14.728802513028189
-5.647058823529411	14.470496448109904
-5.637046307884856	14.188600671119705
-5.627033792240301	13.852569771361594
-5.617021276595745	13.500625092071772
-5.607008760951189	13.19808146642069
-5.596996245306633	12.929758941675571
-5.5869837296620775	12.75482216110057
-5.576971214017522	12.581546598183959
-5.566958698372966	12.303200894326672
-5.55694618272841	12.083051558660934
-5.546933667083855	11.916190032778466
-5.536921151439299	11.703295745466214
-5.526908635794744	11.515740328098824
-5.516896120150188	11.302791553527573
-5.5068836045056315	11.183789065932247
-5.496871088861076	11.130941137027445
-5.486858573216521	11.070545110908734
-5.476846057571965	11.010935765252771
-5.466833541927409	10.932920746682242
-5.456821026282853	10.901370625663137
-5.446808510638298	10.896685718510842
-5.4367959949937426	10.85290480624283
-5.4267834793491865	10.794356314285908
-5.41677096370463	10.751724684242639
-5.406758448060075	10.735861737024653
-5.396745932415519	10.727603765837046
-5.386733416770964	10.713068007832018
-5.376720901126408	10.678398140827628
-5.366708385481852	10.659881924650156
-5.356695869837297	10.655892974529854
-5.346683354192741	10.653044376460025
-5.336670838548185	10.649528099105748
-5.326658322903629	10.645532959334297
-5.316645807259073	10.6417411625546
-5.306633291614518	10.638778991473757
-5.296620775969963	10.636857265228278
-5.286608260325407	10.6358291636488
-5.276595744680851	10.635427222417748
-5.2665832290362955	10.635416031703915
-5.256570713391739	10.635632872045962
-5.246558197747184	10.635977148310577
-5.236545682102628	10.636389879243627
-5.226533166458072	10.636837232734615
-5.216520650813517	10.637299877331532
-5.206508135168962	10.637766683389186
-5.196495619524406	10.638231146224822
-5.18648310387985	10.638689390490887
-5.1764705882352935	10.63913906193768
-5.166458072590738	10.639578709487951
-5.156445556946183	10.640007436788096
-5.146433041301627	10.640424702044125
-5.136420525657071	10.640830199976252
-5.126408010012516	10.6412237897744
-5.11639549436796	10.64160544926926
-5.1063829787234045	10.641975244404252
-5.0963704630788484	10.642333307921666
-5.086357947434292	10.642679823815088
-5.076345431789737	10.643015015553317
-5.066332916145182	10.643339136889029
-5.056320400500626	10.643652464521557
-5.04630788485607	10.643955292145549
-5.036295369211514	10.64424792557144
-5.026282853566959	10.644530678698331
-5.016270337922403	10.644803870178746
-5.006257822277847	10.645067820653678
-4.996245306633291	10.645322850463245
-4.986232790988735	10.645569277756904
-4.97622027534418	10.645807416941453
-4.966207759699625	10.646037577415601
-4.956195244055069	10.646260062548317
-4.946182728410513	10.646475168864901
-4.9361702127659575	10.646683185409968
-4.926157697121402	10.646884393261493
-4.916145181476846	10.647079065173028
-4.90613266583229	10.647267465325342
-4.896120150187734	10.647449849170474
-4.886107634543179	10.647626463354062
-4.876095118898624	10.647797545703542
-4.866082603254068	10.647963325271476
-4.8560700876095115	10.648124022424803
-4.8460575719649555	10.64827984897188
-4.8360450563204	10.648431008320586
-4.826032540675845	10.648577695661318
-4.816020025031289	10.648720098169882
-4.806007509386733	10.648857788247318
-4.795994993742178	10.640323904492957
-4.785982478097623	10.564369146342939
-4.7759699624530665	10.424574489996642
-4.76595744680851	10.269496417880957
-4.755944931163954	10.25145834629796
-4.745932415519399	10.238285690043666
-4.735919899874844	10.184582874107697
-4.725907384230288	10.109134968590777
-4.715894868585732	9.752855260595421
-4.705882352941176	9.464175214133041
-4.6958698372966206	9.389186085171138
-4.685857321652065	9.20389276028229
-4.675844806007509	9.058250326142858
-4.665832290362953	8.706405328607149
-4.655819774718398	8.699152066344679
-4.645807259073843	8.758344042792606
-4.635794743429287	8.559798085737924
-4.625782227784731	8.496479690061205
-4.615769712140175	8.739547878213369
-4.605757196495619	8.823979134422684
-4.595744680851064	8.767811361167812
-4.585732165206508	8.842918677659322
-4.575719649561952	8.640464558548342
-4.565707133917396	8.474976047507143
-4.555694618272841	8.634046602054493
-4.545682102628286	8.798265350249936
-4.53566958698373	8.853786192892276
-4.5256570713391735	9.091004126718433
-4.515644555694618	9.092463043144937
-4.505632040050063	9.136868530255507
-4.495619524405507	9.188731538768414
-4.485607008760951	9.24693836748385
-4.475594493116395	9.305329285291734
-4.46558197747184	9.35539410512476
-4.4555694618272845	9.338558194571336
-4.4455569461827285	9.388815041625422
-4.435544430538172	9.38852733983087
-4.425531914893616	9.363848051830256
-4.415519399249061	9.364016343338111
-4.405506883604506	9.364193766307837
-4.39549436795995	9.364380764290829
-4.385481852315394	9.364577802667888
-4.375469336670839	9.364785369820986
-4.365456821026283	9.36500397838325
-4.355444305381727	9.365234166573329
-4.345431789737171	9.365476499621993
-4.335419274092615	9.365731571300069
-4.32540675844806	9.366000005557812
-4.315394242803505	9.366282458287202
-4.305381727158949	9.366579619220275
-4.295369211514393	9.366892213978138
-4.285356695869837	9.367221006287513
-4.275344180225281	9.367566800383763
-4.265331664580726	9.367930443622157
-4.25531914893617	9.368312829321784
-4.245306633291614	9.368714899870307
-4.235294117647059	9.369137650121125
-4.225281602002504	9.369582131119234
-4.215269086357948	9.370049454196705
-4.2052565707133915	9.370540795484505
-4.1952440550688355	9.371057400893243
-4.18523153942428	9.371600591623066
-4.175219023779725	9.372171770270281
-4.165206508135169	9.372772427607874
-4.155193992490613	9.373404150127543
-4.145181476846057	9.374068628443656
-4.135168961201502	9.37476766667565
-4.1251564455569465	9.375503192947608
-4.11514392991239	9.376277271176535
-4.105131414267834	9.377092114374815
-4.095118898623279	9.377950099786707
-4.085106382978723	9.378853786354355
-4.075093867334168	9.379805935346004
-4.065081351689612	9.380809535641303
-4.055068836045056	9.381867836485235
-4.045056320400501	9.382984393163182
-4.035043804755945	9.384163136373612
-4.025031289111389	9.385408486853457
-4.015018773466833	9.386725558694168
-4.005006257822277	9.388120539277566
-3.994993742177722	9.389601424113648
-3.9849812265331668	9.391179467181926
-3.9749687108886107	9.392872068991862
-3.9649561952440546	9.394708513447645
-3.9549436795994994	9.396741158579195
-3.9449311639549434	9.399066287768
-3.934918648310388	9.401859196502954
-3.924906132665832	9.405420893948357
-3.914893617021277	9.410207537705203
-3.904881101376721	9.416778383459855
-3.8948685857321648	9.425609047279249
-3.8848560700876096	9.436618282469828
-3.8748435544430535	9.448090916690946
-3.8648310387984983	9.456879970864803
-3.8548185231539422	9.461420338331925
-3.844806007509387	9.465327699710292
-3.834793491864831	9.494885869763005
-3.824780976220275	9.522688624024992
-3.8147684605757197	9.552765407847298
-3.8047559449311636	9.585507463127634
-3.7947434292866085	9.644649931883583
-3.7847309136420524	9.67151282884853
-3.774718397997497	9.694633856306233
-3.764705882352941	9.747823863851943
-3.754693366708385	9.849258460639751
-3.74468085106383	9.964555598866482
-3.734668335419274	10.113133383791677
-3.7246558197747186	10.28662132315947
-3.7146433041301625	10.439667609788405
-3.7046307884856065	10.56412149325062
-3.6946182728410513	10.684927336974345
-3.684605757196495	10.804321821932978
-3.67459324155194	10.964279939337521
-3.664580725907384	11.101602011981875
-3.6545682102628287	11.208631825299202
-3.6445556946182727	11.331940948561101
-3.6345431789737166	11.478046998720028
-3.6245306633291614	11.651810839231764
-3.6145181476846053	11.82057250083794
-3.60450563204005	11.931979028359569
-3.594493116395494	12.027766643615708
-3.584480600750939	12.099484736838704
-3.574468085106383	12.179911917736725
-3.5644555694618267	12.280984878653978
-3.5544430538172715	12.369938846506667
-3.5444305381727155	12.4474776047943
-3.5344180225281603	12.50141433243234
-3.524405506883604	12.492234345365272
-3.514392991239049	12.462555137328591
-3.504380475594493	12.471442750918188
-3.494367959949937	12.507994335038353
-3.4843554443053817	12.529563188361362
-3.4743429286608256	12.515943014695974
-3.4643304130162704	12.449645772029884
-3.4543178973717144	12.335657628426596
-3.444305381727159	12.21994720195153
-3.434292866082603	12.128086883473276
-3.424280350438047	12.049886791947968
-3.414267834793492	11.990032860632988
-3.4042553191489358	11.9188830264645
-3.3942428035043806	11.78169366713079
-3.3842302878598245	11.662044704988222
-3.3742177722152693	11.603287747520701
-3.3642052565707132	11.51154576594064
-3.354192740926157	11.458649286852129
-3.344180225281602	11.41954275744288
-3.334167709637046	11.39308941739322
-3.3241551939924907	11.234332492908054
-3.3141426783479346	11.010113427024692
-3.3041301627033794	10.806269629860585
-3.2941176470588234	10.667925629422474
-3.2841051314142673	10.576502791168954
-3.274092615769712	10.498777702899417
-3.264080100125156	10.394343067378095
-3.254067584480601	10.333494461559292
-3.2440550688360448	10.193823321903825
-3.2340425531914896	10.046554018769996
-3.2240300375469335	9.867830233186954
-3.2140175219023774	9.73168732665161
-3.2040050062578223	9.579871200272498
-3.193992490613266	9.336224446364785
-3.183979974968711	9.175367218939357
-3.173967459324155	9.097563928562442
-3.1639549436795997	8.902847028049985
-3.1539424280350437	8.786430927342462
-3.1439299123904876	8.687785789681339
-3.1339173967459324	8.568892714070827
-3.1239048811013763	8.43519956825609
-3.113892365456821	8.207816394136936
-3.103879849812265	8.059962545095454
-3.09386733416771	7.978357021467434
-3.083854818523154	7.924301090614676
-3.0738423028785977	7.786402155297081
-3.0638297872340425	7.706756675216495
-3.0538172715894865	7.68400453839345
-3.0438047559449313	7.688832569698157
-3.033792240300375	7.695866134748995
-3.02377972465582	7.738145783299608
-3.013767209011264	7.705929710942045
-3.003754693366708	7.647151774850756
-2.9937421777221527	7.629743277666895
-2.9837296620775966	7.709015359403706
-2.9737171464330414	7.820708743509866
-2.9637046307884853	7.889524545497002
-2.95369211514393	7.958517240183014
-2.943679599499374	7.9798539095029595
-2.933667083854818	8.01944235514062
-2.923654568210263	8.065666623479403
-2.9136420525657067	8.09477522486097
-2.9036295369211516	8.115993099889643
-2.8936170212765955	8.144663711615657
-2.8836045056320403	8.163494255513987
-2.873591989987484	8.261815993740148
-2.863579474342928	8.297902555214266
-2.853566958698373	8.349771250550594
-2.843554443053817	8.400530839401885
-2.8335419274092617	8.436779444247126
-2.8235294117647056	8.458805862814431
-2.8135168961201504	8.5056129113575
-2.8035043804755944	8.547002852225548
-2.7934918648310383	8.581739642651382
-2.783479349186483	8.58419477256219
-2.773466833541927	8.574292567828032
-2.763454317897372	8.570748243569337
-2.7534418022528158	8.596326173877042
-2.7434292866082606	8.656713504565218
-2.7334167709637045	8.685396726788575
-2.7234042553191484	8.643703403477282
-2.7133917396745932	8.567973559017647
-2.703379224030037	8.467843298155152
-2.693366708385482	8.354827510642473
-2.683354192740926	8.201088993245534
-2.6733416770963707	7.9806634243077585
-2.6633291614518146	7.753085973609929
-2.6533166458072586	7.5111238286068
-2.6433041301627034	7.255489494445204
-2.6332916145181473	7.005586054455827
-2.623279098873592	6.817200899470362
-2.613266583229036	6.695079468165623
-2.603254067584481	6.573291620334614
-2.593241551939925	6.43355542886202
-2.5832290362953687	6.336891226676737
-2.5732165206508135	6.2802592975597795
-2.5632040050062574	6.193790100620437
-2.5531914893617023	6.046177796554084
-2.543178973717146	5.9308261903900386
-2.533166458072591	5.862859119223189
-2.523153942428035	5.808621811263086
-2.513141426783479	5.769864011002816
-2.5031289111389237	5.733343001074808
-2.4931163954943676	5.648683558192786
-2.4831038798498124	5.494473094196805
-2.4730913642052563	5.410530755998155
-2.463078848560701	5.3256284060176515
-2.453066332916145	5.248464946142841
-2.443053817271589	5.209593666215648
-2.433041301627034	5.175307837504632
-2.4230287859824777	5.129246097393066
-2.4130162703379225	5.061566755329886
-2.4030037546933665	5.011042632065136
-2.3929912390488113	4.959615443409989
-2.382978723404255	4.9536044359287725
-2.372966207759699	4.960822238899151
-2.362953692115144	5.035170070622389
-2.352941176470588	5.074327764192379
-2.3429286608260327	5.0999761781584265
-2.3329161451814766	5.199487961433413
-2.3229036295369214	5.291363758296819
-2.3128911138923653	5.419812604194457
-2.3028785982478093	5.5240784223276265
-2.292866082603254	5.604425885637721
-2.282853566958698	5.651238533822635
-2.272841051314143	5.764928083986197
-2.2628285356695867	5.828359873449568
-2.2528160200250316	6.002262473130308
-2.2428035043804755	6.04823466191671
-2.2327909887359194	6.161525525239224
-2.2227784730913642	6.226456155550259
-2.212765957446808	6.27673527941775
-2.202753441802253	6.352132564653165
-2.192740926157697	6.485931118008269
-2.1827284105131417	6.6162370411265305
-2.1727158948685856	6.742817894900245
-2.1627033792240296	6.711956354187584
-2.1526908635794744	6.8673570262237655
-2.1426783479349183	6.895380585486063
-2.132665832290363	6.940027352044897
-2.122653316645807	7.001895180739503
-2.112640801001252	7.0298683311979495
-2.1026282853566958	7.0374726658371
-2.0926157697121397	7.062581380813009
-2.0826032540675845	7.100671530027047
-2.0725907384230284	7.243417032995329
-2.0625782227784732	7.316308231133117
-2.052565707133917	7.389289167672032
-2.042553191489362	7.466081507561477
-2.032540675844806	7.4754549986573275
-2.02252816020025	7.535750861300137
-2.0125156445556946	7.597791394805465
-2.0025031289111386	7.65508530741243
-1.9924906132665834	7.749708399951457
-1.9824780976220273	7.861942315586175
-1.9724655819774712	8.00892714128174
-1.962453066332916	8.167186689184504
-1.95244055068836	8.257665165976086
-1.9424280350438048	8.330777310670758
-1.9324155193992487	8.40459573942186
-1.9224030037546935	8.497894867947771
-1.9123904881101375	8.603696074105141
-1.9023779724655814	8.770071059738207
-1.8923654568210262	8.929698554840382
-1.8823529411764701	9.052674159669587
-1.872340425531915	9.18197738818809
-1.8623279098873589	9.350788725957008
-1.8523153942428037	9.497054135710796
-1.8423028785982476	9.670655692005008
-1.8322903629536915	9.872411867187934
-1.8222778473091363	10.068383173374274
-1.8122653316645803	10.266588287308105
-1.802252816020025	10.48380967471959
-1.792240300375469	10.729541203698005
-1.7822277847309138	10.972554592175067
-1.7722152690863577	11.218795672701063
-1.7622027534418017	11.444275102258224
-1.7521902377972465	11.667150718598315
-1.7421777221526904	11.92285000631456
-1.7321652065081352	12.17336440980507
-1.7221526908635791	12.370873927264215
-1.712140175219024	12.537771288804008
-1.7021276595744679	12.69578251716432
-1.6921151439299118	12.843703970665624
-1.6821026282853566	12.963668007447694
-1.6720901126408005	13.041650916365143
-1.6620775969962454	13.104402464079852
-1.6520650813516893	13.203876458886437
-1.642052565707134	13.362789049816374
-1.632040050062578	13.561456477440167
-1.622027534418022	13.793873129234992
-1.6120150187734668	14.046534623795218
-1.6020025031289107	14.282917320941072
-1.5919899874843555	14.481080496459182
-1.5819774718397994	14.646499036763881
-1.5719649561952442	14.797341388262835
-1.5619524405506882	14.923959110484772
-1.551939924906132	15.031215157962578
-1.541927409261577	15.111562256440639
-1.5319148936170208	15.165648287071022
-1.5219023779724656	15.235797525968541
-1.5118898623279096	15.350476273580954
-1.5018773466833544	15.511857135889024
-1.4918648310387983	15.701780405616962
-1.4818523153942422	15.872119935208374
-1.471839799749687	15.992172604524347
-1.461827284105131	16.121467693866837
-1.4518147684605758	16.287001889005968
-1.4418022528160197	16.492162552684928
-1.4317897371714645	16.732216135580774
-1.4217772215269084	17.02034230538319
-1.4117647058823524	17.40442915224681
-1.4017521902377972	17.815883200133438
-1.391739674593241	18.245495080152615
-1.381727158948686	18.691665978308972
-1.3717146433041298	19.121192538150847
-1.3617021276595747	19.480280970352496
-1.3516896120150186	19.783631188235812
-1.3416770963704625	20.059302611129873
-1.3316645807259073	20.322441570956737
-1.3216520650813512	20.55404032096295
-1.311639549436796	20.760771399489006
-1.30162703379224	20.925704595650622
-1.2916145181476848	21.069058371498777
-1.2816020025031287	21.209529640600792
-1.2715894868585726	21.316421295591454
-1.2615769712140175	21.38779080924961
-1.2515644555694614	21.48306389089307
-1.2415519399249062	21.616110543787176
-1.2315394242803501	21.706489722858553
-1.221526908635795	21.727664973521144
-1.2115143929912389	21.743827434442277
-1.2015018773466828	21.79135308500877
-1.1914893617021276	21.90018076391292
-1.1814768460575715	22.047989527813414
-1.1714643304130163	22.202189873569683
-1.1614518147684603	22.350931625034985
-1.151439299123905	22.453873353752552
-1.141426783479349	22.486421711523757
-1.131414267834793	22.507405046941347
-1.1214017521902377	22.531508477490746
-1.1113892365456817	22.544050233127013
-1.1013767209011265	22.511913695092215
-1.0913642052565704	22.41073321350121
-1.0813516896120152	22.237559592417224
-1.0713391739674591	22.011292587623842
-1.061326658322903	21.75271571020143
-1.0513141426783479	21.50280950784618
-1.0413016270337918	21.29319071619845
-1.0312891113892366	21.100083640251643
-1.0212765957446805	20.89943664777631
-1.0112640801001254	20.680966781376323
-1.0012515644555693	20.426552833409886
-0.9912390488110132	20.156160359778465
-0.981226533166458	19.881037967669435
-0.971214017521902	19.6020617175674
-0.9612015018773468	19.285065070690262
-0.9511889862327907	18.894070373603586
-0.9411764705882355	18.470517296698002
-0.9311639549436794	18.070003867397567
-0.9211514392991234	17.74254092141744
-0.9111389236545682	17.45708491808896
-0.9011264080100121	17.174222646547335
-0.8911138923654569	16.841602014043698
-0.8811013767209008	16.434589023931835
-0.8710888610763456	16.034385105873103
-0.8610763454317896	15.66537623741547
-0.8510638297872335	15.28834298074594
-0.8410513141426783	14.879231520331105
-0.8310387984981222	14.462604336189049
-0.821026282853567	14.034001667016613
-0.811013767209011	13.610718388237792
-0.8010012515644558	13.171228456013868
-0.7909887359198997	12.73465661326968
-0.7809762202753436	12.339143328784594
-0.7709637046307884	11.933544614028376
-0.7609511889862324	11.519276389009676
-0.7509386733416772	11.182838170797304
-0.7409261576971211	10.897500149566463
-0.7309136420525659	10.684011321087908
-0.7209011264080099	10.483467331464468
-0.7108886107634538	10.28639397140937
-0.7008760951188986	10.10538130384533
-0.6908635794743425	9.995470181025029
-0.6808510638297873	9.980647018863325
-0.6708385481852313	10.044376479860015
-0.6608260325406761	10.057116237378954
-0.65081351689612	10.024938807075053
-0.6408010012515639	10.03296853788758
-0.6307884856070087	10.029389960337527
-0.6207759699624527	10.107062123387939
-0.6107634543178975	10.225277701554962
-0.6007509386733414	10.333659893845017
-0.5907384230287862	10.413067148901353
-0.5807259073842301	10.487507314620892
-0.5707133917396741	10.545518500274994
-0.5607008760951189	10.556429555228751
-0.5506883604505628	10.52457671487546
-0.5406758448060076	10.446306133423647
-0.5306633291614515	10.323963277874501
-0.5206508135168963	10.172281846467444
-0.5106382978723403	10.031649183049105
-0.5006257822277842	9.901799114566202
-0.490613266583229	9.783498978278269
-0.48060075093867294	9.676273785471697
-0.47058823529411775	9.588626669087853
-0.4605757196495617	9.473700074989539
-0.4505632040050065	9.344366817166806
-0.4405506883604504	9.19002448452544
-0.43053817271589434	9.018701819719366
-0.42052565707133915	8.85570636466125
-0.4105131414267831	8.675729020055647
-0.4005006257822279	8.473270048747056
-0.3904881101376718	8.243096638182928
-0.38047559449311663	8.06244395278648
-0.37046307884856056	7.915392405241004
-0.3604505632040045	7.693271047785986
-0.3504380475594493	7.446546628578059
-0.3404255319148932	7.203349743640845
-0.33041301627033803	6.9395613407628005
-0.32040050062578196	6.731857059479875
-0.3103879849812259	6.523496338430567
-0.3003754693366707	6.304551097515073
-0.2903629536921146	6.062133474604699
-0.28035043804755944	5.85027298701145
-0.27033792240300336	5.668016946747813
-0.2603254067584482	5.477518511397111
-0.2503128911138921	5.304172805889139
-0.24030037546933602	5.190205935147664
-0.23028785982478084	5.116389491511824
-0.22027534418022476	5.047055539903052
-0.21026282853566958	5.018126142063017
-0.2002503128911135	5.036569340754443
-0.19023779724655832	5.056696107268706
-0.18022528160200224	5.060329385409385
-0.17021276595744617	5.033868031789258
-0.16020025031289098	4.986646860538958
-0.1501877346683349	4.956487900334248
-0.14017521902377972	4.983062175664601
-0.13016270337922364	5.058980463120797
-0.12015018773466846	5.143400445839512
-0.11013767209011238	5.214970782170656
-0.10012515644555631	5.280489087419959
-0.09011264080100112	5.342075299820333
-0.08010012515644505	5.393104040542116
-0.07008760951188986	5.454753091610215
-0.060075093867333784	5.534439425590091
-0.0500625782227786	5.637135691608011
-0.04005006257822252	5.761348517147502
-0.030037546933666448	5.91153820631834
-0.02002503128911126	6.1152139011733295
-0.010012515644555187	6.329727569474007
0.0	6.552702567558422
