-8.0	0.008447565834620351
-7.989987484355444	0.00837805382011674
-7.979974968710889	0.008483611331324028
-7.969962453066333	0.009947077382015898
-7.9599499374217775	0.01353953998217425
-7.949937421777221	0.019065728514990502
-7.939924906132666	0.025456333565515184
-7.92991239048811	0.031601168290458094
-7.919899874843554	0.03738344969304346
-7.909887359198999	0.04404290418503184
-7.899874843554443	0.05350979518705566
-7.889862327909888	0.06738023171968564
-7.8798498122653315	0.08661786951386952
-7.869837296620776	0.112256214994809
-7.85982478097622	0.14612543203942105
-7.849812265331664	0.19038869737221764
-7.839799749687109	0.24595427831198363
-7.829787234042553	0.31138428487901004
-7.819774718397998	0.38384211127212836
-7.809762202753442	0.46163289815101904
-7.7997496871088865	0.5461258753348749
-7.78973717146433	0.6414037065952188
-7.779724655819774	0.7520967953147528
-7.769712140175219	0.8809636160326283
-7.759699624530663	1.0271997777618984
-7.749687108886108	1.1859976779349168
-7.739674593241552	1.3502803022405856
-7.729662077596997	1.514830643873195
-7.719649561952441	1.6802365842990594
-7.7096370463078845	1.852554330292223
-7.699624530663329	2.0381258907598463
-7.689612015018773	2.2385352982826268
-7.679599499374218	2.4506163220316703
-7.669586983729662	2.669898992765464
-7.659574468085107	2.891785563742036
-7.649561952440551	3.1089982190674204
-7.639549436795995	3.310207792851521
-7.629536921151439	3.4840467771920256
-7.619524405506883	3.625889822603076
-7.609511889862328	3.740832499857521
-7.599499374217772	3.84006177220138
-7.589486858573217	3.9345790619397234
-7.579474342928661	4.031945994235319
-7.569461827284105	4.136846988871962
-7.55944931163955	4.2518582958679625
-7.5494367959949935	4.376719400214386
-7.539424280350438	4.508370787017501
-7.529411764705882	4.6427314741145045
-7.519399249061326	4.7751981687206575
-7.509386733416771	4.898513650387767
-7.499374217772215	5.0024645151082225
-7.48936170212766	5.079433586010267
-7.479349186483104	5.131675553494913
-7.4693366708385485	5.171828549322715
-7.459324155193992	5.214804587442466
-7.449311639549437	5.268635167602026
-7.439299123904881	5.332194468645905
-7.429286608260325	5.3995260922839785
-7.41927409261577	5.464776362641728
-7.409261576971214	5.524218634620486
-7.399249061326659	5.57648129022334
-7.3892365456821025	5.622214810055351
-7.3792240300375465	5.6627289262203435
-7.369211514392991	5.698396226768411
-7.359198998748435	5.72907733185546
-7.34918648310388	5.75616474650845
-7.339173967459324	5.782606521215555
-7.329161451814769	5.80932021370032
-7.319148936170213	5.831781003881275
-7.3091364205256575	5.84206419610729
-7.299123904881101	5.836596446264107
-7.289111389236545	5.823150464817989
-7.27909887359199	5.819263223711591
-7.269086357947434	5.840779062374475
-7.259073842302879	5.888471755215751
-7.249061326658323	5.943610894101154
-7.239048811013767	5.976110977569528
-7.2290362953692116	5.958546257123937
-7.2190237797246555	5.876627960591593
-7.2090112640801	5.733016685567164
-7.198998748435544	5.546917247931073
-7.188986232790989	5.350287479848447
-7.178973717146433	5.178579881723937
-7.168961201501878	5.057505470741552
-7.158948685857322	4.993448637619777
-7.148936170212766	4.974144487498097
-7.13892365456821	4.9781849259839515
-7.128911138923654	4.986393128053413
-7.118898623279099	4.989526950770519
-7.108886107634543	4.990305023378912
-7.098873591989987	4.999539552409339
-7.088861076345432	5.028110835275013
-7.078848560700876	5.079331232437798
-7.068836045056321	5.146339616043121
-7.0588235294117645	5.2152864775034935
-7.048811013767209	5.271283787335906
-7.038798498122653	5.30386398342018
-7.028785982478098	5.310701029067391
-7.018773466833542	5.299373517151733
-7.008760951188986	5.285975134372188
-6.998748435544431	5.288734263053553
-6.988735919899875	5.317753592338775
-6.9787234042553195	5.367320279682905
-6.968710888610763	5.417944469653525
-6.958698372966207	5.447501394917227
-6.948685857321652	5.442310686710754
-6.938673341677096	5.4005037047697195
-6.928660826032541	5.3293458435047265
-6.918648310387985	5.242335426211782
-6.908635794743429	5.156710368557899
-6.8986232790988735	5.087686013398623
-6.888610763454318	5.039931449327411
-6.878598247809762	5.0030144903128555
-6.868585732165206	4.95610025242739
-6.858573216520651	4.879032896631774
-6.848560700876095	4.7614096236346635
-6.83854818523154	4.604048932325145
-6.828535669586984	4.4145451647060225
-6.818523153942428	4.202631514316962
-6.808510638297872	3.97883500301846
-6.798498122653316	3.754912047906631
-6.788485607008761	3.5421956125202225
-6.778473091364205	3.3467523778462978
-6.768460575719649	3.1652171684437618
-6.758448060075094	2.986150943690632
-6.748435544430539	2.7968226879707765
-6.7384230287859825	2.59021798003861
-6.7284105131414265	2.3677094400168546
-6.718397997496871	2.137370052879165
-6.708385481852315	1.9105673898128426
-6.69837296620776	1.698618143694207
-6.688360450563204	1.5098934844278429
-6.678347934918648	1.3478869577533192
-6.668335419274093	1.2111336677261568
-6.658322903629537	1.094953798935534
-6.648310387984981	0.9936586218369329
-6.638297872340425	0.9018589121825596
-6.628285356695869	0.8147811395445147
-6.618272841051314	0.7285035191069829
-6.608260325406759	0.6408682301168402
-6.598247809762203	0.5527705919290156
-6.588235294117647	0.46849409857404173
-6.578222778473092	0.3939496338410041
-6.5682102628285355	0.333450095524467
-6.55819774718398	0.28735200249276355
-6.548185231539424	0.25232855031858203
-6.538172715894868	0.22364102081798076
-6.528160200250313	0.197389802266071
-6.518147684605757	0.1715938587015853
-6.508135168961202	0.14624697072165752
-6.498122653316646	0.12266000036866227
-6.4881101376720896	0.10226084643940946
-6.478097622027534	0.0855224435673814
-6.468085106382979	0.07188490706912835
-6.458072590738423	0.06057733587755635
-6.448060075093867	0.05128551514585983
-6.438047559449312	0.044011992719000116
-6.428035043804756	0.03855052885590272
-6.418022528160201	0.03425767201289056
-6.4080100125156445	0.030245771376806375
-6.397997496871088	0.025752577608422998
-6.387984981226533	0.02049389617845298
-6.377972465581977	0.01482578560106859
-6.367959949937422	0.009539847966804765
-6.357947434292866	0.005375671302422674
-6.34793491864831	0.0026252336500680626
-6.337922403003755	0.0011037071405377947
-6.3279098873591995	0.00039782385111171784
-6.317897371714643	0.00012262470681758818
-6.307884856070087	3.22736476456136e-05
-6.297872340425532	7.246002021232656e-06
-6.287859824780976	1.3870330275338667e-06
-6.277847309136421	2.262909972501706e-07
-6.267834793491865	3.145952132756339e-08
-6.257822277847309	3.726391276560118e-09
-6.2478097622027535	3.7604901273739376e-10
-6.2377972465581975	3.2329640801961154e-11
-6.227784730913642	2.36780596815313e-12
-6.217772215269086	1.4773149820227354e-13
-6.20775969962453	7.851950738617797e-15
-6.197747183979975	3.555141389658922e-16
-6.18773466833542	1.3712271733351214e-17
-6.177722152690864	4.50540818845121e-19
-6.167709637046308	1.2610445175740404e-20
-6.157697121401752	3.0068086638300024e-22
-6.147684605757196	6.457309404731313e-24
-6.137672090112641	1.8945355545483298e-23
-6.127659574468085	8.635632895197781e-22
-6.117647058823529	3.3728722843471107e-20
-6.107634543178974	1.122610098663803e-18
-6.097622027534418	3.1843821454592523e-17
-6.0876095118898625	7.699180298057646e-16
-6.0775969962453065	1.5869270703382025e-14
-6.06758448060075	2.789014146926131e-13
-6.057571964956195	4.180581805116604e-12
-6.04755944931164	5.346322775282501e-11
-6.037546933667084	5.835574340366084e-10
-6.027534418022528	5.439357352939836e-09
-6.017521902377973	4.332462191575077e-08
-6.007509386733417	2.951301668771192e-07
-5.997496871088861	1.7213079729756067e-06
-5.987484355444305	8.60766497286406e-06
-5.977471839799749	3.6974353015317596e-05
-5.967459324155194	0.00013676516582267206
-5.957446808510639	0.0004370772118465922
-5.947434292866083	0.001212408473884286
-5.937421777221527	0.0029381506358285253
-5.927409261576971	0.006278979600892056
-5.9173967459324155	0.011991875681267333
-5.90738423028786	0.020844445306065423
-5.897371714643304	0.033724341820198615
-5.887359198998748	0.051948660322062974
-5.877346683354192	0.07742245686068705
-5.867334167709637	0.11221283986159679
-5.857321652065082	0.15768311452085565
-5.847309136420526	0.2140597729113495
-5.83729662077597	0.28105623857356543
-5.827284105131414	0.35886660527921443
-5.817271589486858	0.44811093615063874
-5.807259073842303	0.5483892938651056
-5.797246558197747	0.6567089261652925
-5.787234042553191	0.7671691950072923
-5.777221526908636	0.872198305540335
-5.767209011264081	0.9649611501529334
-5.7571964956195245	1.042295684996444
-5.747183979974968	1.1067843375902389
-5.737171464330412	1.16615291607155
-5.727158948685857	1.229505336541459
-5.717146433041302	1.3021480910310612
-5.707133917396746	1.3819276710415938
-5.69712140175219	1.45934899325902
-5.687108886107635	1.521710938444395
-5.677096370463079	1.5590848283020602
-5.667083854818523	1.5687816271705508
-5.657071339173967	1.5559627198582389
-5.647058823529411	1.5303459890941438
-5.637046307884856	1.5010400748381771
-5.627033792240301	1.4725699901132128
-5.617021276595745	1.4444362837255924
-5.607008760951189	1.4139375266906902
-5.596996245306633	1.3794794326796784
-5.5869837296620775	1.3419409265847357
-5.576971214017522	1.3043722976456864
-5.566958698372966	1.271561421403167
-5.55694618272841	1.2492730189181878
-5.546933667083855	1.241714144216687
-5.536921151439299	1.2479706658820564
-5.526908635794744	1.2609336754932225
-5.516896120150188	1.2709355010473586
-5.5068836045056315	1.271649086961656
-5.496871088861076	1.2631576850019772
-5.486858573216521	1.2496153965676382
-5.476846057571965	1.233938487739465
-5.466833541927409	1.2144612752703394
-5.456821026282853	1.1864507225477208
-5.446808510638298	1.147115251902272
-5.4367959949937426	1.0999425965551026
-5.4267834793491865	1.054862868909076
-5.41677096370463	1.024028586315156
-5.406758448060075	1.0159318964313464
-5.396745932415519	1.030951067812366
-5.386733416770964	1.06022800496491
-5.376720901126408	1.0887382183634338
-5.366708385481852	1.101838974140958
-5.356695869837297	1.0920061778614603
-5.346683354192741	1.0616652737072232
-5.336670838548185	1.020975712956061
-5.326658322903629	0.9830402108742222
-5.316645807259073	0.9593275524449116
-5.306633291614518	0.9562437208692863
-5.296620775969963	0.9732597508256967
-5.286608260325407	1.0036144970149867
-5.276595744680851	1.0376614790343381
-5.2665832290362955	1.0667271291914553
-5.256570713391739	1.0850450329825834
-5.246558197747184	1.0897266851779261
-5.236545682102628	1.0808011139711755
-5.226533166458072	1.0623941626053748
-5.216520650813517	1.043259873507249
-5.206508135168962	1.0339305112775143
-5.196495619524406	1.0407712702878171
-5.18648310387985	1.061347405666728
-5.1764705882352935	1.0855740667326048
-5.166458072590738	1.102230922760729
-5.156445556946183	1.1057127421476431
-5.146433041301627	1.0982375462400156
-5.136420525657071	1.0871435297885697
-5.126408010012516	1.080616628239955
-5.11639549436796	1.085133365275576
-5.1063829787234045	1.1048712041645377
-5.0963704630788484	1.140842027199802
-5.086357947434292	1.1886645336098158
-5.076345431789737	1.237430311754033
-5.066332916145182	1.2727890581648227
-5.056320400500626	1.2831266365156258
-5.04630788485607	1.2638131912991875
-5.036295369211514	1.2165358282412662
-5.026282853566959	1.146105015179672
-5.016270337922403	1.058660126084548
-5.006257822277847	0.961538000839642
-4.996245306633291	0.8621286752366774
-4.986232790988735	0.7650225263167219
-4.97622027534418	0.6703392897325839
-4.966207759699625	0.5757209324194961
-4.956195244055069	0.4803030948997119
-4.946182728410513	0.3866831118731376
-4.9361702127659575	0.29945808021755305
-4.926157697121402	0.22266475088440615
-4.916145181476846	0.1586911697156512
-4.90613266583229	0.10858571201991213
-4.896120150187734	0.07224876448196921
-4.886107634543179	0.04809981280848757
-4.876095118898624	0.03310685376931176
-4.866082603254068	0.02371454095847545
-4.8560700876095115	0.017088132277088743
-4.8460575719649555	0.011761483517345126
-4.8360450563204	0.00740610390188692
-4.826032540675845	0.004151071979650736
-4.816020025031289	0.0020385171985750346
-4.806007509386733	0.0008691677694876534
-4.795994993742178	0.00031998544460813726
-4.785982478097623	0.00010135215003068738
-4.7759699624530665	2.7550552172211806e-05
-4.76595744680851	6.415623093344401e-06
-4.755944931163954	1.2781297681127112e-06
-4.745932415519399	2.1761899548912489e-07
-4.735919899874844	3.164222819005901e-08
-4.725907384230288	3.9266945304197726e-09
-4.715894868585732	4.1569846562076964e-10
-4.705882352941176	3.752912806215996e-11
-4.6958698372966206	2.8885520701816077e-12
-4.685857321652065	1.8950635501415325e-13
-4.675844806007509	1.0595716884405105e-14
-4.665832290362953	5.048323160280734e-16
-4.655819774718398	2.0494333441100072e-17
-4.645807259073843	7.088582431151489e-19
-4.635794743429287	2.088816570042823e-20
-4.625782227784731	5.243707548335559e-22
-4.615769712140175	1.1213987392645288e-23
-4.605757196495619	2.0429350559279434e-25
-4.595744680851064	3.1703988249931285e-27
-4.585732165206508	4.191137645943722e-29
-4.575719649561952	4.719586399960367e-31
-4.565707133917396	4.527165405792093e-33
-4.555694618272841	3.69910322183252e-35
-4.545682102628286	2.5746139318503896e-37
-4.53566958698373	1.5264119631869248e-39
-4.5256570713391735	7.708576222083369e-42
-4.515644555694618	3.31602972813842e-44
-4.505632040050063	1.2150769563752142e-46
-4.495619524405507	3.7925362242821075e-49
-4.485607008760951	1.008314148195886e-51
-4.475594493116395	2.2835043306413658e-54
-4.46558197747184	4.405015415110457e-57
-4.4555694618272845	7.238231287408928e-60
-4.4455569461827285	1.0131103929044287e-62
-4.435544430538172	1.2078702048461146e-65
-4.425531914893616	1.2266562282196161e-68
-4.415519399249061	1.0611200183997483e-71
-4.405506883604506	7.818890647583759e-75
-4.39549436795995	4.907549927146583e-78
-4.385481852315394	2.623754775368847e-81
-4.375469336670839	1.1948700195816067e-84
-4.365456821026283	4.6350772600715904e-88
-4.355444305381727	1.5315534901112776e-91
-4.345431789737171	4.310684422922136e-95
-4.335419274092615	1.0334730427266272e-98
-4.32540675844806	2.1105270956618067e-102
-4.315394242803505	3.6713142812332166e-106
-4.305381727158949	5.439901604013768e-110
-4.295369211514393	6.865930004494128e-114
-4.285356695869837	7.381532628295329e-118
-4.275344180225281	6.759779960553105e-122
-4.265331664580726	5.2729957003028555e-126
-4.25531914893617	3.5036532358979266e-130
-4.245306633291614	1.9830043038894242e-134
-4.235294117647059	9.560157285119579e-139
-4.225281602002504	3.9259544641031053e-143
-4.215269086357948	1.373296516495491e-147
-4.2052565707133915	4.091873682355869e-152
-4.1952440550688355	1.4175241556599276e-156
-4.18523153942428	1.5160643059176087e-152
-4.175219023779725	5.165844472163387e-148
-4.165206508135169	1.499352921115603e-143
-4.155193992490613	3.70685204777016e-139
-4.145181476846057	7.806304240569376e-135
-4.135168961201502	1.4003111058519822e-130
-4.1251564455569465	2.1396484916910608e-126
-4.11514392991239	2.784833082172199e-122
-4.105131414267834	3.087413123482871e-118
-4.095118898623279	2.9156081871802827e-114
-4.085106382978723	2.3453216636662945e-110
-4.075093867334168	1.6069949353966976e-106
-4.065081351689612	9.379192290612528e-103
-4.055068836045056	4.662890429654739e-99
-4.045056320400501	1.9746213108671847e-95
-4.035043804755945	7.122808495652301e-92
-4.025031289111389	2.18855545300373e-88
-4.015018773466833	5.72799567064839e-85
-4.005006257822277	1.2769874991065273e-81
-3.994993742177722	2.4249871935801595e-78
-3.9849812265331668	3.9225735167427704e-75
-3.9749687108886107	5.404699759589178e-72
-3.9649561952440546	6.343236345478371e-69
-3.9549436795994994	6.341457004153846e-66
-3.9449311639549434	5.400152818060743e-63
-3.934918648310388	3.9170749966125085e-60
-3.924906132665832	2.4202295664129452e-57
-3.914893617021277	1.2737672440167913e-54
-3.904881101376721	5.71034607739946e-52
-3.8948685857321648	2.180588019125284e-49
-3.8848560700876096	7.092896986627297e-47
-3.8748435544430535	1.965226094565083e-44
-3.8648310387984983	4.638101309821127e-42
-3.8548185231539422	9.324096897094339e-40
-3.844806007509387	1.5966589673106497e-37
-3.834793491864831	2.3289297561753956e-35
-3.824780976220275	2.8936063861982645e-33
-3.8147684605757197	3.062396064940574e-31
-3.8047559449311636	2.760718348140871e-29
-3.7947434292866085	2.1199308058760595e-27
-3.7847309136420524	1.386628468311422e-25
-3.774718397997497	7.725691886282255e-24
-3.764705882352941	3.6665153344421155e-22
-3.754693366708385	1.482205730913387e-20
-3.74468085106383	5.103902269411873e-19
-3.734668335419274	1.497045933139189e-17
-3.7246558197747186	3.7403038242207924e-16
-3.7146433041301625	7.960085602351967e-15
-3.7046307884856065	1.443005291474571e-13
-3.6946182728410513	2.2282189434295907e-12
-3.684605757196495	2.930814596213892e-11
-3.67459324155194	3.2836802021413467e-10
-3.664580725907384	3.1338496334830037e-09
-3.6545682102628287	2.547683186199768e-08
-3.6445556946182727	1.7642996472491465e-07
-3.6345431789737166	1.0408235841044566e-06
-3.6245306633291614	5.231111453774405e-06
-3.6145181476846053	2.2402036345689374e-05
-3.60450563204005	8.176741128262095e-05
-3.594493116395494	0.0002545108000854925
-3.584480600750939	0.0006762635101344904
-3.574468085106383	0.0015370428242692641
-3.5644555694618267	0.0030001294893663654
-3.5544430538172715	0.005068661925721951
-3.5444305381727155	0.007527878765020637
-3.5344180225281603	0.010120233514941861
-3.524405506883604	0.012935031417846448
-3.514392991239049	0.016735660869073306
-3.504380475594493	0.022912870059520456
-3.494367959949937	0.033015598976390524
-3.4843554443053817	0.04809172168696687
-3.4743429286608256	0.06818050673618765
-3.4643304130162704	0.09234300751599867
-3.4543178973717144	0.1195438160448428
-3.444305381727159	0.15014772409062066
-3.434292866082603	0.1868626085687883
-3.424280350438047	0.23368278117884628
-3.414267834793492	0.2927194919073468
-3.4042553191489358	0.36102931775769004
-3.3942428035043806	0.43038945940746737
-3.3842302878598245	0.490953509259841
-3.3742177722152693	0.5363339960079689
-3.3642052565707132	0.566250296390589
-3.354192740926157	0.5850256556248702
-3.344180225281602	0.5978347170593046
-3.334167709637046	0.6082164726380748
-3.3241551939924907	0.6186085323802596
-3.3141426783479346	0.6323417388257507
-3.3041301627033794	0.6539738114594907
-3.2941176470588234	0.686798106039663
-3.2841051314142673	0.7298252964181209
-3.274092615769712	0.7774415231434708
-3.264080100125156	0.8221161433002042
-3.254067584480601	0.85743403175107
-3.2440550688360448	0.8790725184493425
-3.2340425531914896	0.8843458177787522
-3.2240300375469335	0.8725244902456117
-3.2140175219023774	0.8462801393889047
-3.2040050062578223	0.8119935110646845
-3.193992490613266	0.7772337002159603
-3.183979974968711	0.7472178147837477
-3.173967459324155	0.7238982171874158
-3.1639549436795997	0.7084984869919597
-3.1539424280350437	0.7038964662642239
-3.1439299123904876	0.7130098339314065
-3.1339173967459324	0.7341926524188142
-3.1239048811013763	0.7588467134859654
-3.113892365456821	0.7747741172154181
-3.103879849812265	0.7732342700576645
-3.09386733416771	0.7542809467387115
-3.083854818523154	0.7264077816589907
-3.0738423028785977	0.7007854543380763
-3.0638297872340425	0.6842984814701938
-3.0538172715894865	0.6765878543909615
-3.0438047559449313	0.6729964280723366
-3.033792240300375	0.6700075328985321
-3.02377972465582	0.6678826387908742
-3.013767209011264	0.6689490211997712
-3.003754693366708	0.6747759670958371
-2.9937421777221527	0.6856512864418763
-2.9837296620775966	0.7018673368528492
-2.9737171464330414	0.7237434316205115
-2.9637046307884853	0.7491892712492781
-2.95369211514393	0.7714747261044661
-2.943679599499374	0.7808900740644544
-2.933667083854818	0.7704588916155571
-2.923654568210263	0.741297224778669
-2.9136420525657067	0.7026172874886426
-2.9036295369211516	0.6656857714632097
-2.8936170212765955	0.6362036634663223
-2.8836045056320403	0.6110343772984396
-2.873591989987484	0.5819333192988084
-2.863579474342928	0.5434847223650449
-2.853566958698373	0.4990941870781833
-2.843554443053817	0.46064601180867637
-2.8335419274092617	0.44277269997657176
-2.8235294117647056	0.4562760495443897
-2.8135168961201504	0.5040560247522584
-2.8035043804755944	0.579749449821
-2.7934918648310383	0.6684125185876508
-2.783479349186483	0.7498556596735763
-2.773466833541927	0.8050577984517857
-2.763454317897372	0.8232256846705893
-2.7534418022528158	0.8049573426744944
-2.7434292866082606	0.7592080166702312
-2.7334167709637045	0.6968504871931128
-2.7234042553191484	0.6262428426001619
-2.7133917396745932	0.553567133400457
-2.703379224030037	0.4858157540131789
-2.693366708385482	0.43226711473085333
-2.683354192740926	0.4025229633887192
-2.6733416770963707	0.4026737233090271
-2.6633291614518146	0.4325839692557724
-2.6533166458072586	0.48615409042400237
-2.6433041301627034	0.5542257660950262
-2.6332916145181473	0.6279748039492741
-2.623279098873592	0.7002093060609345
-2.613266583229036	0.7637230717543948
-2.603254067584481	0.8088830042187308
-2.593241551939925	0.8240902878521459
-2.5832290362953687	0.8005303748778423
-2.5732165206508135	0.7382789531852209
-2.5632040050062574	0.6486591197527738
-2.5531914893617023	0.5503513917943286
-2.543178973717146	0.46184518784952033
-2.533166458072591	0.3954163643588095
-2.523153942428035	0.355789889545681
-2.513141426783479	0.34264670111958445
-2.5031289111389237	0.3539469033301256
-2.4931163954943676	0.38773951250164945
-2.4831038798498124	0.44209541255955487
-2.4730913642052563	0.514084764809685
-2.463078848560701	0.5987310191005374
-2.453066332916145	0.6882960894861554
-2.443053817271589	0.7719741637353835
-2.433041301627034	0.8364540803334946
-2.4230287859824777	0.8683175477945926
-2.4130162703379225	0.8585178939604623
-2.4030037546933665	0.8068842717329278
-2.3929912390488113	0.7232010807361333
-2.382978723404255	0.6236343839293359
-2.372966207759699	0.5253441699396999
-2.362953692115144	0.4431057003419935
-2.352941176470588	0.3885121354399956
-2.3429286608260327	0.3693852175753884
-2.3329161451814766	0.3880506583156099
-2.3229036295369214	0.4399622943682838
-2.3128911138923653	0.5146265820646031
-2.3028785982478093	0.5986985598469748
-2.292866082603254	0.6794937609841329
-2.282853566958698	0.7473779347995381
-2.272841051314143	0.796424999265851
-2.2628285356695867	0.8235878793902857
-2.2528160200250316	0.827564617325158
-2.2428035043804755	0.8088098554237821
-2.2327909887359194	0.7707917341872866
-2.2227784730913642	0.7208691317925712
-2.212765957446808	0.6692492385837878
-2.202753441802253	0.6262345632408939
-2.192740926157697	0.5993388164829907
-2.1827284105131417	0.5918294380117086
-2.1727158948685856	0.6033000981036023
-2.1627033792240296	0.6315574349121857
-2.1526908635794744	0.6741318630704836
-2.1426783479349183	0.7281719889132966
-2.132665832290363	0.7892543790142839
-2.122653316645807	0.8507658002901493
-2.112640801001252	0.9046828313229739
-2.1026282853566958	0.9431767032978156
-2.0926157697121397	0.960433229462212
-2.0826032540675845	0.9548180274007326
-2.0725907384230284	0.9309916884175693
-2.0625782227784732	0.8998764552112238
-2.052565707133917	0.8743968422187985
-2.042553191489362	0.8623749675771356
-2.032540675844806	0.8617361004770523
-2.02252816020025	0.8622473230299117
-2.0125156445556946	0.8523588223737268
-2.0025031289111386	0.8253050151819143
-1.9924906132665834	0.7801659292074932
-1.9824780976220273	0.7189284051160457
-1.9724655819774712	0.6437827733342802
-1.962453066332916	0.5571787764610657
-1.95244055068836	0.46336197843095633
-1.9424280350438048	0.36870359770733574
-1.9324155193992487	0.2800915447888446
-1.9224030037546935	0.20291981788687422
-1.9123904881101375	0.14014973422613602
-1.9023779724655814	0.09241422747738448
-1.8923654568210262	0.05847136110191565
-1.8823529411764701	0.035778500850095096
-1.872340425531915	0.02128233346890456
-1.8623279098873589	0.012241241903620585
-1.8523153942428037	0.006684188166779601
-1.8423028785982476	0.0033763900119588514
-1.8322903629536915	0.0015385073114370178
-1.8222778473091363	0.0006199979521590688
-1.8122653316645803	0.00021794949684856226
-1.802252816020025	6.624048403512083e-05
-1.792240300375469	1.7308535266223995e-05
-1.7822277847309138	3.875117311632728e-06
-1.7722152690863577	7.442717031493512e-07
-1.7622027534418017	1.4315875146152336e-07
-1.7521902377972465	1.7088820151230618e-07
-1.7421777221526904	9.210195157607979e-07
-1.7321652065081352	4.671882564040035e-06
-1.7221526908635791	2.0229057028540323e-05
-1.712140175219024	7.461798235325993e-05
-1.7021276595744679	0.0002344844326169395
-1.6921151439299118	0.0006278737861354526
-1.6821026282853566	0.0014332483050059834
-1.6720901126408005	0.002792202915281452
-1.6620775969962454	0.004655026231504023
-1.6520650813516893	0.006684926041749259
-1.642052565707134	0.008401001365033255
-1.632040050062578	0.009578897038905564
-1.622027534418022	0.010635773561838618
-1.6120150187734668	0.012648242902880939
-1.6020025031289107	0.016972615784330722
-1.5919899874843555	0.024856291677678877
-1.5819774718397994	0.03748832501420072
-1.5719649561952442	0.05655864263220495
-1.5619524405506882	0.0849007111844073
-1.551939924906132	0.12653224569411672
-1.541927409261577	0.18556276960781676
-1.5319148936170208	0.26401031376110434
-1.5219023779724656	0.3593922523875792
-1.5118898623279096	0.4636599535324339
-1.5018773466833544	0.5649549881492599
-1.4918648310387983	0.6520731257162665
-1.4818523153942422	0.7190453191446661
-1.471839799749687	0.7664245400340678
-1.461827284105131	0.7984518134688214
-1.4518147684605758	0.8189945875520507
-1.4418022528160197	0.8298424264939901
-1.4317897371714645	0.8320501543788822
-1.4217772215269084	0.828130009378511
-1.4117647058823524	0.8227077921259467
-1.4017521902377972	0.8209574142158622
-1.391739674593241	0.8259085392929145
-1.381727158948686	0.8367414491849784
-1.3717146433041298	0.8496284416782122
-1.3617021276595747	0.8602591299689836
-1.3516896120150186	0.8652779704350554
-1.3416770963704625	0.8614564608001635
-1.3316645807259073	0.8449140154541412
-1.3216520650813512	0.8130192415540614
-1.311639549436796	0.767845896731654
-1.30162703379224	0.7173575435458424
-1.2916145181476848	0.6725513840148061
-1.2816020025031287	0.6428601786183746
-1.2715894868585726	0.6333461323237117
-1.2615769712140175	0.6447697113416908
-1.2515644555694614	0.6747284121375531
-1.2415519399249062	0.71791439173638
-1.2315394242803501	0.7658806496585139
-1.221526908635795	0.8082551030172995
-1.2115143929912389	0.8358670674810118
-1.2015018773466828	0.8437113606772094
-1.1914893617021276	0.8316059078960545
-1.1814768460575715	0.8028088953185872
-1.1714643304130163	0.7624405233868018
-1.1614518147684603	0.7166519134728396
-1.151439299123905	0.6720109824882109
-1.141426783479349	0.6346442743534583
-1.131414267834793	0.609609510744978
-1.1214017521902377	0.6007673161666497
-1.1113892365456817	0.610187858214118
-1.1013767209011265	0.6363163133224996
-1.0913642052565704	0.6724819018569442
-1.0813516896120152	0.7086000055091413
-1.0713391739674591	0.736085376118049
-1.061326658322903	0.7518304626386231
-1.0513141426783479	0.7574094959442602
-1.0413016270337918	0.7547996386557119
-1.0312891113892366	0.7435316035085255
-1.0212765957446805	0.7220177089447121
-1.0112640801001254	0.6911203328252086
-1.0012515644555693	0.6562723886025005
-0.9912390488110132	0.6264437159416795
-0.981226533166458	0.6108474085530773
-0.971214017521902	0.6152221565827775
-0.9612015018773468	0.6392261795290844
-0.9511889862327907	0.6761118101627352
-0.9411764705882355	0.7153056606477595
-0.9311639549436794	0.7470821622307987
-0.9211514392991234	0.7667696876842798
-0.9111389236545682	0.7756120538435769
-0.9011264080100121	0.7775165707570655
-0.8911138923654569	0.7743881376686299
-0.8811013767209008	0.764546335087092
-0.8710888610763456	0.7460601697034069
-0.8610763454317896	0.7213421392636005
-0.8510638297872335	0.6974339998054789
-0.8410513141426783	0.6814496133149758
-0.8310387984981222	0.6765709250630322
-0.821026282853567	0.6827006314658962
-0.811013767209011	0.6992323361808865
-0.8010012515644558	0.7249360453052965
-0.7909887359198997	0.7549292651639493
-0.7809762202753436	0.7797280082702079
-0.7709637046307884	0.789418412003562
-0.7609511889862324	0.7798337993033352
-0.7509386733416772	0.7551593109522453
-0.7409261576971211	0.7250552404317598
-0.7309136420525659	0.6991809977254776
-0.7209011264080099	0.6829742936059577
-0.7108886107634538	0.6764369128873207
-0.7008760951188986	0.6758574356573765
-0.6908635794743425	0.6775720512791389
-0.6808510638297873	0.681765116083053
-0.6708385481852313	0.6934006794965062
-0.6608260325406761	0.7186094552663301
-0.65081351689612	0.7584185360997209
-0.6408010012515639	0.804759440958005
-0.6307884856070087	0.8427557918074131
-0.6207759699624527	0.858386568842739
-0.6107634543178975	0.8462710804185098
-0.6007509386733414	0.8126664680517602
-0.5907384230287862	0.7726210242887559
-0.5807259073842301	0.743403128495368
-0.5707133917396741	0.7372143900896869
-0.5607008760951189	0.7561119964865934
-0.5506883604505628	0.7916374149441452
-0.5406758448060076	0.8298580446598652
-0.5306633291614515	0.8591696520066394
-0.5206508135168963	0.8756636736328771
-0.5106382978723403	0.8823349576294178
-0.5006257822277842	0.8836889453524983
-0.490613266583229	0.8813875875810535
-0.48060075093867294	0.8747534778507393
-0.47058823529411775	0.8641830600477632
-0.4605757196495617	0.8526524728635091
-0.4505632040050065	0.843578825117781
-0.4405506883604504	0.8378672992923667
-0.43053817271589434	0.8335403249782793
-0.42052565707133915	0.8281840824838977
-0.4105131414267831	0.821678216459033
-0.4005006257822279	0.8166212702360892
-0.3904881101376718	0.81592058890024
-0.38047559449311663	0.8195632775591402
-0.37046307884856056	0.8236661021185588
-0.3604505632040045	0.8231631609438038
-0.3504380475594493	0.8162592762564712
-0.3404255319148932	0.8071890375644648
-0.33041301627033803	0.8050194579941183
-0.32040050062578196	0.818668135628035
-0.3103879849812259	0.850635836280658
-0.3003754693366707	0.8936209538888574
-0.2903629536921146	0.9335196159492923
-0.28035043804755944	0.9579370293122517
-0.27033792240300336	0.9641316180407692
-0.2603254067584482	0.9600396767221954
-0.2503128911138921	0.9579300339575179
-0.24030037546933602	0.9663304778864533
-0.23028785982478084	0.9861232673347367
-0.22027534418022476	1.012156365215883
-0.21026282853566958	1.0377297387141693
-0.2002503128911135	1.058576508788326
-0.19023779724655832	1.0742631917181265
-0.18022528160200224	1.0867824675376183
-0.17021276595744617	1.097941219330106
-0.16020025031289098	1.1078773746530772
-0.1501877346683349	1.115682450211644
-0.14017521902377972	1.1209366549612223
-0.13016270337922364	1.1244793707352254
-0.12015018773466846	1.1281557437263443
-0.11013767209011238	1.1343421002820453
-0.10012515644555631	1.145524838585695
-0.09011264080100112	1.1633909049008204
-0.08010012515644505	1.1873404256565325
-0.07008760951188986	1.2136728806198347
-0.060075093867333784	1.2370367485553744
-0.0500625782227786	1.2539045875633146
-0.04005006257822252	1.2653991304801553
-0.030037546933666448	1.2768898240128264
-0.02002503128911126	1.2948261921347701
-0.010012515644555187	1.3236398559871891
0.0	1.3645133792015864
