-8.0	5.246916163462725
-7.989987484355444	5.246858467274674
-7.979974968710889	5.246826179656988
-7.969962453066333	5.247222931515317
-7.9599499374217775	5.253428567969029
-7.949937421777221	5.275931602828509
-7.939924906132666	5.294087419842646
-7.92991239048811	5.307033939306372
-7.919899874843554	5.30742015419535
-7.909887359198999	5.3056646675357895
-7.899874843554443	5.2987771208081424
-7.889862327909888	5.286354622864632
-7.8798498122653315	5.284718108556992
-7.869837296620776	5.300092277051395
-7.85982478097622	5.339399951053124
-7.849812265331664	5.387930118683104
-7.839799749687109	5.437508381721894
-7.829787234042553	5.489790484375793
-7.819774718397998	5.5893497451430445
-7.809762202753442	5.701530965266261
-7.7997496871088865	5.818909877785071
-7.78973717146433	5.9498858140648725
-7.779724655819774	6.122377913815569
-7.769712140175219	6.351129448401802
-7.759699624530663	6.551492575878723
-7.749687108886108	6.782135131574242
-7.739674593241552	6.9907582553350265
-7.729662077596997	7.1108935699252145
-7.719649561952441	7.202883725115713
-7.7096370463078845	7.306960878545009
-7.699624530663329	7.396869590401083
-7.689612015018773	7.495958200617564
-7.679599499374218	7.634488384413102
-7.669586983729662	7.8074822463163995
-7.659574468085107	7.998588796604651
-7.649561952440551	8.18423612785162
-7.639549436795995	8.377619344332626
-7.629536921151439	8.597688153605489
-7.619524405506883	8.866663522965082
-7.609511889862328	9.166728701013557
-7.599499374217772	9.456072655621602
-7.589486858573217	9.746047104187468
-7.579474342928661	10.046636814036393
-7.569461827284105	10.36267860367867
-7.55944931163955	10.68641622150931
-7.5494367959949935	11.003462696551383
-7.539424280350438	11.302638258570726
-7.529411764705882	11.57204098347258
-7.519399249061326	11.843377415672311
-7.509386733416771	12.156391445515013
-7.499374217772215	12.50374237426926
-7.48936170212766	12.847837977638594
-7.479349186483104	13.183757042996987
-7.4693366708385485	13.507269887941051
-7.459324155193992	13.79508773335505
-7.449311639549437	14.03263321214573
-7.439299123904881	14.219345367957153
-7.429286608260325	14.344718716206042
-7.41927409261577	14.38771756094484
-7.409261576971214	14.365144255480498
-7.399249061326659	14.32818355844769
-7.3892365456821025	14.333176352804752
-7.3792240300375465	14.39320477555091
-7.369211514392991	14.466711974213162
-7.359198998748435	14.523602330847634
-7.34918648310388	14.56041829880821
-7.339173967459324	14.570609445094874
-7.329161451814769	14.551321077098445
-7.319148936170213	14.5029092548693
-7.3091364205256575	14.424767018600281
-7.299123904881101	14.339109521787188
-7.289111389236545	14.261233479211555
-7.27909887359199	14.17752388238701
-7.269086357947434	14.075574445846854
-7.259073842302879	13.961090585186124
-7.249061326658323	13.842550901528181
-7.239048811013767	13.714171902508623
-7.2290362953692116	13.577814459135775
-7.2190237797246555	13.459309581813804
-7.2090112640801	13.3796060387888
-7.198998748435544	13.306085573451846
-7.188986232790989	13.181791454951346
-7.178973717146433	12.96976750671164
-7.168961201501878	12.67180365327401
-7.158948685857322	12.328572084629291
-7.148936170212766	11.98479058941587
-7.13892365456821	11.680704849241586
-7.128911138923654	11.444879046912936
-7.118898623279099	11.26059704445435
-7.108886107634543	11.08559734880649
-7.098873591989987	10.884215265922316
-7.088861076345432	10.65074860177506
-7.078848560700876	10.401052742319346
-7.068836045056321	10.169243758976544
-7.0588235294117645	9.98512296608588
-7.048811013767209	9.842390782782662
-7.038798498122653	9.720246374317538
-7.028785982478098	9.606430892409616
-7.018773466833542	9.489558884927554
-7.008760951188986	9.361697593473103
-6.998748435544431	9.224527222006827
-6.988735919899875	9.073354194026207
-6.9787234042553195	8.890172872480228
-6.968710888610763	8.663104831169488
-6.958698372966207	8.413027668905812
-6.948685857321652	8.161894036928475
-6.938673341677096	7.911117378742429
-6.928660826032541	7.671493135138471
-6.918648310387985	7.455536179309498
-6.908635794743429	7.276544766634431
-6.8986232790988735	7.136096363658924
-6.888610763454318	7.023193995291503
-6.878598247809762	6.927698325877898
-6.868585732165206	6.833829199552224
-6.858573216520651	6.730719104876023
-6.848560700876095	6.61289185637643
-6.83854818523154	6.472529595298076
-6.828535669586984	6.3069871072524455
-6.818523153942428	6.13206144131538
-6.808510638297872	5.952035006049803
-6.798498122653316	5.775652181367422
-6.788485607008761	5.617135580954782
-6.778473091364205	5.462652992773417
-6.768460575719649	5.309312605012992
-6.758448060075094	5.163751202502481
-6.748435544430539	5.007947450856151
-6.7384230287859825	4.843822020487959
-6.7284105131414265	4.706625598637014
-6.718397997496871	4.559982918507624
-6.708385481852315	4.421696234889269
-6.69837296620776	4.2841616168083165
-6.688360450563204	4.1574472087418535
-6.678347934918648	4.035513735477057
-6.668335419274093	3.937495635913552
-6.658322903629537	3.8129480653385177
-6.648310387984981	3.667318111793678
-6.638297872340425	3.496719379358791
-6.628285356695869	3.361176097139741
-6.618272841051314	3.278655864939454
-6.608260325406759	3.2193172317238776
-6.598247809762203	3.189474103600683
-6.588235294117647	3.1788479542069643
-6.578222778473092	3.176983668256436
-6.5682102628285355	3.1660515476829207
-6.55819774718398	3.1070101172560314
-6.548185231539424	3.0303763631124934
-6.538172715894868	2.9782022331618183
-6.528160200250313	2.9676465908279113
-6.518147684605757	2.9612033540017144
-6.508135168961202	2.95170996786727
-6.498122653316646	2.939590838684563
-6.4881101376720896	2.904584864670777
-6.478097622027534	2.8860772560028756
-6.468085106382979	2.8786795912520824
-6.458072590738423	2.8475367355607477
-6.448060075093867	2.8204743225219198
-6.438047559449312	2.818574885219138
-6.428035043804756	2.808459240080877
-6.418022528160201	2.796663415000237
-6.4080100125156445	2.79278471779627
-6.397997496871088	2.8560517411070006
-6.387984981226533	2.8468607543756117
-6.377972465581977	2.8250600515737863
-6.367959949937422	2.8167222999860386
-6.357947434292866	2.8137289666013308
-6.34793491864831	2.8408566202745242
-6.337922403003755	2.9330559709813206
-6.3279098873591995	2.9348133188812415
-6.317897371714643	3.229813772649286
-6.307884856070087	3.411258459016018
-6.297872340425532	3.660635275796594
-6.287859824780976	3.8415745737358473
-6.277847309136421	4.266321129576288
-6.267834793491865	4.759140376989992
-6.257822277847309	5.132662703287824
-6.2478097622027535	5.581796160511321
-6.2377972465581975	5.90719091978689
-6.227784730913642	6.59952591890219
-6.217772215269086	7.033723766477986
-6.20775969962453	7.558527164410339
-6.197747183979975	8.156115157496677
-6.18773466833542	8.892007769282433
-6.177722152690864	9.688979110359634
-6.167709637046308	10.217084603925851
-6.157697121401752	11.032288332018732
-6.147684605757196	11.420141567534495
-6.137672090112641	12.226008098695193
-6.127659574468085	12.596511496717461
-6.117647058823529	13.610607175594229
-6.107634543178974	13.93678877096486
-6.097622027534418	14.155486421010488
-6.0876095118898625	14.623236487581893
-6.0775969962453065	15.12812625391781
-6.06758448060075	15.601378061520126
-6.057571964956195	16.048784282588805
-6.04755944931164	16.213197350529967
-6.037546933667084	16.35317946187723
-6.027534418022528	16.523335028529715
-6.017521902377973	16.64803574091371
-6.007509386733417	16.72404825256732
-5.997496871088861	16.798615549030004
-5.987484355444305	16.878615294681932
-5.977471839799749	16.941221468757032
-5.967459324155194	17.017629135430088
-5.957446808510639	17.033838488899935
-5.947434292866083	17.04937927815381
-5.937421777221527	17.159211029576422
-5.927409261576971	17.217148306769683
-5.9173967459324155	17.26517718604624
-5.90738423028786	17.298990778408683
-5.897371714643304	17.366004519222138
-5.887359198998748	17.431646824734457
-5.877346683354192	17.48497104924715
-5.867334167709637	17.57724567135085
-5.857321652065082	17.71598619753546
-5.847309136420526	17.869995365519383
-5.83729662077597	18.13794328021944
-5.827284105131414	18.415258490145593
-5.817271589486858	18.696477114636618
-5.807259073842303	18.979335383841942
-5.797246558197747	19.348313780930358
-5.787234042553191	19.815123239618025
-5.777221526908636	20.213333646396325
-5.767209011264081	20.59465792756993
-5.7571964956195245	21.002163975871383
-5.747183979974968	21.49134702968874
-5.737171464330412	22.12190111394161
-5.727158948685857	22.83040743405506
-5.717146433041302	23.482417120228444
-5.707133917396746	24.166136972784987
-5.69712140175219	24.87556055025606
-5.687108886107635	25.616184777364534
-5.677096370463079	26.267563438302247
-5.667083854818523	26.933288190717594
-5.657071339173967	27.695361422973292
-5.647058823529411	28.56208243371107
-5.637046307884856	29.446711453778466
-5.627033792240301	30.126978560274676
-5.617021276595745	30.71130677499637
-5.607008760951189	31.344461432054633
-5.596996245306633	31.936196475723442
-5.5869837296620775	32.479013329692314
-5.576971214017522	33.107964124586154
-5.566958698372966	33.69510124800216
-5.55694618272841	34.26649204676913
-5.546933667083855	34.804465624338434
-5.536921151439299	35.25631821710487
-5.526908635794744	35.60957781235547
-5.516896120150188	35.94523988859288
-5.5068836045056315	36.28715264578466
-5.496871088861076	36.60775446982455
-5.486858573216521	36.877849304338305
-5.476846057571965	37.187829859152984
-5.466833541927409	37.57636388027319
-5.456821026282853	37.86313936877336
-5.446808510638298	38.03164091409679
-5.4367959949937426	38.1849971589613
-5.4267834793491865	38.279815061413586
-5.41677096370463	38.36147438172485
-5.406758448060075	38.4280779549248
-5.396745932415519	38.49708075631949
-5.386733416770964	38.65167238477964
-5.376720901126408	38.826158684828776
-5.366708385481852	38.93809253409612
-5.356695869837297	39.00573694293072
-5.346683354192741	39.05599839316033
-5.336670838548185	39.12092956957319
-5.326658322903629	39.18260757835557
-5.316645807259073	39.22742276195984
-5.306633291614518	39.17177142372367
-5.296620775969963	38.985854013060774
-5.286608260325407	38.72473514558403
-5.276595744680851	38.48170539232089
-5.2665832290362955	38.31223103772801
-5.256570713391739	38.1846148897846
-5.246558197747184	37.985679475711216
-5.236545682102628	37.78112855565065
-5.226533166458072	37.616158324440455
-5.216520650813517	37.30871250675062
-5.206508135168962	36.9074769455559
-5.196495619524406	36.47841693846887
-5.18648310387985	35.946451055561546
-5.1764705882352935	35.36702101958857
-5.166458072590738	34.93596581305267
-5.156445556946183	34.53044059679655
-5.146433041301627	34.047324478981075
-5.136420525657071	33.42026486883158
-5.126408010012516	32.78392812751338
-5.11639549436796	32.14590635836377
-5.1063829787234045	31.429816770101286
-5.0963704630788484	30.688467032609868
-5.086357947434292	30.003178647549053
-5.076345431789737	29.391880914004446
-5.066332916145182	28.760907531168886
-5.056320400500626	27.99625495354227
-5.04630788485607	27.31683106670317
-5.036295369211514	26.7894932618589
-5.026282853566959	26.27876555700943
-5.016270337922403	25.606139119297442
-5.006257822277847	24.871912865380864
-4.996245306633291	24.284338250740372
-4.986232790988735	23.688067799821468
-4.97622027534418	23.206201743211846
-4.966207759699625	22.805357831079018
-4.956195244055069	22.422174483582527
-4.946182728410513	22.141148584253866
-4.9361702127659575	21.76221023019883
-4.926157697121402	21.480387392531902
-4.916145181476846	21.32136017367076
-4.90613266583229	21.242558840959326
-4.896120150187734	21.168023069152326
-4.886107634543179	21.108739411576973
-4.876095118898624	21.028740882472757
-4.866082603254068	20.91064530740012
-4.8560700876095115	20.827252658765293
-4.8460575719649555	20.782909215408754
-4.8360450563204	20.658243403085848
-4.826032540675845	20.632001784525844
-4.816020025031289	20.630216347243827
-4.806007509386733	20.627184971077675
-4.795994993742178	20.58870627348001
-4.785982478097623	20.56888052981285
-4.7759699624530665	20.56818030483229
-4.76595744680851	20.568217372848512
-4.755944931163954	20.56826249598273
-4.745932415519399	20.568298883822226
-4.735919899874844	20.568327973906648
-4.725907384230288	20.56835128325335
-4.715894868585732	20.568370018442913
-4.705882352941176	20.568385130199264
-4.6958698372966206	20.56839736671783
-4.685857321652065	20.568407316579
-4.675844806007509	20.56841544291022
-4.665832290362953	20.568422110429424
-4.655819774718398	20.568427606752604
-4.645807259073843	20.568432159120142
-4.635794743429287	20.568435947491025
-4.625782227784731	20.568439114774385
-4.615769712140175	20.568441774815085
-4.605757196495619	20.56844401862299
-4.595744680851064	20.56844591923208
-4.585732165206508	20.56844753549263
-4.575719649561952	20.56844891503301
-4.565707133917396	20.56845009657598
-4.555694618272841	20.56845111175292
-4.545682102628286	20.568451986527574
-4.53566958698373	20.568452742315877
-4.5256570713391735	20.568453396869
-4.515644555694618	20.568453964971688
-4.505632040050063	20.568454458996367
-4.495619524405507	20.568454889344224
-4.485607008760951	20.568455264797826
-4.475594493116395	20.56845559280403
-4.46558197747184	20.568455879702025
-4.4555694618272845	20.568456130907972
-4.4455569461827285	20.568456351065183
-4.435544430538172	20.56845654416692
-4.425531914893616	20.568456713657216
-4.415519399249061	20.5684568625142
-4.405506883604506	20.568456993319153
-4.39549436795995	20.568457108314107
-4.385481852315394	20.568457184651514
-4.375469336670839	20.516750794035325
-4.365456821026283	20.51674833384195
-4.355444305381727	20.51674833372605
-4.345431789737171	20.516748340048935
-4.335419274092615	20.553193350622482
-4.32540675844806	20.54092622947272
-4.315394242803505	20.541179640404124
-4.305381727158949	20.590646071968504
-4.295369211514393	20.530025195058542
-4.285356695869837	20.528165574755032
-4.275344180225281	20.51183686892148
-4.265331664580726	20.500844884823742
-4.25531914893617	20.470472179093846
-4.245306633291614	20.425956060730382
-4.235294117647059	20.430433821285384
-4.225281602002504	20.331813250997246
-4.215269086357948	20.157342782478356
-4.2052565707133915	20.219873319442648
-4.1952440550688355	20.337668639487184
-4.18523153942428	20.39184609860749
-4.175219023779725	20.373822608529366
-4.165206508135169	20.4370825861285
-4.155193992490613	20.509706683432277
-4.145181476846057	20.558995964264934
-4.135168961201502	20.60164572561321
-4.1251564455569465	20.678063405488224
-4.11514392991239	20.995133169086564
-4.105131414267834	21.30609029530049
-4.095118898623279	21.420331294228895
-4.085106382978723	21.617694691549012
-4.075093867334168	21.73763384162878
-4.065081351689612	22.03035664651144
-4.055068836045056	22.261321088541777
-4.045056320400501	22.439878191893843
-4.035043804755945	22.630544148503866
-4.025031289111389	22.878925867687002
-4.015018773466833	22.886512473672607
-4.005006257822277	22.909923829917304
-3.994993742177722	23.000031628170678
-3.9849812265331668	23.21091634044863
-3.9749687108886107	23.21124803266452
-3.9649561952440546	23.278350146724435
-3.9549436795994994	23.278350155760897
-3.9449311639549434	23.278350165017756
-3.934918648310388	23.27835017628084
-3.924906132665832	23.27835018998493
-3.914893617021277	23.27835020665905
-3.904881101376721	23.27835022694687
-3.8948685857321648	23.278350251631547
-3.8848560700876096	23.278350281665947
-3.8748435544430535	23.278350318209416
-3.8648310387984983	23.278350362672526
-3.8548185231539422	23.278350416771506
-3.844806007509387	23.27835048259442
-3.834793491864831	23.27835056268173
-3.824780976220275	23.278350660124286
-3.8147684605757197	23.278350778682455
-3.8047559449311636	23.278350922931136
-3.7947434292866085	23.278351098435973
-3.7847309136420524	23.278351311967786
-3.774718397997497	23.278351571763217
-3.764705882352941	23.278351887841634
-3.754693366708385	23.278352272390368
-3.74468085106383	23.27835274023284
-3.734668335419274	23.27835330939737
-3.7246558197747186	23.27835400180797
-3.7146433041301625	23.278354844123157
-3.7046307884856065	23.27835586875378
-3.6946182728410513	23.278357115097553
-3.684605757196495	23.278358631035257
-3.67459324155194	23.27836047474262
-3.664580725907384	23.278362716882075
-3.6545682102628287	23.278365443250742
-3.6445556946182727	23.278368757974487
-3.6345431789737166	23.27837278735335
-3.6245306633291614	23.278377684480255
-3.6145181476846053	23.278383634772403
-3.60450563204005	23.278390862572852
-3.594493116395494	23.278399638998376
-3.584480600750939	23.278410291246452
-3.574468085106383	23.278423213768694
-3.5644555694618267	23.278438883177415
-3.5544430538172715	23.278457890271994
-3.5444305381727155	23.278481097636966
-3.5344180225281603	23.278510890425554
-3.524405506883604	23.278563561966845
-3.514392991239049	23.27882015684672
-3.504380475594493	23.281823469605662
-3.494367959949937	23.315394918376832
-3.4843554443053817	23.392570764934614
-3.4743429286608256	23.429836302568024
-3.4643304130162704	23.440094833023288
-3.4543178973717144	23.442042787553486
-3.444305381727159	23.4441192515764
-3.434292866082603	23.45961289121366
-3.424280350438047	23.556966591688028
-3.414267834793492	23.634123654013006
-3.4042553191489358	23.747303251690813
-3.3942428035043806	23.977337921466095
-3.3842302878598245	24.32339790419885
-3.3742177722152693	24.644817087816453
-3.3642052565707132	24.92091593401038
-3.354192740926157	25.140110231145574
-3.344180225281602	25.519450878891462
-3.334167709637046	25.87594291770484
-3.3241551939924907	26.325699549982684
-3.3141426783479346	26.787267563058553
-3.3041301627033794	27.183728920369276
-3.2941176470588234	27.62853304535608
-3.2841051314142673	28.19221679656913
-3.274092615769712	28.617993903115952
-3.264080100125156	28.971243970390628
-3.254067584480601	29.404677394460343
-3.2440550688360448	29.947216004900806
-3.2340425531914896	30.45711478271721
-3.2240300375469335	30.873942723319626
-3.2140175219023774	31.560105913247227
-3.2040050062578223	32.243589442860575
-3.193992490613266	32.84097261583861
-3.183979974968711	33.44609342387028
-3.173967459324155	33.97983374460638
-3.1639549436795997	34.521749200351934
-3.1539424280350437	35.08963658732128
-3.1439299123904876	35.6082068577933
-3.1339173967459324	36.152238896372396
-3.1239048811013763	36.59106265240893
-3.113892365456821	36.813741336962465
-3.103879849812265	37.03891686443486
-3.09386733416771	37.336094376595
-3.083854818523154	37.5169756978215
-3.0738423028785977	37.77744664585428
-3.0638297872340425	38.1324157306715
-3.0538172715894865	38.44680272249271
-3.0438047559449313	38.74874276635222
-3.033792240300375	39.06239401039152
-3.02377972465582	39.427344355624996
-3.013767209011264	39.681516011819326
-3.003754693366708	39.89324906251669
-2.9937421777221527	40.11082429517982
-2.9837296620775966	40.31976810718928
-2.9737171464330414	40.525882355522505
-2.9637046307884853	40.7420529894221
-2.95369211514393	40.992996701502236
-2.943679599499374	41.14831613132423
-2.933667083854818	41.268781522256596
-2.923654568210263	41.344012039506175
-2.9136420525657067	41.400937896025575
-2.9036295369211516	41.43452327332456
-2.8936170212765955	41.48506374111189
-2.8836045056320403	41.543049363501034
-2.873591989987484	41.622270268063396
-2.863579474342928	41.71446612625625
-2.853566958698373	41.786733041540856
-2.843554443053817	41.868773676696016
-2.8335419274092617	41.94871462374648
-2.8235294117647056	41.97823606740432
-2.8135168961201504	41.990852100143584
-2.8035043804755944	42.02503186319155
-2.7934918648310383	42.09431903474978
-2.783479349186483	42.187924123843565
-2.773466833541927	42.31820732847482
-2.763454317897372	42.358557284562934
-2.7534418022528158	42.35701312721867
-2.7434292866082606	42.341614845635114
-2.7334167709637045	42.355257990053815
-2.7234042553191484	42.35660588175148
-2.7133917396745932	42.410499690403704
-2.703379224030037	42.50087688513653
-2.693366708385482	42.53423676023926
-2.683354192740926	42.56967693280092
-2.6733416770963707	42.61338236890013
-2.6633291614518146	42.66472315341673
-2.6533166458072586	42.709159214522856
-2.6433041301627034	42.68619681423181
-2.6332916145181473	42.674809899437584
-2.623279098873592	42.66561172580542
-2.613266583229036	42.643436153661234
-2.603254067584481	42.62237056107482
-2.593241551939925	42.637805382341725
-2.5832290362953687	42.614848216476666
-2.5732165206508135	42.620380003358854
-2.5632040050062574	42.64376841799805
-2.5531914893617023	42.6374815029006
-2.543178973717146	42.66179978349095
-2.533166458072591	42.71222928676749
-2.523153942428035	42.733765727884396
-2.513141426783479	42.68467405883336
-2.5031289111389237	42.67800226256417
-2.4931163954943676	42.71348278597233
-2.4831038798498124	42.702256924973504
-2.4730913642052563	42.719418077893955
-2.463078848560701	42.709533047141704
-2.453066332916145	42.664811853256126
-2.443053817271589	42.59222061447627
-2.433041301627034	42.57307788489955
-2.4230287859824777	42.622909505288256
-2.4130162703379225	42.61667486010683
-2.4030037546933665	42.59561877189046
-2.3929912390488113	42.60864090871275
-2.382978723404255	42.616621085293836
-2.372966207759699	42.57688953455731
-2.362953692115144	42.56730715956827
-2.352941176470588	42.59848726022932
-2.3429286608260327	42.59076951672735
-2.3329161451814766	42.613086264354465
-2.3229036295369214	42.632398507670466
-2.3128911138923653	42.61019730896492
-2.3028785982478093	42.62427518148249
-2.292866082603254	42.64299604526131
-2.282853566958698	42.59175675657012
-2.272841051314143	42.52393158076791
-2.2628285356695867	42.37316323015239
-2.2528160200250316	42.15113436378357
-2.2428035043804755	42.0512847158024
-2.2327909887359194	41.95262705928165
-2.2227784730913642	41.733446275134625
-2.212765957446808	41.54246854606329
-2.202753441802253	41.38750558376859
-2.192740926157697	41.18271779190586
-2.1827284105131417	40.97305647099086
-2.1727158948685856	40.73139515366235
-2.1627033792240296	40.53475300745549
-2.1526908635794744	40.31570586506353
-2.1426783479349183	40.06960987336803
-2.132665832290363	39.75798020491185
-2.122653316645807	39.300324795424864
-2.112640801001252	38.76921558156004
-2.1026282853566958	38.251138569483786
-2.0926157697121397	37.79201555084426
-2.0826032540675845	37.343326040853015
-2.0725907384230284	36.787771389331816
-2.0625782227784732	36.07490950174295
-2.052565707133917	35.63062377747902
-2.042553191489362	35.137438925559856
-2.032540675844806	34.66604523595271
-2.02252816020025	34.165127304391284
-2.0125156445556946	33.67471548686495
-2.0025031289111386	33.20212027225115
-1.9924906132665834	32.81140999154206
-1.9824780976220273	32.45927900348077
-1.9724655819774712	32.15324573175635
-1.962453066332916	31.988412262648538
-1.95244055068836	31.849093843151294
-1.9424280350438048	31.68182688304363
-1.9324155193992487	31.495124548808352
-1.9224030037546935	31.210635774040014
-1.9123904881101375	30.962877919828742
-1.9023779724655814	30.849884637364337
-1.8923654568210262	30.741859350541926
-1.8823529411764701	30.696874448449133
-1.872340425531915	30.557279503430337
-1.8623279098873589	30.483739044707328
-1.8523153942428037	30.388804372856164
-1.8423028785982476	30.357601309574374
-1.8322903629536915	30.348990920366962
-1.8222778473091363	30.338762017240455
-1.8122653316645803	30.167177514987504
-1.802252816020025	30.0515484680026
-1.792240300375469	29.789660086151194
-1.7822277847309138	29.659131068241443
-1.7722152690863577	29.466251241920087
-1.7622027534418017	29.484809772003235
-1.7521902377972465	29.393783607123602
-1.7421777221526904	29.351516479117905
-1.7321652065081352	29.171398006159905
-1.7221526908635791	29.018197668177454
-1.712140175219024	28.891792107264827
-1.7021276595744679	28.87724779582872
-1.6921151439299118	28.843341679827617
-1.6821026282853566	28.751064411677834
-1.6720901126408005	28.781511326350167
-1.6620775969962454	28.69606302683938
-1.6520650813516893	28.610163095691505
-1.642052565707134	28.486303749289153
-1.632040050062578	28.46747338237737
-1.622027534418022	28.55139289854911
-1.6120150187734668	28.488855044991986
-1.6020025031289107	28.587964032891126
-1.5919899874843555	28.721080093295956
-1.5819774718397994	28.82104059605448
-1.5719649561952442	28.903546750933643
-1.5619524405506882	28.927768593339565
-1.551939924906132	28.99703526496498
-1.541927409261577	29.121698355302993
-1.5319148936170208	29.15975811264996
-1.5219023779724656	29.197489594002775
-1.5118898623279096	29.303763734178037
-1.5018773466833544	29.457375126159945
-1.4918648310387983	29.67859752270232
-1.4818523153942422	30.021362627653684
-1.471839799749687	30.25157510042679
-1.461827284105131	30.442705551875328
-1.4518147684605758	30.724874433827523
-1.4418022528160197	31.1423301545796
-1.4317897371714645	31.520008539342772
-1.4217772215269084	31.796225727688697
-1.4117647058823524	32.125276047805336
-1.4017521902377972	32.6161274565594
-1.391739674593241	33.205546820557906
-1.381727158948686	33.723476005486255
-1.3717146433041298	34.25616498202706
-1.3617021276595747	34.742436847558785
-1.3516896120150186	35.25416260855749
-1.3416770963704625	35.882655221906326
-1.3316645807259073	36.284781986747326
-1.3216520650813512	36.54472531112666
-1.311639549436796	36.87932467904068
-1.30162703379224	37.32043309958884
-1.2916145181476848	37.613947451359735
-1.2816020025031287	37.874212295828926
-1.2715894868585726	38.15448866947365
-1.2615769712140175	38.44973670341424
-1.2515644555694614	38.688408867283364
-1.2415519399249062	38.92323385968812
-1.2315394242803501	39.181197040743136
-1.221526908635795	39.390437060940705
-1.2115143929912389	39.645545532336364
-1.2015018773466828	39.94671694244616
-1.1914893617021276	40.15648475305592
-1.1814768460575715	40.234740389854785
-1.1714643304130163	40.283820143047315
-1.1614518147684603	40.30504059929182
-1.151439299123905	40.333056998955385
-1.141426783479349	40.41533299116207
-1.131414267834793	40.526182482116006
-1.1214017521902377	40.51048630502159
-1.1113892365456817	40.48651613934718
-1.1013767209011265	40.547539958699204
-1.0913642052565704	40.59639474652226
-1.0813516896120152	40.60672618852058
-1.0713391739674591	40.59400315817021
-1.061326658322903	40.595359107925084
-1.0513141426783479	40.53300214097901
-1.0413016270337918	40.472087397993924
-1.0312891113892366	40.442895578075216
-1.0212765957446805	40.43484563010553
-1.0112640801001254	40.46904207604706
-1.0012515644555693	40.49843653042046
-0.9912390488110132	40.45342140266346
-0.981226533166458	40.372805178006395
-0.971214017521902	40.415596742154754
-0.9612015018773468	40.494937495534856
-0.9511889862327907	40.56176024585185
-0.9411764705882355	40.61640321096467
-0.9311639549436794	40.69843108990065
-0.9211514392991234	40.75671264781348
-0.9111389236545682	40.72981225755161
-0.9011264080100121	40.70110484090571
-0.8911138923654569	40.68200790473041
-0.8811013767209008	40.616830191082045
-0.8710888610763456	40.54654424973819
-0.8610763454317896	40.44164990378907
-0.8510638297872335	40.3478489455982
-0.8410513141426783	40.266822241550756
-0.8310387984981222	40.165515374149635
-0.821026282853567	40.08032004500532
-0.811013767209011	40.030278180035225
-0.8010012515644558	40.039229352897685
-0.7909887359198997	40.06096603749709
-0.7809762202753436	40.001842011852105
-0.7709637046307884	39.98376598548499
-0.7609511889862324	39.995734954325975
-0.7509386733416772	39.98418799704649
-0.7409261576971211	40.03558004243192
-0.7309136420525659	40.041714243953166
-0.7209011264080099	40.014392586445965
-0.7108886107634538	39.976316755910794
-0.7008760951188986	39.86739999530383
-0.6908635794743425	39.795652880831135
-0.6808510638297873	39.73711471416414
-0.6708385481852313	39.64179928912808
-0.6608260325406761	39.575297543275255
-0.65081351689612	39.580122979722326
-0.6408010012515639	39.55821178827399
-0.6307884856070087	39.461669887676855
-0.6207759699624527	39.339278801470456
-0.6107634543178975	39.37319067806905
-0.6007509386733414	39.39378860582861
-0.5907384230287862	39.33871360350615
-0.5807259073842301	39.284228886203046
-0.5707133917396741	39.20024971686553
-0.5607008760951189	39.04926274777431
-0.5506883604505628	38.9123613458071
-0.5406758448060076	38.84726424666416
-0.5306633291614515	38.78176087143542
-0.5206508135168963	38.65774442095069
-0.5106382978723403	38.50567995038253
-0.5006257822277842	38.369948883238244
-0.490613266583229	38.18788666595113
-0.48060075093867294	37.99036213867042
-0.47058823529411775	37.85067932845713
-0.4605757196495617	37.71930334794954
-0.4505632040050065	37.6075883482522
-0.4405506883604504	37.52827026564463
-0.43053817271589434	37.29719179689616
-0.42052565707133915	36.99500175613343
-0.4105131414267831	36.67239141906273
-0.4005006257822279	36.332770318870494
-0.3904881101376718	36.05911466533651
-0.38047559449311663	35.899911265602285
-0.37046307884856056	35.75827620369665
-0.3604505632040045	35.54585259733293
-0.3504380475594493	35.23367888495646
-0.3404255319148932	34.887299996863966
-0.33041301627033803	34.595550405432704
-0.32040050062578196	34.455215314392085
-0.3103879849812259	34.323061753686176
-0.3003754693366707	34.16404861615747
-0.2903629536921146	33.898561266630146
-0.28035043804755944	33.65072920258313
-0.27033792240300336	33.45232730352297
-0.2603254067584482	33.299533825980326
-0.2503128911138921	33.265372264963915
-0.24030037546933602	33.217016724708394
-0.23028785982478084	33.08177851098942
-0.22027534418022476	32.916827993416604
-0.21026282853566958	32.76919076760728
-0.2002503128911135	32.62913725306534
-0.19023779724655832	32.49879841482928
-0.18022528160200224	32.30045634721817
-0.17021276595744617	32.07750903957454
-0.16020025031289098	31.797632541421017
-0.1501877346683349	31.5088858972799
-0.14017521902377972	31.26666965774932
-0.13016270337922364	31.005728913992215
-0.12015018773466846	30.760973746356257
-0.11013767209011238	30.5405288229633
-0.10012515644555631	30.344686511847488
-0.09011264080100112	30.190044479625932
-0.08010012515644505	29.960115179648824
-0.07008760951188986	29.75899704426401
-0.060075093867333784	29.555944361427876
-0.0500625782227786	29.325510580363048
-0.04005006257822252	28.954172321102778
-0.030037546933666448	28.656477543454905
-0.02002503128911126	28.343845480239455
-0.010012515644555187	28.003164777339315
0.0	27.66019271636454
