-8.0	5.771776119161251
-7.989987484355444	5.850991663387652
-7.979974968710889	5.959611470412223
-7.969962453066333	6.164605267746958
-7.9599499374217775	6.372638039955386
-7.949937421777221	6.538234533155398
-7.939924906132666	6.748135302963933
-7.92991239048811	6.990783832351674
-7.919899874843554	7.335303213588598
-7.909887359198999	7.742328166781748
-7.899874843554443	8.226526466792137
-7.889862327909888	8.846029775781876
-7.8798498122653315	9.517743604681561
-7.869837296620776	10.212224477365286
-7.85982478097622	10.98160432418262
-7.849812265331664	11.773753441171603
-7.839799749687109	12.591210443002279
-7.829787234042553	13.57598433009151
-7.819774718397998	14.774731867959467
-7.809762202753442	16.09711545399248
-7.7997496871088865	17.48067324357368
-7.78973717146433	18.886141577263295
-7.779724655819774	20.34489311441962
-7.769712140175219	21.847356630275744
-7.759699624530663	23.31347598663874
-7.749687108886108	24.612980910053157
-7.739674593241552	25.65233365007678
-7.729662077596997	26.418070247958795
-7.719649561952441	27.020792570898998
-7.7096370463078845	27.620507359151087
-7.699624530663329	28.282585579374764
-7.689612015018773	28.957273431016002
-7.679599499374218	29.562535007482076
-7.669586983729662	30.03503732159212
-7.659574468085107	30.360042821468554
-7.649561952440551	30.56051312780822
-7.639549436795995	30.652160501384248
-7.629536921151439	30.64429064157285
-7.619524405506883	30.57816352368869
-7.609511889862328	30.500573909839833
-7.599499374217772	30.412847765365804
-7.589486858573217	30.288812173099657
-7.579474342928661	30.117840205068806
-7.569461827284105	29.92674112794454
-7.55944931163955	29.764300161999294
-7.5494367959949935	29.661969825742442
-7.539424280350438	29.615402730933408
-7.529411764705882	29.60568385616915
-7.519399249061326	29.626736324552482
-7.509386733416771	29.65614362274394
-7.499374217772215	29.625227503880744
-7.48936170212766	29.488177675878067
-7.479349186483104	29.26471328387405
-7.4693366708385485	28.98282228918106
-7.459324155193992	28.640126731904818
-7.449311639549437	28.226251405994685
-7.439299123904881	27.748222941126624
-7.429286608260325	27.22506983881817
-7.41927409261577	26.65388797704894
-7.409261576971214	25.991964269649845
-7.399249061326659	25.178760161860083
-7.3892365456821025	24.210974801286895
-7.3792240300375465	23.152040187896382
-7.369211514392991	22.05836752276347
-7.359198998748435	20.933545829675193
-7.34918648310388	19.880707374503945
-7.339173967459324	19.04526257589532
-7.329161451814769	18.478133607166043
-7.319148936170213	18.12436190176806
-7.3091364205256575	17.875789036057736
-7.299123904881101	17.72182964553587
-7.289111389236545	17.740477256736025
-7.27909887359199	17.977439909820678
-7.269086357947434	18.33511566240667
-7.259073842302879	18.72648812747904
-7.249061326658323	19.161573179162545
-7.239048811013767	19.578038450918566
-7.2290362953692116	19.93760925392647
-7.2190237797246555	20.30153709267917
-7.2090112640801	20.70558541007281
-7.198998748435544	21.04394063358603
-7.188986232790989	21.229881321407657
-7.178973717146433	21.260061319455964
-7.168961201501878	21.117562863248867
-7.158948685857322	20.89763588385386
-7.148936170212766	20.762286675629397
-7.13892365456821	20.796811931210136
-7.128911138923654	21.042917106139026
-7.118898623279099	21.607749656848604
-7.108886107634543	22.548945114185845
-7.098873591989987	23.759608675065547
-7.088861076345432	25.24984375401553
-7.078848560700876	27.04382420087254
-7.068836045056321	29.103563317776153
-7.0588235294117645	31.46734595595567
-7.048811013767209	33.93160858286248
-7.038798498122653	36.39751239924134
-7.028785982478098	38.9358491874794
-7.018773466833542	41.31357600453239
-7.008760951188986	43.49829389946627
-6.998748435544431	45.59266550070552
-6.988735919899875	47.69987472250809
-6.9787234042553195	49.78374549748296
-6.968710888610763	51.69862316398916
-6.958698372966207	53.59025934217852
-6.948685857321652	55.426915351530084
-6.938673341677096	57.18355235963026
-6.928660826032541	58.84223470020352
-6.918648310387985	60.310726873884185
-6.908635794743429	61.62356661514194
-6.8986232790988735	62.95442502861467
-6.888610763454318	64.2067709448598
-6.878598247809762	65.16833170160527
-6.868585732165206	65.91628670930046
-6.858573216520651	66.53572250055727
-6.848560700876095	67.03147197785545
-6.83854818523154	67.47890813966971
-6.828535669586984	68.0138431331483
-6.818523153942428	68.48615695529726
-6.808510638297872	68.77229819542997
-6.798498122653316	68.89037556518521
-6.788485607008761	68.98137732399742
-6.778473091364205	69.13740202786205
-6.768460575719649	69.32166368719878
-6.758448060075094	69.45552285125105
-6.748435544430539	69.51334818699506
-6.7384230287859825	69.52739370217341
-6.7284105131414265	69.56735575998208
-6.718397997496871	69.5937065468969
-6.708385481852315	69.5433686923587
-6.69837296620776	69.49087681776797
-6.688360450563204	69.43619722203253
-6.678347934918648	69.33683445364144
-6.668335419274093	69.17110544403988
-6.658322903629537	68.87216956907338
-6.648310387984981	68.40467835192818
-6.638297872340425	67.91614774973225
-6.628285356695869	67.51131858055987
-6.618272841051314	67.1544873795659
-6.608260325406759	66.79298609533807
-6.598247809762203	66.42768646293938
-6.588235294117647	66.02910273438961
-6.578222778473092	65.73286686178038
-6.5682102628285355	65.54349249725965
-6.55819774718398	65.3897697544492
-6.548185231539424	65.18136814493312
-6.538172715894868	64.99787665497648
-6.528160200250313	64.81601917050342
-6.518147684605757	64.677771203628
-6.508135168961202	64.64435815641478
-6.498122653316646	64.5836099425164
-6.4881101376720896	64.41253109674152
-6.478097622027534	64.152662830102
-6.468085106382979	63.904992593803954
-6.458072590738423	63.7352219354687
-6.448060075093867	63.64989536155881
-6.438047559449312	63.447512252154986
-6.428035043804756	62.959439869179455
-6.418022528160201	62.252448383406666
-6.4080100125156445	61.32139531326553
-6.397997496871088	60.24321984362521
-6.387984981226533	59.10507622924137
-6.377972465581977	57.87825576047842
-6.367959949937422	56.47654423895067
-6.357947434292866	54.86806987816925
-6.34793491864831	53.047370331999396
-6.337922403003755	51.03058375441633
-6.3279098873591995	48.88114835229983
-6.317897371714643	46.62729993976889
-6.307884856070087	44.27003234255596
-6.297872340425532	41.801281369160726
-6.287859824780976	39.29605548039967
-6.277847309136421	36.911757620598884
-6.267834793491865	34.66918497400374
-6.257822277847309	32.542901555866074
-6.2478097622027535	30.59609640288847
-6.2377972465581975	28.834550124581657
-6.227784730913642	27.1595546999925
-6.217772215269086	25.45621791344987
-6.20775969962453	23.73874852078847
-6.197747183979975	22.043412260528452
-6.18773466833542	20.437779362706376
-6.177722152690864	18.939964164155047
-6.167709637046308	17.534232456908455
-6.157697121401752	16.188178271513458
-6.147684605757196	14.982653561968585
-6.137672090112641	14.052407597051145
-6.127659574468085	13.392942611705525
-6.117647058823529	13.019688779016825
-6.107634543178974	12.857248307489805
-6.097622027534418	12.812702281350015
-6.0876095118898625	12.841855138991859
-6.0775969962453065	12.925168388913095
-6.06758448060075	13.012999537032606
-6.057571964956195	13.057490962500802
-6.04755944931164	13.069024180139596
-6.037546933667084	13.048194506467384
-6.027534418022528	12.975072318672265
-6.017521902377973	12.853230062681423
-6.007509386733417	12.711166296589786
-5.997496871088861	12.60083191634129
-5.987484355444305	12.581988198252876
-5.977471839799749	12.702357594583635
-5.967459324155194	13.044150951475839
-5.957446808510639	13.659276357556418
-5.947434292866083	14.45567097475817
-5.937421777221527	15.399474070198275
-5.927409261576971	16.50517746397331
-5.9173967459324155	17.69436946316406
-5.90738423028786	18.868283327187466
-5.897371714643304	20.20895588573154
-5.887359198998748	21.688827612566627
-5.877346683354192	23.28471738352957
-5.867334167709637	25.056705333608697
-5.857321652065082	26.912661304187743
-5.847309136420526	28.713765434745717
-5.83729662077597	30.370845191829893
-5.827284105131414	31.796940479033697
-5.817271589486858	32.95837918706434
-5.807259073842303	33.83201769713645
-5.797246558197747	34.46664756395433
-5.787234042553191	34.91791152486906
-5.777221526908636	35.27432696703039
-5.767209011264081	35.60543834667213
-5.7571964956195245	35.86597001286485
-5.747183979974968	35.96208907964323
-5.737171464330412	35.784576413474596
-5.727158948685857	35.27772729988125
-5.717146433041302	34.38698254210693
-5.707133917396746	33.22504698593505
-5.69712140175219	31.91804677543153
-5.687108886107635	30.49970790269229
-5.677096370463079	29.043866157373184
-5.667083854818523	27.640315237752766
-5.657071339173967	26.392607528089798
-5.647058823529411	25.230476332372984
-5.637046307884856	24.105925474784826
-5.627033792240301	23.084990090019424
-5.617021276595745	22.233559960128837
-5.607008760951189	21.485540037415152
-5.596996245306633	20.81282240602548
-5.5869837296620775	20.339936443392283
-5.576971214017522	20.07008817136918
-5.566958698372966	19.916367456623107
-5.55694618272841	19.798550258993174
-5.546933667083855	19.709007576311034
-5.536921151439299	19.651836626488134
-5.526908635794744	19.6177171289245
-5.516896120150188	19.597320755409545
-5.5068836045056315	19.58374138287696
-5.496871088861076	19.57357938497277
-5.486858573216521	19.565369590715868
-5.476846057571965	19.55845261969408
-5.466833541927409	19.55248885800158
-5.456821026282853	19.54727392703684
-5.446808510638298	19.54266869866034
-5.4367959949937426	19.538570825172545
-5.4267834793491865	19.53490160465517
-5.41677096370463	19.531598914917677
-5.406758448060075	19.528612850756467
-5.396745932415519	19.52590276168344
-5.386733416770964	19.52343512710272
-5.376720901126408	19.521181986994474
-5.366708385481852	19.519119764300264
-5.356695869837297	19.51722837246578
-5.346683354192741	19.515490533940515
-5.336670838548185	19.513891256083692
-5.326658322903629	19.512417425156414
-5.316645807259073	19.51105748929084
-5.306633291614518	19.509801208794006
-5.296620775969963	19.508639457649302
-5.286608260325407	19.5075640641548
-5.276595744680851	19.506567681659867
-5.2665832290362955	19.505643682606365
-5.256570713391739	19.504786070749855
-5.246558197747184	19.5039894076802
-5.236545682102628	19.503248750688627
-5.226533166458072	19.50255959972348
-5.216520650813517	19.50191785169741
-5.206508135168962	19.501319760801568
-5.196495619524406	19.5007619037783
-5.18648310387985	19.500241149328872
-5.1764705882352935	19.499754631003576
-5.166458072590738	19.499299723053056
-5.156445556946183	19.49887401882043
-5.146433041301627	19.498475311331568
-5.136420525657071	19.49810157580209
-5.126408010012516	19.497750953827556
-5.11639549436796	19.497421739060268
-5.1063829787234045	19.49711236420728
-5.0963704630788484	19.496821389207348
-5.086357947434292	19.496547490465236
-5.076345431789737	19.49628945103678
-5.066332916145182	19.496046151672335
-5.056320400500626	19.49581656263662
-5.04630788485607	19.495599736232798
-5.036295369211514	19.495394799966302
-5.026282853566959	19.495200950290716
-5.016270337922403	19.49501744688414
-5.006257822277847	19.49484360740926
-4.996245306633291	19.494678802715168
-4.986232790988735	19.494522452442574
-4.97622027534418	19.494374020998176
-4.966207759699625	19.494233013866165
-4.956195244055069	19.494098974228727
-4.946182728410513	19.493971479869113
-4.9361702127659575	19.493850140333464
-4.926157697121402	19.493734594329673
-4.916145181476846	19.49362450734339
-4.90613266583229	19.493519569452854
-4.896120150187734	19.493419493325952
-4.886107634543179	19.493324012384303
-4.876095118898624	19.493232879120335
-4.866082603254068	19.49314586355453
-4.8560700876095115	19.493062751821324
-4.8460575719649555	19.492983344872567
-4.8360450563204	19.49290745728912
-4.826032540675845	19.49283491619122
-4.816020025031289	19.492765560239626
-4.806007509386733	19.492699238719794
-4.795994993742178	19.492635810702172
-4.785982478097623	19.492575144272358
-4.7759699624530665	19.492517115825176
-4.76595744680851	19.4924617631351
-4.755944931163954	19.394061250718522
-4.745932415519399	19.074769918499097
-4.735919899874844	18.62179061853844
-4.725907384230288	18.202737055004995
-4.715894868585732	17.342521966034266
-4.705882352941176	15.940643903218158
-4.6958698372966206	14.083313411042875
-4.685857321652065	12.845303517274697
-4.675844806007509	11.709692684745885
-4.665832290362953	9.472537654180575
-4.655819774718398	7.933090910423935
-4.645807259073843	5.9688310146482975
-4.635794743429287	4.653730214854504
-4.625782227784731	3.606305381330162
-4.615769712140175	2.87332298535288
-4.605757196495619	2.3670139589558623
-4.595744680851064	1.51854638046256
-4.585732165206508	1.018678859554651
-4.575719649561952	0.7298623231383616
-4.565707133917396	0.42021144023424123
-4.555694618272841	0.368609149028692
-4.545682102628286	0.10631079830456969
-4.53566958698373	0.10631542510653028
-4.5256570713391735	0.0
-4.515644555694618	0.0
-4.505632040050063	0.0
-4.495619524405507	0.04755118877971949
-4.485607008760951	0.047517479327898064
-4.475594493116395	0.04751747933142939
-4.46558197747184	0.04751747933142939
-4.4555694618272845	0.04751747933142939
-4.4455569461827285	0.04751747933142939
-4.435544430538172	0.04751747933142939
-4.425531914893616	0.04751747933142939
-4.415519399249061	0.04751747933142939
-4.405506883604506	0.10153757983394196
-4.39549436795995	0.3107622012968392
-4.385481852315394	0.675640980127368
-4.375469336670839	1.1291445145598835
-4.365456821026283	1.6505223642576925
-4.355444305381727	2.5935649982308577
-4.345431789737171	3.086594988983012
-4.335419274092615	4.4615088753469605
-4.32540675844806	6.13022550297587
-4.315394242803505	7.5477428182108515
-4.305381727158949	9.380626070528717
-4.295369211514393	11.265497236352182
-4.285356695869837	12.983567285543502
-4.275344180225281	14.061224505711147
-4.265331664580726	16.926342235112223
-4.25531914893617	18.54602017647661
-4.245306633291614	19.329911442960405
-4.235294117647059	20.115504321030333
-4.225281602002504	20.753537461089326
-4.215269086357948	20.860077194504928
-4.2052565707133915	21.37940203984198
-4.1952440550688355	21.771841308972196
-4.18523153942428	22.209621295179566
-4.175219023779725	22.653403896573455
-4.165206508135169	22.653444042410314
-4.155193992490613	22.946289107290838
-4.145181476846057	22.94636373737695
-4.135168961201502	22.946440862380932
-4.1251564455569465	22.946520610168953
-4.11514392991239	22.94660311274113
-4.105131414267834	22.9466885102865
-4.095118898623279	22.946776951756394
-4.085106382978723	22.946868595481913
-4.075093867334168	22.946963609838107
-4.065081351689612	22.947062173959164
-4.055068836045056	22.947164478508334
-4.045056320400501	22.947270726507124
-4.035043804755945	22.947381134228294
-4.025031289111389	22.94749593215769
-4.015018773466833	22.94761536603052
-4.005006257822277	22.94773969794745
-3.994993742177722	22.947869207577032
-3.9849812265331668	22.9480041934509
-3.9749687108886107	22.94814497435866
-3.9649561952440546	22.948291890849955
-3.9549436795994994	22.948445306851504
-3.9449311639549434	22.94860561140721
-3.934918648310388	22.94877322054986
-3.924906132665832	22.948948579313488
-3.914893617021277	22.949132163894813
-3.904881101376721	22.949324483973722
-3.8948685857321648	22.949526085200986
-3.8848560700876096	22.949737551862935
-3.8748435544430535	22.949959509730498
-3.8648310387984983	22.950192629101203
-3.8548185231539422	22.95043762803952
-3.844806007509387	22.9506952758209
-3.834793491864831	22.950966396581403
-3.824780976220275	22.951251873172495
-3.8147684605757197	22.951552651216147
-3.8047559449311636	22.951869743350876
-3.7947434292866085	22.95220423365293
-3.7847309136420524	22.95255728221006
-3.774718397997497	22.952930129816277
-3.764705882352941	22.95332410274721
-3.754693366708385	22.953740617565707
-3.74468085106383	22.954181185897554
-3.734668335419274	22.954647419111485
-3.7246558197747186	22.955141032835854
-3.7146433041301625	22.955663851254876
-3.7046307884856065	22.95621781115858
-3.6946182728410513	22.956804965785125
-3.684605757196495	22.957427488617835
-3.67459324155194	22.958087677516286
-3.664580725907384	22.958787959928724
-3.6545682102628287	22.959530900540607
-3.6445556946182727	22.960319213701062
-3.6345431789737166	22.96115578454908
-3.6245306633291614	22.962043705273306
-3.6145181476846053	22.96298633690461
-3.60450563204005	22.963987413278485
-3.594493116395494	22.965051213592165
-3.584480600750939	22.96618284532751
-3.574468085106383	22.96738870338243
-3.5644555694618267	22.96867720907275
-3.5544430538172715	22.97005999224686
-3.5444305381727155	22.971553773964057
-3.5344180225281603	22.973183356803805
-3.524405506883604	22.97498636860885
-3.514392991239049	22.977020788152817
-3.504380475594493	22.979376897211637
-3.494367959949937	22.982196299670758
-3.4843554443053817	22.985702274924396
-3.4743429286608256	22.990248462390703
-3.4643304130162704	22.99639777161851
-3.4543178973717144	23.005053281603324
-3.444305381727159	23.017685038418453
-3.434292866082603	23.036745455406844
-3.424280350438047	23.066457572629748
-3.414267834793492	23.114418781267833
-3.4042553191489358	23.195652082583667
-3.3942428035043806	23.34362014703758
-3.3842302878598245	23.58156181301984
-3.3742177722152693	23.88289878227822
-3.3642052565707132	24.291866353772775
-3.354192740926157	24.807180658731472
-3.344180225281602	25.358414507816487
-3.334167709637046	25.926802265755963
-3.3241551939924907	26.594000172458394
-3.3141426783479346	27.489102294786342
-3.3041301627033794	28.57213478493082
-3.2941176470588234	29.56657256336922
-3.2841051314142673	30.644536437300378
-3.274092615769712	31.8574537423027
-3.264080100125156	33.246365264693154
-3.254067584480601	34.718670751788466
-3.2440550688360448	36.169449671015926
-3.2340425531914896	37.425014645540124
-3.2240300375469335	38.53209149677859
-3.2140175219023774	39.51103677509945
-3.2040050062578223	40.34048358760768
-3.193992490613266	41.13766677596647
-3.183979974968711	41.93102436427043
-3.173967459324155	42.5687219664138
-3.1639549436795997	43.06970292348282
-3.1539424280350437	43.46163279223956
-3.1439299123904876	43.71982424521061
-3.1339173967459324	43.83232677504138
-3.1239048811013763	43.76622111856906
-3.113892365456821	43.5801544558586
-3.103879849812265	43.40646629999621
-3.09386733416771	43.29150415599409
-3.083854818523154	43.15035067088249
-3.0738423028785977	42.91117369387515
-3.0638297872340425	42.50556166214504
-3.0538172715894865	41.79923177752059
-3.0438047559449313	40.850246893656085
-3.033792240300375	39.83781121416161
-3.02377972465582	38.76767987344741
-3.013767209011264	37.595630225069876
-3.003754693366708	36.33222556469141
-2.9937421777221527	35.09648837478554
-2.9837296620775966	33.84738454730518
-2.9737171464330414	32.475713160610184
-2.9637046307884853	31.164523318516576
-2.95369211514393	30.15668222332603
-2.943679599499374	29.357126837193547
-2.933667083854818	28.66768545934323
-2.923654568210263	28.02997228967134
-2.9136420525657067	27.435912185982474
-2.9036295369211516	27.02420322441768
-2.8936170212765955	26.81983874060841
-2.8836045056320403	26.705669681045702
-2.873591989987484	26.62107933646023
-2.863579474342928	26.5126025468296
-2.853566958698373	26.408278904519012
-2.843554443053817	26.11603739485505
-2.8335419274092617	25.752442996899905
-2.8235294117647056	25.028226337042405
-2.8135168961201504	23.969664775742974
-2.8035043804755944	22.962461597866984
-2.7934918648310383	22.00318743260023
-2.783479349186483	21.3386433687035
-2.773466833541927	20.498442227915202
-2.763454317897372	20.16087836139214
-2.7534418022528158	20.34405641692154
-2.7434292866082606	20.602977345332235
-2.7334167709637045	20.77584836318582
-2.7234042553191484	21.071029926462078
-2.7133917396745932	21.437847523502878
-2.703379224030037	21.721080900810627
-2.693366708385482	21.821453706068446
-2.683354192740926	21.91474478994557
-2.6733416770963707	22.010699860221024
-2.6633291614518146	22.135670742008855
-2.6533166458072586	22.304894285773425
-2.6433041301627034	22.497091318306417
-2.6332916145181473	22.807774602993447
-2.623279098873592	23.27885622897533
-2.613266583229036	23.869772083754118
-2.603254067584481	24.55280237787237
-2.593241551939925	25.398043926194234
-2.5832290362953687	26.32713765969829
-2.5732165206508135	27.245987599836223
-2.5632040050062574	28.225505349278237
-2.5531914893617023	29.20231827166463
-2.543178973717146	30.149223652295063
-2.533166458072591	31.02192349424592
-2.523153942428035	31.682900859852513
-2.513141426783479	32.09325219522548
-2.5031289111389237	32.247351597076076
-2.4931163954943676	32.12531226134966
-2.4831038798498124	31.687435129380308
-2.4730913642052563	30.969432413577966
-2.463078848560701	30.0424970757989
-2.453066332916145	28.996811707997683
-2.443053817271589	27.973747935450792
-2.433041301627034	26.960991059113237
-2.4230287859824777	25.92119750325426
-2.4130162703379225	24.876194422331555
-2.4030037546933665	23.818839334603666
-2.3929912390488113	22.73842230465764
-2.382978723404255	21.663427356637424
-2.372966207759699	20.655989920223075
-2.362953692115144	19.734100607823322
-2.352941176470588	18.87606942824504
-2.3429286608260327	18.100453081409988
-2.3329161451814766	17.38244527170615
-2.3229036295369214	16.70812476390235
-2.3128911138923653	16.134119905713245
-2.3028785982478093	15.70195130607843
-2.292866082603254	15.338829981895234
-2.282853566958698	14.984241327063485
-2.272841051314143	14.686630600405184
-2.2628285356695867	14.478187513193578
-2.2528160200250316	14.281207110537135
-2.2428035043804755	14.164312315826926
-2.2327909887359194	14.10913580741232
-2.2227784730913642	14.074089638498117
-2.212765957446808	14.041577715612043
-2.202753441802253	13.991349190456672
-2.192740926157697	13.958215142938537
-2.1827284105131417	13.945024914833642
-2.1727158948685856	13.936509917748634
-2.1627033792240296	13.929402464401225
-2.1526908635794744	13.92312359806019
-2.1426783479349183	13.917482463431625
-2.132665832290363	13.912366926012933
-2.122653316645807	13.907695645050232
-2.112640801001252	13.903405586773406
-2.1026282853566958	13.899446350989136
-2.0926157697121397	13.895776802302207
-2.0826032540675845	13.892362854729095
-2.0725907384230284	13.889175933186493
-2.0625782227784732	13.886191861157993
-2.052565707133917	13.883390029477548
-2.042553191489362	13.88075275796842
-2.032540675844806	13.878264794152729
-2.02252816020025	13.875912912541384
-2.0125156445556946	13.873685589834121
-2.0025031289111386	13.871572738810219
-1.9924906132665834	13.869565488516328
-1.9824780976220273	13.86765600157407
-1.9724655819774712	13.865837321633524
-1.962453066332916	13.864103245552906
-1.95244055068836	13.86244821601202
-1.9424280350438048	13.860867231106637
-1.9324155193992487	13.859355768112255
-1.9224030037546935	13.85790971910583
-1.9123904881101375	13.856525336531265
-1.9023779724655814	13.855199187115495
-1.8923654568210262	13.853928112803585
-1.8823529411764701	13.852709197597123
-1.872340425531915	13.85153973935925
-1.8623279098873589	13.85041722579941
-1.8523153942428037	13.849339313975848
-1.8423028785982476	13.848303812759147
-1.8322903629536915	13.84730866778842
-1.8222778473091363	13.84635194852663
-1.8122653316645803	13.845431837083668
-1.802252816020025	13.844546618529167
-1.792240300375469	13.843694672461657
-1.7822277847309138	13.842874465637514
-1.7722152690863577	13.842084545495595
-1.7622027534418017	13.84132353443343
-1.7521902377972465	13.833815039458727
-1.7421777221526904	13.80948792074708
-1.7321652065081352	13.849870824238158
-1.7221526908635791	13.86409924748246
-1.712140175219024	13.901120353954573
-1.7021276595744679	13.899588275164367
-1.6921151439299118	13.809156080812235
-1.6821026282853566	13.664393043579153
-1.6720901126408005	13.696297544697234
-1.6620775969962454	13.608019385897213
-1.6520650813516893	13.451650970236386
-1.642052565707134	13.826925580666666
-1.632040050062578	14.167026828225502
-1.622027534418022	14.313212684034816
-1.6120150187734668	14.735323676783443
-1.6020025031289107	15.085517037625312
-1.5919899874843555	15.689111339055607
-1.5819774718397994	16.22467069642732
-1.5719649561952442	16.84073717275184
-1.5619524405506882	17.3974274575108
-1.551939924906132	17.91733319754299
-1.541927409261577	18.47659315702787
-1.5319148936170208	18.531006053074464
-1.5219023779724656	18.656617856673908
-1.5118898623279096	18.750784480735092
-1.5018773466833544	18.83936165530802
-1.4918648310387983	18.949907339466886
-1.4818523153942422	18.96061810607009
-1.471839799749687	18.960762453409917
-1.461827284105131	19.203504507369498
-1.4518147684605758	19.20372783779971
-1.4418022528160197	19.203945669600706
-1.4317897371714645	19.20417531008014
-1.4217772215269084	19.20441745195471
-1.4117647058823524	19.204672836855018
-1.4017521902377972	19.204942260081662
-1.391739674593241	19.20522657604537
-1.381727158948686	19.205526704526935
-1.3717146433041298	19.205843637925785
-1.3617021276595747	19.206178449708332
-1.3516896120150186	19.206532304322113
-1.3416770963704625	19.206906468911548
-1.3316645807259073	19.207302327262116
-1.3216520650813512	19.20772139651761
-1.311639549436796	19.20816534736866
-1.30162703379224	19.20863602861081
-1.2916145181476848	19.209135497233973
-1.2816020025031287	19.209666055550557
-1.2715894868585726	19.210230297328334
-1.2615769712140175	19.210831165505898
-1.2515644555694614	19.211472024894746
-1.2415519399249062	19.212156754407353
-1.2315394242803501	19.21288986495528
-1.221526908635795	19.213676651516167
-1.2115143929912389	19.214523391513588
-1.2015018773466828	19.215437607665436
-1.1914893617021276	19.216428424074106
-1.1814768460575715	19.21750706432597
-1.1714643304130163	19.21868758006011
-1.1614518147684603	19.219987980362117
-1.151439299123905	19.221432105556044
-1.141426783479349	19.223052959964193
-1.131414267834793	19.22489901254382
-1.1214017521902377	19.227046642036207
-1.1113892365456817	19.229625193871957
-1.1013767209011265	19.232866450411215
-1.0913642052565704	19.237192577931687
-1.0813516896120152	19.24332212997234
-1.0713391739674591	19.25230157302511
-1.061326658322903	19.265395171515287
-1.0513141426783479	19.283967252737945
-1.0413016270337918	19.3151065428522
-1.0312891113892366	19.33658407999026
-1.0212765957446805	19.35823689610559
-1.0112640801001254	19.39246634319874
-1.0012515644555693	19.445721136202998
-0.9912390488110132	19.49651469726209
-0.981226533166458	19.575355548075844
-0.971214017521902	19.71422307161065
-0.9612015018773468	19.931831576381146
-0.9511889862327907	20.1850961669242
-0.9411764705882355	20.551200105764774
-0.9311639549436794	21.036408551728677
-0.9211514392991234	21.600017992219495
-0.9111389236545682	22.180151681511685
-0.9011264080100121	22.825487365292815
-0.8911138923654569	23.534422351200526
-0.8811013767209008	24.264705326625627
-0.8710888610763456	24.982164456964053
-0.8610763454317896	25.705224457839552
-0.8510638297872335	26.406466740809307
-0.8410513141426783	27.163524371109222
-0.8310387984981222	28.080269150094608
-0.821026282853567	29.101991303302576
-0.811013767209011	30.175530798721585
-0.8010012515644558	31.211193805987755
-0.7909887359198997	32.04414808128242
-0.7809762202753436	32.64064322892587
-0.7709637046307884	33.206614736465546
-0.7609511889862324	33.902889796633026
-0.7509386733416772	34.66693607962106
-0.7409261576971211	35.36586306784754
-0.7309136420525659	35.88511202447192
-0.7209011264080099	36.16195466809976
-0.7108886107634538	36.19885097734961
-0.7008760951188986	36.026873492995556
-0.6908635794743425	35.57841296659715
-0.6808510638297873	34.873332399528856
-0.6708385481852313	34.103715715545796
-0.6608260325406761	33.29828308909526
-0.65081351689612	32.49195797617471
-0.6408010012515639	31.696138494364916
-0.6307884856070087	30.81981359970916
-0.6207759699624527	29.879204168357177
-0.6107634543178975	28.91332030133698
-0.6007509386733414	28.0367587748681
-0.5907384230287862	27.16751299222713
-0.5807259073842301	26.17159312623241
-0.5707133917396741	25.188864041866637
-0.5607008760951189	24.101550067229542
-0.5506883604505628	22.817759001953853
-0.5406758448060076	21.897185839632883
-0.5306633291614515	21.038549156268207
-0.5206508135168963	20.091368487768573
-0.5106382978723403	19.303366623399548
-0.5006257822277842	18.344704290153786
-0.490613266583229	17.265362300705814
-0.48060075093867294	16.420059766219
-0.47058823529411775	15.733672045283075
-0.4605757196495617	15.282663876708659
-0.4505632040050065	15.063135724764491
-0.4405506883604504	14.993725984925554
-0.43053817271589434	15.059219105552076
-0.42052565707133915	15.166249665486669
-0.4105131414267831	15.34245007646941
-0.4005006257822279	15.612819000926901
-0.3904881101376718	15.951873338594643
-0.38047559449311663	16.281720498838133
-0.37046307884856056	16.591819094707414
-0.3604505632040045	16.922134772059916
-0.3504380475594493	17.245292526349143
-0.3404255319148932	17.56369074769125
-0.33041301627033803	17.903372151488124
-0.32040050062578196	18.297117005848303
-0.3103879849812259	18.762155646668646
-0.3003754693366707	19.235482169956448
-0.2903629536921146	19.70618032230489
-0.28035043804755944	20.16340677128914
-0.27033792240300336	20.601772565909776
-0.2603254067584482	21.044341050517065
-0.2503128911138921	21.491008017762567
-0.24030037546933602	21.934117242945895
-0.23028785982478084	22.365983839626747
-0.22027534418022476	22.76578267395456
-0.21026282853566958	23.09615337590713
-0.2002503128911135	23.322908877437822
-0.19023779724655832	23.455276640606666
-0.18022528160200224	23.547477985154828
-0.17021276595744617	23.697807006127423
-0.16020025031289098	23.99921231583532
-0.1501877346683349	24.458151775925156
-0.14017521902377972	24.99281953007135
-0.13016270337922364	25.520928317211485
-0.12015018773466846	25.994272621829623
-0.11013767209011238	26.396597745995514
-0.10012515644555631	26.745847019885137
-0.09011264080100112	27.075096035392626
-0.08010012515644505	27.410891187994345
-0.07008760951188986	27.758183459103694
-0.060075093867333784	28.105917587216883
-0.0500625782227786	28.460332049660792
-0.04005006257822252	28.821637282248084
-0.030037546933666448	29.182214763409128
-0.02002503128911126	29.54456054404245
-0.010012515644555187	29.916171176586428
0.0	30.263623778786826
