-8.0	26.31100799944131
-7.989987484355444	26.820839762107294
-7.979974968710889	27.413831973763816
-7.969962453066333	28.16161441471805
-7.9599499374217775	29.06788554450733
-7.949937421777221	30.11902281745325
-7.939924906132666	31.30532034645826
-7.92991239048811	32.5796854216277
-7.919899874843554	33.85036922368756
-7.909887359198999	35.00400785279669
-7.899874843554443	35.97774796099255
-7.889862327909888	36.75850826691941
-7.8798498122653315	37.412245728563114
-7.869837296620776	38.03141131227361
-7.85982478097622	38.63892155454074
-7.849812265331664	39.17562975218774
-7.839799749687109	39.5932106252628
-7.829787234042553	39.974301184276776
-7.819774718397998	40.44568300734869
-7.809762202753442	41.025320659794986
-7.7997496871088865	41.64210807210401
-7.78973717146433	42.232182701171546
-7.779724655819774	42.74072814143291
-7.769712140175219	43.10743311853279
-7.759699624530663	43.2995553316748
-7.749687108886108	43.31408058990219
-7.739674593241552	43.174180962539346
-7.729662077596997	42.97139056335986
-7.719649561952441	42.83424233493876
-7.7096370463078845	42.82920604670683
-7.699624530663329	42.91479841860678
-7.689612015018773	42.99948866645977
-7.679599499374218	43.0199392682881
-7.669586983729662	42.93491596379893
-7.659574468085107	42.728512344661134
-7.649561952440551	42.435965029370564
-7.639549436795995	42.145096006532505
-7.629536921151439	41.941448186297094
-7.619524405506883	41.83705077899555
-7.609511889862328	41.774344609613856
-7.599499374217772	41.677128160687374
-7.589486858573217	41.49376451902045
-7.579474342928661	41.229017734469515
-7.569461827284105	40.93438873489622
-7.55944931163955	40.654488839952954
-7.5494367959949935	40.41264168516596
-7.539424280350438	40.2068554478684
-7.529411764705882	39.993267454022885
-7.519399249061326	39.716187888542315
-7.509386733416771	39.33252861542095
-7.499374217772215	38.85872348991754
-7.48936170212766	38.37223604936114
-7.479349186483104	37.94434239613866
-7.4693366708385485	37.57868860925875
-7.459324155193992	37.20513024804091
-7.449311639549437	36.753584366447264
-7.439299123904881	36.22613566541722
-7.429286608260325	35.678392831452456
-7.41927409261577	35.12598035737558
-7.409261576971214	34.51894084689009
-7.399249061326659	33.81686334788142
-7.3892365456821025	33.044096499485605
-7.3792240300375465	32.227968650971405
-7.369211514392991	31.383962818393144
-7.359198998748435	30.564558361416385
-7.34918648310388	29.820047854955252
-7.339173967459324	29.148167232961388
-7.329161451814769	28.515235292849404
-7.319148936170213	27.894619979981968
-7.3091364205256575	27.270802921664608
-7.299123904881101	26.639006134762617
-7.289111389236545	26.019508509112278
-7.27909887359199	25.45348251843325
-7.269086357947434	24.987982951539813
-7.259073842302879	24.652206150869937
-7.249061326658323	24.413098765878743
-7.239048811013767	24.20340215302533
-7.2290362953692116	23.981587030549097
-7.2190237797246555	23.697173422247754
-7.2090112640801	23.340148577222052
-7.198998748435544	22.94462841146672
-7.188986232790989	22.521622940970172
-7.178973717146433	22.119945512710366
-7.168961201501878	21.784816590898345
-7.158948685857322	21.477469185943306
-7.148936170212766	21.137514849274773
-7.13892365456821	20.772790244815663
-7.128911138923654	20.44750246842026
-7.118898623279099	20.229345273525347
-7.108886107634543	20.134855225852917
-7.098873591989987	20.11590314331991
-7.088861076345432	20.111572467558858
-7.078848560700876	20.09395220093586
-7.068836045056321	20.093588067288735
-7.0588235294117645	20.1366247171119
-7.048811013767209	20.18077834389585
-7.038798498122653	20.178661263076833
-7.028785982478098	20.07295395622779
-7.018773466833542	19.863263042513314
-7.008760951188986	19.606226608359247
-6.998748435544431	19.298878596238264
-6.988735919899875	19.011100012789957
-6.9787234042553195	18.812693918049632
-6.968710888610763	18.645913399769473
-6.958698372966207	18.480099782396383
-6.948685857321652	18.307577100333102
-6.938673341677096	18.195489310047236
-6.928660826032541	18.15775891663314
-6.918648310387985	18.1952911002775
-6.908635794743429	18.33292302038564
-6.8986232790988735	18.531950130387752
-6.888610763454318	18.700234100826435
-6.878598247809762	18.80079895246167
-6.868585732165206	18.78756605426697
-6.858573216520651	18.69280230848274
-6.848560700876095	18.57233347883409
-6.83854818523154	18.508185575000763
-6.828535669586984	18.613697062935472
-6.818523153942428	18.86864884122195
-6.808510638297872	19.18383662433236
-6.798498122653316	19.51174142225742
-6.788485607008761	19.889707191518696
-6.778473091364205	20.31881110266993
-6.768460575719649	20.798489146233408
-6.758448060075094	21.373948388599374
-6.748435544430539	22.060009381950003
-6.7384230287859825	22.750488756530313
-6.7284105131414265	23.284312498365033
-6.718397997496871	23.712529331095443
-6.708385481852315	24.133058403445176
-6.69837296620776	24.61689210936292
-6.688360450563204	25.25232645741387
-6.678347934918648	25.980140777378004
-6.668335419274093	26.719106462283953
-6.658322903629537	27.459964236511457
-6.648310387984981	28.23718329471684
-6.638297872340425	29.0595988375882
-6.628285356695869	29.874715888843525
-6.618272841051314	30.698003112611378
-6.608260325406759	31.485609784588455
-6.598247809762203	32.20993236338746
-6.588235294117647	32.88768652957302
-6.578222778473092	33.52651750692391
-6.5682102628285355	34.19393889964933
-6.55819774718398	34.95613332433592
-6.548185231539424	35.76651345331855
-6.538172715894868	36.59218478071215
-6.528160200250313	37.44485957509536
-6.518147684605757	38.34036944520117
-6.508135168961202	39.28859596715575
-6.498122653316646	40.2830842581051
-6.4881101376720896	41.24267197845001
-6.478097622027534	42.11081392280804
-6.468085106382979	42.91532526175737
-6.458072590738423	43.712879645110604
-6.448060075093867	44.51330572324518
-6.438047559449312	45.29331675940292
-6.428035043804756	46.05233312950556
-6.418022528160201	46.831431924747726
-6.4080100125156445	47.64190073442032
-6.397997496871088	48.46156741390233
-6.387984981226533	49.24456740921999
-6.377972465581977	49.90801942373097
-6.367959949937422	50.41052332838603
-6.357947434292866	50.75454527012643
-6.34793491864831	51.0000425737229
-6.337922403003755	51.30095607494751
-6.3279098873591995	51.80124611266914
-6.317897371714643	52.435943596226316
-6.307884856070087	53.061239259446545
-6.297872340425532	53.63813398765895
-6.287859824780976	54.14967062876753
-6.277847309136421	54.52633740224339
-6.267834793491865	54.699060482225924
-6.257822277847309	54.68986357597327
-6.2478097622027535	54.66202777897731
-6.2377972465581975	54.801945435964164
-6.227784730913642	55.24578346103581
-6.217772215269086	55.969633310359946
-6.20775969962453	56.82195891092609
-6.197747183979975	57.65255712636865
-6.18773466833542	58.36930877406549
-6.177722152690864	58.9054147656909
-6.167709637046308	59.234717953798786
-6.157697121401752	59.393013041645375
-6.147684605757196	59.39646554527152
-6.137672090112641	59.28478257321033
-6.127659574468085	59.17294949617109
-6.117647058823529	59.01555697878972
-6.107634543178974	58.76454610143941
-6.097622027534418	58.467721311465944
-6.0876095118898625	58.09625873550131
-6.0775969962453065	57.704822557289106
-6.06758448060075	57.36061907046132
-6.057571964956195	56.98940530504825
-6.04755944931164	56.580317226472
-6.037546933667084	56.08287438874036
-6.027534418022528	55.400296332380194
-6.017521902377973	54.60038829521402
-6.007509386733417	53.75861594430206
-5.997496871088861	52.984481449219146
-5.987484355444305	52.52797622301039
-5.977471839799749	52.347783920294496
-5.967459324155194	52.11244020143386
-5.957446808510639	51.709675102274645
-5.947434292866083	51.2144684576499
-5.937421777221527	50.68492755765809
-5.927409261576971	50.01967189452073
-5.9173967459324155	49.094432611064335
-5.90738423028786	47.84745666638782
-5.897371714643304	46.37936574415513
-5.887359198998748	44.96739518274358
-5.877346683354192	43.694073088534864
-5.867334167709637	42.49827509024464
-5.857321652065082	41.27895036797149
-5.847309136420526	39.99938575845906
-5.83729662077597	38.95732292818567
-5.827284105131414	38.18593676257317
-5.817271589486858	37.56354261268125
-5.807259073842303	36.90908535904146
-5.797246558197747	36.34052379748926
-5.787234042553191	35.911445442867304
-5.777221526908636	35.5108046145277
-5.767209011264081	35.08993136247329
-5.7571964956195245	34.76638684897166
-5.747183979974968	34.78492829583847
-5.737171464330412	35.030895273748
-5.727158948685857	35.179737747413405
-5.717146433041302	35.368630986241726
-5.707133917396746	35.58557514205472
-5.69712140175219	35.83573187177491
-5.687108886107635	36.2447375344143
-5.677096370463079	36.92081172066439
-5.667083854818523	37.67393371799529
-5.657071339173967	38.446501786328426
-5.647058823529411	39.05808444524615
-5.637046307884856	39.79904471411033
-5.627033792240301	40.565313192778476
-5.617021276595745	41.17797745078032
-5.607008760951189	41.66136809390858
-5.596996245306633	42.08325233838112
-5.5869837296620775	42.38397952832473
-5.576971214017522	42.7714258994167
-5.566958698372966	43.2670345229541
-5.55694618272841	43.94112384294951
-5.546933667083855	44.40480031295338
-5.536921151439299	44.713753101262824
-5.526908635794744	45.03876926654336
-5.516896120150188	45.41593947299274
-5.5068836045056315	45.7372303104466
-5.496871088861076	46.26819454073303
-5.486858573216521	46.880979662214784
-5.476846057571965	47.421450622302814
-5.466833541927409	47.75822943254123
-5.456821026282853	47.95439780176811
-5.446808510638298	48.17327121231372
-5.4367959949937426	48.29196895686344
-5.4267834793491865	48.37532428003061
-5.41677096370463	48.36898279897388
-5.406758448060075	48.441484591678964
-5.396745932415519	48.64866765558933
-5.386733416770964	48.76459761109478
-5.376720901126408	48.73928941372939
-5.366708385481852	48.74423486113291
-5.356695869837297	48.71180838499963
-5.346683354192741	48.454623413866436
-5.336670838548185	48.010488749297274
-5.326658322903629	47.57468974601829
-5.316645807259073	47.217023401126006
-5.306633291614518	46.78927811021132
-5.296620775969963	46.09926132705994
-5.286608260325407	45.1619695124542
-5.276595744680851	44.32304178127706
-5.2665832290362955	43.54834131329801
-5.256570713391739	42.79351210449466
-5.246558197747184	42.07224544141524
-5.236545682102628	41.434724882524485
-5.226533166458072	40.75425067845405
-5.216520650813517	39.96510130743576
-5.206508135168962	38.94045366857317
-5.196495619524406	37.9045417566
-5.18648310387985	36.97135643646216
-5.1764705882352935	36.19312269180364
-5.166458072590738	35.3645975615874
-5.156445556946183	34.69924798918313
-5.146433041301627	34.012525533106036
-5.136420525657071	33.29140693932529
-5.126408010012516	32.946153142673325
-5.11639549436796	32.56395730610771
-5.1063829787234045	31.96593749042086
-5.0963704630788484	31.516158930779852
-5.086357947434292	31.094958761409682
-5.076345431789737	30.64059168503234
-5.066332916145182	30.41999273963423
-5.056320400500626	30.261255395442934
-5.04630788485607	30.060500018928533
-5.036295369211514	29.899018397956798
-5.026282853566959	29.63958877151988
-5.016270337922403	29.446808612983176
-5.006257822277847	29.39500812834189
-4.996245306633291	29.368410087215448
-4.986232790988735	29.354509239011993
-4.97622027534418	29.346335238898178
-4.966207759699625	29.341108309808146
-4.956195244055069	29.33765874685777
-4.946182728410513	29.335237680686923
-4.9361702127659575	29.33285489214478
-4.926157697121402	29.327065002952043
-4.916145181476846	29.304093567290504
-4.90613266583229	29.241950096034035
-4.896120150187734	29.158719120586145
-4.886107634543179	29.11421770341453
-4.876095118898624	29.10799688580077
-4.866082603254068	29.107150916455055
-4.8560700876095115	29.107002115381537
-4.8460575719649555	29.106965098730935
-4.8360450563204	29.01665859509902
-4.826032540675845	29.01573887621298
-4.816020025031289	29.006753838743474
-4.806007509386733	28.55729993151862
-4.795994993742178	28.55567357170354
-4.785982478097623	28.554330181454453
-4.7759699624530665	28.475980373256007
-4.76595744680851	28.347281031460643
-4.755944931163954	28.223059495800776
-4.745932415519399	27.913190242269145
-4.735919899874844	27.751132628028664
-4.725907384230288	27.71111249132979
-4.715894868585732	27.31108690987576
-4.705882352941176	27.134803512238392
-4.6958698372966206	26.804523351962985
-4.685857321652065	26.434989960642497
-4.675844806007509	25.817311415037125
-4.665832290362953	25.41167283749949
-4.655819774718398	24.836919071620397
-4.645807259073843	24.318031889208818
-4.635794743429287	23.60494876520661
-4.625782227784731	23.30530369718192
-4.615769712140175	23.023069016616557
-4.605757196495619	22.66213360354463
-4.595744680851064	22.39930659820412
-4.585732165206508	21.99122521309628
-4.575719649561952	21.60048247929688
-4.565707133917396	21.266370852671688
-4.555694618272841	20.710639870220703
-4.545682102628286	20.459157218659698
-4.53566958698373	20.34356613650975
-4.5256570713391735	20.129325315426698
-4.515644555694618	19.74206112621281
-4.505632040050063	19.542344296960156
-4.495619524405507	19.402377466660194
-4.485607008760951	18.935912838090342
-4.475594493116395	18.793814633341512
-4.46558197747184	18.6530820000444
-4.4555694618272845	18.664252951286922
-4.4455569461827285	18.660876272916365
-4.435544430538172	18.706062415363167
-4.425531914893616	18.7631501420178
-4.415519399249061	18.726834226941488
-4.405506883604506	18.726913822438615
-4.39549436795995	18.72699821210036
-4.385481852315394	18.725478608952457
-4.375469336670839	18.655491018114773
-4.365456821026283	18.65559157714361
-4.355444305381727	18.655698435476612
-4.345431789737171	18.655812095468292
-4.335419274092615	18.6559330995723
-4.32540675844806	18.65606202635834
-4.315394242803505	18.656199491179542
-4.305381727158949	18.65634614657654
-4.295369211514393	18.656502682409634
-4.285356695869837	18.65666982573649
-4.275344180225281	18.656848340505167
-4.265331664580726	18.657039028689653
-4.25531914893617	18.657242900577415
-4.245306633291614	18.657480001488302
-4.235294117647059	18.6598356233725
-4.225281602002504	18.748792079185794
-4.215269086357948	18.803579911227256
-4.2052565707133915	18.804656056810725
-4.1952440550688355	18.80496323332229
-4.18523153942428	18.805596892319937
-4.175219023779725	18.93505851255509
-4.165206508135169	18.96715721901546
-4.155193992490613	18.98924376648174
-4.145181476846057	19.045672058694297
-4.135168961201502	19.047498976916128
-4.1251564455569465	19.09474965215208
-4.11514392991239	19.168877474559377
-4.105131414267834	19.233074582829314
-4.095118898623279	19.358355118318272
-4.085106382978723	19.495946084622556
-4.075093867334168	19.682187380149646
-4.065081351689612	20.04588344577212
-4.055068836045056	20.16915269926953
-4.045056320400501	20.459169268419775
-4.035043804755945	20.673585987202255
-4.025031289111389	21.159902456054034
-4.015018773466833	21.853083372260453
-4.005006257822277	22.362933202087003
-3.994993742177722	22.57734074307132
-3.9849812265331668	22.775581362358405
-3.9749687108886107	23.168663281790398
-3.9649561952440546	23.599087236926525
-3.9549436795994994	24.064938832551494
-3.9449311639549434	24.535068185439005
-3.934918648310388	25.055025954384607
-3.924906132665832	25.66430661889299
-3.914893617021277	26.13314367556743
-3.904881101376721	26.9710670593856
-3.8948685857321648	28.017560014051433
-3.8848560700876096	28.953651851137202
-3.8748435544430535	29.71682020188861
-3.8648310387984983	30.635292211674404
-3.8548185231539422	31.386059756153465
-3.844806007509387	31.811143683310497
-3.834793491864831	32.15900275487347
-3.824780976220275	32.604416017821656
-3.8147684605757197	33.106912661591025
-3.8047559449311636	33.60955309071798
-3.7947434292866085	34.092012945911705
-3.7847309136420524	34.53197474485203
-3.774718397997497	35.02692965008447
-3.764705882352941	35.61249334490968
-3.754693366708385	36.25260964960212
-3.74468085106383	36.82306944351095
-3.734668335419274	37.236823911945635
-3.7246558197747186	37.56040186269074
-3.7146433041301625	37.70688068589406
-3.7046307884856065	37.706022874781794
-3.6946182728410513	37.909614439052014
-3.684605757196495	38.30560590073005
-3.67459324155194	38.77167662086863
-3.664580725907384	39.19966943364719
-3.6545682102628287	39.52542138855181
-3.6445556946182727	39.91851836064447
-3.6345431789737166	40.43706386278169
-3.6245306633291614	40.900239358042086
-3.6145181476846053	41.28932202097431
-3.60450563204005	41.429602887962005
-3.594493116395494	41.38751847011074
-3.584480600750939	41.16872545546628
-3.574468085106383	40.74705035137025
-3.5644555694618267	40.37071913632546
-3.5544430538172715	40.10959940364632
-3.5444305381727155	39.823180306469766
-3.5344180225281603	39.449384084862395
-3.524405506883604	38.82335706932222
-3.514392991239049	38.153243047968424
-3.504380475594493	37.497092060649415
-3.494367959949937	36.87975968251452
-3.4843554443053817	36.15983521883089
-3.4743429286608256	35.11947968270895
-3.4643304130162704	34.18271136739616
-3.4543178973717144	33.413502564906445
-3.444305381727159	32.49880355420486
-3.434292866082603	31.657987265669814
-3.424280350438047	30.995714468751252
-3.414267834793492	30.392555510057846
-3.4042553191489358	29.88151278722153
-3.3942428035043806	29.29875422158629
-3.3842302878598245	28.715458562548893
-3.3742177722152693	28.16186350037934
-3.3642052565707132	27.493020286032493
-3.354192740926157	26.71193630389428
-3.344180225281602	26.19899098474264
-3.334167709637046	25.910035016198282
-3.3241551939924907	25.776307040884458
-3.3141426783479346	25.432680120010417
-3.3041301627033794	25.10065716829844
-3.2941176470588234	25.040091304687564
-3.2841051314142673	24.91283959949763
-3.274092615769712	24.847819540224076
-3.264080100125156	24.7653478427054
-3.254067584480601	24.41306125624152
-3.2440550688360448	24.096908353939664
-3.2340425531914896	23.949786965842577
-3.2240300375469335	23.998096774053614
-3.2140175219023774	24.16479226462617
-3.2040050062578223	24.344921950492694
-3.193992490613266	24.54923031694217
-3.183979974968711	24.977945184434297
-3.173967459324155	25.371813277715923
-3.1639549436795997	25.913115846356455
-3.1539424280350437	26.321230794449484
-3.1439299123904876	26.786203950056215
-3.1339173967459324	27.465687924054354
-3.1239048811013763	28.406884055996574
-3.113892365456821	29.193708243185565
-3.103879849812265	29.68142411270729
-3.09386733416771	30.30730665341176
-3.083854818523154	30.908121963113114
-3.0738423028785977	31.436124756123718
-3.0638297872340425	31.809326751281912
-3.0538172715894865	32.16664057538475
-3.0438047559449313	32.69582144796796
-3.033792240300375	33.16264971322636
-3.02377972465582	33.48537782067346
-3.013767209011264	33.64595443260106
-3.003754693366708	33.83164515779571
-2.9937421777221527	34.15314068767993
-2.9837296620775966	34.63470335674888
-2.9737171464330414	34.98477674119531
-2.9637046307884853	35.062060958869615
-2.95369211514393	35.18437011388347
-2.943679599499374	35.289890746038566
-2.933667083854818	35.470633675500046
-2.923654568210263	35.70300247108783
-2.9136420525657067	35.89965831762876
-2.9036295369211516	35.81433656309653
-2.8936170212765955	35.69812956066323
-2.8836045056320403	35.651503284510035
-2.873591989987484	35.5754167433261
-2.863579474342928	35.38997380041428
-2.853566958698373	35.10833808117401
-2.843554443053817	34.71379573318107
-2.8335419274092617	34.33424202359873
-2.8235294117647056	33.89088152155351
-2.8135168961201504	33.38063610422353
-2.8035043804755944	32.83469074530912
-2.7934918648310383	32.18865291497408
-2.783479349186483	31.426074594502865
-2.773466833541927	30.715095933007305
-2.763454317897372	30.10337693576086
-2.7534418022528158	29.414107030667367
-2.7434292866082606	28.87820152866219
-2.7334167709637045	28.598186012715654
-2.7234042553191484	28.191773702058835
-2.7133917396745932	27.720209164607088
-2.703379224030037	27.168591513635846
-2.693366708385482	26.437796601451694
-2.683354192740926	25.658627568897078
-2.6733416770963707	24.889813977529595
-2.6633291614518146	24.238085248171743
-2.6533166458072586	23.70976785374661
-2.6433041301627034	23.133827639143792
-2.6332916145181473	22.560298556400404
-2.623279098873592	21.914374776082475
-2.613266583229036	21.307752755423042
-2.603254067584481	20.761304022789805
-2.593241551939925	20.354864698915435
-2.5832290362953687	20.03523774874612
-2.5732165206508135	19.885626906534068
-2.5632040050062574	19.74248589896603
-2.5531914893617023	19.69146055236046
-2.543178973717146	19.612142737354223
-2.533166458072591	19.480798079814715
-2.523153942428035	19.496228033665695
-2.513141426783479	19.564250966847453
-2.5031289111389237	19.562396471539028
-2.4931163954943676	19.52034762144751
-2.4831038798498124	19.55101142994476
-2.4730913642052563	19.467648957747215
-2.463078848560701	19.34441502643984
-2.453066332916145	19.521585751436856
-2.443053817271589	19.640655027407146
-2.433041301627034	19.674372308129968
-2.4230287859824777	19.63787126108904
-2.4130162703379225	19.47017912889839
-2.4030037546933665	19.521596605104097
-2.3929912390488113	19.63829841944565
-2.382978723404255	19.693073871267693
-2.372966207759699	19.82087325215844
-2.362953692115144	20.172301198680923
-2.352941176470588	20.287296263984857
-2.3429286608260327	20.360226387253668
-2.3329161451814766	20.584341944598567
-2.3229036295369214	20.80209093490267
-2.3128911138923653	21.22747639762988
-2.3028785982478093	21.57088070602556
-2.292866082603254	21.788385951838613
-2.282853566958698	21.853529936817385
-2.272841051314143	22.003496467008034
-2.2628285356695867	22.203222137950178
-2.2528160200250316	22.388234251940123
-2.2428035043804755	22.662406993889437
-2.2327909887359194	23.019743538101118
-2.2227784730913642	23.184127568378404
-2.212765957446808	23.26873077410822
-2.202753441802253	23.435395756344533
-2.192740926157697	23.455052301199704
-2.1827284105131417	23.468858107534913
-2.1727158948685856	23.49851793934416
-2.1627033792240296	23.6856545997339
-2.1526908635794744	24.001035825861056
-2.1426783479349183	24.06520680771622
-2.132665832290363	24.141415950226953
-2.122653316645807	24.195394948845063
-2.112640801001252	24.32118053663656
-2.1026282853566958	24.34446986079171
-2.0926157697121397	24.313254689744667
-2.0826032540675845	24.33049367915483
-2.0725907384230284	24.42005628010016
-2.0625782227784732	24.566774217045975
-2.052565707133917	24.645099444929528
-2.042553191489362	24.704689256048592
-2.032540675844806	24.79276213682991
-2.02252816020025	24.85856120484789
-2.0125156445556946	24.91392976112573
-2.0025031289111386	25.044988920533623
-1.9924906132665834	25.139819643905852
-1.9824780976220273	25.227621876139338
-1.9724655819774712	25.251775407439933
-1.962453066332916	25.260399867684484
-1.95244055068836	25.33993852271784
-1.9424280350438048	25.481856907474675
-1.9324155193992487	25.67597749430864
-1.9224030037546935	25.821433666292663
-1.9123904881101375	25.99484041536893
-1.9023779724655814	26.233401443867002
-1.8923654568210262	26.422795392934983
-1.8823529411764701	26.558712196227294
-1.872340425531915	26.64410461962748
-1.8623279098873589	26.73544873074672
-1.8523153942428037	26.87825948547326
-1.8423028785982476	27.01180660004162
-1.8322903629536915	27.1150139373015
-1.8222778473091363	27.132065451628666
-1.8122653316645803	27.105034278887715
-1.802252816020025	27.10633969335092
-1.792240300375469	27.19909133675727
-1.7822277847309138	27.283545245425316
-1.7722152690863577	27.432900493481075
-1.7622027534418017	27.674196614101596
-1.7521902377972465	27.899785061262836
-1.7421777221526904	28.0554029269949
-1.7321652065081352	28.190045070905253
-1.7221526908635791	28.291055671578
-1.712140175219024	28.34425862395721
-1.7021276595744679	28.197473536361137
-1.6921151439299118	28.01086504597434
-1.6821026282853566	27.831336078754855
-1.6720901126408005	27.597825994087863
-1.6620775969962454	27.44924560988152
-1.6520650813516893	27.37070166027919
-1.642052565707134	27.262969858967057
-1.632040050062578	27.032582536835278
-1.622027534418022	26.70352675525811
-1.6120150187734668	26.32489406411954
-1.6020025031289107	25.972893006169148
-1.5919899874843555	25.68963333675152
-1.5819774718397994	25.430141043032126
-1.5719649561952442	25.151673256646045
-1.5619524405506882	24.83853813703344
-1.551939924906132	24.414888838419433
-1.541927409261577	24.02361781982389
-1.5319148936170208	23.63526697271062
-1.5219023779724656	23.269742516013444
-1.5118898623279096	22.90104043679055
-1.5018773466833544	22.636143974014683
-1.4918648310387983	22.496542652000663
-1.4818523153942422	22.44944562910829
-1.471839799749687	22.3554608590114
-1.461827284105131	22.026200463653133
-1.4518147684605758	21.608499838340453
-1.4418022528160197	21.435790594180922
-1.4317897371714645	21.36322142073199
-1.4217772215269084	21.305625048426243
-1.4117647058823524	21.24423049434569
-1.4017521902377972	21.17156277061605
-1.391739674593241	21.120391105139504
-1.381727158948686	21.017892048098016
-1.3717146433041298	20.93084827487547
-1.3617021276595747	21.00104134113545
-1.3516896120150186	21.09032947610516
-1.3416770963704625	21.249406929709103
-1.3316645807259073	21.345428260813367
-1.3216520650813512	21.400507813015842
-1.311639549436796	21.554825251600526
-1.30162703379224	21.706290071277976
-1.2916145181476848	21.75883591350953
-1.2816020025031287	21.665254554366378
-1.2715894868585726	21.643391065615585
-1.2615769712140175	21.739303940404795
-1.2515644555694614	21.891054503971496
-1.2415519399249062	21.941572059328994
-1.2315394242803501	21.96643785396666
-1.221526908635795	22.029399245222585
-1.2115143929912389	22.071074638893954
-1.2015018773466828	22.121140568305602
-1.1914893617021276	22.194621916151945
-1.1814768460575715	22.299293489118245
-1.1714643304130163	22.424669089638066
-1.1614518147684603	22.568465436339483
-1.151439299123905	22.74965566661213
-1.141426783479349	22.940058167331912
-1.131414267834793	23.028055721354907
-1.1214017521902377	22.998070948645047
-1.1113892365456817	22.93925074709977
-1.1013767209011265	22.919444461088226
-1.0913642052565704	22.919443298643756
-1.0813516896120152	22.900480620721726
-1.0713391739674591	22.881140259526166
-1.061326658322903	22.881824279608413
-1.0513141426783479	22.91858555805478
-1.0413016270337918	22.968472283525717
-1.0312891113892366	23.017262375382597
-1.0212765957446805	23.067716224618156
-1.0112640801001254	23.115625944098102
-1.0012515644555693	23.154389082378337
-0.9912390488110132	23.158322162465133
-0.981226533166458	23.115509102822855
-0.971214017521902	23.045922634009408
-0.9612015018773468	22.92880782792349
-0.9511889862327907	22.762325979359286
-0.9411764705882355	22.58105682571638
-0.9311639549436794	22.408604967584836
-0.9211514392991234	22.27807967566896
-0.9111389236545682	22.214517252063118
-0.9011264080100121	22.19673148692322
-0.8911138923654569	22.14185371842929
-0.8811013767209008	22.08729757525381
-0.8710888610763456	22.060659603995866
-0.8610763454317896	22.069642865212455
-0.8510638297872335	22.087974540092386
-0.8410513141426783	22.065148427066635
-0.8310387984981222	22.025217327866578
-0.821026282853567	22.00367822901902
-0.811013767209011	21.915317557059225
-0.8010012515644558	21.70424645989989
-0.7909887359198997	21.39054611983319
-0.7809762202753436	21.030574348415872
-0.7709637046307884	20.690175171843464
-0.7609511889862324	20.413751376895963
-0.7509386733416772	20.18392111682598
-0.7409261576971211	19.97016961383735
-0.7309136420525659	19.79173891294362
-0.7209011264080099	19.73093889350084
-0.7108886107634538	19.8105721293434
-0.7008760951188986	19.96308793050006
-0.6908635794743425	20.13918642168069
-0.6808510638297873	20.28116527341446
-0.6708385481852313	20.398373372663595
-0.6608260325406761	20.50187282928337
-0.65081351689612	20.530832633199523
-0.6408010012515639	20.43574567124179
-0.6307884856070087	20.29796488318516
-0.6207759699624527	20.19262109707067
-0.6107634543178975	20.143441991393818
-0.6007509386733414	20.186775914308804
-0.5907384230287862	20.30146196573758
-0.5807259073842301	20.428235534213947
-0.5707133917396741	20.504409623734748
-0.5607008760951189	20.502535486251652
-0.5506883604505628	20.428569199321235
-0.5406758448060076	20.315422167845785
-0.5306633291614515	20.183984315087812
-0.5206508135168963	20.00823251156421
-0.5106382978723403	19.788011523342576
-0.5006257822277842	19.52536811347369
-0.490613266583229	19.22336501971232
-0.48060075093867294	18.988088318786122
-0.47058823529411775	18.853544323622344
-0.4605757196495617	18.804897078892438
-0.4505632040050065	18.805199057289247
-0.4405506883604504	18.79734418036021
-0.43053817271589434	18.721231215838174
-0.42052565707133915	18.53433777810858
-0.4105131414267831	18.264214372485785
-0.4005006257822279	17.945992035549406
-0.3904881101376718	17.648959073430984
-0.38047559449311663	17.44056502545435
-0.37046307884856056	17.295161102136962
-0.3604505632040045	17.14119343027925
-0.3504380475594493	16.943357679445946
-0.3404255319148932	16.72309875927642
-0.33041301627033803	16.495439540306034
-0.32040050062578196	16.220316213265747
-0.3103879849812259	15.94435369126188
-0.3003754693366707	15.663659463420192
-0.2903629536921146	15.418191427315778
-0.28035043804755944	15.232834254754012
-0.27033792240300336	15.041335399415354
-0.2603254067584482	14.777044176375211
-0.2503128911138921	14.404807476693405
-0.24030037546933602	14.0103805396992
-0.23028785982478084	13.58080353675175
-0.22027534418022476	13.113386049440791
-0.21026282853566958	12.705532540185727
-0.2002503128911135	12.391972878737775
-0.19023779724655832	12.169618855874266
-0.18022528160200224	12.003901249341139
-0.17021276595744617	11.821120959705278
-0.16020025031289098	11.623628371771899
-0.1501877346683349	11.44496787186011
-0.14017521902377972	11.245742927938137
-0.13016270337922364	11.025878149168213
-0.12015018773466846	10.82217901336414
-0.11013767209011238	10.644570517708217
-0.10012515644555631	10.462674353731531
-0.09011264080100112	10.322256741852678
-0.08010012515644505	10.107187134132781
-0.07008760951188986	9.95392802304337
-0.060075093867333784	9.933554114467475
-0.0500625782227786	9.936417350854331
-0.04005006257822252	9.936395565512358
-0.030037546933666448	10.067952213439158
-0.02002503128911126	10.227261874604945
-0.010012515644555187	10.370321141316131
0.0	10.465981901160562
