-8.0	20.41160029053713
-7.989987484355444	20.596827835155715
-7.979974968710889	20.72790450192422
-7.969962453066333	20.813247270651978
-7.9599499374217775	20.84637227785909
-7.949937421777221	20.815634696349672
-7.939924906132666	20.772469005846403
-7.92991239048811	20.759400458082556
-7.919899874843554	20.82131955463726
-7.909887359198999	20.95034026129108
-7.899874843554443	21.100810798165444
-7.889862327909888	21.260463449671235
-7.8798498122653315	21.347565649113566
-7.869837296620776	21.31844078951503
-7.85982478097622	21.226984713310156
-7.849812265331664	21.109023561856134
-7.839799749687109	20.949113929867703
-7.829787234042553	20.845580705479563
-7.819774718397998	20.763716198375878
-7.809762202753442	20.673691668088953
-7.7997496871088865	20.54917718663903
-7.78973717146433	20.312352965942253
-7.779724655819774	19.90261601584648
-7.769712140175219	19.383184989119986
-7.759699624530663	18.84405176446216
-7.749687108886108	18.284612768784744
-7.739674593241552	17.69699953462534
-7.729662077596997	17.152196651230884
-7.719649561952441	16.667637464711284
-7.7096370463078845	16.215547159952298
-7.699624530663329	15.714101938680002
-7.689612015018773	15.016266900615552
-7.679599499374218	14.195238242381407
-7.669586983729662	13.572311018822525
-7.659574468085107	13.0773071460383
-7.649561952440551	12.560485069812987
-7.639549436795995	12.001128846816508
-7.629536921151439	11.512010298222295
-7.619524405506883	11.14187617175847
-7.609511889862328	10.884141468487995
-7.599499374217772	10.6762232088261
-7.589486858573217	10.480131619566713
-7.579474342928661	10.299884115268966
-7.569461827284105	10.132567086328113
-7.55944931163955	9.886333497444987
-7.5494367959949935	9.649791378698783
-7.539424280350438	9.440483242730858
-7.529411764705882	9.203607147944831
-7.519399249061326	8.970475935216916
-7.509386733416771	8.739388210013404
-7.499374217772215	8.503375818293192
-7.48936170212766	8.319494184341293
-7.479349186483104	8.230305479471822
-7.4693366708385485	8.184814153838749
-7.459324155193992	8.15536549255825
-7.449311639549437	8.148460424970095
-7.439299123904881	8.159503185856051
-7.429286608260325	8.156364566769806
-7.41927409261577	8.181617936164514
-7.409261576971214	8.238995110013642
-7.399249061326659	8.314259069198972
-7.3892365456821025	8.399569636980644
-7.3792240300375465	8.474952401799584
-7.369211514392991	8.523538164879394
-7.359198998748435	8.556994067712072
-7.34918648310388	8.608811800029335
-7.339173967459324	8.687691137773
-7.329161451814769	8.786489952880293
-7.319148936170213	8.916496586298909
-7.3091364205256575	9.079992590407677
-7.299123904881101	9.251234887024202
-7.289111389236545	9.4164758260702
-7.27909887359199	9.57508956037115
-7.269086357947434	9.734415365663427
-7.259073842302879	9.893211827770001
-7.249061326658323	10.04828894754882
-7.239048811013767	10.207741040852055
-7.2290362953692116	10.374235247621616
-7.2190237797246555	10.538556623108274
-7.2090112640801	10.71622559885715
-7.198998748435544	10.933691365716776
-7.188986232790989	11.196775698539275
-7.178973717146433	11.506623308394195
-7.168961201501878	11.854844385935715
-7.158948685857322	12.219329599175111
-7.148936170212766	12.5881240647971
-7.13892365456821	12.950824877169286
-7.128911138923654	13.325537961186496
-7.118898623279099	13.741749819620491
-7.108886107634543	14.186744703862042
-7.098873591989987	14.62208793507601
-7.088861076345432	15.015994100833915
-7.078848560700876	15.359150435539195
-7.068836045056321	15.664998436141424
-7.0588235294117645	15.946517027230255
-7.048811013767209	16.209752463268586
-7.038798498122653	16.45803093416976
-7.028785982478098	16.68785855142617
-7.018773466833542	16.892648039641116
-7.008760951188986	17.083424367579582
-6.998748435544431	17.2799508406464
-6.988735919899875	17.487010821019098
-6.9787234042553195	17.695051012551005
-6.968710888610763	17.89271442249869
-6.958698372966207	18.053293429086366
-6.948685857321652	18.150260146915898
-6.938673341677096	18.189001696113166
-6.928660826032541	18.197390793529884
-6.918648310387985	18.21000006912598
-6.908635794743429	18.240627440619726
-6.8986232790988735	18.256820009111948
-6.888610763454318	18.207765669589524
-6.878598247809762	18.079994147237173
-6.868585732165206	17.907544016525378
-6.858573216520651	17.759267975372524
-6.848560700876095	17.687893306536644
-6.83854818523154	17.66016276583497
-6.828535669586984	17.60779901982161
-6.818523153942428	17.493933263613133
-6.808510638297872	17.305961191761956
-6.798498122653316	17.03495467149068
-6.788485607008761	16.68043239225041
-6.778473091364205	16.27178358774146
-6.768460575719649	15.860440996067563
-6.758448060075094	15.486507395088216
-6.748435544430539	15.183031392996797
-6.7384230287859825	14.963575263602872
-6.7284105131414265	14.798388768485287
-6.718397997496871	14.646478290811368
-6.708385481852315	14.477580545838263
-6.69837296620776	14.270235042464934
-6.688360450563204	14.01860170567042
-6.678347934918648	13.744179551648054
-6.668335419274093	13.478590460780119
-6.658322903629537	13.221532546668426
-6.648310387984981	12.970601895279751
-6.638297872340425	12.730338406887427
-6.628285356695869	12.493564812866328
-6.618272841051314	12.231454477083528
-6.608260325406759	11.92039398545649
-6.598247809762203	11.559172261435533
-6.588235294117647	11.16643528228961
-6.578222778473092	10.788663208869536
-6.5682102628285355	10.45115027472839
-6.55819774718398	10.1519569151006
-6.548185231539424	9.901355796460939
-6.538172715894868	9.716725334882286
-6.528160200250313	9.545664753075883
-6.518147684605757	9.330975441958657
-6.508135168961202	9.075106795173117
-6.498122653316646	8.830567847392055
-6.4881101376720896	8.672125998872367
-6.478097622027534	8.612024225645468
-6.468085106382979	8.611532984206049
-6.458072590738423	8.597464961067057
-6.448060075093867	8.534373331223453
-6.438047559449312	8.42402695717142
-6.428035043804756	8.27719224177834
-6.418022528160201	8.123332466580967
-6.4080100125156445	7.9144673650652635
-6.397997496871088	7.690827822260169
-6.387984981226533	7.578345424250861
-6.377972465581977	7.50951270445413
-6.367959949937422	7.448838304081055
-6.357947434292866	7.5544784195857275
-6.34793491864831	7.678742112137802
-6.337922403003755	7.882593555024157
-6.3279098873591995	8.05094107222869
-6.317897371714643	8.286523279642422
-6.307884856070087	8.662279180350442
-6.297872340425532	9.126867649530908
-6.287859824780976	9.377553633106213
-6.277847309136421	9.593628955500549
-6.267834793491865	9.936125917749946
-6.257822277847309	10.445495786083056
-6.2478097622027535	10.940830168151454
-6.2377972465581975	11.420590031605864
-6.227784730913642	12.074887374030315
-6.217772215269086	12.930328440829797
-6.20775969962453	13.703759240336872
-6.197747183979975	14.553198834978872
-6.18773466833542	15.441238113337713
-6.177722152690864	15.87517117938777
-6.167709637046308	16.20781466917258
-6.157697121401752	16.626579103044392
-6.147684605757196	17.18182148835137
-6.137672090112641	17.76604667865414
-6.127659574468085	18.293539688879683
-6.117647058823529	18.72749868796146
-6.107634543178974	19.22519375600182
-6.097622027534418	19.79994933676008
-6.0876095118898625	20.425973088289297
-6.0775969962453065	20.92863314759435
-6.06758448060075	21.46569578240644
-6.057571964956195	22.02988109843686
-6.04755944931164	22.56239441402595
-6.037546933667084	23.12163328497309
-6.027534418022528	23.601718427666064
-6.017521902377973	23.98501412749663
-6.007509386733417	24.346774642894353
-5.997496871088861	24.67208742914812
-5.987484355444305	25.02799897706789
-5.977471839799749	25.42833939475621
-5.967459324155194	25.789508291478395
-5.957446808510639	26.08495035429346
-5.947434292866083	26.318120744811353
-5.937421777221527	26.573600866271292
-5.927409261576971	26.801649997407555
-5.9173967459324155	26.98010047578456
-5.90738423028786	27.090861291896726
-5.897371714643304	27.198314906935657
-5.887359198998748	27.351824788972944
-5.877346683354192	27.434806149674618
-5.867334167709637	27.392032039164416
-5.857321652065082	27.321704661178813
-5.847309136420526	27.301913863208096
-5.83729662077597	27.293750074065795
-5.827284105131414	27.233290974171894
-5.817271589486858	27.15969213593412
-5.807259073842303	27.14714661747163
-5.797246558197747	27.12553637519118
-5.787234042553191	27.029274798520053
-5.777221526908636	26.9621370639458
-5.767209011264081	26.945340381979552
-5.7571964956195245	26.827306541594375
-5.747183979974968	26.640844335923074
-5.737171464330412	26.43149871171447
-5.727158948685857	26.172608720323318
-5.717146433041302	25.890176560884118
-5.707133917396746	25.50666946522049
-5.69712140175219	25.235649286985932
-5.687108886107635	24.930953190993087
-5.677096370463079	24.621640009585875
-5.667083854818523	24.34450260630022
-5.657071339173967	24.15953625270756
-5.647058823529411	23.989734495225544
-5.637046307884856	23.780919389477713
-5.627033792240301	23.536374878603034
-5.617021276595745	23.25512591424644
-5.607008760951189	22.932752482832573
-5.596996245306633	22.682050255856296
-5.5869837296620775	22.458383498727883
-5.576971214017522	22.251699185640426
-5.566958698372966	21.85603525551943
-5.55694618272841	21.546382708564632
-5.546933667083855	21.20918917612061
-5.536921151439299	20.790622402576194
-5.526908635794744	20.63322958210908
-5.516896120150188	20.51098040323097
-5.5068836045056315	20.143761377457405
-5.496871088861076	20.03363161878729
-5.486858573216521	20.30030439489081
-5.476846057571965	20.48231924593991
-5.466833541927409	20.71362613562113
-5.456821026282853	20.72090000920726
-5.446808510638298	20.740320773518327
-5.4367959949937426	20.673960448579322
-5.4267834793491865	20.812069144517746
-5.41677096370463	21.16734865561056
-5.406758448060075	21.484970160682465
-5.396745932415519	21.642717609767992
-5.386733416770964	21.84682698145448
-5.376720901126408	21.981284314677506
-5.366708385481852	22.073770615806236
-5.356695869837297	22.356422451003247
-5.346683354192741	22.682796334987238
-5.336670838548185	23.029087812545722
-5.326658322903629	23.364907308959857
-5.316645807259073	23.903320210437617
-5.306633291614518	24.235374305756583
-5.296620775969963	24.558912673094056
-5.286608260325407	25.02417943161812
-5.276595744680851	25.638945305646352
-5.2665832290362955	26.329010732207202
-5.256570713391739	27.005142391429093
-5.246558197747184	27.73860742876678
-5.236545682102628	28.38634758338696
-5.226533166458072	29.039326382810113
-5.216520650813517	29.693412026300525
-5.206508135168962	30.317252211033765
-5.196495619524406	30.85685027595525
-5.18648310387985	31.38787186329042
-5.1764705882352935	31.965897585366054
-5.166458072590738	32.53349038862583
-5.156445556946183	33.071377177324926
-5.146433041301627	33.58399774212934
-5.136420525657071	33.892239805500786
-5.126408010012516	33.95715648430673
-5.11639549436796	33.96047276912235
-5.1063829787234045	33.98150811563396
-5.0963704630788484	34.012699958976114
-5.086357947434292	34.01296987872782
-5.076345431789737	33.95807009189681
-5.066332916145182	33.797050585685014
-5.056320400500626	33.61019037042254
-5.04630788485607	33.39201503750756
-5.036295369211514	33.01633734251371
-5.026282853566959	32.46376280724361
-5.016270337922403	31.933184395485785
-5.006257822277847	31.456187358088645
-4.996245306633291	31.004255987022667
-4.986232790988735	30.44378359131088
-4.97622027534418	29.701936143407757
-4.966207759699625	28.96638865340293
-4.956195244055069	28.29032092725591
-4.946182728410513	27.487548785316775
-4.9361702127659575	26.58546046095146
-4.926157697121402	25.8106810594064
-4.916145181476846	25.189794372278985
-4.90613266583229	24.569609556505704
-4.896120150187734	24.167911665016575
-4.886107634543179	23.786159920541444
-4.876095118898624	23.21523720821727
-4.866082603254068	22.556520003564508
-4.8560700876095115	22.003790853281718
-4.8460575719649555	21.622158245575456
-4.8360450563204	21.303349773853842
-4.826032540675845	21.007904709706
-4.816020025031289	20.72606452374834
-4.806007509386733	20.453898330963987
-4.795994993742178	20.12462725849405
-4.785982478097623	19.744075091578615
-4.7759699624530665	19.395969158925677
-4.76595744680851	19.174350804964092
-4.755944931163954	19.07468918628478
-4.745932415519399	19.005553010461153
-4.735919899874844	18.876148307898045
-4.725907384230288	18.768967631291183
-4.715894868585732	18.702438404162454
-4.705882352941176	18.652529860937676
-4.6958698372966206	18.49070910655126
-4.685857321652065	18.334779389962435
-4.675844806007509	18.279956171654614
-4.665832290362953	18.264681367543268
-4.655819774718398	18.277994194177353
-4.645807259073843	18.29562344329426
-4.635794743429287	18.284735055724937
-4.625782227784731	18.23524226615037
-4.615769712140175	18.18620425969088
-4.605757196495619	18.111566276220874
-4.595744680851064	17.919398675091657
-4.585732165206508	17.902041245488032
-4.575719649561952	17.899325453228577
-4.565707133917396	17.897919735473458
-4.555694618272841	17.896812966560905
-4.545682102628286	17.895931799060563
-4.53566958698373	17.895266355013348
-4.5256570713391735	17.894793070799977
-4.515644555694618	17.894478393463586
-4.505632040050063	17.894287904113035
-4.495619524405507	17.894191634655407
-4.485607008760951	17.894165764612907
-4.475594493116395	17.89419230718177
-4.46558197747184	17.894258036490037
-4.4555694618272845	17.89435332278069
-4.4455569461827285	17.894471140353147
-4.435544430538172	17.89460630815933
-4.425531914893616	17.894754940207456
-4.415519399249061	17.894914060013406
-4.405506883604506	17.895081334669673
-4.39549436795995	17.89525489285542
-4.385481852315394	17.89543320047687
-4.375469336670839	17.895614975391087
-4.365456821026283	17.895799128471253
-4.355444305381727	17.89598472239085
-4.345431789737171	17.89617094234149
-4.335419274092615	17.896357074820692
-4.32540675844806	17.89654249191318
-4.315394242803505	17.8967266393477
-4.305381727158949	17.896909027180214
-4.295369211514393	17.897089222332937
-4.285356695869837	17.89726684246872
-4.275344180225281	17.897441550847258
-4.265331664580726	17.89761305192007
-4.25531914893617	17.897781087495833
-4.245306633291614	17.89794543335662
-4.235294117647059	17.898105896240224
-4.225281602002504	17.898262311125755
-4.215269086357948	17.89841453877604
-4.2052565707133915	17.898562463501015
-4.1952440550688355	17.89870599111422
-4.18523153942428	17.898845047059968
-4.175219023779725	17.898979574692877
-4.165206508135169	17.899109533694457
-4.155193992490613	17.899234898613713
-4.145181476846057	17.899355657520672
-4.135168961201502	17.899471810763007
-4.1251564455569465	17.89958336981714
-4.11514392991239	17.896330150437134
-4.105131414267834	17.895008729021217
-4.095118898623279	17.895106670201262
-4.085106382978723	17.903245613938243
-4.075093867334168	17.875590946023664
-4.065081351689612	17.875675635242924
-4.055068836045056	17.9172117902291
-4.045056320400501	17.906430972235885
-4.035043804755945	17.568124211194657
-4.025031289111389	17.661067169386765
-4.015018773466833	17.661799355734615
-4.005006257822277	17.639399475542085
-3.994993742177722	17.557673118453035
-3.9849812265331668	17.5247684409248
-3.9749687108886107	17.583678154393517
-3.9649561952440546	17.894287258368678
-3.9549436795994994	18.156126151945948
-3.9449311639549434	18.451815385729383
-3.934918648310388	18.396574041378745
-3.924906132665832	18.655261054322544
-3.914893617021277	18.883072348110005
-3.904881101376721	19.01485272710222
-3.8948685857321648	19.211706789089934
-3.8848560700876096	18.998245714369123
-3.8748435544430535	19.1704055376798
-3.8648310387984983	19.576417379582814
-3.8548185231539422	19.547605376342624
-3.844806007509387	20.23326379794266
-3.834793491864831	20.385708089658017
-3.824780976220275	20.623737829636752
-3.8147684605757197	21.015065412876076
-3.8047559449311636	21.341859479926814
-3.7947434292866085	21.720197409784827
-3.7847309136420524	21.936231153927736
-3.774718397997497	22.149824998153097
-3.764705882352941	22.39873533250611
-3.754693366708385	22.604139859639723
-3.74468085106383	22.6042518311066
-3.734668335419274	22.60436677001312
-3.7246558197747186	22.60448489922986
-3.7146433041301625	22.739239481927235
-3.7046307884856065	22.776070045282996
-3.6946182728410513	22.811528377113017
-3.684605757196495	22.939729782656435
-3.67459324155194	23.116665642920562
-3.664580725907384	23.21939031701049
-3.6545682102628287	23.21953637891728
-3.6445556946182727	23.21968750729609
-3.6345431789737166	23.219844042476936
-3.6245306633291614	23.220006354988822
-3.6145181476846053	23.22017484858174
-3.60450563204005	23.220349963528324
-3.594493116395494	23.220532180270443
-3.584480600750939	23.220722023445916
-3.574468085106383	23.22092006633491
-3.5644555694618267	23.221126935767913
-3.5544430538172715	23.22134331754162
-3.5444305381727155	23.22156996239197
-3.5344180225281603	23.221807692577674
-3.524405506883604	23.22205740913052
-3.514392991239049	23.22232009983246
-3.504380475594493	23.222596847981826
-3.494367959949937	23.222888842013017
-3.4843554443053817	23.223197386035707
-3.4743429286608256	23.223523911358907
-3.4643304130162704	23.2238699890639
-3.4543178973717144	23.22423734368633
-3.444305381727159	23.22462786806233
-3.434292866082603	23.225043639386143
-3.424280350438047	23.22548693651775
-3.414267834793492	23.225960258572403
-3.4042553191489358	23.226466344824377
-3.3942428035043806	23.227008195977053
-3.3842302878598245	23.22758909691757
-3.3742177722152693	23.228212641239523
-3.3642052565707132	23.2288827581901
-3.354192740926157	23.22960374350003
-3.344180225281602	23.230380297235232
-3.334167709637046	23.231217575283363
-3.3241551939924907	23.232121268223295
-3.3141426783479346	23.233097735924517
-3.3041301627033794	23.234154256022403
-3.2941176470588234	23.23529950503395
-3.2841051314142673	23.236544513330497
-3.274092615769712	23.237904578716222
-3.264080100125156	23.239403090991466
-3.254067584480601	23.241079046341834
-3.2440550688360448	23.243001188897537
-3.2340425531914896	23.245292057405138
-3.2240300375469335	23.24815920207207
-3.2140175219023774	23.251903031026814
-3.2040050062578223	23.2568135259145
-3.193992490613266	23.26292267300839
-3.183979974968711	23.270283958299544
-3.173967459324155	23.282018322807676
-3.1639549436795997	23.300139852884588
-3.1539424280350437	23.33766916808102
-3.1439299123904876	23.38472155788809
-3.1339173967459324	23.41957725375212
-3.1239048811013763	23.496539681219062
-3.113892365456821	23.5403316707927
-3.103879849812265	23.588004784714762
-3.09386733416771	23.69432740787056
-3.083854818523154	23.81722534245433
-3.0738423028785977	23.908560277506993
-3.0638297872340425	23.959953848272004
-3.0538172715894865	24.089845648985293
-3.0438047559449313	24.23681761595969
-3.033792240300375	24.36140665605526
-3.02377972465582	24.601264149632982
-3.013767209011264	24.91768309824852
-3.003754693366708	25.23541600999204
-2.9937421777221527	25.623523143933948
-2.9837296620775966	26.052398242506264
-2.9737171464330414	26.479750986814523
-2.9637046307884853	26.957103238431284
-2.95369211514393	27.487852639092267
-2.943679599499374	28.21771944508575
-2.933667083854818	29.14781676930295
-2.923654568210263	30.05994401531506
-2.9136420525657067	30.87500100026733
-2.9036295369211516	31.696385235274757
-2.8936170212765955	32.58344521077514
-2.8836045056320403	33.40834968222067
-2.873591989987484	34.295260154646805
-2.863579474342928	35.33814528784155
-2.853566958698373	36.486352125229374
-2.843554443053817	37.55397240330663
-2.8335419274092617	38.55811777353821
-2.8235294117647056	39.602176778609525
-2.8135168961201504	40.36992002526629
-2.8035043804755944	40.79761140657221
-2.7934918648310383	41.169594823223086
-2.783479349186483	41.56630870779921
-2.773466833541927	42.03418710504114
-2.763454317897372	42.47202938760188
-2.7534418022528158	42.863464482149084
-2.7434292866082606	43.19710764623911
-2.7334167709637045	43.46389417480568
-2.7234042553191484	43.808993105306925
-2.7133917396745932	44.16704671019842
-2.703379224030037	44.642383480804675
-2.693366708385482	45.211896682150396
-2.683354192740926	45.703150638907836
-2.6733416770963707	46.12449400380471
-2.6633291614518146	46.4806258974022
-2.6533166458072586	46.76965731760828
-2.6433041301627034	47.08913887233186
-2.6332916145181473	47.33378372263165
-2.623279098873592	47.43639077974746
-2.613266583229036	47.49447233135335
-2.603254067584481	47.34020226248677
-2.593241551939925	46.87894155690862
-2.5832290362953687	46.441142650571436
-2.5732165206508135	46.04572594794081
-2.5632040050062574	45.59715728987042
-2.5531914893617023	45.17009386809848
-2.543178973717146	44.71552250189799
-2.533166458072591	44.19012963525775
-2.523153942428035	43.42779266666954
-2.513141426783479	42.665676236853336
-2.5031289111389237	41.91822574049164
-2.4931163954943676	41.06115438088469
-2.4831038798498124	40.02618294579361
-2.4730913642052563	38.958627832817854
-2.463078848560701	37.84808914620566
-2.453066332916145	36.85558788048922
-2.443053817271589	35.987000079730755
-2.433041301627034	35.07349110640665
-2.4230287859824777	34.41707837060598
-2.4130162703379225	33.89870095245061
-2.4030037546933665	33.389292627646256
-2.3929912390488113	32.87391934290371
-2.382978723404255	32.495760520743
-2.372966207759699	32.22098559865277
-2.362953692115144	32.02942205219665
-2.352941176470588	31.58709650478032
-2.3429286608260327	31.39526399144462
-2.3329161451814766	31.34048827270584
-2.3229036295369214	31.323834043107347
-2.3128911138923653	31.408075382476323
-2.3028785982478093	31.463790892885697
-2.292866082603254	31.94624395538864
-2.282853566958698	32.18345517177394
-2.272841051314143	32.33427884998371
-2.2628285356695867	32.73590387091635
-2.2528160200250316	32.984177545978184
-2.2428035043804755	33.68708571976398
-2.2327909887359194	34.17305745152845
-2.2227784730913642	34.721038787092006
-2.212765957446808	35.117058754518496
-2.202753441802253	35.610630480791855
-2.192740926157697	36.23615907709709
-2.1827284105131417	36.83222040437571
-2.1727158948685856	37.268947237015475
-2.1627033792240296	37.872752743993686
-2.1526908635794744	38.8298340942045
-2.1426783479349183	39.3477165834381
-2.132665832290363	39.96775268050852
-2.122653316645807	40.47726116392282
-2.112640801001252	41.08102549043231
-2.1026282853566958	41.68768890810976
-2.0926157697121397	42.349087518435084
-2.0826032540675845	43.01494157591486
-2.0725907384230284	43.77081207042699
-2.0625782227784732	44.50671757118781
-2.052565707133917	45.105259946943214
-2.042553191489362	45.59444305732381
-2.032540675844806	46.176787104027575
-2.02252816020025	46.84873513527861
-2.0125156445556946	47.495933389496145
-2.0025031289111386	48.15854576592589
-1.9924906132665834	48.90691821388709
-1.9824780976220273	49.81250789139018
-1.9724655819774712	50.64977544533186
-1.962453066332916	51.32193110981189
-1.95244055068836	52.11928277474161
-1.9424280350438048	52.830857655146815
-1.9324155193992487	53.58294718369485
-1.9224030037546935	54.37566254062177
-1.9123904881101375	55.156012936172125
-1.9023779724655814	55.86858423387056
-1.8923654568210262	56.35274503655685
-1.8823529411764701	56.76934813784529
-1.872340425531915	57.15850874548258
-1.8623279098873589	57.47367852097724
-1.8523153942428037	57.80029600386971
-1.8423028785982476	58.128943773818094
-1.8322903629536915	58.2733696773615
-1.8222778473091363	58.34258770019229
-1.8122653316645803	58.45182035652432
-1.802252816020025	58.54723670119051
-1.792240300375469	58.62844676569847
-1.7822277847309138	58.757966342704165
-1.7722152690863577	58.98481943180153
-1.7622027534418017	59.078600955906076
-1.7521902377972465	58.97803996947331
-1.7421777221526904	58.76790686762649
-1.7321652065081352	58.45345712701805
-1.7221526908635791	58.246937451666895
-1.712140175219024	58.204134482870614
-1.7021276595744679	58.22390196740685
-1.6921151439299118	58.239222823851286
-1.6821026282853566	58.18177666616678
-1.6720901126408005	58.07106036274743
-1.6620775969962454	57.935535032801816
-1.6520650813516893	57.74004949577092
-1.642052565707134	57.40550133329313
-1.632040050062578	56.948221060716726
-1.622027534418022	56.49486176322234
-1.6120150187734668	55.98480554379091
-1.6020025031289107	55.34961449989871
-1.5919899874843555	54.67800392482665
-1.5819774718397994	54.03883085943194
-1.5719649561952442	53.488394787597706
-1.5619524405506882	52.92750912213688
-1.551939924906132	52.35651094826614
-1.541927409261577	51.73018796784022
-1.5319148936170208	51.038986686750235
-1.5219023779724656	50.390395456401166
-1.5118898623279096	49.785774659516605
-1.5018773466833544	49.32777021272763
-1.4918648310387983	48.964768206470815
-1.4818523153942422	48.36933317639162
-1.471839799749687	47.88599658472877
-1.461827284105131	47.689496936711656
-1.4518147684605758	47.329464725066494
-1.4418022528160197	47.05852800370018
-1.4317897371714645	46.700915343983255
-1.4217772215269084	46.107048478962724
-1.4117647058823524	45.69061867024142
-1.4017521902377972	45.37808477608456
-1.391739674593241	45.22847553469123
-1.381727158948686	45.23603358453796
-1.3717146433041298	45.234394473846066
-1.3617021276595747	45.05979891619107
-1.3516896120150186	44.87309598211466
-1.3416770963704625	44.68818299242402
-1.3316645807259073	44.44084130762011
-1.3216520650813512	44.339125037908104
-1.311639549436796	44.410378966458225
-1.30162703379224	44.66786226801717
-1.2916145181476848	44.98872395157404
-1.2816020025031287	45.30395683375482
-1.2715894868585726	45.50823449237239
-1.2615769712140175	45.807515359793186
-1.2515644555694614	46.0665003277844
-1.2415519399249062	46.310885534850144
-1.2315394242803501	46.663767229312185
-1.221526908635795	47.428747484314215
-1.2115143929912389	48.53335803683536
-1.2015018773466828	49.3116155193477
-1.1914893617021276	49.95767756124948
-1.1814768460575715	50.5915861999177
-1.1714643304130163	51.28143714498731
-1.1614518147684603	51.76608906141994
-1.151439299123905	52.30701617405346
-1.141426783479349	53.00117266589095
-1.131414267834793	53.5055727299262
-1.1214017521902377	53.90181036319552
-1.1113892365456817	54.400890939288885
-1.1013767209011265	54.87276511612443
-1.0913642052565704	55.20566108565155
-1.0813516896120152	55.49424687134124
-1.0713391739674591	55.880052237627964
-1.061326658322903	56.22492797513971
-1.0513141426783479	56.34494063444682
-1.0413016270337918	56.25811833933454
-1.0312891113892366	56.16162630132542
-1.0212765957446805	56.12742403566715
-1.0112640801001254	56.123795468090876
-1.0012515644555693	56.20095742462652
-0.9912390488110132	56.30364028608544
-0.981226533166458	56.28148530150816
-0.971214017521902	56.15418125166469
-0.9612015018773468	56.08771476657277
-0.9511889862327907	55.86075674269558
-0.9411764705882355	55.46242697611024
-0.9311639549436794	55.02758012894887
-0.9211514392991234	54.58870867654441
-0.9111389236545682	54.15982158843233
-0.9011264080100121	53.73473400025381
-0.8911138923654569	53.29548459545003
-0.8811013767209008	52.91010544940102
-0.8710888610763456	52.548629708160206
-0.8610763454317896	52.28404945339155
-0.8510638297872335	52.193871198161816
-0.8410513141426783	52.09391096192944
-0.8310387984981222	51.92228463568871
-0.821026282853567	51.714086630517905
-0.811013767209011	51.477522008974496
-0.8010012515644558	51.14897673493939
-0.7909887359198997	50.84208534296169
-0.7809762202753436	50.66322826934842
-0.7709637046307884	50.5096620917375
-0.7609511889862324	50.254124611451154
-0.7509386733416772	49.863092762614635
-0.7409261576971211	49.506157210910814
-0.7309136420525659	49.12456006080788
-0.7209011264080099	48.65503356873036
-0.7108886107634538	48.106914504291446
-0.7008760951188986	47.48772226532874
-0.6908635794743425	46.92379619605383
-0.6808510638297873	46.49439971130379
-0.6708385481852313	46.216485469076005
-0.6608260325406761	46.058144692347966
-0.65081351689612	45.944552035238345
-0.6408010012515639	45.83394460830535
-0.6307884856070087	45.73828953472685
-0.6207759699624527	45.66412136024252
-0.6107634543178975	45.57590871303973
-0.6007509386733414	45.38253790213725
-0.5907384230287862	45.155997100832714
-0.5807259073842301	44.972244339971915
-0.5707133917396741	44.672482260647946
-0.5607008760951189	44.18310141398252
-0.5506883604505628	43.66046424177655
-0.5406758448060076	43.30778337659002
-0.5306633291614515	43.13077676294025
-0.5206508135168963	43.00038967504802
-0.5106382978723403	42.91748292979289
-0.5006257822277842	42.90556284601758
-0.490613266583229	42.9670240613699
-0.48060075093867294	43.02933836134248
-0.47058823529411775	43.04672528363677
-0.4605757196495617	43.10498713794986
-0.4505632040050065	43.17750148616831
-0.4405506883604504	43.21428292130128
-0.43053817271589434	43.23396525502169
-0.42052565707133915	43.35952383367695
-0.4105131414267831	43.52862339832334
-0.4005006257822279	43.551128996580836
-0.3904881101376718	43.41273314849291
-0.38047559449311663	43.27996069064093
-0.37046307884856056	43.19443437828702
-0.3604505632040045	43.06623829264556
-0.3504380475594493	42.94721116366967
-0.3404255319148932	42.93082936355226
-0.33041301627033803	42.87009530101501
-0.32040050062578196	42.62709834876619
-0.3103879849812259	42.273105154004796
-0.3003754693366707	41.95242870403985
-0.2903629536921146	41.76735378241891
-0.28035043804755944	41.665970297711034
-0.27033792240300336	41.5867434284674
-0.2603254067584482	41.483846473836145
-0.2503128911138921	41.27383641151491
-0.24030037546933602	40.979236006839635
-0.23028785982478084	40.66814842430116
-0.22027534418022476	40.35129679896156
-0.21026282853566958	39.976219356084094
-0.2002503128911135	39.601617805533024
-0.19023779724655832	39.403119167119584
-0.18022528160200224	39.34478034087687
-0.17021276595744617	39.3393342567977
-0.16020025031289098	39.317292329312856
-0.1501877346683349	39.23580920880272
-0.14017521902377972	39.09539925298077
-0.13016270337922364	38.95523535205676
-0.12015018773466846	38.91812127175686
-0.11013767209011238	38.9252172423555
-0.10012515644555631	38.89050175390547
-0.09011264080100112	38.78084362138403
-0.08010012515644505	38.63630603317053
-0.07008760951188986	38.505356024865826
-0.060075093867333784	38.36034236757988
-0.0500625782227786	38.15909312362252
-0.04005006257822252	37.93602477778314
-0.030037546933666448	37.70339447094159
-0.02002503128911126	37.4702091230857
-0.010012515644555187	37.24898822839336
0.0	37.00239399173058
