-8.0	8.549083872452107
-7.989987484355444	8.498198295467898
-7.979974968710889	8.456327712770232
-7.969962453066333	8.432570625653685
-7.9599499374217775	8.422939781980313
-7.949937421777221	8.406339120756238
-7.939924906132666	8.367713507963064
-7.92991239048811	8.270454055000343
-7.919899874843554	8.084722257638711
-7.909887359198999	7.849547214688386
-7.899874843554443	7.597633917214389
-7.889862327909888	7.322495673972018
-7.8798498122653315	7.140252834584527
-7.869837296620776	6.992006498763875
-7.85982478097622	6.822694070245897
-7.849812265331664	6.581633866570951
-7.839799749687109	6.374684657355483
-7.829787234042553	6.182041593189272
-7.819774718397998	5.984024328907699
-7.809762202753442	5.796245440028128
-7.7997496871088865	5.5842722085558
-7.78973717146433	5.420248935036274
-7.779724655819774	5.340525106238125
-7.769712140175219	5.283304749457877
-7.759699624530663	5.200692970872599
-7.749687108886108	5.047024584079717
-7.739674593241552	4.859626637149086
-7.729662077596997	4.689835246224807
-7.719649561952441	4.52421947570613
-7.7096370463078845	4.382255744797622
-7.699624530663329	4.224542474999667
-7.689612015018773	4.094045035582371
-7.679599499374218	3.9366583561743735
-7.669586983729662	3.8008349762250107
-7.659574468085107	3.687706712273993
-7.649561952440551	3.59578493605526
-7.639549436795995	3.5617944516923243
-7.629536921151439	3.581264696957284
-7.619524405506883	3.635011483778229
-7.609511889862328	3.672382963659067
-7.599499374217772	3.636289592789931
-7.589486858573217	3.659271973483928
-7.579474342928661	3.7397149216692336
-7.569461827284105	3.7833947947902655
-7.55944931163955	3.800221157347238
-7.5494367959949935	3.8223106227910644
-7.539424280350438	3.8438323496496736
-7.529411764705882	3.8747115616477323
-7.519399249061326	3.897670133014169
-7.509386733416771	3.97845085366874
-7.499374217772215	4.12036031516893
-7.48936170212766	4.289403001835426
-7.479349186483104	4.451011430905028
-7.4693366708385485	4.670715843686904
-7.459324155193992	4.974239665274252
-7.449311639549437	5.2984813633575705
-7.439299123904881	5.627012856688162
-7.429286608260325	5.936882561394473
-7.41927409261577	6.245720744809053
-7.409261576971214	6.5783345965079905
-7.399249061326659	6.864430669733534
-7.3892365456821025	7.093334016191768
-7.3792240300375465	7.303728383877298
-7.369211514392991	7.51884456080979
-7.359198998748435	7.740768609878435
-7.34918648310388	8.005178375102032
-7.339173967459324	8.353360042552927
-7.329161451814769	8.758954451060863
-7.319148936170213	9.193119673615083
-7.3091364205256575	9.662282266216891
-7.299123904881101	10.137951220678167
-7.289111389236545	10.604550543694788
-7.27909887359199	11.05718381148792
-7.269086357947434	11.501156311817835
-7.259073842302879	11.953436675660171
-7.249061326658323	12.396444691752228
-7.239048811013767	12.81103191156763
-7.2290362953692116	13.200483474104105
-7.2190237797246555	13.543542914577962
-7.2090112640801	13.810726982071605
-7.198998748435544	13.992514178860727
-7.188986232790989	14.091730932447424
-7.178973717146433	14.158146794784548
-7.168961201501878	14.265042913201817
-7.158948685857322	14.418192878602646
-7.148936170212766	14.561407136522973
-7.13892365456821	14.688393919486435
-7.128911138923654	14.79859319440485
-7.118898623279099	14.905462771133125
-7.108886107634543	15.020365086528688
-7.098873591989987	15.117186408209308
-7.088861076345432	15.172155553923682
-7.078848560700876	15.170572417228044
-7.068836045056321	15.104533555930523
-7.0588235294117645	14.983005243439527
-7.048811013767209	14.83242642582048
-7.038798498122653	14.67522972231043
-7.028785982478098	14.52212290263233
-7.018773466833542	14.374097135306103
-7.008760951188986	14.215074841931159
-6.998748435544431	14.015993704860954
-6.988735919899875	13.768733527216611
-6.9787234042553195	13.50677737514089
-6.968710888610763	13.256784269919521
-6.958698372966207	12.993714435748643
-6.948685857321652	12.688547091000782
-6.938673341677096	12.359842263051178
-6.928660826032541	12.065073126664773
-6.918648310387985	11.858659344330581
-6.908635794743429	11.72299572418615
-6.8986232790988735	11.585187660560884
-6.888610763454318	11.411561619559226
-6.878598247809762	11.19571152814883
-6.868585732165206	10.92653402803641
-6.858573216520651	10.59828782134453
-6.848560700876095	10.229495228305074
-6.83854818523154	9.862624174362805
-6.828535669586984	9.55717276776647
-6.818523153942428	9.335759466616356
-6.808510638297872	9.163548860799427
-6.798498122653316	8.977200436462635
-6.788485607008761	8.73300812095663
-6.778473091364205	8.447188026564515
-6.768460575719649	8.14847382554168
-6.758448060075094	7.847962943591866
-6.748435544430539	7.5765323156784286
-6.7384230287859825	7.362230341110377
-6.7284105131414265	7.209005144093214
-6.718397997496871	7.102537353418251
-6.708385481852315	6.993131967351534
-6.69837296620776	6.862318222350092
-6.688360450563204	6.741467698119627
-6.678347934918648	6.6668141452187974
-6.668335419274093	6.649076435633886
-6.658322903629537	6.69114939126608
-6.648310387984981	6.778482869938446
-6.638297872340425	6.918275033651055
-6.628285356695869	7.103009051262765
-6.618272841051314	7.286452158360636
-6.608260325406759	7.42952241586977
-6.598247809762203	7.531658045388111
-6.588235294117647	7.660229357518021
-6.578222778473092	7.833791145105495
-6.5682102628285355	8.069212637460577
-6.55819774718398	8.357886440286817
-6.548185231539424	8.688527338951806
-6.538172715894868	9.058490234949856
-6.528160200250313	9.46479534419943
-6.518147684605757	9.914464044401363
-6.508135168961202	10.463419081727151
-6.498122653316646	11.154106321534057
-6.4881101376720896	11.769315965449836
-6.478097622027534	12.370905447552456
-6.468085106382979	12.916053704098488
-6.458072590738423	13.420749919713304
-6.448060075093867	13.941043181156141
-6.438047559449312	14.41538512515496
-6.428035043804756	14.923750788415754
-6.418022528160201	15.475632060456325
-6.4080100125156445	16.05370766183146
-6.397997496871088	16.690560480183287
-6.387984981226533	17.31384783407126
-6.377972465581977	17.734265227129818
-6.367959949937422	18.13383474464979
-6.357947434292866	18.50355762477381
-6.34793491864831	18.76510360070762
-6.337922403003755	18.978694235647897
-6.3279098873591995	19.19204946715226
-6.317897371714643	19.419823960466275
-6.307884856070087	19.709646134188247
-6.297872340425532	19.99119741377321
-6.287859824780976	20.196309560648594
-6.277847309136421	20.407526444801615
-6.267834793491865	20.572577554175414
-6.257822277847309	20.67128421169492
-6.2478097622027535	20.69526413070122
-6.2377972465581975	20.6412934478661
-6.227784730913642	20.548155678365696
-6.217772215269086	20.46573607576844
-6.20775969962453	20.353913422433397
-6.197747183979975	20.20355339413613
-6.18773466833542	20.049878353998366
-6.177722152690864	19.821922727904827
-6.167709637046308	19.60196985432334
-6.157697121401752	19.49238015146804
-6.147684605757196	19.420937696841293
-6.137672090112641	19.299046337203873
-6.127659574468085	19.16494841390362
-6.117647058823529	19.006587626303638
-6.107634543178974	18.790871880633805
-6.097622027534418	18.615189496480575
-6.0876095118898625	18.47383329427928
-6.0775969962453065	18.316052374994833
-6.06758448060075	18.181094346313213
-6.057571964956195	18.06312744882584
-6.04755944931164	17.928079025717153
-6.037546933667084	17.81532305564981
-6.027534418022528	17.709818597272765
-6.017521902377973	17.635752891278223
-6.007509386733417	17.59727039374484
-5.997496871088861	17.546888801225332
-5.987484355444305	17.405683867317293
-5.977471839799749	17.277242002730596
-5.967459324155194	17.194442478554453
-5.957446808510639	17.124763623189335
-5.947434292866083	17.097191480739813
-5.937421777221527	16.98518186424837
-5.927409261576971	16.873075717699244
-5.9173967459324155	16.834429668872662
-5.90738423028786	16.81081855017594
-5.897371714643304	16.766216300020208
-5.887359198998748	16.704643583208416
-5.877346683354192	16.698751293823932
-5.867334167709637	16.63500066498879
-5.857321652065082	16.675108922309196
-5.847309136420526	16.588532414582552
-5.83729662077597	16.61509734735029
-5.827284105131414	16.704872603333097
-5.817271589486858	16.72035221052029
-5.807259073842303	16.56318608245991
-5.797246558197747	16.425957239147863
-5.787234042553191	16.377680557486517
-5.777221526908636	16.27404845432894
-5.767209011264081	16.214922903437696
-5.7571964956195245	15.979323401102242
-5.747183979974968	15.92689381219487
-5.737171464330412	15.944995278261903
-5.727158948685857	15.95287922898811
-5.717146433041302	15.901239702653331
-5.707133917396746	16.029058512937315
-5.69712140175219	16.178760353382536
-5.687108886107635	16.23123858148502
-5.677096370463079	16.337094485449562
-5.667083854818523	16.51987122390917
-5.657071339173967	16.63731500959243
-5.647058823529411	16.643679955284906
-5.637046307884856	16.714008278922734
-5.627033792240301	16.757944692402138
-5.617021276595745	16.829166143755042
-5.607008760951189	16.774577321217464
-5.596996245306633	16.704976891937875
-5.5869837296620775	16.60721279145566
-5.576971214017522	16.626575625793222
-5.566958698372966	16.70207151462991
-5.55694618272841	16.778495516527432
-5.546933667083855	16.831519184233322
-5.536921151439299	16.901049337493642
-5.526908635794744	16.96860198782562
-5.516896120150188	17.165079033163565
-5.5068836045056315	17.295742212605088
-5.496871088861076	17.37939679492854
-5.486858573216521	17.6047403385753
-5.476846057571965	17.79104209453228
-5.466833541927409	17.983868486803658
-5.456821026282853	18.288991051880902
-5.446808510638298	18.552440228233497
-5.4367959949937426	18.801187828215607
-5.4267834793491865	19.083320706343546
-5.41677096370463	19.510393918999664
-5.406758448060075	19.943037209749274
-5.396745932415519	20.39415803914017
-5.386733416770964	20.826854848232085
-5.376720901126408	21.206392718118014
-5.366708385481852	21.59754860499149
-5.356695869837297	22.060174965555376
-5.346683354192741	22.5339604434822
-5.336670838548185	23.066838536288618
-5.326658322903629	23.662108399101317
-5.316645807259073	24.208158885682828
-5.306633291614518	24.54125255587599
-5.296620775969963	24.752511813031386
-5.286608260325407	24.974321031483665
-5.276595744680851	25.404788670026758
-5.2665832290362955	25.96880011156612
-5.256570713391739	26.572868687130732
-5.246558197747184	27.084867897487268
-5.236545682102628	27.59055056941758
-5.226533166458072	28.08981280953337
-5.216520650813517	28.620529881906943
-5.206508135168962	29.128810593307687
-5.196495619524406	29.480476794299292
-5.18648310387985	29.573101469419857
-5.1764705882352935	29.45210755019731
-5.166458072590738	29.240332867390894
-5.156445556946183	28.897480143670887
-5.146433041301627	28.412315790754693
-5.136420525657071	28.003245726875733
-5.126408010012516	27.788962260470488
-5.11639549436796	27.715212080044964
-5.1063829787234045	27.70098039871729
-5.0963704630788484	27.647315676860085
-5.086357947434292	27.50284049369657
-5.076345431789737	27.316184888026733
-5.066332916145182	27.07510538086013
-5.056320400500626	26.93189321387613
-5.04630788485607	26.774133789277148
-5.036295369211514	26.532190028710833
-5.026282853566959	26.104275488020747
-5.016270337922403	25.5960061797654
-5.006257822277847	24.962735758118868
-4.996245306633291	24.301262253198452
-4.986232790988735	23.64320819213439
-4.97622027534418	23.087871076369723
-4.966207759699625	22.586033224665247
-4.956195244055069	22.084478068296708
-4.946182728410513	21.511489556003387
-4.9361702127659575	20.89555085123952
-4.926157697121402	20.275927589897478
-4.916145181476846	19.55265891711355
-4.90613266583229	18.89427475113269
-4.896120150187734	18.374397727155692
-4.886107634543179	17.867598967378377
-4.876095118898624	17.51045769107446
-4.866082603254068	17.194499737200857
-4.8560700876095115	16.92696878856069
-4.8460575719649555	16.65773646914669
-4.8360450563204	16.474014182671628
-4.826032540675845	16.3535940651461
-4.816020025031289	16.20506358089309
-4.806007509386733	16.032249549218687
-4.795994993742178	15.94277297264441
-4.785982478097623	15.862773380185994
-4.7759699624530665	15.770358458836222
-4.76595744680851	15.683376787550724
-4.755944931163954	15.626378401236243
-4.745932415519399	15.587007715218148
-4.735919899874844	15.50830211518824
-4.725907384230288	15.445529832966567
-4.715894868585732	15.418099934328685
-4.705882352941176	15.403249292768942
-4.6958698372966206	15.391797821677391
-4.685857321652065	15.380371289165755
-4.675844806007509	15.364411666595469
-4.665832290362953	15.35548840103756
-4.655819774718398	15.35077708041865
-4.645807259073843	15.347363792168709
-4.635794743429287	15.344682854478014
-4.625782227784731	15.341949919709826
-4.615769712140175	15.337870538742303
-4.605757196495619	15.33075247904013
-4.595744680851064	15.327831711849518
-4.585732165206508	15.32689932937855
-4.575719649561952	15.326209106013401
-4.565707133917396	15.325617274266
-4.555694618272841	15.325095239272391
-4.545682102628286	15.324626453590744
-4.53566958698373	15.32419925247747
-4.5256570713391735	15.323805242729895
-4.515644555694618	15.32343835809632
-4.505632040050063	15.323094198663126
-4.495619524405507	15.32276955864658
-4.485607008760951	15.32246208723721
-4.475594493116395	15.322170044498181
-4.46558197747184	15.321892125515612
-4.4555694618272845	15.321627333735346
-4.4455569461827285	15.321374889847522
-4.435544430538172	15.321134166415984
-4.425531914893616	15.320904641176503
-4.415519399249061	15.320685863878339
-4.405506883604506	15.320477432944848
-4.39549436795995	15.320278979240635
-4.385481852315394	15.320090154966083
-4.375469336670839	15.319910626234194
-4.365456821026283	15.31974006827345
-4.355444305381727	15.319578162485959
-4.345431789737171	15.319424594799052
-4.335419274092615	15.319279054901767
-4.32540675844806	15.319141236070765
-4.315394242803505	15.319010835373298
-4.305381727158949	15.318887554095518
-4.295369211514393	15.31877109828964
-4.285356695869837	15.318661179365998
-4.275344180225281	15.318557514680085
-4.265331664580726	15.318459828082059
-4.25531914893617	15.318367850408658
-4.245306633291614	15.318281319906449
-4.235294117647059	15.318199982581728
-4.225281602002504	15.318123592476367
-4.215269086357948	15.318051911872322
-4.2052565707133915	15.317984711428977
-4.1952440550688355	15.317921770258733
-4.18523153942428	15.31786287594699
-4.175219023779725	15.31780782452255
-4.165206508135169	15.317756420382612
-4.155193992490613	15.317717604929976
-4.145181476846057	15.159620775872725
-4.135168961201502	15.159579221855479
-4.1251564455569465	15.159538303147958
-4.11514392991239	15.026829060990435
-4.105131414267834	15.105032498398069
-4.095118898623279	15.104997535631412
-4.085106382978723	15.124560119682732
-4.075093867334168	15.12438282247294
-4.065081351689612	15.060836802154892
-4.055068836045056	14.96803434384691
-4.045056320400501	15.02814949201084
-4.035043804755945	14.644508731642034
-4.025031289111389	14.510004493470682
-4.015018773466833	14.505318621550094
-4.005006257822277	14.280090189614485
-3.994993742177722	14.1740363836214
-3.9849812265331668	13.905330487359791
-3.9749687108886107	13.803218398981947
-3.9649561952440546	13.800890181697882
-3.9549436795994994	13.422297349433896
-3.9449311639549434	13.678917960848274
-3.934918648310388	13.623642439733995
-3.924906132665832	13.654565832556129
-3.914893617021277	13.644384381686
-3.904881101376721	13.747280371239036
-3.8948685857321648	13.694989662211562
-3.8848560700876096	14.931581352680151
-3.8748435544430535	15.515176636244904
-3.8648310387984983	16.190741441399865
-3.8548185231539422	16.58577024927819
-3.844806007509387	17.47187771194891
-3.834793491864831	17.75794063302648
-3.824780976220275	18.05357324526551
-3.8147684605757197	18.77871822953899
-3.8047559449311636	19.63528678920382
-3.7947434292866085	19.941900412791348
-3.7847309136420524	20.0426124761593
-3.774718397997497	20.262447158137643
-3.764705882352941	20.475676103827677
-3.754693366708385	20.757574137396123
-3.74468085106383	20.651075939396453
-3.734668335419274	20.72827896826027
-3.7246558197747186	20.667214587659874
-3.7146433041301625	20.709936463415445
-3.7046307884856065	20.997202216977264
-3.6946182728410513	20.99734536493326
-3.684605757196495	20.997390401233503
-3.67459324155194	21.120192708777335
-3.664580725907384	21.120203918597188
-3.6545682102628287	21.24571601354948
-3.6445556946182727	21.245763631893244
-3.6345431789737166	21.245811939822644
-3.6245306633291614	21.245860943872053
-3.6145181476846053	21.245910661768708
-3.60450563204005	21.245961113330466
-3.594493116395494	21.246012320754414
-3.584480600750939	21.2460643089447
-3.574468085106383	21.24611710588614
-3.5644555694618267	21.24617074307009
-3.5544430538172715	21.246225255981113
-3.5444305381727155	21.246280684654025
-3.5344180225281603	21.2463370743125
-3.524405506883604	21.24639447610282
-3.514392991239049	21.246452947938383
-3.504380475594493	21.24651255547346
-3.494367959949937	21.24657337322838
-3.4843554443053817	21.246635485891826
-3.4743429286608256	21.24669898983116
-3.4643304130162704	21.246763994846958
-3.4543178973717144	21.246830626214884
-3.444305381727159	21.246899027066018
-3.434292866082603	21.24696936116603
-3.424280350438047	21.247041816165147
-3.414267834793492	21.24711660740414
-3.4042553191489358	21.247193982377702
-3.3942428035043806	21.24727422597593
-3.3842302878598245	21.24735766664816
-3.3742177722152693	21.247444683662525
-3.3642052565707132	21.24753571567203
-3.354192740926157	21.24763127084795
-3.344180225281602	21.247731938913617
-3.334167709637046	21.247838405523577
-3.3241551939924907	21.24795146962228
-3.3141426783479346	21.2480720647596
-3.3041301627033794	21.248201285995393
-3.2941176470588234	21.248340425324407
-3.2841051314142673	21.248491021184616
-3.274092615769712	21.24865493301662
-3.264080100125156	21.248834463019943
-3.254067584480601	21.249032570449963
-3.2440550688360448	21.249253271967955
-3.2340425531914896	21.249502421323754
-3.2240300375469335	21.249789267406587
-3.2140175219023774	21.250129633569873
-3.2040050062578223	21.250553519197815
-3.193992490613266	21.251165709396314
-3.183979974968711	21.253974684174526
-3.173967459324155	21.298835995586277
-3.1639549436795997	21.35662732960166
-3.1539424280350437	21.36316807199961
-3.1439299123904876	21.36808001458289
-3.1339173967459324	21.374527735453484
-3.1239048811013763	21.382685010411276
-3.113892365456821	21.394569073942982
-3.103879849812265	21.413273568082893
-3.09386733416771	21.435714515226785
-3.083854818523154	21.4712781511193
-3.0738423028785977	21.590382089143425
-3.0638297872340425	21.639786900632988
-3.0538172715894865	21.751747721985993
-3.0438047559449313	21.862165756605062
-3.033792240300375	21.933149940543156
-3.02377972465582	22.06355472440589
-3.013767209011264	22.181787616840246
-3.003754693366708	22.298448981401716
-2.9937421777221527	22.40101429200084
-2.9837296620775966	22.53239415689692
-2.9737171464330414	22.70935865076957
-2.9637046307884853	22.90635549246931
-2.95369211514393	23.22028790551882
-2.943679599499374	23.68790103412406
-2.933667083854818	24.246599548632112
-2.923654568210263	24.649058213572285
-2.9136420525657067	25.11412462668368
-2.9036295369211516	25.73240006283943
-2.8936170212765955	26.465670824323894
-2.8836045056320403	27.154517284144152
-2.873591989987484	27.7125809353393
-2.863579474342928	28.37416555362994
-2.853566958698373	29.3131499552507
-2.843554443053817	30.037928133748355
-2.8335419274092617	30.80764471297446
-2.8235294117647056	31.83038875329221
-2.8135168961201504	32.89827679664009
-2.8035043804755944	33.61172971239125
-2.7934918648310383	34.29667538687909
-2.783479349186483	35.06692867954068
-2.773466833541927	35.73996039907046
-2.763454317897372	36.34185961093225
-2.7534418022528158	37.04444052758997
-2.7434292866082606	37.703190809585685
-2.7334167709637045	38.3550613698956
-2.7234042553191484	38.915481402085334
-2.7133917396745932	39.41317591582011
-2.703379224030037	39.985405171729894
-2.693366708385482	40.61913036630756
-2.683354192740926	41.22627207421987
-2.6733416770963707	41.754067630863226
-2.6633291614518146	42.144416918672526
-2.6533166458072586	42.38012726065296
-2.6433041301627034	42.63453199722355
-2.6332916145181473	42.96415051035029
-2.623279098873592	43.210722622487495
-2.613266583229036	43.350527218215596
-2.603254067584481	43.36266775718017
-2.593241551939925	43.314335306801276
-2.5832290362953687	43.178912868199255
-2.5732165206508135	42.96548621822953
-2.5632040050062574	42.715827837630314
-2.5531914893617023	42.499499248602476
-2.543178973717146	42.26757157967063
-2.533166458072591	41.939647280098235
-2.523153942428035	41.55261120133934
-2.513141426783479	41.145841557788785
-2.5031289111389237	40.72034644022667
-2.4931163954943676	40.22611694909768
-2.4831038798498124	39.55131307289921
-2.4730913642052563	38.596733495776654
-2.463078848560701	37.658044549077815
-2.453066332916145	36.94535287966536
-2.443053817271589	36.287735042151795
-2.433041301627034	35.524521278939886
-2.4230287859824777	34.74437861258072
-2.4130162703379225	33.8765741447379
-2.4030037546933665	32.968005630672515
-2.3929912390488113	32.10936072403371
-2.382978723404255	31.234847564072975
-2.372966207759699	30.527027729517453
-2.362953692115144	29.819718975547772
-2.352941176470588	29.18676119012687
-2.3429286608260327	28.50646388107285
-2.3329161451814766	28.011963514588228
-2.3229036295369214	27.655782846224493
-2.3128911138923653	27.20914996966746
-2.3028785982478093	26.924546469207986
-2.292866082603254	26.69405043021194
-2.282853566958698	26.342116879129257
-2.272841051314143	25.98342563092733
-2.2628285356695867	25.758597350410643
-2.2528160200250316	25.511976388310977
-2.2428035043804755	25.29609175752752
-2.2327909887359194	25.070440539401652
-2.2227784730913642	24.9948667387879
-2.212765957446808	24.844255088469385
-2.202753441802253	24.722417001960007
-2.192740926157697	24.96877588351535
-2.1827284105131417	25.110586936122946
-2.1727158948685856	25.119364261201504
-2.1627033792240296	25.131409938993016
-2.1526908635794744	25.288800325276757
-2.1426783479349183	25.498338782731032
-2.132665832290363	25.601844067664885
-2.122653316645807	25.652211574962124
-2.112640801001252	25.667269714451802
-2.1026282853566958	25.866251054358468
-2.0926157697121397	26.261643255979756
-2.0826032540675845	26.633395392145978
-2.0725907384230284	26.818552475595535
-2.0625782227784732	26.954260533820875
-2.052565707133917	27.30386084859689
-2.042553191489362	27.550134133709285
-2.032540675844806	27.85948569881231
-2.02252816020025	28.39735174869642
-2.0125156445556946	28.83717695583917
-2.0025031289111386	29.23931323643787
-1.9924906132665834	29.51971604822945
-1.9824780976220273	29.901958014022632
-1.9724655819774712	30.08726896666932
-1.962453066332916	30.307486593006523
-1.95244055068836	30.465887927020354
-1.9424280350438048	30.897340632106793
-1.9324155193992487	31.26954133040076
-1.9224030037546935	31.49902430807158
-1.9123904881101375	31.69972708571868
-1.9023779724655814	32.22339081081189
-1.8923654568210262	32.62772734441702
-1.8823529411764701	33.196530460054205
-1.872340425531915	33.719791844980755
-1.8623279098873589	34.06458231922112
-1.8523153942428037	34.532060823150644
-1.8423028785982476	35.1094109283284
-1.8322903629536915	35.60814866170099
-1.8222778473091363	36.2151315023301
-1.8122653316645803	36.94818564464743
-1.802252816020025	37.72948470963381
-1.792240300375469	38.55401930250092
-1.7822277847309138	39.45089124294501
-1.7722152690863577	40.29105900601477
-1.7622027534418017	41.080675984285755
-1.7521902377972465	41.75489232036713
-1.7421777221526904	42.365994730899544
-1.7321652065081352	42.9340735944509
-1.7221526908635791	43.57649062873561
-1.712140175219024	44.29983721345341
-1.7021276595744679	45.02098347963251
-1.6921151439299118	45.83200597407082
-1.6821026282853566	46.7473768530354
-1.6720901126408005	47.486300803100775
-1.6620775969962454	48.11449618426138
-1.6520650813516893	48.66006934045819
-1.642052565707134	49.155530396841776
-1.632040050062578	49.60816800359129
-1.622027534418022	49.93562271458751
-1.6120150187734668	50.20644891412596
-1.6020025031289107	50.508257195662985
-1.5919899874843555	50.801403399402325
-1.5819774718397994	51.260455046997926
-1.5719649561952442	51.842013929588596
-1.5619524405506882	52.23638030807129
-1.551939924906132	52.36557267362038
-1.541927409261577	52.31059163593458
-1.5319148936170208	52.27578703690367
-1.5219023779724656	52.30735065799013
-1.5118898623279096	52.370866725417834
-1.5018773466833544	52.41298410759604
-1.4918648310387983	52.362473961500086
-1.4818523153942422	52.11590663875611
-1.471839799749687	51.73769314497814
-1.461827284105131	51.47036209637636
-1.4518147684605758	51.2283632376259
-1.4418022528160197	50.89595049751293
-1.4317897371714645	50.50154774811852
-1.4217772215269084	50.0788628973946
-1.4117647058823524	49.67170290494592
-1.4017521902377972	49.16111068938769
-1.391739674593241	48.4824185599549
-1.381727158948686	47.55731297350937
-1.3717146433041298	46.65200193989157
-1.3617021276595747	45.87795600174183
-1.3516896120150186	44.98362546041161
-1.3416770963704625	44.076009569803105
-1.3316645807259073	43.22989650983819
-1.3216520650813512	42.31234633176355
-1.311639549436796	41.48143101625408
-1.30162703379224	40.701828071252294
-1.2916145181476848	39.86732824216644
-1.2816020025031287	39.03911534118565
-1.2715894868585726	38.20793252520242
-1.2615769712140175	37.17319414704027
-1.2515644555694614	36.09043904437128
-1.2415519399249062	35.23425099992612
-1.2315394242803501	34.5696888249503
-1.221526908635795	33.94925355786191
-1.2115143929912389	33.08733103191834
-1.2015018773466828	32.146525819965404
-1.1914893617021276	31.583350517440493
-1.1814768460575715	31.025000204322684
-1.1714643304130163	30.372068395065135
-1.1614518147684603	29.786664400963865
-1.151439299123905	29.115385009182187
-1.141426783479349	28.548374405887667
-1.131414267834793	28.10833536584305
-1.1214017521902377	27.945860685001794
-1.1113892365456817	27.698588215937033
-1.1013767209011265	27.45142573426871
-1.0913642052565704	27.17225487506959
-1.0813516896120152	26.89489344269103
-1.0713391739674591	26.586696400665918
-1.061326658322903	26.218507062742745
-1.0513141426783479	25.482865865622664
-1.0413016270337918	25.160528639053634
-1.0312891113892366	25.07151442668478
-1.0212765957446805	25.235952314865212
-1.0112640801001254	25.079288845642377
-1.0012515644555693	25.180730368992528
-0.9912390488110132	25.124282895812858
-0.981226533166458	25.030478713370726
-0.971214017521902	24.840095601342618
-0.9612015018773468	24.76651459586389
-0.9511889862327907	24.721343572147966
-0.9411764705882355	24.461572884498214
-0.9311639549436794	24.44319354533358
-0.9211514392991234	24.64984698578886
-0.9111389236545682	24.830478493829673
-0.9011264080100121	24.924245481252132
-0.8911138923654569	25.078421275264233
-0.8811013767209008	25.364615628724465
-0.8710888610763456	25.55483994562217
-0.8610763454317896	25.728030113099862
-0.8510638297872335	25.931685801375483
-0.8410513141426783	26.29674290272856
-0.8310387984981222	26.846577562990056
-0.821026282853567	27.3569433059512
-0.811013767209011	27.767601133404874
-0.8010012515644558	28.11517516080591
-0.7909887359198997	28.682935735569643
-0.7809762202753436	29.43392331088722
-0.7709637046307884	30.212679637178702
-0.7609511889862324	31.056535913691242
-0.7509386733416772	31.6342103393727
-0.7409261576971211	32.01757463384323
-0.7309136420525659	32.39619220213414
-0.7209011264080099	32.74566344227157
-0.7108886107634538	33.06759158503745
-0.7008760951188986	33.546439746256745
-0.6908635794743425	34.06769960609337
-0.6808510638297873	34.548206999236754
-0.6708385481852313	34.86693401280559
-0.6608260325406761	35.08299295542622
-0.65081351689612	35.37854930006323
-0.6408010012515639	35.903400695100274
-0.6307884856070087	36.5626938507322
-0.6207759699624527	37.047825108005696
-0.6107634543178975	37.31291167282855
-0.6007509386733414	37.48225105037307
-0.5907384230287862	37.67772585212976
-0.5807259073842301	37.82907153833886
-0.5707133917396741	37.807643639535236
-0.5607008760951189	37.70397745307023
-0.5506883604505628	37.55305703436059
-0.5406758448060076	37.395447437124
-0.5306633291614515	37.27253704185587
-0.5206508135168963	37.108068959344465
-0.5106382978723403	36.836227241386574
-0.5006257822277842	36.50779243646783
-0.490613266583229	36.129145509863264
-0.48060075093867294	35.65325170196219
-0.47058823529411775	35.066578201569726
-0.4605757196495617	34.44936353010617
-0.4505632040050065	33.93047246925958
-0.4405506883604504	33.55846199449667
-0.43053817271589434	33.315530935739424
-0.42052565707133915	33.183787821840944
-0.4105131414267831	33.182163064474345
-0.4005006257822279	33.341160358575245
-0.3904881101376718	33.47258653709317
-0.38047559449311663	33.407659336516325
-0.37046307884856056	33.161717993794184
-0.3604505632040045	32.838068211987064
-0.3504380475594493	32.450251479722596
-0.3404255319148932	31.936129097251783
-0.33041301627033803	31.27337780947244
-0.32040050062578196	30.488108349719006
-0.3103879849812259	29.672114231886383
-0.3003754693366707	28.863366156984718
-0.2903629536921146	28.00443097558927
-0.28035043804755944	27.084333116308333
-0.27033792240300336	26.206840266851493
-0.2603254067584482	25.450480753545936
-0.2503128911138921	24.86080682075681
-0.24030037546933602	24.383522856098416
-0.23028785982478084	23.849235670601445
-0.22027534418022476	23.270226844212008
-0.21026282853566958	22.679082747625532
-0.2002503128911135	22.081885513884647
-0.19023779724655832	21.405025050001335
-0.18022528160200224	20.67465170913518
-0.17021276595744617	19.901672582861135
-0.16020025031289098	19.23892173087891
-0.1501877346683349	18.595828318443935
-0.14017521902377972	18.069584608683268
-0.13016270337922364	17.596798081921424
-0.12015018773466846	17.203629503522155
-0.11013767209011238	16.9217379424415
-0.10012515644555631	16.63039185231785
-0.09011264080100112	16.339172889824585
-0.08010012515644505	15.925263940396682
-0.07008760951188986	15.807815369870905
-0.060075093867333784	15.588091078655825
-0.0500625782227786	15.301861805069166
-0.04005006257822252	15.299891974334477
-0.030037546933666448	15.152023212206137
-0.02002503128911126	15.250466083958006
-0.010012515644555187	15.610711614942712
0.0	15.756778810224844
