-8.0	8.920024357211323
-7.989987484355444	8.594624383710956
-7.979974968710889	8.262816202089137
-7.969962453066333	7.875481324210316
-7.9599499374217775	7.4618865163802335
-7.949937421777221	7.088901435386053
-7.939924906132666	6.788780342630376
-7.92991239048811	6.523130923775582
-7.919899874843554	6.256531112476167
-7.909887359198999	6.032837383697158
-7.899874843554443	5.847437311500031
-7.889862327909888	5.645358408104138
-7.8798498122653315	5.437435144321381
-7.869837296620776	5.268854196023971
-7.85982478097622	5.096082910456188
-7.849812265331664	4.908244657324069
-7.839799749687109	4.7745336964033305
-7.829787234042553	4.679772075749796
-7.819774718397998	4.5744135074934045
-7.809762202753442	4.462971559831539
-7.7997496871088865	4.328423929358172
-7.78973717146433	4.155571132306736
-7.779724655819774	3.978106271451771
-7.769712140175219	3.855112178046786
-7.759699624530663	3.7045386899805366
-7.749687108886108	3.4392006768256693
-7.739674593241552	3.1823382787514114
-7.729662077596997	2.928179868582985
-7.719649561952441	2.821813392970164
-7.7096370463078845	2.6942206565737603
-7.699624530663329	2.6038716957868746
-7.689612015018773	2.4809102474392435
-7.679599499374218	2.4393282521474253
-7.669586983729662	2.5088041617253922
-7.659574468085107	2.621210996580865
-7.649561952440551	2.7004640181358286
-7.639549436795995	2.7309800371298065
-7.629536921151439	2.7419516344089723
-7.619524405506883	2.73457286880882
-7.609511889862328	2.7472069202518363
-7.599499374217772	2.7689620960664314
-7.589486858573217	2.785510967896657
-7.579474342928661	2.8234473990808113
-7.569461827284105	2.8661418545913246
-7.55944931163955	2.909616286912879
-7.5494367959949935	2.9576375715799283
-7.539424280350438	3.035217423582862
-7.529411764705882	3.121330467416531
-7.519399249061326	3.2508077798715456
-7.509386733416771	3.394932926573665
-7.499374217772215	3.5066597559734367
-7.48936170212766	3.62149232502422
-7.479349186483104	3.7543123109018772
-7.4693366708385485	3.9088511611538053
-7.459324155193992	4.055127979748846
-7.449311639549437	4.188582866253522
-7.439299123904881	4.3194503751883
-7.429286608260325	4.442371979135879
-7.41927409261577	4.593904703281821
-7.409261576971214	4.798541759743771
-7.399249061326659	5.069043183497905
-7.3892365456821025	5.3811386395815335
-7.3792240300375465	5.736794844765087
-7.369211514392991	6.141750538387071
-7.359198998748435	6.634913659066385
-7.34918648310388	7.246324657111476
-7.339173967459324	7.998573574426931
-7.329161451814769	8.78378477006532
-7.319148936170213	9.644750333854331
-7.3091364205256575	10.564179151127059
-7.299123904881101	11.559597288279475
-7.289111389236545	12.591886732196421
-7.27909887359199	13.624762237855535
-7.269086357947434	14.670440013514101
-7.259073842302879	15.71188362261049
-7.249061326658323	16.69887479925505
-7.239048811013767	17.598625789486906
-7.2290362953692116	18.38561115255148
-7.2190237797246555	18.994091849317762
-7.2090112640801	19.41251706887535
-7.198998748435544	19.688435225422463
-7.188986232790989	19.86278636169098
-7.178973717146433	19.967500098805694
-7.168961201501878	20.012400369580824
-7.158948685857322	19.985621985863663
-7.148936170212766	19.885751720859066
-7.13892365456821	19.716402552237334
-7.128911138923654	19.480658985214294
-7.118898623279099	19.174134482610445
-7.108886107634543	18.76194253883408
-7.098873591989987	18.21101420259601
-7.088861076345432	17.5125912971627
-7.078848560700876	16.691816123012245
-7.068836045056321	15.833083902304672
-7.0588235294117645	15.024841606780914
-7.048811013767209	14.306692395378754
-7.038798498122653	13.681029916606091
-7.028785982478098	13.133915863042105
-7.018773466833542	12.654316350276398
-7.008760951188986	12.243628246496229
-6.998748435544431	11.885416824043613
-6.988735919899875	11.55470423607637
-6.9787234042553195	11.24120752850573
-6.968710888610763	10.94202446656785
-6.958698372966207	10.657536467225693
-6.948685857321652	10.387738931649666
-6.938673341677096	10.12371835340666
-6.928660826032541	9.857608167729389
-6.918648310387985	9.583024193072855
-6.908635794743429	9.291850900693268
-6.8986232790988735	8.988216307313206
-6.888610763454318	8.691869252297339
-6.878598247809762	8.428697647390937
-6.868585732165206	8.198515350511299
-6.858573216520651	7.970374610215322
-6.848560700876095	7.766553070140181
-6.83854818523154	7.605262839303453
-6.828535669586984	7.4787808495971895
-6.818523153942428	7.33638466455602
-6.808510638297872	7.146208401282139
-6.798498122653316	6.950266874408358
-6.788485607008761	6.7633556620111
-6.778473091364205	6.572348034761341
-6.768460575719649	6.37158597977864
-6.758448060075094	6.165741007717431
-6.748435544430539	5.95679740333133
-6.7384230287859825	5.730361816167085
-6.7284105131414265	5.484287762041722
-6.718397997496871	5.223641656841983
-6.708385481852315	5.005252341708382
-6.69837296620776	4.858392750506785
-6.688360450563204	4.756758672328533
-6.678347934918648	4.704717325293809
-6.668335419274093	4.672729123011307
-6.658322903629537	4.610749262097501
-6.648310387984981	4.546529281241187
-6.638297872340425	4.538572633200487
-6.628285356695869	4.686015378339367
-6.618272841051314	4.981741366150394
-6.608260325406759	5.355877213976942
-6.598247809762203	5.757780194385004
-6.588235294117647	6.2256247538454
-6.578222778473092	6.883331772257039
-6.5682102628285355	7.824457467192002
-6.55819774718398	8.767882177147658
-6.548185231539424	9.663109785100321
-6.538172715894868	10.502420703956298
-6.528160200250313	11.284893642365637
-6.518147684605757	12.133774452910664
-6.508135168961202	13.004177657678236
-6.498122653316646	13.897579563690583
-6.4881101376720896	14.79226772184171
-6.478097622027534	15.677987763832663
-6.468085106382979	16.50342867212054
-6.458072590738423	17.26448656478792
-6.448060075093867	18.039201834040384
-6.438047559449312	18.871592554733965
-6.428035043804756	19.669315402839622
-6.418022528160201	20.397337961698025
-6.4080100125156445	21.126206722498328
-6.397997496871088	21.80082643837652
-6.387984981226533	22.365094331203405
-6.377972465581977	22.837981467867536
-6.367959949937422	23.297575816943155
-6.357947434292866	23.726494217114396
-6.34793491864831	24.050660786693374
-6.337922403003755	24.29114569806108
-6.3279098873591995	24.470523658666323
-6.317897371714643	24.569388415887264
-6.307884856070087	24.58781538228314
-6.297872340425532	24.558297979961228
-6.287859824780976	24.482362307405744
-6.277847309136421	24.326303383209577
-6.267834793491865	24.07188338866398
-6.257822277847309	23.661553494370327
-6.2478097622027535	23.07009143626116
-6.2377972465581975	22.404060130565775
-6.227784730913642	21.762593582638146
-6.217772215269086	21.224694263559176
-6.20775969962453	20.736132878584385
-6.197747183979975	20.231063616088328
-6.18773466833542	19.86369158369444
-6.177722152690864	19.54465428155135
-6.167709637046308	19.22087109137015
-6.157697121401752	18.89803350195403
-6.147684605757196	18.698412547815515
-6.137672090112641	18.554434052632622
-6.127659574468085	18.457142908717053
-6.117647058823529	18.392028190622867
-6.107634543178974	18.34908629193348
-6.097622027534418	18.324340042874972
-6.0876095118898625	18.30765106008411
-6.0775969962453065	18.296383288676953
-6.06758448060075	18.286188141060638
-6.057571964956195	18.272124772344345
-6.04755944931164	18.261160810241314
-6.037546933667084	18.257822323602102
-6.027534418022528	18.256858380868852
-6.017521902377973	18.254736110406842
-6.007509386733417	18.25153316978843
-5.997496871088861	18.25129211237513
-5.987484355444305	18.252016011387457
-5.977471839799749	18.252904817163717
-5.967459324155194	18.25384553196299
-5.957446808510639	18.25481098750494
-5.947434292866083	18.255787004788985
-5.937421777221527	18.256763883745943
-5.927409261576971	18.257734619659768
-5.9173967459324155	18.258694090875952
-5.90738423028786	18.259638547675593
-5.897371714643304	18.260565251884834
-5.887359198998748	18.260060378031934
-5.877346683354192	18.191809194072352
-5.867334167709637	18.194326061224903
-5.857321652065082	18.08519016990083
-5.847309136420526	17.886898115631595
-5.83729662077597	17.88997268633018
-5.827284105131414	17.794150234246345
-5.817271589486858	17.65934116255516
-5.807259073842303	17.68382355298268
-5.797246558197747	17.833853443397302
-5.787234042553191	17.870075168292242
-5.777221526908636	17.88043490974799
-5.767209011264081	18.269225242194477
-5.7571964956195245	18.62967176706748
-5.747183979974968	19.2765038374184
-5.737171464330412	19.955781910920265
-5.727158948685857	20.05301974166221
-5.717146433041302	20.258949263357337
-5.707133917396746	20.948360528424836
-5.69712140175219	21.139111896704048
-5.687108886107635	21.21767807097744
-5.677096370463079	21.24783037670032
-5.667083854818523	21.24816598710945
-5.657071339173967	21.24833484428608
-5.647058823529411	21.248545498379457
-5.637046307884856	21.248805251291827
-5.627033792240301	21.249122132434373
-5.617021276595745	21.249504711582357
-5.607008760951189	21.249961452624195
-5.596996245306633	21.250499346983112
-5.5869837296620775	21.25112122025343
-5.576971214017522	21.251820658450768
-5.566958698372966	21.252572833757945
-5.55694618272841	21.25331880109732
-5.546933667083855	21.253941187615087
-5.536921151439299	21.25423474263243
-5.526908635794744	21.25389766954473
-5.516896120150188	21.2526297441189
-5.5068836045056315	21.250509325631974
-5.496871088861076	21.248740212164574
-5.486858573216521	21.250430687241757
-5.476846057571965	21.26407517775967
-5.466833541927409	21.312769362029048
-5.456821026282853	21.36397454229228
-5.446808510638298	21.4545243275275
-5.4367959949937426	21.596139063452267
-5.4267834793491865	21.792130587298836
-5.41677096370463	22.14833886185159
-5.406758448060075	22.567736649562804
-5.396745932415519	23.015490195104274
-5.386733416770964	23.548149089006987
-5.376720901126408	24.212215616669866
-5.366708385481852	25.137279647982872
-5.356695869837297	26.287976297951197
-5.346683354192741	27.4093995445835
-5.336670838548185	28.480622565425115
-5.326658322903629	29.475214503710607
-5.316645807259073	30.41119348604689
-5.306633291614518	31.353293305982426
-5.296620775969963	32.29371549297157
-5.286608260325407	33.201925996679634
-5.276595744680851	34.01273747650982
-5.2665832290362955	34.74233049732394
-5.256570713391739	35.44583639922974
-5.246558197747184	36.18887227940202
-5.236545682102628	37.01968080752497
-5.226533166458072	37.866303345469795
-5.216520650813517	38.484493358702345
-5.206508135168962	38.80376754018623
-5.196495619524406	38.86577187040717
-5.18648310387985	38.68836538705007
-5.1764705882352935	38.27374994156737
-5.166458072590738	37.703433817689856
-5.156445556946183	37.216496026983904
-5.146433041301627	36.84339317788126
-5.136420525657071	36.37934199929258
-5.126408010012516	35.78969429765061
-5.11639549436796	35.1138634120087
-5.1063829787234045	34.300629664002905
-5.0963704630788484	33.336920853432154
-5.086357947434292	32.30851645325212
-5.076345431789737	31.219891217977047
-5.066332916145182	30.068523390939593
-5.056320400500626	28.936517026445532
-5.04630788485607	27.791421571007017
-5.036295369211514	26.605727074756388
-5.026282853566959	25.559111025870955
-5.016270337922403	24.62642715767827
-5.006257822277847	23.743702433436447
-4.996245306633291	22.898128944531248
-4.986232790988735	22.150805823663624
-4.97622027534418	21.47061337108236
-4.966207759699625	20.94230279043232
-4.956195244055069	20.542471447296204
-4.946182728410513	20.292205523713232
-4.9361702127659575	20.127690439073714
-4.926157697121402	19.94598512140932
-4.916145181476846	19.702466562500714
-4.90613266583229	19.46250680805583
-4.896120150187734	19.305934224250247
-4.886107634543179	19.19028124137118
-4.876095118898624	19.093704189286324
-4.866082603254068	19.054791312675153
-4.8560700876095115	19.03767904876935
-4.8460575719649555	19.025326633316794
-4.8360450563204	19.015763499848823
-4.826032540675845	19.00806214975588
-4.816020025031289	19.001635253631697
-4.806007509386733	18.99613156415424
-4.795994993742178	18.99133831599224
-4.785982478097623	18.987118541926503
-4.7759699624530665	18.983377092820767
-4.76595744680851	18.98004306750589
-4.755944931163954	18.97706068525224
-4.745932415519399	18.97438438034194
-4.735919899874844	18.971976015091734
-4.725907384230288	18.96980317904422
-4.715894868585732	18.967838065963594
-4.705882352941176	18.96605667463825
-4.6958698372966206	18.964438203573597
-4.685857321652065	18.962964570864546
-4.675844806007509	18.961620021210386
-4.665832290362953	18.96039079773478
-4.655819774718398	18.959264864536422
-4.645807259073843	18.958231670412335
-4.635794743429287	18.957281946793554
-4.625782227784731	18.956407534524
-4.615769712140175	18.955601235163122
-4.605757196495619	18.95485668323763
-4.595744680851064	18.95416823643196
-4.585732165206508	18.953530881156443
-4.575719649561952	18.952940151302936
-4.565707133917396	18.95239205830916
-4.555694618272841	18.951883030919873
-4.545682102628286	18.951409863261198
-4.53566958698373	18.950969670041275
-4.5256570713391735	18.950559847859836
-4.515644555694618	18.950178041755322
-4.505632040050063	18.949822116243304
-4.495619524405507	18.949490130208094
-4.485607008760951	18.94918031510129
-4.475594493116395	18.94889105598068
-4.46558197747184	18.948620874990063
-4.4555694618272845	18.948368416938795
-4.4455569461827285	18.948132436689164
-4.435544430538172	18.94791178810194
-4.425531914893616	18.94770541432625
-4.415519399249061	18.947512339251006
-4.405506883604506	18.94733165996128
-4.39549436795995	18.947162540064934
-4.385481852315394	18.947004203774735
-4.375469336670839	18.946855930646752
-4.365456821026283	18.946717050890054
-4.355444305381727	18.94658694117484
-4.345431789737171	18.94646502087593
-4.335419274092615	18.94635074869739
-4.32540675844806	18.94624361963162
-4.315394242803505	18.94614316221252
-4.305381727158949	18.946048936027626
-4.295369211514393	18.94596052945928
-4.285356695869837	18.945877557628314
-4.275344180225281	18.945799660517633
-4.265331664580726	18.945726501255827
-4.25531914893617	18.945657764543625
-4.245306633291614	18.945593155208076
-4.235294117647059	18.945532396871204
-4.225281602002504	18.94547523072183
-4.215269086357948	18.945421414380192
-4.2052565707133915	18.945370720846597
-4.1952440550688355	18.94532293752624
-4.18523153942428	18.945277865323195
-4.175219023779725	18.94523531779751
-4.165206508135169	18.94519512037988
-4.155193992490613	18.94515710963908
-4.145181476846057	18.945121132584138
-4.135168961201502	18.945016255311995
-4.1251564455569465	18.832082059383467
-4.11514392991239	18.505197156621165
-4.105131414267834	18.352736398748757
-4.095118898623279	18.229824251239297
-4.085106382978723	17.287408187166932
-4.075093867334168	16.744982189232328
-4.065081351689612	15.944048514308562
-4.055068836045056	14.696693040458067
-4.045056320400501	13.079462345702309
-4.035043804755945	11.921133597365984
-4.025031289111389	10.979748420642409
-4.015018773466833	9.806906001438175
-4.005006257822277	8.446637114533198
-3.994993742177722	7.283352288140947
-3.9849812265331668	6.586666175067793
-3.9749687108886107	5.878847487308065
-3.9649561952440546	5.651623869776638
-3.9549436795994994	5.613383719109529
-3.9449311639549434	5.613842160941257
-3.934918648310388	6.763023790055342
-3.924906132665832	7.785636650008018
-3.914893617021277	9.843357217511107
-3.904881101376721	10.97626316073638
-3.8948685857321648	12.748168431147073
-3.8848560700876096	14.150408472894478
-3.8748435544430535	16.23281646546114
-3.8648310387984983	17.70659945633496
-3.8548185231539422	19.709049408606443
-3.844806007509387	22.73296456148292
-3.834793491864831	23.741473205274207
-3.824780976220275	24.204399328190476
-3.8147684605757197	24.942624852789894
-3.8047559449311636	25.380648441699396
-3.7947434292866085	25.678595409755125
-3.7847309136420524	25.83614606424666
-3.774718397997497	25.836139374762006
-3.764705882352941	26.161896693215354
-3.754693366708385	26.162783677509875
-3.74468085106383	26.162776154438692
-3.734668335419274	26.162768374366962
-3.7246558197747186	26.162760332411768
-3.7146433041301625	26.16275202148773
-3.7046307884856065	26.162743434492125
-3.6946182728410513	26.16273456432874
-3.684605757196495	26.16272540393529
-3.67459324155194	26.162715946315156
-3.664580725907384	26.162706184573626
-3.6545682102628287	26.162696111959526
-3.6445556946182727	26.162685721912858
-3.6345431789737166	26.162675008119294
-3.6245306633291614	26.16266396457238
-3.6145181476846053	26.1626525856446
-3.60450563204005	26.162640866168456
-3.594493116395494	26.1626288015288
-3.584480600750939	26.16261638776833
-3.574468085106383	26.16260362170753
-3.5644555694618267	26.162590501081564
-3.5544430538172715	26.16257702469605
-3.5444305381727155	26.162563192604672
-3.5344180225281603	26.162549006311405
-3.524405506883604	26.162534469000917
-3.514392991239049	26.162519585801153
-3.504380475594493	26.16250436408261
-3.494367959949937	26.16248881379935
-3.4843554443053817	26.162472947878186
-3.4743429286608256	26.16245678266248
-3.4643304130162704	26.16244033841891
-3.4543178973717144	26.162423639916454
-3.444305381727159	26.16240671708838
-3.434292866082603	26.16238960579004
-3.424280350438047	26.16237234866764
-3.414267834793492	26.1623549961554
-3.4042553191489358	26.162337607622874
-3.3942428035043806	26.16232025269777
-3.3842302878598245	26.1623030127957
-3.3742177722152693	26.16228598289508
-3.3642052565707132	26.16226927360516
-3.354192740926157	26.162253013586735
-3.344180225281602	26.16223735240218
-3.334167709637046	26.162222463892444
-3.3241551939924907	26.1622085502087
-3.3141426783479346	26.162195846666613
-3.3041301627033794	26.162184627646276
-3.2941176470588234	26.16217521383864
-3.2841051314142673	26.16216798124609
-3.274092615769712	26.16216337249705
-3.264080100125156	26.162161911248663
-3.254067584480601	26.162164220758285
-3.2440550688360448	26.162171048143314
-3.2340425531914896	26.162183296485352
-3.2240300375469335	26.162202067857216
-3.2140175219023774	26.162228721705088
-3.2040050062578223	26.16226495501221
-3.193992490613266	26.162312913630938
-3.183979974968711	26.162375348599113
-3.173967459324155	26.162455837930167
-3.1639549436795997	26.162559104512557
-3.1539424280350437	26.162691476314627
-3.1439299123904876	26.162861559211674
-3.1339173967459324	26.16308123058581
-3.1239048811013763	26.163367122077076
-3.113892365456821	26.16374285754599
-3.103879849812265	26.164242474813694
-3.09386733416771	26.164915740109215
-3.083854818523154	26.165836574855852
-3.0738423028785977	26.167116823667318
-3.0638297872340425	26.168929834063945
-3.0538172715894865	26.171554116178296
-3.0438047559449313	26.175465218962803
-3.033792240300375	26.18156985986878
-3.02377972465582	26.19196203524509
-3.013767209011264	26.21290966215953
-3.003754693366708	26.264956271618026
-2.9937421777221527	26.37639347581168
-2.9837296620775966	26.531896874542916
-2.9737171464330414	26.731031430178692
-2.9637046307884853	27.050860791208766
-2.95369211514393	27.54515730421756
-2.943679599499374	28.054809564422538
-2.933667083854818	28.587644162245375
-2.923654568210263	29.220006016052345
-2.9136420525657067	29.946179972848373
-2.9036295369211516	30.82280683509422
-2.8936170212765955	31.94218023058471
-2.8836045056320403	33.18626166296673
-2.873591989987484	34.29911827793652
-2.863579474342928	35.48133815572666
-2.853566958698373	36.83991228478888
-2.843554443053817	38.208374722247065
-2.8335419274092617	39.59357966145233
-2.8235294117647056	40.87391995621527
-2.8135168961201504	41.97154628218142
-2.8035043804755944	42.97204024510476
-2.7934918648310383	44.00025173925097
-2.783479349186483	45.018496624155496
-2.773466833541927	45.93792612313707
-2.763454317897372	46.75506079191761
-2.7534418022528158	47.542298606347885
-2.7434292866082606	48.30560234408755
-2.7334167709637045	49.01853769473994
-2.7234042553191484	49.52629463880405
-2.7133917396745932	49.98315671679914
-2.703379224030037	50.54110639962358
-2.693366708385482	51.12793550069522
-2.683354192740926	51.66366857473853
-2.6733416770963707	52.13410192775961
-2.6633291614518146	52.523706560093984
-2.6533166458072586	52.81824291714691
-2.6433041301627034	53.05106479280033
-2.6332916145181473	53.27005549085372
-2.623279098873592	53.446114221056014
-2.613266583229036	53.53268398754312
-2.603254067584481	53.45875198921865
-2.593241551939925	53.19746838370692
-2.5832290362953687	52.803101152618524
-2.5732165206508135	52.36661760294858
-2.5632040050062574	51.909862933869825
-2.5531914893617023	51.2998373872325
-2.543178973717146	50.42410528783195
-2.533166458072591	49.46668376317409
-2.523153942428035	48.42809629584736
-2.513141426783479	47.17548157741507
-2.5031289111389237	45.744404133715896
-2.4931163954943676	44.2242571633864
-2.4831038798498124	42.64992283140995
-2.4730913642052563	40.93525383084652
-2.463078848560701	39.22285785643069
-2.453066332916145	37.525077592359374
-2.443053817271589	35.87219782750539
-2.433041301627034	34.4398392707339
-2.4230287859824777	33.089765157747614
-2.4130162703379225	32.00018891016027
-2.4030037546933665	31.109800192837103
-2.3929912390488113	30.13888639055771
-2.382978723404255	29.530483788774045
-2.372966207759699	29.168465091751308
-2.362953692115144	28.903096101736498
-2.352941176470588	28.779637796202657
-2.3429286608260327	28.706383963270827
-2.3329161451814766	28.66659122618073
-2.3229036295369214	28.60478293989915
-2.3128911138923653	28.556700986535358
-2.3028785982478093	28.54243433838262
-2.292866082603254	28.537405592026943
-2.282853566958698	28.53440405515316
-2.272841051314143	28.532165528337796
-2.2628285356695867	28.53038712951299
-2.2528160200250316	28.528812643001583
-2.2428035043804755	28.475266771015512
-2.2327909887359194	28.441461265932325
-2.2227784730913642	28.545697659863052
-2.212765957446808	28.46905965295781
-2.202753441802253	28.510585235065108
-2.192740926157697	28.347732156039108
-2.1827284105131417	28.475996574125595
-2.1727158948685856	28.595019241292324
-2.1627033792240296	28.687376983540048
-2.1526908635794744	29.04000209217399
-2.1426783479349183	29.51119081634478
-2.132665832290363	30.692305188062733
-2.122653316645807	31.500429106684113
-2.112640801001252	32.68216012519587
-2.1026282853566958	33.477625555946226
-2.0926157697121397	34.26341124862816
-2.0826032540675845	34.82067930909923
-2.0725907384230284	34.96732963313922
-2.0625782227784732	35.345863425057125
-2.052565707133917	35.54367559964593
-2.042553191489362	35.54729296303164
-2.032540675844806	35.64923095978004
-2.02252816020025	35.85833279811312
-2.0125156445556946	35.860699440720694
-2.0025031289111386	35.86237039072706
-1.9924906132665834	35.86537256337401
-1.9824780976220273	35.87092898062358
-1.9724655819774712	35.88193482687181
-1.962453066332916	35.905982025522626
-1.95244055068836	35.960927511835386
-1.9424280350438048	36.06671464297701
-1.9324155193992487	36.247046169971654
-1.9224030037546935	36.449904868876814
-1.9123904881101375	36.79576056538407
-1.9023779724655814	37.24578582052114
-1.8923654568210262	37.89705418698881
-1.8823529411764701	38.7631866771466
-1.872340425531915	39.555971483680324
-1.8623279098873589	40.31525829035445
-1.8523153942428037	41.244243830209925
-1.8423028785982476	42.28854072960839
-1.8322903629536915	43.35698720151999
-1.8222778473091363	44.471380398915045
-1.8122653316645803	45.698941284581686
-1.802252816020025	47.01676795291965
-1.792240300375469	48.21902100437657
-1.7822277847309138	49.149293213324775
-1.7722152690863577	50.067931614910066
-1.7622027534418017	50.9581595190741
-1.7521902377972465	51.70318307116921
-1.7421777221526904	52.219617355532115
-1.7321652065081352	52.61769402023322
-1.7221526908635791	52.99865675858766
-1.712140175219024	53.37681850992069
-1.7021276595744679	53.66759931574547
-1.6921151439299118	53.937140812789416
-1.6821026282853566	54.2139820695153
-1.6720901126408005	54.43057162193558
-1.6620775969962454	54.59663989568602
-1.6520650813516893	54.74568388565335
-1.642052565707134	54.88190613119426
-1.632040050062578	54.97544591517125
-1.622027534418022	55.035664808722075
-1.6120150187734668	55.18056757153302
-1.6020025031289107	55.32083861368358
-1.5919899874843555	55.435670313762955
-1.5819774718397994	55.504865833057465
-1.5719649561952442	55.53444394575984
-1.5619524405506882	55.57408814178373
-1.551939924906132	55.653749795352674
-1.541927409261577	55.731246290026405
-1.5319148936170208	55.79675342941811
-1.5219023779724656	55.77911822238215
-1.5118898623279096	55.71031222986752
-1.5018773466833544	55.646887846555195
-1.4918648310387983	55.540121027636125
-1.4818523153942422	55.437970911641614
-1.471839799749687	55.30498264866812
-1.461827284105131	54.932211580129206
-1.4518147684605758	54.373512102742524
-1.4418022528160197	53.68846780338776
-1.4317897371714645	52.987794017236325
-1.4217772215269084	52.37651888676753
-1.4117647058823524	51.6352299491884
-1.4017521902377972	50.690481281325276
-1.391739674593241	49.677393466253584
-1.381727158948686	48.649975154118046
-1.3717146433041298	47.59079141111241
-1.3617021276595747	46.40050910496036
-1.3516896120150186	45.147777280717946
-1.3416770963704625	43.94641335513098
-1.3316645807259073	42.74865696831238
-1.3216520650813512	41.3958209467957
-1.311639549436796	39.92001627111287
-1.30162703379224	38.500876110291635
-1.2916145181476848	37.19731414836785
-1.2816020025031287	36.058619854597744
-1.2715894868585726	35.09319025059521
-1.2615769712140175	34.38353890532824
-1.2515644555694614	33.81557549719631
-1.2415519399249062	33.36591341587089
-1.2315394242803501	33.008345588642
-1.221526908635795	32.56660251422093
-1.2115143929912389	32.03990743521006
-1.2015018773466828	31.658636865173044
-1.1914893617021276	31.3568431435231
-1.1814768460575715	31.229772694963255
-1.1714643304130163	31.124273411450968
-1.1614518147684603	31.053839982586002
-1.151439299123905	30.99577949333764
-1.141426783479349	30.859705754781103
-1.131414267834793	30.818201133393174
-1.1214017521902377	30.46697708271421
-1.1113892365456817	29.75365252540581
-1.1013767209011265	29.638943164771664
-1.0913642052565704	29.105081659918465
-1.0813516896120152	28.435282576113522
-1.0713391739674591	27.80855614657153
-1.061326658322903	27.07947394856025
-1.0513141426783479	27.182997794432495
-1.0413016270337918	27.021305060400437
-1.0312891113892366	27.306311604206478
-1.0212765957446805	27.423648984771223
-1.0112640801001254	27.70757215890233
-1.0012515644555693	27.582699783110364
-0.9912390488110132	27.76503540429949
-0.981226533166458	28.46338920148234
-0.971214017521902	28.73858880183875
-0.9612015018773468	28.815754708624087
-0.9511889862327907	29.050201858882904
-0.9411764705882355	29.273101611058273
-0.9311639549436794	29.320364390687693
-0.9211514392991234	29.348538765203752
-0.9111389236545682	29.438808851314313
-0.9011264080100121	29.49589938643524
-0.8911138923654569	29.653497972703917
-0.8811013767209008	29.883748522733487
-0.8710888610763456	30.207739324227177
-0.8610763454317896	30.58602771774332
-0.8510638297872335	31.05818181751293
-0.8410513141426783	31.587066346073062
-0.8310387984981222	32.298749623898345
-0.821026282853567	33.25690388418739
-0.811013767209011	34.09413207746488
-0.8010012515644558	34.82696639459232
-0.7909887359198997	35.559605521922116
-0.7809762202753436	36.289554773262246
-0.7709637046307884	37.013899951143664
-0.7609511889862324	37.67354205539971
-0.7509386733416772	38.17166232336839
-0.7409261576971211	38.57799241130004
-0.7309136420525659	38.99688691760774
-0.7209011264080099	39.45383694886461
-0.7108886107634538	39.866886923075754
-0.7008760951188986	40.2195197413855
-0.6908635794743425	40.533274722552015
-0.6808510638297873	40.83464182152509
-0.6708385481852313	41.00998992913293
-0.6608260325406761	40.99489058607555
-0.65081351689612	40.936006624767785
-0.6408010012515639	40.84148170976501
-0.6307884856070087	40.71372777529192
-0.6207759699624527	40.65048606401293
-0.6107634543178975	40.63827228158213
-0.6007509386733414	40.650307528558905
-0.5907384230287862	40.70818739871037
-0.5807259073842301	40.809965186318
-0.5707133917396741	40.88573719789426
-0.5607008760951189	40.97283131221531
-0.5506883604505628	41.047191374661224
-0.5406758448060076	41.02799339161824
-0.5306633291614515	40.96629018805
-0.5206508135168963	40.86515430043011
-0.5106382978723403	40.68805002799878
-0.5006257822277842	40.396503677374895
-0.490613266583229	40.00636178288743
-0.48060075093867294	39.609345948356925
-0.47058823529411775	39.2586339947996
-0.4605757196495617	38.94088823443709
-0.4505632040050065	38.659009525584935
-0.4405506883604504	38.414024775619495
-0.43053817271589434	38.19936199556907
-0.42052565707133915	37.98186839921504
-0.4105131414267831	37.67778042629908
-0.4005006257822279	37.23085303852245
-0.3904881101376718	36.64339892972185
-0.38047559449311663	35.94200111565506
-0.37046307884856056	35.18577085824031
-0.3604505632040045	34.44384682157087
-0.3504380475594493	33.73090900960641
-0.3404255319148932	32.94838846857433
-0.33041301627033803	31.990066611164536
-0.32040050062578196	30.877479033484665
-0.3103879849812259	29.705782698923702
-0.3003754693366707	28.526551389166407
-0.2903629536921146	27.342673588679965
-0.28035043804755944	26.111135398226097
-0.27033792240300336	24.84614781928652
-0.2603254067584482	23.668406826269656
-0.2503128911138921	22.519126208055336
-0.24030037546933602	21.268873854481843
-0.23028785982478084	19.987426423979663
-0.22027534418022476	18.72377269827735
-0.21026282853566958	17.542242299736593
-0.2002503128911135	16.383185907480456
-0.19023779724655832	15.32069881640065
-0.18022528160200224	14.378381193372885
-0.17021276595744617	13.472158652284126
-0.16020025031289098	12.858545565575575
-0.1501877346683349	12.482756116458757
-0.14017521902377972	12.097023776383185
-0.13016270337922364	11.734210093498971
-0.12015018773466846	11.437637351290729
-0.11013767209011238	11.237470490665048
-0.10012515644555631	10.987656166601301
-0.09011264080100112	10.904959188811528
-0.08010012515644505	10.797014673455928
-0.07008760951188986	10.742255881047148
-0.060075093867333784	10.739474695459934
-0.0500625782227786	10.790496335405967
-0.04005006257822252	10.778728773536459
-0.030037546933666448	11.067136455484414
-0.02002503128911126	12.04102093490004
-0.010012515644555187	12.747620453789697
0.0	13.135553235733282
