-8.0	17.782709188755867
-7.989987484355444	17.80293323656574
-7.979974968710889	17.87579614542545
-7.969962453066333	17.95225011007022
-7.9599499374217775	18.005085130200698
-7.949937421777221	18.05615245750771
-7.939924906132666	18.123480463488843
-7.92991239048811	18.162346393696442
-7.919899874843554	18.10181341334124
-7.909887359198999	18.101830971947443
-7.899874843554443	18.194744082745423
-7.889862327909888	18.316662133571867
-7.8798498122653315	18.446147296024215
-7.869837296620776	18.559752271850925
-7.85982478097622	18.65129665536351
-7.849812265331664	18.715245402503257
-7.839799749687109	18.735724696107507
-7.829787234042553	18.73104444974067
-7.819774718397998	18.70016398469305
-7.809762202753442	18.623201724978472
-7.7997496871088865	18.480386339937592
-7.78973717146433	18.309135455421142
-7.779724655819774	18.13082177797167
-7.769712140175219	17.923289363888532
-7.759699624530663	17.657079507465212
-7.749687108886108	17.308506932552298
-7.739674593241552	16.89737014598978
-7.729662077596997	16.46931822554742
-7.719649561952441	16.067319805315535
-7.7096370463078845	15.714182117631202
-7.699624530663329	15.37319300284298
-7.689612015018773	15.064142728438265
-7.679599499374218	14.753950721373899
-7.669586983729662	14.396211636368582
-7.659574468085107	14.018119293003659
-7.649561952440551	13.631056009014733
-7.639549436795995	13.182920786121176
-7.629536921151439	12.691290309442627
-7.619524405506883	12.144311375164804
-7.609511889862328	11.661557341332388
-7.599499374217772	11.264740836386913
-7.589486858573217	10.929728883313167
-7.579474342928661	10.62020729051264
-7.569461827284105	10.317018784202006
-7.55944931163955	10.113014881741497
-7.5494367959949935	9.876412416358246
-7.539424280350438	9.559112148046678
-7.529411764705882	9.321336837492556
-7.519399249061326	9.181882855416962
-7.509386733416771	9.060407151260252
-7.499374217772215	8.98957281104468
-7.48936170212766	8.973456646412968
-7.479349186483104	9.041557560368505
-7.4693366708385485	9.162813877846572
-7.459324155193992	9.248078847797812
-7.449311639549437	9.378911443402458
-7.439299123904881	9.616350238789996
-7.429286608260325	9.940539323063227
-7.41927409261577	10.33266229258838
-7.409261576971214	10.643196962744737
-7.399249061326659	10.911885814901838
-7.3892365456821025	11.115441756964426
-7.3792240300375465	11.28552294053212
-7.369211514392991	11.480371593463715
-7.359198998748435	11.719229050724088
-7.34918648310388	11.968889821498545
-7.339173967459324	12.193657556025974
-7.329161451814769	12.40418364888862
-7.319148936170213	12.654704026843612
-7.3091364205256575	12.962538134575475
-7.299123904881101	13.296878790775375
-7.289111389236545	13.63180044309645
-7.27909887359199	13.98285484880104
-7.269086357947434	14.332963916682257
-7.259073842302879	14.629455463379461
-7.249061326658323	14.896513642219013
-7.239048811013767	15.151191932560995
-7.2290362953692116	15.39462933800725
-7.2190237797246555	15.617668455089737
-7.2090112640801	15.795632638111233
-7.198998748435544	15.911049689074167
-7.188986232790989	15.959478599245582
-7.178973717146433	15.945454358322232
-7.168961201501878	15.868527375975125
-7.158948685857322	15.741494759167207
-7.148936170212766	15.59068491170968
-7.13892365456821	15.457370002152315
-7.128911138923654	15.389321062694341
-7.118898623279099	15.396745594238878
-7.108886107634543	15.442932706767952
-7.098873591989987	15.482048764263412
-7.088861076345432	15.485977200135471
-7.078848560700876	15.45604864143297
-7.068836045056321	15.41827151135913
-7.0588235294117645	15.361485679169396
-7.048811013767209	15.229454833714993
-7.038798498122653	14.981003288995993
-7.028785982478098	14.619995380683514
-7.018773466833542	14.188993755362452
-7.008760951188986	13.734376256222236
-6.998748435544431	13.31289294875489
-6.988735919899875	12.95679219510918
-6.9787234042553195	12.661313961630519
-6.968710888610763	12.423004933498193
-6.958698372966207	12.202146954120494
-6.948685857321652	11.942866493308635
-6.938673341677096	11.62030474094622
-6.928660826032541	11.243771954713301
-6.918648310387985	10.863744606992542
-6.908635794743429	10.514835503853048
-6.8986232790988735	10.204576910101474
-6.888610763454318	9.920749103645976
-6.878598247809762	9.673842291386002
-6.868585732165206	9.478043683899914
-6.858573216520651	9.27720620091654
-6.848560700876095	9.02819991196923
-6.83854818523154	8.769481083561764
-6.828535669586984	8.577231851649664
-6.818523153942428	8.431554708068868
-6.808510638297872	8.298815135441801
-6.798498122653316	8.169998861170173
-6.788485607008761	8.071690067386692
-6.778473091364205	8.017377375408053
-6.768460575719649	7.991979465117186
-6.758448060075094	7.993854855316187
-6.748435544430539	7.993069332835233
-6.7384230287859825	8.002116498790745
-6.7284105131414265	8.028453998351717
-6.718397997496871	8.021054276159973
-6.708385481852315	7.973308197290568
-6.69837296620776	7.89081944074547
-6.688360450563204	7.819057141355725
-6.678347934918648	7.82770196879886
-6.668335419274093	7.947098797956436
-6.658322903629537	8.171535910478687
-6.648310387984981	8.468831507230675
-6.638297872340425	8.782464188104898
-6.628285356695869	9.076161235582909
-6.618272841051314	9.34465434606637
-6.608260325406759	9.586781403094097
-6.598247809762203	9.801456975613293
-6.588235294117647	9.98139478232579
-6.578222778473092	10.098857373995328
-6.5682102628285355	10.18545398010286
-6.55819774718398	10.310486548197268
-6.548185231539424	10.53902458661495
-6.538172715894868	10.91623396933307
-6.528160200250313	11.43982865618946
-6.518147684605757	11.991242990303132
-6.508135168961202	12.474724638415793
-6.498122653316646	12.923661661638237
-6.4881101376720896	13.339680386948038
-6.478097622027534	13.703681566028223
-6.468085106382979	14.041898259363448
-6.458072590738423	14.351884083345125
-6.448060075093867	14.614356449883834
-6.438047559449312	14.810266943787132
-6.428035043804756	14.993964970791328
-6.418022528160201	15.218298342855638
-6.4080100125156445	15.484232379496731
-6.397997496871088	15.794031421281712
-6.387984981226533	16.125119602801206
-6.377972465581977	16.38426224981754
-6.367959949937422	16.58443052335474
-6.357947434292866	16.805262298392755
-6.34793491864831	17.00451152801438
-6.337922403003755	17.164043055440512
-6.3279098873591995	17.260830260732625
-6.317897371714643	17.34880098623753
-6.307884856070087	17.451605479140746
-6.297872340425532	17.56016701485306
-6.287859824780976	17.700814130304735
-6.277847309136421	17.884900004586935
-6.267834793491865	18.049740050277684
-6.257822277847309	18.19708482801811
-6.2478097622027535	18.30080581878289
-6.2377972465581975	18.40068879782398
-6.227784730913642	18.436676344772124
-6.217772215269086	18.40855460213167
-6.20775969962453	18.375211737869435
-6.197747183979975	18.36061199469493
-6.18773466833542	18.312808790763313
-6.177722152690864	18.267248685122112
-6.167709637046308	18.236757366816985
-6.157697121401752	18.161432376482814
-6.147684605757196	18.176238223064857
-6.137672090112641	18.169797452180898
-6.127659574468085	18.032677693914838
-6.117647058823529	17.99654432048975
-6.107634543178974	17.960744733488003
-6.097622027534418	17.91395245950411
-6.0876095118898625	17.845987825006045
-6.0775969962453065	17.83804035148451
-6.06758448060075	17.862582076187227
-6.057571964956195	17.851388142801987
-6.04755944931164	17.82709020385966
-6.037546933667084	17.783238140585283
-6.027534418022528	17.885314576406333
-6.017521902377973	18.09433396632237
-6.007509386733417	18.268848518485598
-5.997496871088861	18.475243934206226
-5.987484355444305	18.83402096260538
-5.977471839799749	19.085109114598804
-5.967459324155194	19.238108442928738
-5.957446808510639	19.866090015600687
-5.947434292866083	20.912922113079034
-5.937421777221527	21.140725351546667
-5.927409261576971	21.25800073038949
-5.9173967459324155	21.38196059585561
-5.90738423028786	21.665445324715815
-5.897371714643304	21.92330035623349
-5.887359198998748	22.531595648974037
-5.877346683354192	22.834893949224195
-5.867334167709637	23.11801101283118
-5.857321652065082	23.342279262297552
-5.847309136420526	23.630309076173397
-5.83729662077597	24.02561340576955
-5.827284105131414	24.50103069177895
-5.817271589486858	24.79969364359432
-5.807259073842303	25.076715512619476
-5.797246558197747	25.307548656923824
-5.787234042553191	25.71882291241227
-5.777221526908636	26.1543359294138
-5.767209011264081	26.494601527112493
-5.7571964956195245	26.77187131361686
-5.747183979974968	27.24321949791821
-5.737171464330412	27.807393045411473
-5.727158948685857	28.38924388143019
-5.717146433041302	29.058483247278772
-5.707133917396746	29.7794944281272
-5.69712140175219	30.591075392653615
-5.687108886107635	31.412551090878146
-5.677096370463079	32.28620114819819
-5.667083854818523	33.070162506487286
-5.657071339173967	33.778575585891105
-5.647058823529411	34.49862527653253
-5.637046307884856	35.245964754722664
-5.627033792240301	36.032987220911295
-5.617021276595745	36.893335797237604
-5.607008760951189	37.86022240006925
-5.596996245306633	38.91114307017382
-5.5869837296620775	39.85598961064388
-5.576971214017522	40.57773374161699
-5.566958698372966	41.22408814740677
-5.55694618272841	41.76757188730115
-5.546933667083855	42.32776174729646
-5.536921151439299	42.92274700372664
-5.526908635794744	43.51968636642927
-5.516896120150188	43.96264212619096
-5.5068836045056315	44.216392915671314
-5.496871088861076	44.52162560904939
-5.486858573216521	45.007964282337475
-5.476846057571965	45.439482099327805
-5.466833541927409	45.673849164405944
-5.456821026282853	45.76246017575578
-5.446808510638298	45.74059987688749
-5.4367959949937426	45.75328815358395
-5.4267834793491865	45.66098478092668
-5.41677096370463	45.315693238202
-5.406758448060075	44.67936994240613
-5.396745932415519	43.98956274022159
-5.386733416770964	43.33114508097651
-5.376720901126408	42.541567333554305
-5.366708385481852	41.84542988811834
-5.356695869837297	41.28698235498645
-5.346683354192741	40.71994882462669
-5.336670838548185	40.156397910908765
-5.326658322903629	39.59857678540079
-5.316645807259073	39.15925300006103
-5.306633291614518	38.6673862335638
-5.296620775969963	38.092493863522634
-5.286608260325407	37.43708624648256
-5.276595744680851	36.73403056585627
-5.2665832290362955	36.14340285819323
-5.256570713391739	35.789284705238295
-5.246558197747184	35.52354483185404
-5.236545682102628	35.33896858214818
-5.226533166458072	35.00117893036846
-5.216520650813517	34.48822733128065
-5.206508135168962	34.12354994951035
-5.196495619524406	33.85552860754048
-5.18648310387985	33.53176448680326
-5.1764705882352935	33.247124456374685
-5.166458072590738	33.0239848576291
-5.156445556946183	33.043437894710294
-5.146433041301627	33.25839821979125
-5.136420525657071	33.43068527241338
-5.126408010012516	33.53698404992515
-5.11639549436796	33.86443916513242
-5.1063829787234045	34.18835528589705
-5.0963704630788484	34.569787864551586
-5.086357947434292	35.10500501235114
-5.076345431789737	35.74975123452635
-5.066332916145182	36.43806250996895
-5.056320400500626	37.11739346615199
-5.04630788485607	37.80539526882918
-5.036295369211514	38.32991012355041
-5.026282853566959	38.722819479749916
-5.016270337922403	38.94712967339962
-5.006257822277847	39.08916302280315
-4.996245306633291	39.5175057077417
-4.986232790988735	39.95485312967515
-4.97622027534418	40.365895097826574
-4.966207759699625	40.547137615248
-4.956195244055069	40.55057986397888
-4.946182728410513	40.503134730606874
-4.9361702127659575	40.55840908300202
-4.926157697121402	40.563310504148475
-4.916145181476846	40.48796903898238
-4.90613266583229	40.44656141744982
-4.896120150187734	40.35272474345296
-4.886107634543179	40.27789490767791
-4.876095118898624	40.20533959153217
-4.866082603254068	39.98144330680292
-4.8560700876095115	39.57140927597847
-4.8460575719649555	39.049798904874514
-4.8360450563204	38.54233746540345
-4.826032540675845	38.139141548213466
-4.816020025031289	37.65211388012119
-4.806007509386733	37.06836008551846
-4.795994993742178	36.463401093231205
-4.785982478097623	35.8515966246799
-4.7759699624530665	34.99316507883306
-4.76595744680851	34.055364982511875
-4.755944931163954	33.20361128482577
-4.745932415519399	32.06573164641236
-4.735919899874844	30.88737499472237
-4.725907384230288	29.900990010880076
-4.715894868585732	28.99993733813522
-4.705882352941176	28.171614965103494
-4.6958698372966206	27.47538140778975
-4.685857321652065	26.887662977780504
-4.675844806007509	26.35305009060051
-4.665832290362953	25.8796328189569
-4.655819774718398	25.421213397130643
-4.645807259073843	24.933245427230307
-4.635794743429287	24.372944091081436
-4.625782227784731	23.87950956547071
-4.615769712140175	23.4306748415772
-4.605757196495619	22.9212234179537
-4.595744680851064	22.38276687866439
-4.585732165206508	21.963981187358286
-4.575719649561952	21.579325399916712
-4.565707133917396	21.25664087533815
-4.555694618272841	20.944863590866138
-4.545682102628286	20.616038084787167
-4.53566958698373	20.292969183549204
-4.5256570713391735	20.06447976385956
-4.515644555694618	19.935199852967834
-4.505632040050063	19.789712334411227
-4.495619524405507	19.67587741643609
-4.485607008760951	19.621651538877924
-4.475594493116395	19.5417959532954
-4.46558197747184	19.458871589711453
-4.4555694618272845	19.43501598880315
-4.4455569461827285	19.403725116345328
-4.435544430538172	19.362125147612858
-4.425531914893616	19.335256119938116
-4.415519399249061	19.322496619164756
-4.405506883604506	19.30683959122955
-4.39549436795995	19.29372951662023
-4.385481852315394	19.287163249165896
-4.375469336670839	19.28435198808096
-4.365456821026283	19.282895824590167
-4.355444305381727	19.28188238834496
-4.345431789737171	19.281028738333617
-4.335419274092615	19.280249423432377
-4.32540675844806	19.279517115379377
-4.315394242803505	19.278821820987524
-4.305381727158949	19.278159047170828
-4.295369211514393	19.277526253213914
-4.285356695869837	19.27692170692255
-4.275344180225281	19.27634406889576
-4.265331664580726	19.275792216206995
-4.25531914893617	19.275265155486522
-4.245306633291614	19.274761975019523
-4.235294117647059	19.274281816545532
-4.225281602002504	19.273823858134904
-4.215269086357948	19.27338730372796
-4.2052565707133915	19.272971376843053
-4.1952440550688355	19.272575316951745
-4.18523153942428	19.272198377577606
-4.175219023779725	19.271839825508298
-4.165206508135169	19.271498940717215
-4.155193992490613	19.271175016722463
-4.145181476846057	19.270867361197666
-4.135168961201502	19.2705752967074
-4.1251564455569465	19.27029816147992
-4.11514392991239	19.270035310157947
-4.105131414267834	19.269786114488515
-4.095118898623279	19.269549963927034
-4.085106382978723	19.269326266141242
-4.075093867334168	19.26911444740841
-4.065081351689612	19.26891395290436
-4.055068836045056	19.26872424688683
-4.045056320400501	19.26854481277839
-4.035043804755945	19.268375153155553
-4.025031289111389	19.268214789652284
-4.015018773466833	19.26806326278621
-4.005006257822277	19.267920131716203
-3.994993742177722	19.26778497393991
-3.9849812265331668	19.267657384939575
-3.9749687108886107	19.267536977783855
-3.9649561952440546	19.26742338269314
-3.9549436795994994	19.267316246575025
-3.9449311639549434	19.267215232508995
-3.934918648310388	19.21067829078475
-3.924906132665832	19.20999418771838
-3.914893617021277	19.209909672885605
-3.904881101376721	19.209830083373735
-3.8948685857321648	19.180555093215915
-3.8848560700876096	19.1804824802644
-3.8748435544430535	19.133081923324923
-3.8648310387984983	19.08033964758245
-3.8548185231539422	19.102561053924944
-3.844806007509387	19.07766908176136
-3.834793491864831	19.0383301598716
-3.824780976220275	19.098710951639312
-3.8147684605757197	19.10768532402018
-3.8047559449311636	19.12470144530017
-3.7947434292866085	19.102263322555018
-3.7847309136420524	19.180116247028785
-3.774718397997497	19.471706085256443
-3.764705882352941	19.497180609905396
-3.754693366708385	19.510129618953698
-3.74468085106383	19.42898706631625
-3.734668335419274	19.78499269371811
-3.7246558197747186	19.937388246569633
-3.7146433041301625	20.023366898979095
-3.7046307884856065	20.166813593391296
-3.6946182728410513	20.36076677683685
-3.684605757196495	20.430717935626536
-3.67459324155194	20.462181816744852
-3.664580725907384	20.571001920963763
-3.6545682102628287	21.023166823202146
-3.6445556946182727	20.973779867674775
-3.6345431789737166	21.07845898747377
-3.6245306633291614	21.360283312654214
-3.6145181476846053	21.48568713160673
-3.60450563204005	21.531610736648627
-3.594493116395494	21.543060815191122
-3.584480600750939	21.68465096694528
-3.574468085106383	22.050701683751246
-3.5644555694618267	22.02419342905505
-3.5544430538172715	22.024276169535796
-3.5444305381727155	22.084276722579013
-3.5344180225281603	22.08757536452346
-3.524405506883604	22.100712704573635
-3.514392991239049	22.100691622260022
-3.504380475594493	22.100669154395796
-3.494367959949937	22.10064527894441
-3.4843554443053817	22.100619912298146
-3.4743429286608256	22.10059296656109
-3.4643304130162704	22.100564349433807
-3.4543178973717144	22.100533964114934
-3.444305381727159	22.100501709224517
-3.434292866082603	22.100467478755487
-3.424280350438047	22.100431162060563
-3.414267834793492	22.100392643884113
-3.4042553191489358	22.100351804449833
-3.3942428035043806	22.100308519618054
-3.3842302878598245	22.100262661129456
-3.3742177722152693	22.100214096955565
-3.3642052565707132	22.100162691781307
-3.354192740926157	22.100108307650448
-3.344180225281602	22.100050804812458
-3.334167709637046	22.099990042817854
-3.3241551939924907	22.09992588192087
-3.3141426783479346	22.0998581848624
-3.3041301627033794	22.099786819124223
-3.2941176470588234	22.09971165976844
-3.2841051314142673	22.099632593004507
-3.274092615769712	22.099549520663285
-3.264080100125156	22.099462365804058
-3.254067584480601	22.099371079739576
-3.2440550688360448	22.09927565084072
-3.2340425531914896	22.09917611557937
-3.2240300375469335	22.09907257239328
-3.2140175219023774	22.09896519911739
-3.2040050062578223	22.098854274932783
-3.193992490613266	22.09874020805217
-3.183979974968711	22.098623570705282
-3.173967459324155	22.098505143435506
-3.1639549436795997	22.09838597130034
-3.1539424280350437	22.098267435329173
-3.1439299123904876	22.098151343597554
-3.1339173967459324	22.09804004763075
-3.1239048811013763	22.097936591734854
-3.113892365456821	22.097844905635455
-3.103879849812265	22.09777005545102
-3.09386733416771	22.097718579846703
-3.083854818523154	22.09769902175178
-3.0738423028785977	22.09772396212641
-3.0638297872340425	22.097835137433197
-3.0538172715894865	22.098534602164257
-3.0438047559449313	22.108034519353236
-3.033792240300375	22.17866250464629
-3.02377972465582	22.22250152159811
-3.013767209011264	22.226411207757437
-3.003754693366708	22.22959378905281
-2.9937421777221527	22.23952059569884
-2.9837296620775966	22.257992709262176
-2.9737171464330414	22.30304715646859
-2.9637046307884853	22.39571296655748
-2.95369211514393	22.641652880112947
-2.943679599499374	22.822171668122362
-2.933667083854818	23.025504980539473
-2.923654568210263	23.206908032462966
-2.9136420525657067	23.31061571997323
-2.9036295369211516	23.422871400877884
-2.8936170212765955	23.523396460484662
-2.8836045056320403	23.73052956387534
-2.873591989987484	24.07785908258716
-2.863579474342928	24.621585802484873
-2.853566958698373	25.167620799351134
-2.843554443053817	25.693443317784997
-2.8335419274092617	26.145837203817393
-2.8235294117647056	26.65283602192311
-2.8135168961201504	27.262079749378422
-2.8035043804755944	27.976339619997987
-2.7934918648310383	28.569985988071476
-2.783479349186483	29.07665741865964
-2.773466833541927	29.550611913759607
-2.763454317897372	30.24643051090635
-2.7534418022528158	30.98676851906134
-2.7434292866082606	31.611477549590553
-2.7334167709637045	32.36986991322555
-2.7234042553191484	33.29255778349754
-2.7133917396745932	34.14269823697121
-2.703379224030037	35.1253224100768
-2.693366708385482	36.24175224263627
-2.683354192740926	37.29989111735823
-2.6733416770963707	38.25709396079648
-2.6633291614518146	39.166361300472104
-2.6533166458072586	40.05957372347387
-2.6433041301627034	40.90533365594695
-2.6332916145181473	41.78406501580509
-2.623279098873592	42.87619406756168
-2.613266583229036	44.09057792442623
-2.603254067584481	45.18327356250674
-2.593241551939925	46.093316746382534
-2.5832290362953687	46.93609999208012
-2.5732165206508135	47.68831933298612
-2.5632040050062574	48.294096989687915
-2.5531914893617023	48.78122616047897
-2.543178973717146	49.17910798897522
-2.533166458072591	49.482778244002134
-2.523153942428035	49.73525525925783
-2.513141426783479	49.938668746758296
-2.5031289111389237	50.11978492655194
-2.4931163954943676	50.358376011244005
-2.4831038798498124	50.47479972799882
-2.4730913642052563	50.43599772468691
-2.463078848560701	50.360439136445024
-2.453066332916145	50.25164392974717
-2.443053817271589	50.23013594240939
-2.433041301627034	50.29449470433324
-2.4230287859824777	50.163971896789654
-2.4130162703379225	50.010784069767034
-2.4030037546933665	49.876311941447526
-2.3929912390488113	49.764009599315266
-2.382978723404255	49.61597024672517
-2.372966207759699	49.377813530159436
-2.362953692115144	49.11666938786756
-2.352941176470588	48.544303966532084
-2.3429286608260327	47.933128148834186
-2.3329161451814766	47.48532476982312
-2.3229036295369214	47.156460973855985
-2.3128911138923653	47.034680036956644
-2.3028785982478093	47.01896915004258
-2.292866082603254	47.01439068115944
-2.282853566958698	47.05959332737642
-2.272841051314143	47.152092975325814
-2.2628285356695867	47.33667640262869
-2.2528160200250316	47.45969060695908
-2.2428035043804755	47.566328644238325
-2.2327909887359194	47.82282662551723
-2.2227784730913642	48.202976395548504
-2.212765957446808	48.672865715344706
-2.202753441802253	49.073584597888164
-2.192740926157697	49.46109088297754
-2.1827284105131417	50.096976449084316
-2.1727158948685856	51.010380137263326
-2.1627033792240296	51.91819127476689
-2.1526908635794744	52.78371014237703
-2.1426783479349183	53.549957168757544
-2.132665832290363	54.118163416630004
-2.122653316645807	54.476260918053974
-2.112640801001252	55.01660009368683
-2.1026282853566958	55.551314031239706
-2.0926157697121397	56.10354713914249
-2.0826032540675845	56.651101458559786
-2.0725907384230284	57.23472815416551
-2.0625782227784732	57.92616978538842
-2.052565707133917	58.58606445612067
-2.042553191489362	59.09281247649826
-2.032540675844806	59.319580218223926
-2.02252816020025	59.34383073024664
-2.0125156445556946	59.39166654663818
-2.0025031289111386	59.47592065372118
-1.9924906132665834	59.441033684984404
-1.9824780976220273	59.274050829714575
-1.9724655819774712	58.94635662228521
-1.962453066332916	58.63337667142066
-1.95244055068836	58.30147047232133
-1.9424280350438048	57.82313987038784
-1.9324155193992487	57.21510811706797
-1.9224030037546935	56.62302749356996
-1.9123904881101375	56.12840721126067
-1.9023779724655814	55.67397701226244
-1.8923654568210262	55.18341883945058
-1.8823529411764701	54.60197059830143
-1.872340425531915	53.84751649239188
-1.8623279098873589	52.90043982240298
-1.8523153942428037	51.72812128024472
-1.8423028785982476	50.46020324464951
-1.8322903629536915	49.11550663134763
-1.8222778473091363	47.8818285876938
-1.8122653316645803	46.80297389333337
-1.802252816020025	45.676736289910224
-1.792240300375469	44.44986636929064
-1.7822277847309138	43.044665945449786
-1.7722152690863577	41.376644338101094
-1.7622027534418017	39.71821621180785
-1.7521902377972465	38.250963466330184
-1.7421777221526904	37.0636927253941
-1.7321652065081352	35.95078953902375
-1.7221526908635791	34.85732082470511
-1.712140175219024	33.87579269317734
-1.7021276595744679	32.890872552340966
-1.6921151439299118	31.999103284037833
-1.6821026282853566	31.2699552608672
-1.6720901126408005	30.78277645844172
-1.6620775969962454	30.26963687338388
-1.6520650813516893	29.732565658063223
-1.642052565707134	29.238572615908712
-1.632040050062578	28.855090479786114
-1.622027534418022	28.43061351142454
-1.6120150187734668	27.973929042566745
-1.6020025031289107	27.632862674408727
-1.5919899874843555	27.24040149032733
-1.5819774718397994	26.73473502975928
-1.5719649561952442	26.504887245326913
-1.5619524405506882	26.39051405442482
-1.551939924906132	26.242409970170677
-1.541927409261577	26.077206845630226
-1.5319148936170208	25.924511618864596
-1.5219023779724656	25.908156169676147
-1.5118898623279096	25.992894884358865
-1.5018773466833544	25.860085585068877
-1.4918648310387983	25.584906896572765
-1.4818523153942422	25.556995926605865
-1.471839799749687	25.728554582809174
-1.461827284105131	25.944449324599596
-1.4518147684605758	26.31216108372622
-1.4418022528160197	26.41585111590808
-1.4317897371714645	26.816199306220327
-1.4217772215269084	27.241926908723258
-1.4117647058823524	27.50975531222545
-1.4017521902377972	27.625804465917835
-1.391739674593241	27.800951529585575
-1.381727158948686	27.867113217459636
-1.3717146433041298	27.80737126665134
-1.3617021276595747	27.76177045858261
-1.3516896120150186	28.075976931813603
-1.3416770963704625	28.403533089663632
-1.3316645807259073	28.523031381018768
-1.3216520650813512	28.722141531753984
-1.311639549436796	28.983996817313994
-1.30162703379224	29.317807376411494
-1.2916145181476848	29.5143475772476
-1.2816020025031287	29.6594149503094
-1.2715894868585726	29.831270946964615
-1.2615769712140175	30.14176611759301
-1.2515644555694614	30.54720498659846
-1.2415519399249062	31.036222879192042
-1.2315394242803501	31.585538177536446
-1.221526908635795	32.17191150887938
-1.2115143929912389	32.73534092493996
-1.2015018773466828	33.396740898734166
-1.1914893617021276	34.11810672899995
-1.1814768460575715	34.96806157214697
-1.1714643304130163	35.907185331563035
-1.1614518147684603	37.074248893849926
-1.151439299123905	38.29033943597235
-1.141426783479349	39.3216042047403
-1.131414267834793	40.3568202887761
-1.1214017521902377	41.5358075359277
-1.1113892365456817	42.625127749474544
-1.1013767209011265	43.777641757080985
-1.0913642052565704	45.027970538374724
-1.0813516896120152	46.420214365900556
-1.0713391739674591	47.75041768840554
-1.061326658322903	48.76754321954665
-1.0513141426783479	49.50766800664101
-1.0413016270337918	50.14469980980706
-1.0312891113892366	50.7095729643938
-1.0212765957446805	51.341341235994065
-1.0112640801001254	52.08125462418148
-1.0012515644555693	52.818952201802134
-0.9912390488110132	53.613453053060056
-0.981226533166458	54.372120227521876
-0.971214017521902	55.11538529593385
-0.9612015018773468	55.95544455835165
-0.9511889862327907	56.84125288523007
-0.9411764705882355	57.672653639375895
-0.9311639549436794	58.46806726446913
-0.9211514392991234	59.31955702391969
-0.9111389236545682	60.15793701379299
-0.9011264080100121	60.945661413167414
-0.8911138923654569	61.671780711935796
-0.8811013767209008	62.135682501044315
-0.8710888610763456	62.322899102901516
-0.8610763454317896	62.30663559469754
-0.8510638297872335	62.28867652646031
-0.8410513141426783	62.427443827903396
-0.8310387984981222	62.456333743187116
-0.821026282853567	62.36784579508561
-0.811013767209011	62.389851261281386
-0.8010012515644558	62.48947531634384
-0.7909887359198997	62.38190487992283
-0.7809762202753436	62.08636380061267
-0.7709637046307884	61.69688836072967
-0.7609511889862324	61.294263330832166
-0.7509386733416772	60.982807087231905
-0.7409261576971211	60.83581805061606
-0.7309136420525659	60.747278994064764
-0.7209011264080099	60.73960494534894
-0.7108886107634538	60.702879778271196
-0.7008760951188986	60.560041001600844
-0.6908635794743425	60.35411125565128
-0.6808510638297873	60.21553534240721
-0.6708385481852313	60.229936480619145
-0.6608260325406761	60.22741090488187
-0.65081351689612	60.274105328097
-0.6408010012515639	60.42133232739609
-0.6307884856070087	60.740386388870085
-0.6207759699624527	61.10734295783839
-0.6107634543178975	61.3679504888398
-0.6007509386733414	61.50074734217218
-0.5907384230287862	61.53015803693287
-0.5807259073842301	61.53333084911797
-0.5707133917396741	61.51349227940903
-0.5607008760951189	61.53756400799084
-0.5506883604505628	61.67526122250334
-0.5406758448060076	61.91402992948713
-0.5306633291614515	62.02679307530135
-0.5206508135168963	61.98698525358972
-0.5106382978723403	61.995472171436795
-0.5006257822277842	62.09921814219956
-0.490613266583229	62.29417681399019
-0.48060075093867294	62.428831558190936
-0.47058823529411775	62.577945730895955
-0.4605757196495617	62.84289535167256
-0.4505632040050065	63.06300842418115
-0.4405506883604504	63.27604245899821
-0.43053817271589434	63.5123662613644
-0.42052565707133915	63.69660499952443
-0.4105131414267831	63.75051896487997
-0.4005006257822279	63.61763262131717
-0.3904881101376718	63.293884727048635
-0.38047559449311663	62.93167999022448
-0.37046307884856056	62.659780491225156
-0.3604505632040045	62.5198847787701
-0.3504380475594493	62.44891895697491
-0.3404255319148932	62.36200281715627
-0.33041301627033803	62.19735179434587
-0.32040050062578196	62.011268163412325
-0.3103879849812259	61.7472123425397
-0.3003754693366707	61.39820165903741
-0.2903629536921146	61.033981210093664
-0.28035043804755944	60.56127939480558
-0.27033792240300336	59.928699820565576
-0.2603254067584482	59.19656209983673
-0.2503128911138921	58.39548498597822
-0.24030037546933602	57.61451256009855
-0.23028785982478084	56.90109958011355
-0.22027534418022476	56.23915360377117
-0.21026282853566958	55.54452231734599
-0.2002503128911135	54.77390255248063
-0.19023779724655832	53.97649520715481
-0.18022528160200224	53.184029631091
-0.17021276595744617	52.29141653118027
-0.16020025031289098	51.378030111197
-0.1501877346683349	50.46781997493381
-0.14017521902377972	49.47153529868577
-0.13016270337922364	48.44337998493661
-0.12015018773466846	47.499152951309576
-0.11013767209011238	46.80908608984616
-0.10012515644555631	46.43320404787979
-0.09011264080100112	46.2778358610693
-0.08010012515644505	46.18394957343814
-0.07008760951188986	46.04357160326777
-0.060075093867333784	45.81959065238227
-0.0500625782227786	45.5393520464075
-0.04005006257822252	45.17443877185238
-0.030037546933666448	44.64156799921919
-0.02002503128911126	43.95785307510343
-0.010012515644555187	43.22524410576891
0.0	42.416465116930574
