-8.0	46.36422740501561
-7.989987484355444	46.821878619805474
-7.979974968710889	47.494122829302995
-7.969962453066333	48.20193379508406
-7.9599499374217775	48.812912168725966
-7.949937421777221	49.25151551556893
-7.939924906132666	49.539499424389106
-7.92991239048811	49.819995991575375
-7.919899874843554	50.238891107017224
-7.909887359198999	50.81988243496971
-7.899874843554443	51.46493422965869
-7.889862327909888	52.05688643300311
-7.8798498122653315	52.54826146960806
-7.869837296620776	52.95023542863783
-7.85982478097622	53.31957491470031
-7.849812265331664	53.70883516328018
-7.839799749687109	54.10460477605794
-7.829787234042553	54.4300539866109
-7.819774718397998	54.601182603708374
-7.809762202753442	54.590625381789266
-7.7997496871088865	54.399110678097976
-7.78973717146433	54.03008451150128
-7.779724655819774	53.52580025469638
-7.769712140175219	52.95243176187274
-7.759699624530663	52.376632349102934
-7.749687108886108	51.874635934384465
-7.739674593241552	51.520761066792524
-7.729662077596997	51.35519988658139
-7.719649561952441	51.34831765257482
-7.7096370463078845	51.408328664702466
-7.699624530663329	51.46578570446217
-7.689612015018773	51.5201153082647
-7.679599499374218	51.571447845403505
-7.669586983729662	51.60216196906041
-7.659574468085107	51.6204541374662
-7.649561952440551	51.6476378367123
-7.639549436795995	51.666112048230914
-7.629536921151439	51.6284357939943
-7.619524405506883	51.50734696520873
-7.609511889862328	51.29254637135822
-7.599499374217772	50.97240540285817
-7.589486858573217	50.55800371237228
-7.579474342928661	50.08938627003952
-7.569461827284105	49.62507806679168
-7.55944931163955	49.2541667847617
-7.5494367959949935	49.07937143835593
-7.539424280350438	49.156375871522684
-7.529411764705882	49.45827164276371
-7.519399249061326	49.90129449094389
-7.509386733416771	50.407796059537546
-7.499374217772215	50.92819441154901
-7.48936170212766	51.39871586933781
-7.479349186483104	51.73581505883599
-7.4693366708385485	51.89960735592611
-7.459324155193992	51.933274731904895
-7.449311639549437	51.913487961109794
-7.439299123904881	51.89202853250993
-7.429286608260325	51.88700749303978
-7.41927409261577	51.90910595055239
-7.409261576971214	51.973580605482034
-7.399249061326659	52.07850577658645
-7.3892365456821025	52.198245489062806
-7.3792240300375465	52.28511690013102
-7.369211514392991	52.290079921142535
-7.359198998748435	52.20802995713799
-7.34918648310388	52.08343761417081
-7.339173967459324	51.96024898008679
-7.329161451814769	51.827310036196586
-7.319148936170213	51.60329022007047
-7.3091364205256575	51.216906920912734
-7.299123904881101	50.69857774652261
-7.289111389236545	50.14361870413804
-7.27909887359199	49.6149594567697
-7.269086357947434	49.12421610818994
-7.259073842302879	48.679535454744034
-7.249061326658323	48.255476727877976
-7.239048811013767	47.78239709127564
-7.2290362953692116	47.19348739815892
-7.2190237797246555	46.43823598916668
-7.2090112640801	45.525556798064706
-7.198998748435544	44.54771061279879
-7.188986232790989	43.571362298486534
-7.178973717146433	42.57369368873856
-7.168961201501878	41.54837176910782
-7.158948685857322	40.54379756225749
-7.148936170212766	39.56437694595705
-7.13892365456821	38.61387284403365
-7.128911138923654	37.753915518272194
-7.118898623279099	37.019971330867264
-7.108886107634543	36.37283522340969
-7.098873591989987	35.77874734513858
-7.088861076345432	35.21315706771424
-7.078848560700876	34.617115195019366
-7.068836045056321	33.98005916586615
-7.0588235294117645	33.25533954974091
-7.048811013767209	32.37921645306079
-7.038798498122653	31.452720269692914
-7.028785982478098	30.597158487955966
-7.018773466833542	29.837116702614324
-7.008760951188986	29.211685695787345
-6.998748435544431	28.73899379171957
-6.988735919899875	28.436090435566612
-6.9787234042553195	28.212130790249752
-6.968710888610763	27.95730605024512
-6.958698372966207	27.663435963705385
-6.948685857321652	27.390519649441302
-6.938673341677096	27.119461299411515
-6.928660826032541	26.835944053641665
-6.918648310387985	26.557172029978094
-6.908635794743429	26.34120781123239
-6.8986232790988735	26.133643857436276
-6.888610763454318	25.850045101725684
-6.878598247809762	25.522919035590576
-6.868585732165206	25.177334825664886
-6.858573216520651	24.79715759329346
-6.848560700876095	24.42733088515103
-6.83854818523154	24.167396300943633
-6.828535669586984	24.018016563651017
-6.818523153942428	23.893467028327812
-6.808510638297872	23.673996690216583
-6.798498122653316	23.34956799804237
-6.788485607008761	22.987838098057615
-6.778473091364205	22.620668574494843
-6.768460575719649	22.23380478201343
-6.758448060075094	21.892123295993656
-6.748435544430539	21.670911395460546
-6.7384230287859825	21.48215257127931
-6.7284105131414265	21.246191778101487
-6.718397997496871	21.019559170630888
-6.708385481852315	20.781223601819505
-6.69837296620776	20.49566042927213
-6.688360450563204	20.170312422404873
-6.678347934918648	19.92404381280802
-6.668335419274093	19.677904968278735
-6.658322903629537	19.575074339614652
-6.648310387984981	19.506990398808334
-6.638297872340425	19.577531883060725
-6.628285356695869	19.731388314581576
-6.618272841051314	19.78698416329525
-6.608260325406759	19.877014856379333
-6.598247809762203	20.127506475597755
-6.588235294117647	20.32045084633833
-6.578222778473092	20.548382677438994
-6.5682102628285355	20.923278203446646
-6.55819774718398	21.39433525099241
-6.548185231539424	21.72695617899621
-6.538172715894868	22.120687684812477
-6.528160200250313	22.643778031423572
-6.518147684605757	23.282497720568184
-6.508135168961202	24.01018562470408
-6.498122653316646	24.560307089294483
-6.4881101376720896	25.05860852207056
-6.478097622027534	25.582261330197138
-6.468085106382979	26.196437021977335
-6.458072590738423	26.825009395753437
-6.448060075093867	27.518954840171414
-6.438047559449312	28.3482329647213
-6.428035043804756	29.2932668152765
-6.418022528160201	30.340647403428928
-6.4080100125156445	31.48963747129053
-6.397997496871088	32.75491435154654
-6.387984981226533	33.985031404463015
-6.377972465581977	35.14457521569373
-6.367959949937422	36.36090429450504
-6.357947434292866	37.74002089790306
-6.34793491864831	39.28124691171106
-6.337922403003755	40.860202036558846
-6.3279098873591995	42.543820806678156
-6.317897371714643	44.2905155083465
-6.307884856070087	46.118879248918084
-6.297872340425532	48.02929630952875
-6.287859824780976	49.97329645779233
-6.277847309136421	51.934156096657134
-6.267834793491865	53.7972760637576
-6.257822277847309	55.50667596380373
-6.2478097622027535	57.10021696989814
-6.2377972465581975	58.63984055091323
-6.227784730913642	60.211909005084266
-6.217772215269086	61.84070914081292
-6.20775969962453	63.43007973502819
-6.197747183979975	64.89680019839322
-6.18773466833542	66.2762035789866
-6.177722152690864	67.62378680935856
-6.167709637046308	68.94859271936757
-6.157697121401752	70.17005122715149
-6.147684605757196	71.2468886954574
-6.137672090112641	72.24761635159216
-6.127659574468085	73.15005465274895
-6.117647058823529	73.82275867381125
-6.107634543178974	74.21597855541047
-6.097622027534418	74.43806763333312
-6.0876095118898625	74.58841290655502
-6.0775969962453065	74.77216535590665
-6.06758448060075	74.99085735012858
-6.057571964956195	75.17420147076871
-6.04755944931164	75.2911319524747
-6.037546933667084	75.41777503125493
-6.027534418022528	75.67011571085285
-6.017521902377973	75.99882322998359
-6.007509386733417	76.26563315065901
-5.997496871088861	76.30176410810994
-5.987484355444305	76.06930610730481
-5.977471839799749	75.64276364222006
-5.967459324155194	75.02178002081563
-5.957446808510639	74.24376126849323
-5.947434292866083	73.44831292370773
-5.937421777221527	72.64485047259674
-5.927409261576971	71.85616766396608
-5.9173967459324155	71.10157132768919
-5.90738423028786	70.46055851851223
-5.897371714643304	69.9270063151493
-5.887359198998748	69.49228705688937
-5.877346683354192	68.99243789764361
-5.867334167709637	68.19708898742604
-5.857321652065082	67.21464896603547
-5.847309136420526	66.14331186362641
-5.83729662077597	65.00251401396984
-5.827284105131414	63.741956189262
-5.817271589486858	62.378126905562084
-5.807259073842303	61.02341623928649
-5.797246558197747	59.62279988248334
-5.787234042553191	58.330590567230175
-5.777221526908636	57.05161603648157
-5.767209011264081	55.75693543529141
-5.7571964956195245	54.522414101547646
-5.747183979974968	53.38212590651436
-5.737171464330412	52.17646021967145
-5.727158948685857	50.70412480913313
-5.717146433041302	49.189374450392364
-5.707133917396746	47.85866154169781
-5.69712140175219	46.34572059846971
-5.687108886107635	44.64887491039831
-5.677096370463079	43.166681612341506
-5.667083854818523	41.76464684458006
-5.657071339173967	40.132820184103
-5.647058823529411	38.59285583198234
-5.637046307884856	37.34104288686881
-5.627033792240301	36.44785854863442
-5.617021276595745	35.771656932640184
-5.607008760951189	34.94787143493987
-5.596996245306633	34.177888640736356
-5.5869837296620775	33.47404291102345
-5.576971214017522	32.69167093945223
-5.566958698372966	31.599734125294876
-5.55694618272841	30.497687280298127
-5.546933667083855	29.35874965109332
-5.536921151439299	28.392333035468145
-5.526908635794744	27.601065669138546
-5.516896120150188	26.895469462342117
-5.5068836045056315	26.31699933063354
-5.496871088861076	25.728585543467993
-5.486858573216521	25.08972036137702
-5.476846057571965	24.520960691172824
-5.466833541927409	24.262457543059604
-5.456821026282853	23.925179299606867
-5.446808510638298	23.601281574237586
-5.4367959949937426	23.34021150133316
-5.4267834793491865	23.173455950123248
-5.41677096370463	23.061739146459374
-5.406758448060075	22.956876163930612
-5.396745932415519	22.897096802922565
-5.386733416770964	22.880455731547535
-5.376720901126408	22.87075621669672
-5.366708385481852	22.835761743752705
-5.356695869837297	22.81578927839248
-5.346683354192741	22.809154147415637
-5.336670838548185	22.809157557761772
-5.326658322903629	22.80944880970394
-5.316645807259073	22.809289185306973
-5.306633291614518	22.807013217275355
-5.296620775969963	22.803790173553587
-5.286608260325407	22.803013268116427
-5.276595744680851	22.8031784379551
-5.2665832290362955	22.803453630994692
-5.256570713391739	22.803702003189066
-5.246558197747184	22.803910428752264
-5.236545682102628	22.804083496197144
-5.226533166458072	22.8042278394998
-5.216520650813517	22.804349609034915
-5.206508135168962	22.8044539933324
-5.196495619524406	22.804545174691096
-5.18648310387985	22.804626420708587
-5.1764705882352935	22.804700222267307
-5.166458072590738	22.804768438587075
-5.156445556946183	22.80483243076129
-5.146433041301627	22.804893176263445
-5.136420525657071	22.804951362863093
-5.126408010012516	22.80500746333732
-5.11639549436796	22.805061793586194
-5.1063829787234045	22.805114557052857
-5.0963704630788484	22.805165878181565
-5.086357947434292	22.80521582729016
-5.076345431789737	22.805264438825883
-5.066332916145182	22.805311724586943
-5.056320400500626	22.80535768315462
-5.04630788485607	22.80540230650053
-5.036295369211514	22.805445584506945
-5.026282853566959	22.80548750796069
-5.016270337922403	22.805528070441685
-5.006257822277847	22.805567269421342
-4.996245306633291	22.805605106804553
-4.986232790988735	22.805641589087518
-4.97622027534418	22.805676727257918
-4.966207759699625	22.805710536528522
-4.956195244055069	22.805743035970455
-4.946182728410513	22.805774248092362
-4.9361702127659575	22.805804198398473
-4.926157697121402	22.8058329149474
-4.916145181476846	22.8058604279267
-4.90613266583229	22.805886769252297
-4.896120150187734	22.805911972198217
-4.886107634543179	22.805936071059243
-4.876095118898624	22.805959100847435
-4.866082603254068	22.80598109702164
-4.8560700876095115	22.806002095249006
-4.8460575719649555	22.806022131196336
-4.8360450563204	22.805935735630726
-4.826032540675845	22.605871519640573
-4.816020025031289	22.53143494695412
-4.806007509386733	22.53145112396923
-4.795994993742178	22.373186583220797
-4.785982478097623	22.143658372556576
-4.7759699624530665	21.600069886566157
-4.76595744680851	21.58536771846823
-4.755944931163954	21.619591414266896
-4.745932415519399	21.30283750915639
-4.735919899874844	20.960327049408324
-4.725907384230288	20.502868364947417
-4.715894868585732	20.30726308927888
-4.705882352941176	20.027540080597074
-4.6958698372966206	19.817222682305093
-4.685857321652065	19.408247937543464
-4.675844806007509	19.15208447843271
-4.665832290362953	18.987714667847513
-4.655819774718398	18.860732443904613
-4.645807259073843	18.72563734004517
-4.635794743429287	18.815510170369784
-4.625782227784731	18.87803573481604
-4.615769712140175	18.84133972346223
-4.605757196495619	18.900175298800676
-4.595744680851064	18.932081758309412
-4.585732165206508	18.98348130308117
-4.575719649561952	19.04596460268053
-4.565707133917396	18.837052702576596
-4.555694618272841	18.75700840688575
-4.545682102628286	18.778377650945508
-4.53566958698373	18.986955142873782
-4.5256570713391735	18.93037768258546
-4.515644555694618	18.952539400536637
-4.505632040050063	18.952430732184528
-4.495619524405507	18.952321332650236
-4.485607008760951	18.952211172967434
-4.475594493116395	18.888143646703394
-4.46558197747184	18.885733802575967
-4.4555694618272845	18.885621133094084
-4.4455569461827285	18.8855075276565
-4.435544430538172	18.88539292269363
-4.425531914893616	18.885277244534514
-4.415519399249061	18.88516040801979
-4.405506883604506	18.885042314939508
-4.39549436795995	18.88492285227578
-4.385481852315394	18.884801890228694
-4.375469336670839	18.884679280002423
-4.365456821026283	18.884554851326968
-4.355444305381727	18.884428409690216
-4.345431789737171	18.884299733254377
-4.335419274092615	18.88416856943153
-4.32540675844806	18.884034631094867
-4.315394242803505	18.883897592405802
-4.305381727158949	18.88375708424402
-4.295369211514393	18.88361268923772
-4.285356695869837	18.8834639364073
-4.275344180225281	18.883310295459264
-4.265331664580726	18.883151170800826
-4.25531914893617	18.882985895393713
-4.245306633291614	18.88281372463137
-4.235294117647059	18.882633830505466
-4.225281602002504	18.882445296379437
-4.215269086357948	18.882247112383755
-4.2052565707133915	18.882038168761806
-4.1952440550688355	18.88181722706353
-4.18523153942428	18.88158274204835
-4.175219023779725	18.88133176015383
-4.165206508135169	18.881053310697354
-4.155193992490613	18.880692375341255
-4.145181476846057	18.880037575445225
-4.135168961201502	18.879005368544327
-4.1251564455569465	18.878252782466316
-4.11514392991239	18.87779308060746
-4.105131414267834	18.877395298661064
-4.095118898623279	18.877002042354306
-4.085106382978723	18.876632019092042
-4.075093867334168	18.87639443023646
-4.065081351689612	18.876687148540807
-4.055068836045056	18.87875624310586
-4.045056320400501	18.884827310613712
-4.035043804755945	18.893862834050385
-4.025031289111389	18.9016441206093
-4.015018773466833	18.908207398790527
-4.005006257822277	18.91211814386505
-3.994993742177722	18.917444352823864
-3.9849812265331668	18.939519937511267
-3.9749687108886107	19.058004942639673
-3.9649561952440546	19.208426362999575
-3.9549436795994994	19.345271970927772
-3.9449311639549434	19.46178833555021
-3.934918648310388	19.62952102576987
-3.924906132665832	19.86135633791391
-3.914893617021277	20.088047732911857
-3.904881101376721	20.48804415725027
-3.8948685857321648	21.012818374248507
-3.8848560700876096	21.41523329617411
-3.8748435544430535	21.840273409349543
-3.8648310387984983	22.386492901103335
-3.8548185231539422	22.949345627278653
-3.844806007509387	23.412723954243727
-3.834793491864831	23.818029714605345
-3.824780976220275	24.339028085816516
-3.8147684605757197	25.0092930071495
-3.8047559449311636	25.867958435761434
-3.7947434292866085	26.831994498434256
-3.7847309136420524	27.775259880974897
-3.774718397997497	28.60324968906072
-3.764705882352941	29.319867621009283
-3.754693366708385	29.95703504484891
-3.74468085106383	30.50930305194441
-3.734668335419274	31.08892207497267
-3.7246558197747186	31.790950474625934
-3.7146433041301625	32.33960547860744
-3.7046307884856065	32.79303153003989
-3.6946182728410513	33.27924318840922
-3.684605757196495	33.7806653190768
-3.67459324155194	34.15776158961061
-3.664580725907384	34.579724354174054
-3.6545682102628287	34.989391950287654
-3.6445556946182727	35.33876531472138
-3.6345431789737166	35.53158299930751
-3.6245306633291614	35.56861329634898
-3.6145181476846053	35.491229744111095
-3.60450563204005	35.34430037785302
-3.594493116395494	35.16155710472034
-3.584480600750939	34.90500944569641
-3.574468085106383	34.61773467916948
-3.5644555694618267	34.24710837351558
-3.5544430538172715	33.565988736258994
-3.5444305381727155	32.73798799531682
-3.5344180225281603	31.792019884876282
-3.524405506883604	31.036467604027816
-3.514392991239049	30.37847528022555
-3.504380475594493	29.57615081238194
-3.494367959949937	28.792315746593953
-3.4843554443053817	28.177494205722734
-3.4743429286608256	27.697857861088725
-3.4643304130162704	27.10970940159976
-3.4543178973717144	26.481340066772756
-3.444305381727159	25.794344319418705
-3.434292866082603	24.957842786463694
-3.424280350438047	24.054895998092782
-3.414267834793492	23.448395962385558
-3.4042553191489358	23.06754438118551
-3.3942428035043806	22.507232186999417
-3.3842302878598245	21.714279476920332
-3.3742177722152693	21.17944859161191
-3.3642052565707132	20.682166829934346
-3.354192740926157	20.21691496255728
-3.344180225281602	19.730047076917725
-3.334167709637046	19.253856283582156
-3.3241551939924907	18.776210271864922
-3.3141426783479346	18.365503541289627
-3.3041301627033794	18.040429435458062
-3.2941176470588234	17.895139563254087
-3.2841051314142673	17.842692258423916
-3.274092615769712	17.81456688016155
-3.264080100125156	17.78563056751305
-3.254067584480601	17.75141867644102
-3.2440550688360448	17.70999926304122
-3.2340425531914896	17.687966607484817
-3.2240300375469335	17.680714131272275
-3.2140175219023774	17.678415235850842
-3.2040050062578223	17.678418960360027
-3.193992490613266	17.67864508973895
-3.183979974968711	17.678536496085574
-3.173967459324155	17.67743708165468
-3.1639549436795997	17.67094005170905
-3.1539424280350437	17.653816621622628
-3.1439299123904876	17.639984693568348
-3.1339173967459324	17.634723930550756
-3.1239048811013763	17.633432715233226
-3.113892365456821	17.63451068293569
-3.103879849812265	17.592507553991585
-3.09386733416771	17.65722992917632
-3.083854818523154	17.616727059816014
-3.0738423028785977	17.61182717865442
-3.0638297872340425	17.696236525613934
-3.0538172715894865	17.794301177370087
-3.0438047559449313	17.825069192917603
-3.033792240300375	17.919273907088638
-3.02377972465582	17.79446837063192
-3.013767209011264	17.86467740225252
-3.003754693366708	18.191289922850974
-2.9937421777221527	18.495482033426185
-2.9837296620775966	18.900112581534387
-2.9737171464330414	19.22912607420801
-2.9637046307884853	19.534356074641632
-2.95369211514393	20.09631142349354
-2.943679599499374	20.41842273283097
-2.933667083854818	20.578760397263782
-2.923654568210263	20.892664152234225
-2.9136420525657067	21.742680994186948
-2.9036295369211516	21.662638920131958
-2.8936170212765955	21.628395886387516
-2.8836045056320403	21.939223565489616
-2.873591989987484	21.991801046243033
-2.863579474342928	22.19425535500573
-2.853566958698373	22.423764195482022
-2.843554443053817	22.500215353458913
-2.8335419274092617	22.86943110363373
-2.8235294117647056	22.95559941471528
-2.8135168961201504	23.02472283942809
-2.8035043804755944	23.074947874326135
-2.7934918648310383	23.249950437891524
-2.783479349186483	23.346423531985128
-2.773466833541927	23.373994719775222
-2.763454317897372	23.403102382084285
-2.7534418022528158	23.406852703602645
-2.7434292866082606	23.423697665758397
-2.7334167709637045	23.471210893446848
-2.7234042553191484	23.536686696149697
-2.7133917396745932	23.57495871707158
-2.703379224030037	23.589453586925742
-2.693366708385482	23.61230744804183
-2.683354192740926	23.685332184217273
-2.6733416770963707	23.801716789583054
-2.6633291614518146	23.91071484629408
-2.6533166458072586	23.997207402752885
-2.6433041301627034	24.139701997802224
-2.6332916145181473	24.302632954608185
-2.623279098873592	24.497706439398257
-2.613266583229036	24.668593509209185
-2.603254067584481	24.848431079004854
-2.593241551939925	25.066421829609876
-2.5832290362953687	25.350081924731203
-2.5732165206508135	25.703523434934716
-2.5632040050062574	26.11181791963548
-2.5531914893617023	26.407785935184968
-2.543178973717146	26.646882276208277
-2.533166458072591	27.020756423263844
-2.523153942428035	27.40834237210974
-2.513141426783479	27.82493861891226
-2.5031289111389237	28.305270772503317
-2.4931163954943676	28.951698848077072
-2.4831038798498124	29.565302371848603
-2.4730913642052563	30.10382378250401
-2.463078848560701	30.692610133303276
-2.453066332916145	31.30182367421303
-2.443053817271589	31.85906824891457
-2.433041301627034	32.4318465202229
-2.4230287859824777	32.94484140299307
-2.4130162703379225	33.46882547858925
-2.4030037546933665	34.18746732887547
-2.3929912390488113	34.921596993767345
-2.382978723404255	35.75344623498177
-2.372966207759699	36.69253844489978
-2.362953692115144	37.56334645158315
-2.352941176470588	38.415876049608485
-2.3429286608260327	39.176166757525046
-2.3329161451814766	39.872464269028676
-2.3229036295369214	40.628003462200084
-2.3128911138923653	41.32276308393449
-2.3028785982478093	41.66629263246923
-2.292866082603254	41.69397401582421
-2.282853566958698	41.55947795056281
-2.272841051314143	41.311440674572324
-2.2628285356695867	40.955207833076095
-2.2528160200250316	40.66072828963274
-2.2428035043804755	40.44054104582955
-2.2327909887359194	40.265036092213165
-2.2227784730913642	40.156419092880846
-2.212765957446808	40.0384861006455
-2.202753441802253	39.92299217244337
-2.192740926157697	39.67142189732981
-2.1827284105131417	39.234467562126646
-2.1727158948685856	38.75823279478955
-2.1627033792240296	38.17284762018705
-2.1526908635794744	37.60247341477432
-2.1426783479349183	37.186333339165124
-2.132665832290363	36.929970824888485
-2.122653316645807	36.86107326609476
-2.112640801001252	36.853394643311816
-2.1026282853566958	36.87233859664892
-2.0926157697121397	36.84718565723842
-2.0826032540675845	36.97135426888679
-2.0725907384230284	37.233956842497484
-2.0625782227784732	37.55500428786102
-2.052565707133917	37.7968846189066
-2.042553191489362	37.982414390442244
-2.032540675844806	38.09616081632465
-2.02252816020025	38.340762850372194
-2.0125156445556946	38.73931548751149
-2.0025031289111386	39.12807108392276
-1.9924906132665834	39.59088530813242
-1.9824780976220273	40.183947323611164
-1.9724655819774712	40.91706337518805
-1.962453066332916	41.73403897062714
-1.95244055068836	42.6513682930523
-1.9424280350438048	43.70351303020846
-1.9324155193992487	44.79259805308815
-1.9224030037546935	45.648504508331996
-1.9123904881101375	46.32851113095328
-1.9023779724655814	47.048090337852216
-1.8923654568210262	47.71804646677971
-1.8823529411764701	48.34214334875058
-1.872340425531915	48.92732444752489
-1.8623279098873589	49.50198284420498
-1.8523153942428037	50.006847964615496
-1.8423028785982476	50.4783028365523
-1.8322903629536915	51.01594361246402
-1.8222778473091363	51.69126110913979
-1.8122653316645803	52.504737355624734
-1.802252816020025	53.34339113912084
-1.792240300375469	54.15258294175015
-1.7822277847309138	54.94726196888958
-1.7722152690863577	55.690447957582016
-1.7622027534418017	56.33793322505449
-1.7521902377972465	56.987744110810524
-1.7421777221526904	57.65748477005004
-1.7321652065081352	58.31999754902791
-1.7221526908635791	58.90226841659608
-1.712140175219024	59.37492886537009
-1.7021276595744679	59.71694402692877
-1.6921151439299118	59.93641736048674
-1.6821026282853566	60.12646077567248
-1.6720901126408005	60.28447220745697
-1.6620775969962454	60.34129415734667
-1.6520650813516893	60.28962375828844
-1.642052565707134	60.209745208696056
-1.632040050062578	60.18213452719099
-1.622027534418022	60.24161469436818
-1.6120150187734668	60.24013849653497
-1.6020025031289107	60.18819730962444
-1.5919899874843555	60.21541785305619
-1.5819774718397994	60.28842314709899
-1.5719649561952442	60.33278184233144
-1.5619524405506882	60.31931122496886
-1.551939924906132	60.173654779143725
-1.541927409261577	59.8596968479913
-1.5319148936170208	59.470504616115214
-1.5219023779724656	59.10517794174889
-1.5118898623279096	58.72178108788279
-1.5018773466833544	58.32303291313676
-1.4918648310387983	57.899986268416846
-1.4818523153942422	57.351007849579595
-1.471839799749687	56.65974973045099
-1.461827284105131	55.96972592429857
-1.4518147684605758	55.377295939243716
-1.4418022528160197	54.81682624118535
-1.4317897371714645	54.21108046389025
-1.4217772215269084	53.585353054304925
-1.4117647058823524	53.01399678992621
-1.4017521902377972	52.532929297167996
-1.391739674593241	52.03432768994945
-1.381727158948686	51.398959888577735
-1.3717146433041298	50.512434691689194
-1.3617021276595747	49.4899939168156
-1.3516896120150186	48.49875679283369
-1.3416770963704625	47.71015953457636
-1.3316645807259073	47.08494029264371
-1.3216520650813512	46.44343199166006
-1.311639549436796	45.66000841965599
-1.30162703379224	44.79724941345582
-1.2916145181476848	43.941300239505594
-1.2816020025031287	43.043630930448536
-1.2715894868585726	42.12422020971719
-1.2615769712140175	41.25052535587789
-1.2515644555694614	40.45028178139385
-1.2415519399249062	39.59783890812331
-1.2315394242803501	38.77387599901265
-1.221526908635795	38.14698463196359
-1.2115143929912389	37.73596974260477
-1.2015018773466828	37.520551322733894
-1.1914893617021276	37.334127982008674
-1.1814768460575715	37.01407026307529
-1.1714643304130163	36.56736870752672
-1.1614518147684603	35.982996847031586
-1.151439299123905	35.283090916352556
-1.141426783479349	34.509830389318985
-1.131414267834793	33.95372433465385
-1.1214017521902377	33.583121065750994
-1.1113892365456817	33.345629997573326
-1.1013767209011265	33.14131149717752
-1.0913642052565704	32.86802000615101
-1.0813516896120152	32.490384667134165
-1.0713391739674591	32.2284197471623
-1.061326658322903	32.02306952316007
-1.0513141426783479	31.771277212158004
-1.0413016270337918	31.446893212460665
-1.0312891113892366	31.10304443423363
-1.0212765957446805	30.78056846671934
-1.0112640801001254	30.474175563260882
-1.0012515644555693	30.155942639463298
-0.9912390488110132	29.79067270680801
-0.981226533166458	29.428816334401933
-0.971214017521902	29.111318816112092
-0.9612015018773468	28.781083889012724
-0.9511889862327907	28.377926956315466
-0.9411764705882355	27.932034337820365
-0.9311639549436794	27.410037434203765
-0.9211514392991234	26.88960945143693
-0.9111389236545682	26.47822470842348
-0.9011264080100121	26.148828561236915
-0.8911138923654569	25.871466525035625
-0.8811013767209008	25.624987083218667
-0.8710888610763456	25.344134519406477
-0.8610763454317896	24.960271704106535
-0.8510638297872335	24.52611467207921
-0.8410513141426783	24.101540550878685
-0.8310387984981222	23.681131197426186
-0.821026282853567	23.252638425358814
-0.811013767209011	22.883718940678083
-0.8010012515644558	22.46748248875268
-0.7909887359198997	21.986087387502156
-0.7809762202753436	21.635428417822517
-0.7709637046307884	21.34675439650336
-0.7609511889862324	21.080945226233162
-0.7509386733416772	20.848744547138956
-0.7409261576971211	20.73651352933725
-0.7309136420525659	20.74541088571885
-0.7209011264080099	20.77410729650757
-0.7108886107634538	20.721360243489045
-0.7008760951188986	20.656887995023315
-0.6908635794743425	20.724649640908723
-0.6808510638297873	20.899316158895108
-0.6708385481852313	21.051298691459337
-0.6608260325406761	21.17221738707604
-0.65081351689612	21.301770374529127
-0.6408010012515639	21.434008826193413
-0.6307884856070087	21.496098753536423
-0.6207759699624527	21.490409861331464
-0.6107634543178975	21.59232972200033
-0.6007509386733414	21.770292135821137
-0.5907384230287862	21.84504655789316
-0.5807259073842301	21.88641613211632
-0.5707133917396741	21.99355041122685
-0.5607008760951189	22.069319010853004
-0.5506883604505628	22.121302079564803
-0.5406758448060076	22.052429160789714
-0.5306633291614515	21.83616922439314
-0.5206508135168963	21.593900630649284
-0.5106382978723403	21.42834853109592
-0.5006257822277842	21.307570734361626
-0.490613266583229	21.20418937033642
-0.48060075093867294	21.135110596417988
-0.47058823529411775	21.09431180579017
-0.4605757196495617	21.03337289452431
-0.4505632040050065	20.989667607392573
-0.4405506883604504	20.959248773989557
-0.43053817271589434	20.934895416716163
-0.42052565707133915	20.902691349407668
-0.4105131414267831	20.803165138740983
-0.4005006257822279	20.629062408085584
-0.3904881101376718	20.366088174894433
-0.38047559449311663	20.030096165501064
-0.37046307884856056	19.734505638247402
-0.3604505632040045	19.506474531222327
-0.3504380475594493	19.321632122958246
-0.3404255319148932	19.125158524378737
-0.33041301627033803	18.851479030445322
-0.32040050062578196	18.514956046056888
-0.3103879849812259	18.198309517760315
-0.3003754693366707	17.89071513081491
-0.2903629536921146	17.590892238378014
-0.28035043804755944	17.322185659402145
-0.27033792240300336	17.069001933005186
-0.2603254067584482	16.827638782528588
-0.2503128911138921	16.585108777121697
-0.24030037546933602	16.305703359637604
-0.23028785982478084	15.979551972082644
-0.22027534418022476	15.666896237433608
-0.21026282853566958	15.39780565973907
-0.2002503128911135	15.145434690715183
-0.19023779724655832	15.028952465270827
-0.18022528160200224	15.10636216691371
-0.17021276595744617	15.294463162187606
-0.16020025031289098	15.50041203812847
-0.1501877346683349	15.709893824987903
-0.14017521902377972	15.873723518401478
-0.13016270337922364	15.982435708290332
-0.12015018773466846	16.095655866309492
-0.11013767209011238	16.229090628799977
-0.10012515644555631	16.350282271928474
-0.09011264080100112	16.42359693309268
-0.08010012515644505	16.447275160515037
-0.07008760951188986	16.451365717307635
-0.060075093867333784	16.473838392720033
-0.0500625782227786	16.526068726608813
-0.04005006257822252	16.573503153714327
-0.030037546933666448	16.641797752973414
-0.02002503128911126	16.735278024217266
-0.010012515644555187	16.873526433973563
0.0	17.087373225759027
