-8.0	41.74653912952121
-7.989987484355444	43.14639155766759
-7.979974968710889	44.53898301432039
-7.969962453066333	45.86080311982173
-7.9599499374217775	47.13436533689581
-7.949937421777221	48.38613186018443
-7.939924906132666	49.60537323201942
-7.92991239048811	50.77961477042715
-7.919899874843554	51.91506555175482
-7.909887359198999	53.01779931851934
-7.899874843554443	54.071692221004994
-7.889862327909888	55.02208835090699
-7.8798498122653315	55.799686278471796
-7.869837296620776	56.37815485747827
-7.85982478097622	56.77660161594985
-7.849812265331664	57.03222282484389
-7.839799749687109	57.203415871771575
-7.829787234042553	57.372433466937466
-7.819774718397998	57.61547647252295
-7.809762202753442	57.92572112632012
-7.7997496871088865	58.19991798432022
-7.78973717146433	58.326692833029185
-7.779724655819774	58.255290414013935
-7.769712140175219	57.984666198914844
-7.759699624530663	57.53058403924906
-7.749687108886108	56.92773351592986
-7.739674593241552	56.24511430335988
-7.729662077596997	55.56287602737442
-7.719649561952441	54.91324364419761
-7.7096370463078845	54.27434005072637
-7.699624530663329	53.64393444421579
-7.689612015018773	53.03261760525332
-7.679599499374218	52.44379588799961
-7.669586983729662	51.8924587276175
-7.659574468085107	51.40679100190511
-7.649561952440551	51.0110273568149
-7.639549436795995	50.676806138728566
-7.629536921151439	50.3094647657416
-7.619524405506883	49.83914037976658
-7.609511889862328	49.27858212137357
-7.599499374217772	48.692405435469
-7.589486858573217	48.17858878428153
-7.579474342928661	47.83644125843219
-7.569461827284105	47.703589037428586
-7.55944931163955	47.76056531479197
-7.5494367959949935	47.99199060123468
-7.539424280350438	48.39539923553093
-7.529411764705882	48.9388551731045
-7.519399249061326	49.544759590117685
-7.509386733416771	50.12043871461872
-7.499374217772215	50.59370184101511
-7.48936170212766	50.92804355553708
-7.479349186483104	51.12539575097996
-7.4693366708385485	51.21811467525563
-7.459324155193992	51.24923048707612
-7.449311639549437	51.25664029039219
-7.439299123904881	51.27110270262169
-7.429286608260325	51.31748036448358
-7.41927409261577	51.417786546910804
-7.409261576971214	51.597670750275576
-7.399249061326659	51.884980259474546
-7.3892365456821025	52.27744710692842
-7.3792240300375465	52.7319760079557
-7.369211514392991	53.21400708553018
-7.359198998748435	53.71530110943037
-7.34918648310388	54.218999256019934
-7.339173967459324	54.69792024025629
-7.329161451814769	55.12903611590441
-7.319148936170213	55.47880660441725
-7.3091364205256575	55.70474314582936
-7.299123904881101	55.78685728913684
-7.289111389236545	55.74994069924108
-7.27909887359199	55.65837103889456
-7.269086357947434	55.60932823476715
-7.259073842302879	55.67776098124704
-7.249061326658323	55.84123848196529
-7.239048811013767	56.01024836859093
-7.2290362953692116	56.13237336044522
-7.2190237797246555	56.22822561980814
-7.2090112640801	56.34792412500995
-7.198998748435544	56.50498644420968
-7.188986232790989	56.64832447661145
-7.178973717146433	56.70058140655751
-7.168961201501878	56.593999107418114
-7.158948685857322	56.307302003059654
-7.148936170212766	55.907149717700996
-7.13892365456821	55.46664782676405
-7.128911138923654	54.98177654468396
-7.118898623279099	54.39522274791718
-7.108886107634543	53.63634618239072
-7.098873591989987	52.64528661635946
-7.088861076345432	51.370015411078334
-7.078848560700876	49.760782437722874
-7.068836045056321	47.815989868561466
-7.0588235294117645	45.59374454719052
-7.048811013767209	43.154060046326606
-7.038798498122653	40.52610166493324
-7.028785982478098	37.65937618583335
-7.018773466833542	34.55303497486044
-7.008760951188986	31.499619226363638
-6.998748435544431	28.69098129543073
-6.988735919899875	26.364517055104205
-6.9787234042553195	24.848820256626897
-6.968710888610763	24.07799797524364
-6.958698372966207	24.04048002978446
-6.948685857321652	24.55804439992258
-6.938673341677096	25.45987674814187
-6.928660826032541	26.654283020898188
-6.918648310387985	27.9327488768853
-6.908635794743429	29.178964420296435
-6.8986232790988735	30.338386132201126
-6.888610763454318	31.299331755460273
-6.878598247809762	31.992951300538486
-6.868585732165206	32.470300612538
-6.858573216520651	32.79023837283934
-6.848560700876095	32.98475657656817
-6.83854818523154	33.059088462729
-6.828535669586984	32.98454416237068
-6.818523153942428	32.69948684671635
-6.808510638297872	32.15880402690645
-6.798498122653316	31.390653165152557
-6.788485607008761	30.477387563102052
-6.778473091364205	29.50065476931406
-6.768460575719649	28.52920995831119
-6.758448060075094	27.644739408921662
-6.748435544430539	26.85355968946775
-6.7384230287859825	26.180615505563495
-6.7284105131414265	25.673342879627807
-6.718397997496871	25.278145326547147
-6.708385481852315	24.939411700858166
-6.69837296620776	24.678975650185407
-6.688360450563204	24.506183527511716
-6.678347934918648	24.40294029401634
-6.668335419274093	24.337156149267784
-6.658322903629537	24.28055465143555
-6.648310387984981	24.231020863775758
-6.638297872340425	24.199558930880084
-6.628285356695869	24.172291678420514
-6.618272841051314	24.134073209191797
-6.608260325406759	24.054042370000865
-6.598247809762203	23.890491565568354
-6.588235294117647	23.77907513810756
-6.578222778473092	23.87332828064198
-6.5682102628285355	23.786267033135566
-6.55819774718398	23.295124593498613
-6.548185231539424	23.25690784612589
-6.538172715894868	23.227688170744536
-6.528160200250313	23.442938635726822
-6.518147684605757	23.68358044842374
-6.508135168961202	23.83335345626878
-6.498122653316646	23.84184315222401
-6.4881101376720896	23.805651447436443
-6.478097622027534	23.8033528585278
-6.468085106382979	23.830215759771324
-6.458072590738423	23.867710918103715
-6.448060075093867	23.935010695650305
-6.438047559449312	24.023558423799948
-6.428035043804756	24.12538615137942
-6.418022528160201	24.29793178940926
-6.4080100125156445	24.62432797923977
-6.397997496871088	25.19560194695972
-6.387984981226533	26.04558069919579
-6.377972465581977	27.082767400134962
-6.367959949937422	28.302526539579276
-6.357947434292866	29.845177818425707
-6.34793491864831	31.76710652209594
-6.337922403003755	34.00377032497388
-6.3279098873591995	36.4319715556556
-6.317897371714643	38.999806577929704
-6.307884856070087	41.72510439639234
-6.297872340425532	44.5913160591389
-6.287859824780976	47.58870604563763
-6.277847309136421	50.7011747372177
-6.267834793491865	53.87569827318156
-6.257822277847309	57.07649951994521
-6.2478097622027535	60.28775716907384
-6.2377972465581975	63.42358114672753
-6.227784730913642	66.38460327427845
-6.217772215269086	69.13296752912471
-6.20775969962453	71.64595342288992
-6.197747183979975	73.85905607638408
-6.18773466833542	75.7553498100175
-6.177722152690864	77.37238524825322
-6.167709637046308	78.74724691103158
-6.157697121401752	79.89385798096238
-6.147684605757196	80.81794929420224
-6.137672090112641	81.490206460981
-6.127659574468085	81.93324417605801
-6.117647058823529	82.26363659043263
-6.107634543178974	82.54032996786174
-6.097622027534418	82.72167058794685
-6.0876095118898625	82.77881106667172
-6.0775969962453065	82.80502580495107
-6.06758448060075	82.93196106484288
-6.057571964956195	83.1536250678045
-6.04755944931164	83.36478496114749
-6.037546933667084	83.47970388925177
-6.027534418022528	83.4190012107775
-6.017521902377973	83.31587411631547
-6.007509386733417	83.2526590720238
-5.997496871088861	83.27455701516323
-5.987484355444305	83.33418424197365
-5.977471839799749	83.24101023797579
-5.967459324155194	83.04131216924407
-5.957446808510639	82.74017077674293
-5.947434292866083	82.27687850929424
-5.937421777221527	81.78176615966244
-5.927409261576971	81.29215643915316
-5.9173967459324155	80.71341895036784
-5.90738423028786	80.03678441191919
-5.897371714643304	79.39512516317022
-5.887359198998748	78.81212640885668
-5.877346683354192	78.27113587007611
-5.867334167709637	77.89508927895331
-5.857321652065082	77.64803778507004
-5.847309136420526	77.3313792894958
-5.83729662077597	76.90718879902931
-5.827284105131414	76.44468201953343
-5.817271589486858	75.96967957090918
-5.807259073842303	75.45865167516254
-5.797246558197747	74.89465644353523
-5.787234042553191	74.23259513398996
-5.777221526908636	73.54999947608907
-5.767209011264081	72.83835281617591
-5.7571964956195245	72.03176718937533
-5.747183979974968	70.98959419485553
-5.737171464330412	69.68385911903181
-5.727158948685857	68.2099847356225
-5.717146433041302	66.6172484101147
-5.707133917396746	64.92462666025415
-5.69712140175219	63.21496813390115
-5.687108886107635	61.53245505538516
-5.677096370463079	59.64041283121163
-5.667083854818523	57.31846706103623
-5.657071339173967	54.74210266288139
-5.647058823529411	52.08192934020509
-5.637046307884856	49.28561650241366
-5.627033792240301	46.741988625960616
-5.617021276595745	44.60777699985587
-5.607008760951189	42.7307068459356
-5.596996245306633	40.87471079700264
-5.5869837296620775	39.11101070297486
-5.576971214017522	37.56554566654255
-5.566958698372966	36.25431849570306
-5.55694618272841	35.24069837382781
-5.546933667083855	34.4329895757513
-5.536921151439299	33.64923336955108
-5.526908635794744	33.014598853018235
-5.516896120150188	32.516010185157455
-5.5068836045056315	32.15201145417042
-5.496871088861076	31.93858134882894
-5.486858573216521	31.83344841702985
-5.476846057571965	31.77784328491401
-5.466833541927409	31.74384984980791
-5.456821026282853	31.720620187981165
-5.446808510638298	31.703353945583995
-5.4367959949937426	31.68974512489318
-5.4267834793491865	31.678600861493887
-5.41677096370463	31.669247995549643
-5.406758448060075	31.661270280508518
-5.396745932415519	31.654388043520623
-5.386733416770964	31.64840034594114
-5.376720901126408	31.643155448230193
-5.366708385481852	31.63853465614206
-5.356695869837297	31.634442825102635
-5.346683354192741	31.630802373512875
-5.336670838548185	31.627549263384008
-5.326658322903629	31.62463015614958
-5.316645807259073	31.622000314614425
-5.306633291614518	31.619622005432355
-5.296620775969963	31.61746325343768
-5.286608260325407	31.6154968529026
-5.276595744680851	31.61369957210835
-5.2665832290362955	31.61205150678896
-5.256570713391739	31.610535550305492
-5.246558197747184	31.60913695663782
-5.236545682102628	31.607842978000768
-5.226533166458072	31.606642562988274
-5.216520650813517	31.605526104167026
-5.206508135168962	31.604485226309066
-5.196495619524406	31.603512608190087
-5.18648310387985	31.60260183222976
-5.1764705882352935	31.601747257312265
-5.166458072590738	31.600943910968198
-5.156445556946183	31.600187397775162
-5.146433041301627	31.599473821380087
-5.136420525657071	31.598799717989465
-5.126408010012516	31.598161999534742
-5.11639549436796	31.597557905017904
-5.1063829787234045	31.596984958786017
-5.0963704630788484	31.59644093468546
-5.086357947434292	31.595923825214417
-5.076345431789737	31.595431814930762
-5.066332916145182	31.594963257489617
-5.056320400500626	31.594516655780343
-5.04630788485607	31.59409064471545
-5.036295369211514	31.59368397629101
-5.026282853566959	31.5932955065958
-5.016270337922403	31.592924184494827
-5.006257822277847	31.592569041753183
-4.996245306633291	31.592229184401123
-4.986232790988735	31.59190378516942
-4.97622027534418	31.591592076850347
-4.966207759699625	31.59129334645846
-4.956195244055069	31.591006930085054
-4.946182728410513	31.590732208354257
-4.9361702127659575	31.590468602401753
-4.926157697121402	31.590215570308594
-4.916145181476846	31.589972603931272
-4.90613266583229	31.58973922607802
-4.896120150187734	31.589514987987492
-4.886107634543179	31.58929946707227
-4.876095118898624	31.589092264894962
-4.866082603254068	31.588893005348115
-4.8560700876095115	31.588701333013827
-4.8460575719649555	31.588516911681836
-4.8360450563204	31.58833942300742
-4.826032540675845	31.588168565293014
-4.816020025031289	31.588004052379738
-4.806007509386733	31.58784561263629
-4.795994993742178	31.58769298803472
-4.785982478097623	31.587545933303698
-4.7759699624530665	31.587404215150883
-4.76595744680851	31.587267611547354
-4.755944931163954	31.58713591106787
-4.745932415519399	31.587008912281046
-4.735919899874844	31.586886423184804
-4.725907384230288	31.586768260499042
-4.715894868585732	31.105187083210037
-4.705882352941176	31.07610812810279
-4.6958698372966206	31.13803847707754
-4.685857321652065	30.042457991555864
-4.675844806007509	29.882520154248564
-4.665832290362953	29.818847476914126
-4.655819774718398	28.614680147819403
-4.645807259073843	27.591461386839477
-4.635794743429287	26.299690029153137
-4.625782227784731	26.692471143452572
-4.615769712140175	26.924906635710347
-4.605757196495619	27.178642186849558
-4.595744680851064	27.382342603707933
-4.585732165206508	27.74078259940264
-4.575719649561952	27.740074895297916
-4.565707133917396	27.81652564670198
-4.555694618272841	27.89968879248284
-4.545682102628286	27.89980530288358
-4.53566958698373	27.89992517346342
-4.5256570713391735	27.900048497552902
-4.515644555694618	27.90017537173551
-4.505632040050063	27.900305896091837
-4.495619524405507	27.90044017447403
-4.485607008760951	27.900578314814926
-4.475594493116395	27.90072042947661
-4.46558197747184	27.900866635643833
-4.4555694618272845	27.901017055768694
-4.4455569461827285	27.901171818073312
-4.435544430538172	27.90133105711937
-4.425531914893616	27.901494914453398
-4.415519399249061	27.901663539338823
-4.405506883604506	27.901837089587545
-4.39549436795995	27.902015732505316
-4.385481852315394	27.90219964596773
-4.375469336670839	27.902389019646154
-4.365456821026283	27.902584056406447
-4.355444305381727	27.90278497390623
-4.345431789737171	27.902992006421872
-4.335419274092615	27.903205406940277
-4.32540675844806	27.9034254495577
-4.315394242803505	27.903652432234466
-4.305381727158949	27.903886679963
-4.295369211514393	27.904128548417205
-4.285356695869837	27.904378428163195
-4.275344180225281	27.904636749525807
-4.265331664580726	27.904903988223786
-4.25531914893617	27.905180671906557
-4.245306633291614	27.905467387752083
-4.235294117647059	27.905764791316038
-4.225281602002504	27.906073616859867
-4.215269086357948	27.90639468943149
-4.2052565707133915	27.906728939028376
-4.1952440550688355	27.907077417240973
-4.18523153942428	27.907441316858637
-4.175219023779725	27.907821995024403
-4.165206508135169	27.908221000652144
-4.155193992490613	27.908640106979526
-4.145181476846057	27.909081350327412
-4.135168961201502	27.909547076383845
-4.1251564455569465	27.910039995641036
-4.11514392991239	27.910563250004916
-4.105131414267834	27.91112049309168
-4.095118898623279	27.91171598735724
-4.085106382978723	27.91235472201222
-4.075093867334168	27.91304255671685
-4.065081351689612	27.913786397400866
-4.055068836045056	27.91459441232161
-4.045056320400501	27.915476298807047
-4.035043804755945	27.91644361424001
-4.025031289111389	27.917510189029954
-4.015018773466833	27.918692645030408
-4.005006257822277	27.92001105074787
-3.994993742177722	27.921489755737227
-3.9849812265331668	27.923158462292548
-3.9749687108886107	27.925053615263547
-3.9649561952440546	27.927220224266453
-3.9549436795994994	27.929714282718876
-3.9449311639549434	27.932606024932813
-3.934918648310388	27.935984382732848
-3.924906132665832	27.939963195854837
-3.914893617021277	27.94469004762146
-3.904881101376721	27.950359134251144
-3.8948685857321648	27.957230512410618
-3.8848560700876096	27.965659755498727
-3.8748435544430535	27.976145188001425
-3.8648310387984983	27.989405909694536
-3.8548185231539422	28.006515802510844
-3.844806007509387	28.029142872474612
-3.834793491864831	28.059991240771136
-3.824780976220275	28.103629970901604
-3.8147684605757197	28.16801261838909
-3.8047559449311636	28.267071621368473
-3.7947434292866085	28.424654745442044
-3.7847309136420524	28.67302218709728
-3.774718397997497	29.022114499913364
-3.764705882352941	29.46740376392138
-3.754693366708385	30.04974068998449
-3.74468085106383	30.84198297833459
-3.734668335419274	31.898568601525263
-3.7246558197747186	33.26437589116228
-3.7146433041301625	34.94333620732391
-3.7046307884856065	36.81614468105543
-3.6946182728410513	38.74010232934057
-3.684605757196495	40.70963166456236
-3.67459324155194	42.840728929854954
-3.664580725907384	45.22804320855398
-3.6545682102628287	47.75318855874981
-3.6445556946182727	50.15204454500737
-3.6345431789737166	52.292942996025786
-3.6245306633291614	54.16051248727337
-3.6145181476846053	55.71652082990776
-3.60450563204005	56.915101292069565
-3.594493116395494	57.77688336536963
-3.584480600750939	58.39943053758892
-3.574468085106383	58.805303918524096
-3.5644555694618267	58.845033236862115
-3.5544430538172715	58.51404213958423
-3.5444305381727155	57.92141339536746
-3.5344180225281603	57.00362288647183
-3.524405506883604	55.66924040113022
-3.514392991239049	53.90534527077678
-3.504380475594493	51.8734546193251
-3.494367959949937	49.761744558294026
-3.4843554443053817	47.55614591867781
-3.4743429286608256	45.18568780815992
-3.4643304130162704	42.51995751860137
-3.4543178973717144	39.92194970590739
-3.444305381727159	37.75350578820982
-3.434292866082603	36.0381398887071
-3.424280350438047	34.62725513103513
-3.414267834793492	33.3524198048567
-3.4042553191489358	32.264126496159726
-3.3942428035043806	31.39720336563589
-3.3842302878598245	30.799988498359188
-3.3742177722152693	30.40725855207277
-3.3642052565707132	30.11090800194725
-3.354192740926157	29.85689714097591
-3.344180225281602	29.70696740028261
-3.334167709637046	29.621104432061287
-3.3241551939924907	29.5620445595507
-3.3141426783479346	29.51776161803184
-3.3041301627033794	29.4829973599674
-3.2941176470588234	29.454871382476185
-3.2841051314142673	29.431639340901086
-3.274092615769712	29.41216682285594
-3.264080100125156	29.3956686769028
-3.254067584480601	29.381572553753276
-3.2440550688360448	29.369444286963184
-3.2340425531914896	29.35894491662189
-3.2240300375469335	29.349804422181744
-3.2140175219023774	29.341804655745214
-3.2040050062578223	29.334767607855607
-3.193992490613266	29.328546946316322
-3.183979974968711	29.323021684892645
-3.173967459324155	29.31809131521564
-3.1639549436795997	29.31367199108371
-3.1539424280350437	29.309693497346622
-3.1439299123904876	29.306096819352156
-3.1339173967459324	29.302832180747682
-3.1239048811013763	29.299857451282293
-3.113892365456821	29.29713684954479
-3.103879849812265	29.294639882313415
-3.09386733416771	29.29234047463403
-3.083854818523154	29.290216254226813
-3.0738423028785977	29.288247961169183
-3.0638297872340425	29.286418959565406
-3.0538172715894865	29.284714832467373
-3.0438047559449313	29.28312304493041
-3.033792240300375	29.281632662976364
-3.02377972465582	29.280234118252245
-3.013767209011264	29.275225324037994
-3.003754693366708	28.71928324235102
-2.9937421777221527	28.421611599141183
-2.9837296620775966	27.57109336275513
-2.9737171464330414	27.308488394615296
-2.9637046307884853	26.914691851742695
-2.95369211514393	26.33772039129975
-2.943679599499374	26.55251591427328
-2.933667083854818	26.914002130809163
-2.923654568210263	26.61630022106491
-2.9136420525657067	26.594970520560096
-2.9036295369211516	26.764535432527275
-2.8936170212765955	27.507432854748636
-2.8836045056320403	28.156869273922734
-2.873591989987484	28.248639822854077
-2.863579474342928	28.48834002444739
-2.853566958698373	28.64874881318104
-2.843554443053817	28.738654028463856
-2.8335419274092617	28.73827401113182
-2.8235294117647056	28.737646387155323
-2.8135168961201504	28.73697404040861
-2.8035043804755944	28.736253798588862
-2.7934918648310383	28.735482309129463
-2.783479349186483	28.734656044877287
-2.773466833541927	28.733771315517327
-2.763454317897372	28.732824286507615
-2.7534418022528158	28.73181100760033
-2.7434292866082606	28.730727453423544
-2.7334167709637045	28.729569579026933
-2.7234042553191484	28.7283333937451
-2.7133917396745932	28.727015057218143
-2.703379224030037	28.72561100199121
-2.693366708385482	28.724118088011217
-2.683354192740926	28.72253379612057
-2.6733416770963707	28.72085647170513
-2.6633291614518146	28.71908563916948
-2.6533166458072586	28.717222429918873
-2.6433041301627034	28.715270216159837
-2.6332916145181473	28.71323565198681
-2.623279098873592	28.711130557817118
-2.613266583229036	28.70897557759397
-2.603254067584481	28.70680755328421
-2.593241551939925	28.704694602005095
-2.5832290362953687	28.702766887254754
-2.5732165206508135	28.701278784555555
-2.5632040050062574	28.700732900589827
-2.5531914893617023	28.7021252451328
-2.543178973717146	28.707428368997707
-2.533166458072591	28.72053113855451
-2.523153942428035	28.74891255004649
-2.513141426783479	28.805778360723657
-2.5031289111389237	28.910980938608827
-2.4931163954943676	29.087153666502417
-2.4831038798498124	29.337909972364084
-2.4730913642052563	29.652421410110623
-2.463078848560701	30.02312810686808
-2.453066332916145	30.47829027062499
-2.443053817271589	31.095825186300008
-2.433041301627034	31.912667590178103
-2.4230287859824777	32.90004099901876
-2.4130162703379225	34.09949539995712
-2.4030037546933665	35.611672820623546
-2.3929912390488113	37.40845263712744
-2.382978723404255	39.307609614388745
-2.372966207759699	41.230274764510774
-2.362953692115144	43.068750805888236
-2.352941176470588	44.79291347205409
-2.3429286608260327	46.46445347268897
-2.3329161451814766	48.03035418896007
-2.3229036295369214	49.38477707336352
-2.3128911138923653	50.514603564244084
-2.3028785982478093	51.54059017994161
-2.292866082603254	52.49089117701056
-2.282853566958698	53.26560033228825
-2.272841051314143	53.76820789672479
-2.2628285356695867	53.99121764804458
-2.2528160200250316	53.91000794345596
-2.2428035043804755	53.56146886255992
-2.2327909887359194	53.052358798880675
-2.2227784730913642	52.36331734138415
-2.212765957446808	51.66001396634192
-2.202753441802253	50.93622917201447
-2.192740926157697	49.979350261540006
-2.1827284105131417	48.667728129229644
-2.1727158948685856	47.252220696577
-2.1627033792240296	45.93153931929779
-2.1526908635794744	44.673446798893224
-2.1426783479349183	43.35882095478814
-2.132665832290363	41.712055753760026
-2.122653316645807	39.96199648022285
-2.112640801001252	38.32873960380189
-2.1026282853566958	36.82298701131037
-2.0926157697121397	35.29602281804104
-2.0826032540675845	33.71259911689492
-2.0725907384230284	32.29410950905163
-2.0625782227784732	31.028368357770717
-2.052565707133917	29.78160659843673
-2.042553191489362	28.615110319953843
-2.032540675844806	27.71884739318158
-2.02252816020025	27.1303990606776
-2.0125156445556946	26.774241821090715
-2.0025031289111386	26.878472382006937
-1.9924906132665834	27.73692260936547
-1.9824780976220273	29.28718327344656
-1.9724655819774712	30.81122455189333
-1.962453066332916	32.181335834526045
-1.95244055068836	33.643603517650035
-1.9424280350438048	35.18523925367215
-1.9324155193992487	36.626070867880784
-1.9224030037546935	37.992365578486115
-1.9123904881101375	39.37565334247798
-1.9023779724655814	40.69034653033468
-1.8923654568210262	41.950284487592775
-1.8823529411764701	43.32090827914242
-1.872340425531915	44.76325801712964
-1.8623279098873589	46.22396306062895
-1.8523153942428037	47.76385354264988
-1.8423028785982476	49.362451332277764
-1.8322903629536915	50.95360906036662
-1.8222778473091363	52.51694211523151
-1.8122653316645803	53.96016801332705
-1.802252816020025	55.34458112301157
-1.792240300375469	56.741388689637944
-1.7822277847309138	58.077033609452414
-1.7722152690863577	59.29363649882914
-1.7622027534418017	60.35289192205026
-1.7521902377972465	61.2764335431363
-1.7421777221526904	62.09426499471862
-1.7321652065081352	62.772738029784854
-1.7221526908635791	63.321180532837126
-1.712140175219024	63.73503572806416
-1.7021276595744679	64.1084126093118
-1.6921151439299118	64.49804564541263
-1.6821026282853566	64.93949627150259
-1.6720901126408005	65.450493290499
-1.6620775969962454	65.91385850579974
-1.6520650813516893	66.21873562428847
-1.642052565707134	66.37230473632043
-1.632040050062578	66.37386987081113
-1.622027534418022	66.28731904819742
-1.6120150187734668	66.17900627498709
-1.6020025031289107	66.00186423103675
-1.5919899874843555	65.7293277340639
-1.5819774718397994	65.4198123175682
-1.5719649561952442	65.10493756390692
-1.5619524405506882	64.80931728157026
-1.551939924906132	64.56601012683377
-1.541927409261577	64.40861349377116
-1.5319148936170208	64.36771446138697
-1.5219023779724656	64.45131298259263
-1.5118898623279096	64.6238220673614
-1.5018773466833544	64.80199654760582
-1.4918648310387983	64.9250320551515
-1.4818523153942422	65.0443502189163
-1.471839799749687	65.20175697238581
-1.461827284105131	65.3914093590649
-1.4518147684605758	65.57643120237333
-1.4418022528160197	65.64566892365778
-1.4317897371714645	65.56995459122692
-1.4217772215269084	65.3939601330949
-1.4117647058823524	65.16315718927946
-1.4017521902377972	64.83144521591993
-1.391739674593241	64.33943811643941
-1.381727158948686	63.651331359690495
-1.3717146433041298	62.817929542921945
-1.3617021276595747	61.939845757229065
-1.3516896120150186	61.04014937223793
-1.3416770963704625	60.13931725346079
-1.3316645807259073	59.20650783783068
-1.3216520650813512	58.13252528227872
-1.311639549436796	57.013263366777345
-1.30162703379224	55.93024225239603
-1.2916145181476848	54.76219588924116
-1.2816020025031287	53.427298578495666
-1.2715894868585726	51.953125629562
-1.2615769712140175	50.47807815970443
-1.2515644555694614	48.98723266371697
-1.2415519399249062	47.460504780629236
-1.2315394242803501	46.03404227800255
-1.221526908635795	44.62103300629992
-1.2115143929912389	42.90956845746423
-1.2015018773466828	40.939497561817205
-1.1914893617021276	38.88497577895173
-1.1814768460575715	36.551730261911075
-1.1714643304130163	34.2865322581247
-1.1614518147684603	32.32731373709633
-1.151439299123905	30.65777154287949
-1.141426783479349	29.0476324765328
-1.131414267834793	27.36636053781275
-1.1214017521902377	26.590430880687464
-1.1113892365456817	26.176971818433834
-1.1013767209011265	26.178873147652336
-1.0913642052565704	26.59615549341963
-1.0813516896120152	27.21693924750311
-1.0713391739674591	28.058913334351097
-1.061326658322903	29.175719591777696
-1.0513141426783479	30.263232627709804
-1.0413016270337918	31.26867414648154
-1.0312891113892366	32.26617074604295
-1.0212765957446805	33.27887823019725
-1.0112640801001254	34.261657013346856
-1.0012515644555693	35.15222556641816
-0.9912390488110132	35.868867176588815
-0.981226533166458	36.35841341761616
-0.971214017521902	36.566295846566355
-0.9612015018773468	36.45604337704091
-0.9511889862327907	36.08930253323254
-0.9411764705882355	35.59572559713907
-0.9311639549436794	35.033748816494146
-0.9211514392991234	34.39565747919138
-0.9111389236545682	33.6607905485836
-0.9011264080100121	32.80771642540133
-0.8911138923654569	31.88632903861299
-0.8811013767209008	30.9260407730472
-0.8710888610763456	29.92095434189642
-0.8610763454317896	28.91620276705234
-0.8510638297872335	27.940534143824173
-0.8410513141426783	27.005190380066203
-0.8310387984981222	26.130984465314533
-0.821026282853567	25.31772609270858
-0.811013767209011	24.61273716559854
-0.8010012515644558	24.027921142389875
-0.7909887359198997	23.485692037324363
-0.7809762202753436	22.951937264271255
-0.7709637046307884	22.444955044474884
-0.7609511889862324	22.072917474520633
-0.7509386733416772	21.731014568760717
-0.7409261576971211	21.456119485625987
-0.7309136420525659	21.1690703891212
-0.7209011264080099	20.85911185053203
-0.7108886107634538	20.49026508554941
-0.7008760951188986	20.099140903112914
-0.6908635794743425	19.919604318416784
-0.6808510638297873	19.767667015720672
-0.6708385481852313	19.78664384793408
-0.6608260325406761	19.992304519722584
-0.65081351689612	20.107397632470256
-0.6408010012515639	20.230630887338247
-0.6307884856070087	20.40543078842007
-0.6207759699624527	20.68911794233627
-0.6107634543178975	20.98829519610038
-0.6007509386733414	21.292845514648516
-0.5907384230287862	21.59373893118238
-0.5807259073842301	21.922478649080944
-0.5707133917396741	22.358295389408983
-0.5607008760951189	22.814753809025927
-0.5506883604505628	23.24680264116866
-0.5406758448060076	23.655725704562986
-0.5306633291614515	24.09503254882105
-0.5206508135168963	24.55414574791389
-0.5106382978723403	24.970605203316907
-0.5006257822277842	25.333745662784708
-0.490613266583229	25.676182496336622
-0.48060075093867294	25.987036993018066
-0.47058823529411775	26.23941636826606
-0.4605757196495617	26.433452988213517
-0.4505632040050065	26.60993080653818
-0.4405506883604504	26.774757465038892
-0.43053817271589434	26.894811818458592
-0.42052565707133915	26.88855559181518
-0.4105131414267831	26.64403579733626
-0.4005006257822279	26.167689587005427
-0.3904881101376718	25.505460568505324
-0.38047559449311663	24.63596246600168
-0.37046307884856056	23.673583277308463
-0.3604505632040045	22.718457692125288
-0.3504380475594493	21.70468367185069
-0.3404255319148932	20.570394078462236
-0.33041301627033803	19.418062343326635
-0.32040050062578196	18.37796437621335
-0.3103879849812259	17.489450665115804
-0.3003754693366707	16.7237342797044
-0.2903629536921146	15.984194357234962
-0.28035043804755944	15.346474404652284
-0.27033792240300336	14.799858126257364
-0.2603254067584482	14.353694609745194
-0.2503128911138921	14.005428652537262
-0.24030037546933602	13.749473982247054
-0.23028785982478084	13.617115575465192
-0.22027534418022476	13.607073363283947
-0.21026282853566958	13.680428546686985
-0.2002503128911135	13.764876344113121
-0.19023779724655832	13.839980029127572
-0.18022528160200224	13.88727500553139
-0.17021276595744617	13.920282668212534
-0.16020025031289098	13.961904341445798
-0.1501877346683349	14.006739809155691
-0.14017521902377972	14.067634566908653
-0.13016270337922364	14.151701715542636
-0.12015018773466846	14.23185517715151
-0.11013767209011238	14.296373713506622
-0.10012515644555631	14.352738084550248
-0.09011264080100112	14.40360308673362
-0.08010012515644505	14.472384310600992
-0.07008760951188986	14.58300852927748
-0.060075093867333784	14.748561473385395
-0.0500625782227786	14.922373356914568
-0.04005006257822252	15.08343991364509
-0.030037546933666448	15.258718220820636
-0.02002503128911126	15.435824097131254
-0.010012515644555187	15.58115569591024
0.0	15.70341614791711
