-8.0	47.55170497276289
-7.989987484355444	47.43453085367661
-7.979974968710889	47.27331779665333
-7.969962453066333	47.07792594590642
-7.9599499374217775	46.927668165276586
-7.949937421777221	46.84168282799754
-7.939924906132666	46.65144341230027
-7.92991239048811	46.328911229703046
-7.919899874843554	45.97605895212209
-7.909887359198999	45.620014976394664
-7.899874843554443	45.237709969070615
-7.889862327909888	44.899149993314644
-7.8798498122653315	44.56143274226597
-7.869837296620776	44.07989453976688
-7.85982478097622	43.37611998345349
-7.849812265331664	42.45907733714786
-7.839799749687109	41.47425464903672
-7.829787234042553	40.52235805945926
-7.819774718397998	39.557994027375834
-7.809762202753442	38.407446266827485
-7.7997496871088865	37.08214874723515
-7.78973717146433	35.751191191764114
-7.779724655819774	34.43479103524929
-7.769712140175219	33.033367522385774
-7.759699624530663	31.52323426480807
-7.749687108886108	30.057518664184048
-7.739674593241552	28.73849061138071
-7.729662077596997	27.682861768319672
-7.719649561952441	26.79599398919322
-7.7096370463078845	25.78703981540912
-7.699624530663329	24.621476081710608
-7.689612015018773	23.401322759691055
-7.679599499374218	22.1516032851372
-7.669586983729662	20.973449666935856
-7.659574468085107	19.806815981133692
-7.649561952440551	18.689770397912863
-7.639549436795995	17.54544247428303
-7.629536921151439	16.503408287167765
-7.619524405506883	15.703616817521036
-7.609511889862328	15.076217801749863
-7.599499374217772	14.55412203231318
-7.589486858573217	14.014991050139301
-7.579474342928661	13.497001294827363
-7.569461827284105	13.011561463158065
-7.55944931163955	12.56922627561967
-7.5494367959949935	12.166456419094821
-7.539424280350438	11.807277951780442
-7.529411764705882	11.505293859389868
-7.519399249061326	11.233539140099756
-7.509386733416771	11.025445410585666
-7.499374217772215	10.92492680089887
-7.48936170212766	10.953687975593043
-7.479349186483104	11.15050640812409
-7.4693366708385485	11.464672659931175
-7.459324155193992	11.821379583277853
-7.449311639549437	12.162787801693595
-7.439299123904881	12.46965239627844
-7.429286608260325	12.78508583041806
-7.41927409261577	13.12838973618452
-7.409261576971214	13.455010603847713
-7.399249061326659	13.720072619228562
-7.3892365456821025	13.916735106971158
-7.3792240300375465	14.088280575460749
-7.369211514392991	14.278906428388172
-7.359198998748435	14.495252500538156
-7.34918648310388	14.735623321709348
-7.339173967459324	14.999736729900777
-7.329161451814769	15.279110920667948
-7.319148936170213	15.565774941691695
-7.3091364205256575	15.849680775905448
-7.299123904881101	16.116157992944686
-7.289111389236545	16.368482876323664
-7.27909887359199	16.610410475609832
-7.269086357947434	16.836545688697342
-7.259073842302879	17.04850376805236
-7.249061326658323	17.25084298582475
-7.239048811013767	17.448220285070533
-7.2290362953692116	17.646411331320184
-7.2190237797246555	17.863319938910863
-7.2090112640801	18.133332399211675
-7.198998748435544	18.458506743769615
-7.188986232790989	18.81635663711363
-7.178973717146433	19.192933175643923
-7.168961201501878	19.576299285296265
-7.158948685857322	19.9610646042628
-7.148936170212766	20.342969774285482
-7.13892365456821	20.7101225353198
-7.128911138923654	21.05793597033264
-7.118898623279099	21.39752769873405
-7.108886107634543	21.739402786539937
-7.098873591989987	22.09707386029863
-7.088861076345432	22.5018594223521
-7.078848560700876	22.99735175166939
-7.068836045056321	23.626236992879743
-7.0588235294117645	24.399847906820696
-7.048811013767209	25.314686277252918
-7.038798498122653	26.344230280128613
-7.028785982478098	27.38247317801102
-7.018773466833542	28.30928335041018
-7.008760951188986	29.100546039943236
-6.998748435544431	29.771543710690565
-6.988735919899875	30.35569983406716
-6.9787234042553195	30.86547043627418
-6.968710888610763	31.329754970574783
-6.958698372966207	31.82942068038508
-6.948685857321652	32.42190463066208
-6.938673341677096	33.10058018988045
-6.928660826032541	33.76935991833107
-6.918648310387985	34.32346927340791
-6.908635794743429	34.79279170405971
-6.8986232790988735	35.26490414282597
-6.888610763454318	35.727625871066756
-6.878598247809762	36.08494411750309
-6.868585732165206	36.291138923854916
-6.858573216520651	36.39452092765857
-6.848560700876095	36.543361963481765
-6.83854818523154	36.808426443763885
-6.828535669586984	36.972700952594764
-6.818523153942428	37.087709798950186
-6.808510638297872	37.25619384296017
-6.798498122653316	37.43432999087381
-6.788485607008761	37.878489600021084
-6.778473091364205	38.21519042651558
-6.768460575719649	38.551349258669745
-6.758448060075094	39.007606478791686
-6.748435544430539	39.55555598743344
-6.7384230287859825	40.188688191418414
-6.7284105131414265	40.95617169072433
-6.718397997496871	41.71250437085074
-6.708385481852315	42.38100472157843
-6.69837296620776	42.97751193898567
-6.688360450563204	43.661236244094894
-6.678347934918648	44.42509653257783
-6.668335419274093	45.40061541181836
-6.658322903629537	46.389020796874966
-6.648310387984981	47.213213610055554
-6.638297872340425	47.96258736538663
-6.628285356695869	48.741048683892394
-6.618272841051314	49.52147635417499
-6.608260325406759	50.23290742402588
-6.598247809762203	50.8604865208474
-6.588235294117647	51.37137733454055
-6.578222778473092	51.83206967043808
-6.5682102628285355	52.2529329504914
-6.55819774718398	52.678009384196685
-6.548185231539424	53.095734240586296
-6.538172715894868	53.513917524126214
-6.528160200250313	53.874602986248064
-6.518147684605757	54.162947224640476
-6.508135168961202	54.33537519534678
-6.498122653316646	54.3998795992858
-6.4881101376720896	54.46995182759904
-6.478097622027534	54.54077093953362
-6.468085106382979	54.54293703769252
-6.458072590738423	54.456511247139325
-6.448060075093867	54.26736730386163
-6.438047559449312	53.925415770612446
-6.428035043804756	53.41385472053155
-6.418022528160201	52.82462684714723
-6.4080100125156445	52.2309041446119
-6.397997496871088	51.71682517458897
-6.387984981226533	51.292542712456466
-6.377972465581977	50.869438785820364
-6.367959949937422	50.381348293349255
-6.357947434292866	49.72732545404716
-6.34793491864831	48.99462695381634
-6.337922403003755	48.30670274646237
-6.3279098873591995	47.619483733594784
-6.317897371714643	46.94010808751103
-6.307884856070087	46.28484986171757
-6.297872340425532	45.59744722098567
-6.287859824780976	44.87430074634792
-6.277847309136421	44.06971351077968
-6.267834793491865	43.14767964158665
-6.257822277847309	42.19298842738085
-6.2478097622027535	41.23662111731399
-6.2377972465581975	40.287976690573906
-6.227784730913642	39.370633794833154
-6.217772215269086	38.311931902467016
-6.20775969962453	37.08996111215779
-6.197747183979975	35.801340228809934
-6.18773466833542	34.56694118816781
-6.177722152690864	33.32754439800799
-6.167709637046308	32.25368325801107
-6.157697121401752	31.395485844157776
-6.147684605757196	30.550190681113296
-6.137672090112641	29.71081477066079
-6.127659574468085	29.079359202210824
-6.117647058823529	28.405862612274287
-6.107634543178974	27.69160917970267
-6.097622027534418	27.03650487275853
-6.0876095118898625	26.492635975613393
-6.0775969962453065	25.998169885011954
-6.06758448060075	25.52450294402658
-6.057571964956195	25.206702024290923
-6.04755944931164	24.98484701642663
-6.037546933667084	24.897142399327393
-6.027534418022528	24.73609664169265
-6.017521902377973	24.48895586350669
-6.007509386733417	24.165180236219562
-5.997496871088861	23.90746628124055
-5.987484355444305	23.746493276938743
-5.977471839799749	23.670315283680726
-5.967459324155194	23.63133488566281
-5.957446808510639	23.597770637093085
-5.947434292866083	23.604673591573487
-5.937421777221527	23.668641247702944
-5.927409261576971	23.77189518679006
-5.9173967459324155	23.872000089824958
-5.90738423028786	23.9761978518846
-5.897371714643304	24.122144743253642
-5.887359198998748	24.242272074448643
-5.877346683354192	24.308623121109378
-5.867334167709637	24.371661830992725
-5.857321652065082	24.449001398955705
-5.847309136420526	24.54252797897947
-5.83729662077597	24.67608200047393
-5.827284105131414	24.826499197495508
-5.817271589486858	24.95803742495221
-5.807259073842303	25.036913965685205
-5.797246558197747	25.07432713842116
-5.787234042553191	25.095633922237234
-5.777221526908636	25.106985530245563
-5.767209011264081	25.11500506177156
-5.7571964956195245	25.11396325651962
-5.747183979974968	25.126398062280106
-5.737171464330412	25.1548000678827
-5.727158948685857	25.175254380471433
-5.717146433041302	25.156652209046715
-5.707133917396746	25.045514823984007
-5.69712140175219	24.866573364841315
-5.687108886107635	24.647538856299775
-5.677096370463079	24.45506017729298
-5.667083854818523	24.364005594975424
-5.657071339173967	24.23916167061273
-5.647058823529411	24.16518578531496
-5.637046307884856	24.103101255327278
-5.627033792240301	23.98870592859985
-5.617021276595745	23.803826896228134
-5.607008760951189	23.602869331540504
-5.596996245306633	23.353587964862633
-5.5869837296620775	22.967536673378735
-5.576971214017522	22.468695215209262
-5.566958698372966	22.02713822375291
-5.55694618272841	21.696188878478075
-5.546933667083855	21.382137506888462
-5.536921151439299	20.96912937609875
-5.526908635794744	20.535895160566902
-5.516896120150188	20.216447581464184
-5.5068836045056315	19.825241917879836
-5.496871088861076	19.39941099400729
-5.486858573216521	19.0277773937905
-5.476846057571965	18.724086928906324
-5.466833541927409	18.448360251193183
-5.456821026282853	18.314565955442642
-5.446808510638298	18.108968201170764
-5.4367959949937426	17.9222032274047
-5.4267834793491865	17.87614727388824
-5.41677096370463	17.88092699306377
-5.406758448060075	17.774990890795696
-5.396745932415519	17.58536117770669
-5.386733416770964	17.45580877538649
-5.376720901126408	17.527545333334988
-5.366708385481852	17.63832140710145
-5.356695869837297	18.058713291702958
-5.346683354192741	18.213715182437998
-5.336670838548185	18.431987330386168
-5.326658322903629	18.872547537284987
-5.316645807259073	19.300114673197758
-5.306633291614518	19.673359886862908
-5.296620775969963	20.596731975350277
-5.286608260325407	21.741714682500433
-5.276595744680851	22.130798291791844
-5.2665832290362955	22.72735069021062
-5.256570713391739	23.01146168547447
-5.246558197747184	23.418896636603506
-5.236545682102628	23.84475760672094
-5.226533166458072	24.637444790290225
-5.216520650813517	25.505504782041598
-5.206508135168962	26.35106933360243
-5.196495619524406	26.844081716413697
-5.18648310387985	27.51672371369565
-5.1764705882352935	28.03623405687003
-5.166458072590738	28.59263783277395
-5.156445556946183	28.87078967290172
-5.146433041301627	29.16177060307101
-5.136420525657071	29.596185737293105
-5.126408010012516	29.941997690718416
-5.11639549436796	30.26712602578867
-5.1063829787234045	30.57904266069902
-5.0963704630788484	30.962272668365344
-5.086357947434292	31.47411273598541
-5.076345431789737	32.00374062734795
-5.066332916145182	32.579656014895995
-5.056320400500626	33.32636499889024
-5.04630788485607	34.2923959709566
-5.036295369211514	35.37151341049336
-5.026282853566959	36.28292978461437
-5.016270337922403	37.030184120015235
-5.006257822277847	37.71653420101234
-4.996245306633291	38.30476977157263
-4.986232790988735	38.864600825848456
-4.97622027534418	39.42319585656903
-4.966207759699625	40.03103025780607
-4.956195244055069	40.82768877809301
-4.946182728410513	41.71843690282743
-4.9361702127659575	42.51700056682399
-4.926157697121402	43.19797841252621
-4.916145181476846	43.88298340135471
-4.90613266583229	44.682974242333195
-4.896120150187734	45.388478901932764
-4.886107634543179	45.962666682600066
-4.876095118898624	46.44831190673964
-4.866082603254068	46.80910307821132
-4.8560700876095115	47.02683738499783
-4.8460575719649555	47.15637859588653
-4.8360450563204	47.16741846263309
-4.826032540675845	47.126698384067865
-4.816020025031289	47.10333062952021
-4.806007509386733	47.122225388957595
-4.795994993742178	47.03047247629477
-4.785982478097623	46.8138487945933
-4.7759699624530665	46.487780213257444
-4.76595744680851	46.031629113297804
-4.755944931163954	45.51723905033299
-4.745932415519399	44.95729516576044
-4.735919899874844	44.420339722530784
-4.725907384230288	43.91790135427156
-4.715894868585732	43.401096225009006
-4.705882352941176	42.95140628139603
-4.6958698372966206	42.46267925470162
-4.685857321652065	41.85542777338468
-4.675844806007509	41.19254319355318
-4.665832290362953	40.547378959781774
-4.655819774718398	39.8986805374488
-4.645807259073843	39.20617120981159
-4.635794743429287	38.44441657118175
-4.625782227784731	37.66083348141326
-4.615769712140175	36.90061416358578
-4.605757196495619	36.1431188034573
-4.595744680851064	35.36125874979284
-4.585732165206508	34.60029837375163
-4.575719649561952	33.73213512042484
-4.565707133917396	32.6970337950133
-4.555694618272841	31.878477126535156
-4.545682102628286	31.094507493887484
-4.53566958698373	30.53497773186975
-4.5256570713391735	29.920283661980733
-4.515644555694618	29.386486859614706
-4.505632040050063	29.00375983810586
-4.495619524405507	28.7681952214159
-4.485607008760951	28.579778992942092
-4.475594493116395	28.338836311796353
-4.46558197747184	28.058556594208238
-4.4555694618272845	27.744752832715033
-4.4455569461827285	27.580917601920028
-4.435544430538172	27.47328648828643
-4.425531914893616	27.337924406600756
-4.415519399249061	27.206917454319985
-4.405506883604506	27.12313899045946
-4.39549436795995	26.835071074831035
-4.385481852315394	26.775036280945486
-4.375469336670839	26.749842219211097
-4.365456821026283	26.73193355863275
-4.355444305381727	26.70449492177695
-4.345431789737171	26.681437291644965
-4.335419274092615	26.673938012547584
-4.32540675844806	26.671277319096397
-4.315394242803505	26.669708068273334
-4.305381727158949	26.668534249877926
-4.295369211514393	26.667589090570598
-4.285356695869837	26.666800997368398
-4.275344180225281	26.666126029370425
-4.265331664580726	26.665534386289035
-4.25531914893617	26.66500549130872
-4.245306633291614	26.66452509797402
-4.235294117647059	26.664083316392798
-4.225281602002504	26.66367324030652
-4.215269086357948	26.663289997865675
-4.2052565707133915	26.662930100604623
-4.1952440550688355	26.662590999704868
-4.18523153942428	26.662270784853938
-4.175219023779725	26.66196798047903
-4.165206508135169	26.66168140815016
-4.155193992490613	26.66141009380419
-4.145181476846057	26.661153205266654
-4.135168961201502	26.660910010226047
-4.1251564455569465	26.660679848001248
-4.11514392991239	26.6604620999027
-4.105131414267834	26.607322508499784
-4.095118898623279	26.60635885524503
-4.085106382978723	26.567101349029922
-4.075093867334168	26.49105485867048
-4.065081351689612	26.49078943793245
-4.055068836045056	26.43572398809396
-4.045056320400501	26.435578674494586
-4.035043804755945	26.43544198410817
-4.025031289111389	26.370706905976334
-4.015018773466833	26.36583429936088
-4.005006257822277	26.33761929721291
-3.994993742177722	26.33749828694103
-3.9849812265331668	26.260097899769583
-3.9749687108886107	26.26017677449162
-3.9649561952440546	26.32709557505088
-3.9549436795994994	26.167012716093655
-3.9449311639549434	25.97060031014129
-3.934918648310388	25.844318036049245
-3.924906132665832	25.77907706011403
-3.914893617021277	25.70227756904843
-3.904881101376721	25.443022099170598
-3.8948685857321648	25.21791742948724
-3.8848560700876096	24.978634879286624
-3.8748435544430535	24.685109326793317
-3.8648310387984983	24.693255930869444
-3.8548185231539422	24.70573092490506
-3.844806007509387	24.23266542309343
-3.834793491864831	23.89790659000535
-3.824780976220275	23.884277240389196
-3.8147684605757197	23.789940625933088
-3.8047559449311636	24.001013817486267
-3.7947434292866085	23.825923750566567
-3.7847309136420524	23.729595862392014
-3.774718397997497	23.698271168140074
-3.764705882352941	23.862030072866915
-3.754693366708385	23.778649087205054
-3.74468085106383	23.854912958033825
-3.734668335419274	24.008716608529618
-3.7246558197747186	24.128629004501963
-3.7146433041301625	24.315356690011754
-3.7046307884856065	24.31389094590786
-3.6946182728410513	24.287086253512015
-3.684605757196495	24.352979191189633
-3.67459324155194	24.611668357099486
-3.664580725907384	24.6619255500239
-3.6545682102628287	24.661942176052673
-3.6445556946182727	24.661958488140193
-3.6345431789737166	24.661974491350374
-3.6245306633291614	24.661990199797305
-3.6145181476846053	24.66200563998193
-3.60450563204005	24.662020854847505
-3.594493116395494	24.66203590903841
-3.584480600750939	24.662050895708543
-3.574468085106383	24.66206594532246
-3.5644555694618267	24.662081237018057
-3.5544430538172715	24.662097013259835
-3.5444305381727155	24.662113598719117
-3.5344180225281603	24.66213142458458
-3.524405506883604	24.662151059855965
-3.514392991239049	24.66217325163398
-3.504380475594493	24.662198977037164
-3.494367959949937	24.662229510227633
-3.4843554443053817	24.662266509234254
-3.4743429286608256	24.662312129058325
-3.4643304130162704	24.662369170399586
-3.4543178973717144	24.66244127875454
-3.444305381727159	24.662533225633297
-3.434292866082603	24.662651411610476
-3.424280350438047	24.662805707375025
-3.414267834793492	24.663023371382298
-3.4042553191489358	24.663481099335286
-3.3942428035043806	24.66570212801537
-3.3842302878598245	24.677423719335003
-3.3742177722152693	24.69350265638956
-3.3642052565707132	24.746290255454433
-3.354192740926157	24.93393496528632
-3.344180225281602	24.96011175248766
-3.334167709637046	25.035804014525514
-3.3241551939924907	25.080483736167963
-3.3141426783479346	25.10083694766615
-3.3041301627033794	25.11170545151384
-3.2941176470588234	25.121393277266918
-3.2841051314142673	25.132052139341305
-3.274092615769712	25.144428563935687
-3.264080100125156	25.161493683555804
-3.254067584480601	25.195368340666203
-3.2440550688360448	25.301036329528376
-3.2340425531914896	25.636430078831278
-3.2240300375469335	25.808550403721267
-3.2140175219023774	26.130883752212835
-3.2040050062578223	26.37377005276922
-3.193992490613266	26.723234932165614
-3.183979974968711	27.071661109762424
-3.173967459324155	27.49671042149796
-3.1639549436795997	28.089491696864695
-3.1539424280350437	28.636826581455132
-3.1439299123904876	29.098262902222274
-3.1339173967459324	29.611278707730783
-3.1239048811013763	30.242627466911756
-3.113892365456821	30.87987965224529
-3.103879849812265	31.52363901293851
-3.09386733416771	32.130443599569325
-3.083854818523154	32.89701163163403
-3.0738423028785977	33.77084319270623
-3.0638297872340425	34.465148884993646
-3.0538172715894865	35.09131245898095
-3.0438047559449313	35.948822170283364
-3.033792240300375	36.82233349808925
-3.02377972465582	37.57476604388966
-3.013767209011264	38.287364769329976
-3.003754693366708	39.177664103767974
-2.9937421777221527	40.085534810203576
-2.9837296620775966	40.87944636970419
-2.9737171464330414	41.67207382772874
-2.9637046307884853	42.497787698258456
-2.95369211514393	43.44400825583455
-2.943679599499374	44.436553022178735
-2.933667083854818	45.186531572992635
-2.923654568210263	45.61445670645369
-2.9136420525657067	45.915671934607744
-2.9036295369211516	46.175544644892675
-2.8936170212765955	46.509065405051835
-2.8836045056320403	46.78185701504927
-2.873591989987484	46.923654732874866
-2.863579474342928	46.95354595480935
-2.853566958698373	46.90729920771435
-2.843554443053817	46.83375282037946
-2.8335419274092617	46.80702273915771
-2.8235294117647056	46.855405401661834
-2.8135168961201504	46.87580559716195
-2.8035043804755944	46.690323460698814
-2.7934918648310383	46.304290627799475
-2.783479349186483	45.960441531227545
-2.773466833541927	45.65255668919006
-2.763454317897372	45.35261002950661
-2.7534418022528158	44.99034374197643
-2.7434292866082606	44.53908258234076
-2.7334167709637045	44.034212404338234
-2.7234042553191484	43.53511799632054
-2.7133917396745932	43.03205687273545
-2.703379224030037	42.31484139364368
-2.693366708385482	41.41365538510722
-2.683354192740926	40.46760235592331
-2.6733416770963707	39.50364527183451
-2.6633291614518146	38.57824770018212
-2.6533166458072586	37.63888895892638
-2.6433041301627034	36.74301878052093
-2.6332916145181473	35.79987992469911
-2.623279098873592	34.93623924866867
-2.613266583229036	34.049640894109
-2.603254067584481	33.32808872851854
-2.593241551939925	32.58614524882967
-2.5832290362953687	31.89865223276782
-2.5732165206508135	31.35026598854928
-2.5632040050062574	30.985419548534455
-2.5531914893617023	30.689684598195065
-2.543178973717146	30.346215015619688
-2.533166458072591	29.866645528540356
-2.523153942428035	29.406357960139854
-2.513141426783479	29.104044643799064
-2.5031289111389237	28.87345964447748
-2.4931163954943676	28.664369066151156
-2.4831038798498124	28.515123872870184
-2.4730913642052563	28.43367794607104
-2.463078848560701	28.398580065047085
-2.453066332916145	28.377985755962914
-2.443053817271589	28.370064597428748
-2.433041301627034	28.370497923574966
-2.4230287859824777	28.377051111473286
-2.4130162703379225	28.38216070177797
-2.4030037546933665	28.214119392667524
-2.3929912390488113	27.941447179204978
-2.382978723404255	27.780949379583312
-2.372966207759699	27.847706353591057
-2.362953692115144	27.909157174785918
-2.352941176470588	27.93089837059782
-2.3429286608260327	27.801690763648335
-2.3329161451814766	27.77364008252014
-2.3229036295369214	27.97576391843204
-2.3128911138923653	27.954652252712705
-2.3028785982478093	27.925452908798498
-2.292866082603254	28.159326339131823
-2.282853566958698	28.205988037301122
-2.272841051314143	28.153398552802297
-2.2628285356695867	28.14984813514872
-2.2528160200250316	28.730729364176405
-2.2428035043804755	28.511420765927138
-2.2327909887359194	28.591484599367842
-2.2227784730913642	28.945540625684913
-2.212765957446808	28.949935208707835
-2.202753441802253	28.79379933582688
-2.192740926157697	28.674481913787034
-2.1827284105131417	28.825593439392115
-2.1727158948685856	28.759999239442923
-2.1627033792240296	28.907395551871986
-2.1526908635794744	29.362333669849455
-2.1426783479349183	29.656073763584075
-2.132665832290363	29.808359719975098
-2.122653316645807	29.85522017880264
-2.112640801001252	30.029161858042947
-2.1026282853566958	30.05642027709068
-2.0926157697121397	30.090134864023813
-2.0826032540675845	30.112356573845105
-2.0725907384230284	30.161491911806916
-2.0625782227784732	30.25349891354419
-2.052565707133917	30.340123915911196
-2.042553191489362	30.443595299873696
-2.032540675844806	30.523831419591417
-2.02252816020025	30.59864769139611
-2.0125156445556946	30.709704274976502
-2.0025031289111386	30.798602015173707
-1.9924906132665834	30.890467126836818
-1.9824780976220273	31.002161793051673
-1.9724655819774712	31.157891635289843
-1.962453066332916	31.425344039996116
-1.95244055068836	31.74949052543471
-1.9424280350438048	32.116466049303476
-1.9324155193992487	32.55479806803722
-1.9224030037546935	33.11625151042171
-1.9123904881101375	33.65880686991818
-1.9023779724655814	34.18594959929465
-1.8923654568210262	34.7761323614929
-1.8823529411764701	35.51175937507291
-1.872340425531915	36.47559932644928
-1.8623279098873589	37.28491733157242
-1.8523153942428037	37.80529119510944
-1.8423028785982476	38.19607854135274
-1.8322903629536915	38.57821815138237
-1.8222778473091363	38.871634984781856
-1.8122653316645803	39.21557955949152
-1.802252816020025	39.6437976458229
-1.792240300375469	40.155887415796194
-1.7822277847309138	40.66798358314134
-1.7722152690863577	41.034572799616214
-1.7622027534418017	41.48956631064832
-1.7521902377972465	42.067493701068194
-1.7421777221526904	42.51194375041488
-1.7321652065081352	42.894215080209065
-1.7221526908635791	43.19686308831624
-1.712140175219024	43.4084517191891
-1.7021276595744679	43.524486366386306
-1.6921151439299118	43.56072325003838
-1.6821026282853566	43.560533365380095
-1.6720901126408005	43.60252133092766
-1.6620775969962454	43.682927402521024
-1.6520650813516893	43.70058202341051
-1.642052565707134	43.60054993187858
-1.632040050062578	43.36507932930177
-1.622027534418022	42.9852734054858
-1.6120150187734668	42.544629751123004
-1.6020025031289107	42.09263991886808
-1.5919899874843555	41.53739516660048
-1.5819774718397994	40.93788698585052
-1.5719649561952442	40.443435774851494
-1.5619524405506882	39.95935761084601
-1.551939924906132	39.480067756633275
-1.541927409261577	39.04057384770197
-1.5319148936170208	38.55055893819855
-1.5219023779724656	38.023589737464235
-1.5118898623279096	37.48294730924202
-1.5018773466833544	36.97031466745073
-1.4918648310387983	36.47516547786346
-1.4818523153942422	35.97916346714633
-1.471839799749687	35.416753648572495
-1.461827284105131	34.72348654784332
-1.4518147684605758	33.82222679357502
-1.4418022528160197	32.89197948107738
-1.4317897371714645	32.22513122467107
-1.4217772215269084	31.282239095003515
-1.4117647058823524	30.479270904723965
-1.4017521902377972	29.621773348971864
-1.391739674593241	28.8697821874969
-1.381727158948686	28.12916293043733
-1.3717146433041298	27.421906741256578
-1.3617021276595747	26.907499545932172
-1.3516896120150186	26.170018893601796
-1.3416770963704625	25.500595131171437
-1.3316645807259073	24.907226151735777
-1.3216520650813512	23.91793188158298
-1.311639549436796	23.148398738256127
-1.30162703379224	22.365964202357425
-1.2916145181476848	21.92743385970521
-1.2816020025031287	21.165589551246075
-1.2715894868585726	20.552124851583965
-1.2615769712140175	20.023782991147066
-1.2515644555694614	19.420638313423044
-1.2415519399249062	18.94261629416945
-1.2315394242803501	18.521210185616386
-1.221526908635795	17.990820681832425
-1.2115143929912389	17.485472768520133
-1.2015018773466828	17.531126857074636
-1.1914893617021276	17.241194953288105
-1.1814768460575715	16.71762360288616
-1.1714643304130163	16.558929151169647
-1.1614518147684603	16.399663173733213
-1.151439299123905	16.19207580872603
-1.141426783479349	16.412046107287075
-1.131414267834793	16.39668641833407
-1.1214017521902377	16.531736365299412
-1.1113892365456817	16.729141180596102
-1.1013767209011265	16.902652299474983
-1.0913642052565704	17.17944478209524
-1.0813516896120152	17.70430370383083
-1.0713391739674591	18.14667014703521
-1.061326658322903	18.43784672395517
-1.0513141426783479	18.581994305872517
-1.0413016270337918	18.806892519428533
-1.0312891113892366	19.23739203066322
-1.0212765957446805	19.74577659677139
-1.0112640801001254	20.170105682222253
-1.0012515644555693	20.515435518860468
-0.9912390488110132	20.7674369120309
-0.981226533166458	20.986002609830013
-0.971214017521902	21.289412863609442
-0.9612015018773468	21.7744370504019
-0.9511889862327907	22.338069364023227
-0.9411764705882355	22.889765634104347
-0.9311639549436794	23.400926031382145
-0.9211514392991234	23.877662776376138
-0.9111389236545682	24.2350965139571
-0.9011264080100121	24.5720545817894
-0.8911138923654569	24.93854241748406
-0.8811013767209008	25.323546104400712
-0.8710888610763456	25.775705447644725
-0.8610763454317896	26.290310563043256
-0.8510638297872335	26.744824331267694
-0.8410513141426783	27.155888090204854
-0.8310387984981222	27.52484274984794
-0.821026282853567	27.82418555097633
-0.811013767209011	28.073003094618908
-0.8010012515644558	28.36673649743156
-0.7909887359198997	28.708692329574227
-0.7809762202753436	29.005975080039786
-0.7709637046307884	29.198200383333976
-0.7609511889862324	29.294123695723016
-0.7509386733416772	29.368375349246033
-0.7409261576971211	29.494885756915515
-0.7309136420525659	29.619314428232187
-0.7209011264080099	29.60118676916831
-0.7108886107634538	29.43143730271695
-0.7008760951188986	29.20113982771539
-0.6908635794743425	28.974939446345992
-0.6808510638297873	28.724085705206853
-0.6708385481852313	28.335013057422497
-0.6608260325406761	27.823931465485895
-0.65081351689612	27.27444234674156
-0.6408010012515639	26.690796182169525
-0.6307884856070087	26.124512680802887
-0.6207759699624527	25.709465611224847
-0.6107634543178975	25.358226865594602
-0.6007509386733414	25.003273429062666
-0.5907384230287862	24.63416167492362
-0.5807259073842301	24.23404006747232
-0.5707133917396741	23.837061943475305
-0.5607008760951189	23.419597253716173
-0.5506883604505628	22.928277423026625
-0.5406758448060076	22.391135468580263
-0.5306633291614515	21.809359115135287
-0.5206508135168963	21.201902342380077
-0.5106382978723403	20.607504332642872
-0.5006257822277842	20.110232944023654
-0.490613266583229	19.662750823168217
-0.48060075093867294	19.32889663397159
-0.47058823529411775	19.014112921946786
-0.4605757196495617	18.62166231407016
-0.4505632040050065	18.204482589010794
-0.4405506883604504	17.776518381047755
-0.43053817271589434	17.373000822294166
-0.42052565707133915	16.948825291231696
-0.4105131414267831	16.563912164256255
-0.4005006257822279	16.312382782591914
-0.3904881101376718	16.04371119798986
-0.38047559449311663	15.664794266325602
-0.37046307884856056	15.23526398181606
-0.3604505632040045	14.857520840177795
-0.3504380475594493	14.51044970841351
-0.3404255319148932	14.217043284389083
-0.33041301627033803	14.139675657552562
-0.32040050062578196	14.096387957166652
-0.3103879849812259	13.93333962510973
-0.3003754693366707	13.797274714102675
-0.2903629536921146	13.72495128348596
-0.28035043804755944	13.649648385389671
-0.27033792240300336	13.555906774366598
-0.2603254067584482	13.43119348854993
-0.2503128911138921	13.30548144800442
-0.24030037546933602	13.282060005888267
-0.23028785982478084	13.289902875940623
-0.22027534418022476	13.324931833015153
-0.21026282853566958	13.385235694803843
-0.2002503128911135	13.45308300598503
-0.19023779724655832	13.35801067091027
-0.18022528160200224	13.218702482738099
-0.17021276595744617	13.101704317982994
-0.16020025031289098	13.008353478618009
-0.1501877346683349	12.896239733895781
-0.14017521902377972	12.83206482611093
-0.13016270337922364	12.8269269116752
-0.12015018773466846	12.851424752106078
-0.11013767209011238	12.893833565991219
-0.10012515644555631	12.943799568308
-0.09011264080100112	12.987912558998122
-0.08010012515644505	13.008293640500318
-0.07008760951188986	13.031500040470778
-0.060075093867333784	13.02232697511215
-0.0500625782227786	13.026648084953578
-0.04005006257822252	13.116791965462097
-0.030037546933666448	13.213701718531052
-0.02002503128911126	13.311480360907872
-0.010012515644555187	13.437938340717482
0.0	13.603645890183046
