-8.0	14.154171673570431
-7.989987484355444	14.534337437539543
-7.979974968710889	14.905315359132288
-7.969962453066333	15.212271692281222
-7.9599499374217775	15.527140177523723
-7.949937421777221	15.861629547223057
-7.939924906132666	16.226635328751673
-7.92991239048811	16.658951502879095
-7.919899874843554	17.05028848576441
-7.909887359198999	17.344638152577357
-7.899874843554443	17.630737904875893
-7.889862327909888	17.909229308748074
-7.8798498122653315	18.178446540691276
-7.869837296620776	18.469202053457845
-7.85982478097622	18.742312532746
-7.849812265331664	19.039475282267606
-7.839799749687109	19.39656380075897
-7.829787234042553	19.763777416155143
-7.819774718397998	20.092350479921326
-7.809762202753442	20.312083588019295
-7.7997496871088865	20.363768778732204
-7.78973717146433	20.324707825083625
-7.779724655819774	20.309950561734897
-7.769712140175219	20.346320232160885
-7.759699624530663	20.27204828517667
-7.749687108886108	20.080009894504197
-7.739674593241552	19.795626784982492
-7.729662077596997	19.481041419250094
-7.719649561952441	19.193090653439157
-7.7096370463078845	18.880713123454875
-7.699624530663329	18.6273835201462
-7.689612015018773	18.372477963454923
-7.679599499374218	18.078102250914846
-7.669586983729662	17.708008145109105
-7.659574468085107	17.275700463192084
-7.649561952440551	16.834520295538315
-7.639549436795995	16.43075344508279
-7.629536921151439	16.04963551062355
-7.619524405506883	15.632072945793611
-7.609511889862328	15.154080210804096
-7.599499374217772	14.621660537923388
-7.589486858573217	14.094338629543195
-7.579474342928661	13.60331418584445
-7.569461827284105	13.16751143826229
-7.55944931163955	12.767697639751386
-7.5494367959949935	12.460086325316075
-7.539424280350438	12.21607737167235
-7.529411764705882	11.944905234717702
-7.519399249061326	11.604041747899343
-7.509386733416771	11.299543110569871
-7.499374217772215	11.041079486332828
-7.48936170212766	10.884250583647447
-7.479349186483104	10.797593113915967
-7.4693366708385485	10.712485210361606
-7.459324155193992	10.601369164385897
-7.449311639549437	10.47939252859431
-7.439299123904881	10.383124829018984
-7.429286608260325	10.285216314844751
-7.41927409261577	10.174773405446595
-7.409261576971214	10.069828731819268
-7.399249061326659	9.979371108199572
-7.3892365456821025	9.915005261228988
-7.3792240300375465	9.913775946756548
-7.369211514392991	9.98974043305168
-7.359198998748435	10.144940415143072
-7.34918648310388	10.39826719996265
-7.339173967459324	10.708208732909455
-7.329161451814769	10.993815738256886
-7.319148936170213	11.208610727757542
-7.3091364205256575	11.341668938497484
-7.299123904881101	11.408205149377826
-7.289111389236545	11.432948308518023
-7.27909887359199	11.427213047350067
-7.269086357947434	11.417348891509155
-7.259073842302879	11.428123949230313
-7.249061326658323	11.471631166721279
-7.239048811013767	11.55819082594337
-7.2290362953692116	11.673474571919938
-7.2190237797246555	11.795957908306018
-7.2090112640801	11.922995237750575
-7.198998748435544	12.058771081957177
-7.188986232790989	12.195283827895645
-7.178973717146433	12.318371504101696
-7.168961201501878	12.448869219615318
-7.158948685857322	12.631578784275064
-7.148936170212766	12.87220387868525
-7.13892365456821	13.135131243145318
-7.128911138923654	13.355968293719545
-7.118898623279099	13.519851116761508
-7.108886107634543	13.654645360473342
-7.098873591989987	13.797711279413631
-7.088861076345432	13.974981267265816
-7.078848560700876	14.17959898870897
-7.068836045056321	14.404983410297662
-7.0588235294117645	14.659728777807496
-7.048811013767209	14.952678419442362
-7.038798498122653	15.281723773041726
-7.028785982478098	15.630884320679556
-7.018773466833542	16.002992573083112
-7.008760951188986	16.402695064502876
-6.998748435544431	16.791855732724038
-6.988735919899875	17.12977264238385
-6.9787234042553195	17.400116524121014
-6.968710888610763	17.583357822696748
-6.958698372966207	17.673274976233998
-6.948685857321652	17.696801436612382
-6.938673341677096	17.690238639142503
-6.928660826032541	17.66604168642057
-6.918648310387985	17.62140036365488
-6.908635794743429	17.57013349959282
-6.8986232790988735	17.547836661649477
-6.888610763454318	17.563939368203762
-6.878598247809762	17.610672475739957
-6.868585732165206	17.69237130529364
-6.858573216520651	17.79985330173688
-6.848560700876095	17.9119695829905
-6.83854818523154	18.006378791295212
-6.828535669586984	18.042658028858547
-6.818523153942428	17.9825950497132
-6.808510638297872	17.820567437474928
-6.798498122653316	17.575265671764935
-6.788485607008761	17.26585732076745
-6.778473091364205	16.90983771922761
-6.768460575719649	16.541709650763238
-6.758448060075094	16.200578237637508
-6.748435544430539	15.91395101970783
-6.7384230287859825	15.676522378185732
-6.7284105131414265	15.44078896544221
-6.718397997496871	15.169370709336674
-6.708385481852315	14.860109152172608
-6.69837296620776	14.509133253215426
-6.688360450563204	14.110603011397115
-6.678347934918648	13.67914982122526
-6.668335419274093	13.246795676630267
-6.658322903629537	12.853028388175614
-6.648310387984981	12.553050148723566
-6.638297872340425	12.352281187259427
-6.628285356695869	12.19431653685428
-6.618272841051314	12.022636672047863
-6.608260325406759	11.800278891173148
-6.598247809762203	11.501214151222275
-6.588235294117647	11.130454464521025
-6.578222778473092	10.716759497354968
-6.5682102628285355	10.279105792723419
-6.55819774718398	9.841698198856182
-6.548185231539424	9.443717247448266
-6.538172715894868	9.12704838566288
-6.528160200250313	8.892348940727341
-6.518147684605757	8.704821722339984
-6.508135168961202	8.525459351731188
-6.498122653316646	8.351539918784576
-6.4881101376720896	8.193734219936555
-6.478097622027534	8.043538942158314
-6.468085106382979	7.905066397359993
-6.458072590738423	7.7414721346870685
-6.448060075093867	7.5115094346093345
-6.438047559449312	7.268197550060883
-6.428035043804756	7.083983826605937
-6.418022528160201	6.929552699434675
-6.4080100125156445	6.785899930905645
-6.397997496871088	6.6611163163386085
-6.387984981226533	6.5295037207106645
-6.377972465581977	6.439775721916018
-6.367959949937422	6.347231243658879
-6.357947434292866	6.2719112382170925
-6.34793491864831	6.211811207974811
-6.337922403003755	6.130770535362752
-6.3279098873591995	6.102817001577266
-6.317897371714643	6.112774023983958
-6.307884856070087	6.161772034281122
-6.297872340425532	6.288827964696776
-6.287859824780976	6.461690424803504
-6.277847309136421	6.757060936411446
-6.267834793491865	7.0020989018801725
-6.257822277847309	7.240583526311604
-6.2478097622027535	7.563366743075472
-6.2377972465581975	7.979072306562984
-6.227784730913642	8.46545049952443
-6.217772215269086	9.113932880655756
-6.20775969962453	9.904349893742234
-6.197747183979975	10.511736938754366
-6.18773466833542	11.189864156788303
-6.177722152690864	11.867579763756973
-6.167709637046308	12.360783560720467
-6.157697121401752	12.792817045791402
-6.147684605757196	13.32379798844231
-6.137672090112641	14.25680682675916
-6.127659574468085	15.442639385668667
-6.117647058823529	15.986328716793683
-6.107634543178974	16.5487618130311
-6.097622027534418	17.363740275655267
-6.0876095118898625	18.07089687796425
-6.0775969962453065	18.62490007429841
-6.06758448060075	19.10062537540289
-6.057571964956195	19.63425054613604
-6.04755944931164	20.307904594375746
-6.037546933667084	20.83772705942807
-6.027534418022528	21.35016733900207
-6.017521902377973	21.86077434660505
-6.007509386733417	22.48272841977211
-5.997496871088861	22.95390881200957
-5.987484355444305	23.347959954054726
-5.977471839799749	23.74383733286244
-5.967459324155194	24.17576573218986
-5.957446808510639	24.60087097919181
-5.947434292866083	25.044432871675046
-5.937421777221527	25.538939607529787
-5.927409261576971	26.022318863403154
-5.9173967459324155	26.519773000624504
-5.90738423028786	27.04062510572481
-5.897371714643304	27.38940204867494
-5.887359198998748	27.6377171542185
-5.877346683354192	27.88017358176035
-5.867334167709637	28.036303851165794
-5.857321652065082	28.16227310585671
-5.847309136420526	28.405185512767478
-5.83729662077597	28.68979837932608
-5.827284105131414	28.879845824494655
-5.817271589486858	29.11010005418767
-5.807259073842303	29.56072466655493
-5.797246558197747	30.013878740443193
-5.787234042553191	30.33748080447083
-5.777221526908636	30.494647466690733
-5.767209011264081	30.51925205462059
-5.7571964956195245	30.494427181679637
-5.747183979974968	30.39616534168865
-5.737171464330412	30.18552835609839
-5.727158948685857	29.926069808197262
-5.717146433041302	29.633300356700783
-5.707133917396746	29.245503954438753
-5.69712140175219	28.828838705483307
-5.687108886107635	28.49358871335681
-5.677096370463079	28.21878058963782
-5.667083854818523	27.80339430584486
-5.657071339173967	27.424780888836246
-5.647058823529411	27.14147329761238
-5.637046307884856	26.91511608903139
-5.627033792240301	26.671141922962498
-5.617021276595745	26.417156722704657
-5.607008760951189	26.190597656358456
-5.596996245306633	25.918182561058238
-5.5869837296620775	25.547526385269734
-5.576971214017522	25.278977306169274
-5.566958698372966	25.051592238851715
-5.55694618272841	24.835444959522306
-5.546933667083855	24.674620289829495
-5.536921151439299	24.16751384307997
-5.526908635794744	23.713388330316477
-5.516896120150188	23.40668904745416
-5.5068836045056315	23.22487130823015
-5.496871088861076	22.989584422066336
-5.486858573216521	22.852404883363675
-5.476846057571965	22.791432297910905
-5.466833541927409	22.75343620635118
-5.456821026282853	22.857469875472784
-5.446808510638298	22.89360772757045
-5.4367959949937426	22.66976292100115
-5.4267834793491865	22.462032731306284
-5.41677096370463	22.37380408807816
-5.406758448060075	22.395014950697963
-5.396745932415519	22.455476161590003
-5.386733416770964	22.669441466059457
-5.376720901126408	22.947243324196762
-5.366708385481852	23.382196795784562
-5.356695869837297	23.85810397962158
-5.346683354192741	24.313206418055398
-5.336670838548185	24.41179979750819
-5.326658322903629	24.47515464246403
-5.316645807259073	24.58200048553621
-5.306633291614518	24.93613326004526
-5.296620775969963	25.212573654101757
-5.286608260325407	25.41776365990345
-5.276595744680851	25.75756458716393
-5.2665832290362955	26.268835674986338
-5.256570713391739	26.88140807524832
-5.246558197747184	27.294267003447125
-5.236545682102628	27.59673731238174
-5.226533166458072	27.833786087791133
-5.216520650813517	28.236177533174253
-5.206508135168962	28.608198654697603
-5.196495619524406	29.13540859329416
-5.18648310387985	29.769108812404337
-5.1764705882352935	30.17852447717238
-5.166458072590738	30.526527486583845
-5.156445556946183	30.87988825979896
-5.146433041301627	31.187381954460996
-5.136420525657071	31.332932347640856
-5.126408010012516	31.39487328510553
-5.11639549436796	31.532389364297227
-5.1063829787234045	31.76026170584887
-5.0963704630788484	32.06010262250382
-5.086357947434292	32.29419594060069
-5.076345431789737	32.35412252581592
-5.066332916145182	32.347660186429124
-5.056320400500626	32.329747927535664
-5.04630788485607	32.2484351869948
-5.036295369211514	32.124338261899176
-5.026282853566959	31.905483290771354
-5.016270337922403	31.687987394633797
-5.006257822277847	31.355639493659737
-4.996245306633291	30.9363801117586
-4.986232790988735	30.53146126930588
-4.97622027534418	30.099092646168
-4.966207759699625	29.726571481148664
-4.956195244055069	29.43579130020838
-4.946182728410513	29.178476335166916
-4.9361702127659575	28.868172877190673
-4.926157697121402	28.446947219819776
-4.916145181476846	27.989782074453277
-4.90613266583229	27.666262480727443
-4.896120150187734	27.429432321603155
-4.886107634543179	27.07081622060155
-4.876095118898624	26.504899288300486
-4.866082603254068	25.713982205591208
-4.8560700876095115	25.006331691683716
-4.8460575719649555	24.44003268999597
-4.8360450563204	23.843514651940428
-4.826032540675845	23.21152866121153
-4.816020025031289	22.76877799807989
-4.806007509386733	22.359704768728044
-4.795994993742178	21.94846227131737
-4.785982478097623	21.534147632163833
-4.7759699624530665	21.276137468071223
-4.76595744680851	20.969989744486206
-4.755944931163954	20.611320521740296
-4.745932415519399	20.344398806080722
-4.735919899874844	20.109266713782688
-4.725907384230288	19.83862811121878
-4.715894868585732	19.598275617859237
-4.705882352941176	19.302355177316787
-4.6958698372966206	19.12160804883401
-4.685857321652065	19.003152032501898
-4.675844806007509	18.873234338992113
-4.665832290362953	18.756547752477825
-4.655819774718398	18.56561224593212
-4.645807259073843	18.46400259299947
-4.635794743429287	18.29278879702429
-4.625782227784731	18.118463067476252
-4.615769712140175	18.02938226993362
-4.605757196495619	17.9497474296022
-4.595744680851064	17.86886376864937
-4.585732165206508	17.783874657437277
-4.575719649561952	17.760802266953597
-4.565707133917396	17.75453947260337
-4.555694618272841	17.75084979635637
-4.545682102628286	17.74792471840269
-4.53566958698373	17.7450270277005
-4.5256570713391735	17.726824603161297
-4.515644555694618	17.604126934260698
-4.505632040050063	17.558326642551606
-4.495619524405507	17.55806668001578
-4.485607008760951	17.559524777881673
-4.475594493116395	17.560191332278645
-4.46558197747184	17.560479959301876
-4.4555694618272845	17.560678697230127
-4.4455569461827285	17.56086055982189
-4.435544430538172	17.56103863966783
-4.425531914893616	17.56121388641921
-4.415519399249061	17.561384899921517
-4.405506883604506	17.561539562418638
-4.39549436795995	17.561468313872734
-4.385481852315394	17.55870360969409
-4.375469336670839	17.5535560453316
-4.365456821026283	17.552880781318656
-4.355444305381727	17.552975554383558
-4.345431789737171	17.553111037858386
-4.335419274092615	17.5532442691411
-4.32540675844806	17.553373090688122
-4.315394242803505	17.553497526048037
-4.305381727158949	17.553617717006933
-4.295369211514393	17.553733811880765
-4.285356695869837	17.55384595790393
-4.275344180225281	17.553954299633425
-4.265331664580726	17.554058978032607
-4.25531914893617	17.554160129855752
-4.245306633291614	17.554257887246422
-4.235294117647059	17.554352377496294
-4.225281602002504	17.55444372292574
-4.215269086357948	17.554532040856767
-4.2052565707133915	17.55461744365555
-4.1952440550688355	17.55470003882715
-4.18523153942428	17.554779929148264
-4.175219023779725	17.554857212827194
-4.165206508135169	17.55493198368214
-4.155193992490613	17.555004331331176
-4.145181476846057	17.555074341388163
-4.135168961201502	17.555142095660656
-4.1251564455569465	17.55520767234642
-4.11514392991239	17.55527114622602
-4.105131414267834	17.555332588849726
-4.095118898623279	17.555392068717424
-4.085106382978723	17.555449651450473
-4.075093867334168	17.555505399955127
-4.065081351689612	17.555559374577054
-4.055068836045056	17.55561163326215
-4.045056320400501	17.596782525982828
-4.035043804755945	17.55403929725665
-4.025031289111389	17.416369794413797
-4.015018773466833	17.396113100999145
-4.005006257822277	17.53967301407423
-3.994993742177722	17.536972943411325
-3.9849812265331668	17.519113536897603
-3.9749687108886107	17.489626640975406
-3.9649561952440546	17.473796494119416
-3.9549436795994994	17.17949729053766
-3.9449311639549434	16.940712979944806
-3.934918648310388	17.22196671581233
-3.924906132665832	17.391992171015875
-3.914893617021277	17.375961495227248
-3.904881101376721	17.287005889805585
-3.8948685857321648	17.400387128652635
-3.8848560700876096	17.719340786383714
-3.8748435544430535	17.89543251979983
-3.8648310387984983	18.063912238379892
-3.8548185231539422	18.197203077315145
-3.844806007509387	18.442986066199936
-3.834793491864831	18.62221245379597
-3.824780976220275	18.819684849856703
-3.8147684605757197	18.992522747897347
-3.8047559449311636	19.07015482568416
-3.7947434292866085	19.37052108967756
-3.7847309136420524	19.549475693427095
-3.774718397997497	19.856466394697936
-3.764705882352941	19.99914467148205
-3.754693366708385	20.558588581822104
-3.74468085106383	20.736424934707934
-3.734668335419274	21.33162341688429
-3.7246558197747186	21.43510973843327
-3.7146433041301625	21.47117860860465
-3.7046307884856065	21.5920212899294
-3.6946182728410513	21.592337460090416
-3.684605757196495	21.600723268205563
-3.67459324155194	21.750148827420684
-3.664580725907384	21.7674852306407
-3.6545682102628287	21.882010299214876
-3.6445556946182727	21.922237153538447
-3.6345431789737166	21.971565229608803
-3.6245306633291614	21.97190287670332
-3.6145181476846053	21.9722429698577
-3.60450563204005	21.97258552883025
-3.594493116395494	21.972930574731713
-3.584480600750939	21.973278130236174
-3.574468085106383	21.973628219746097
-3.5644555694618267	21.98434650848602
-3.5544430538172715	21.984956470517684
-3.5444305381727155	21.985314327250606
-3.5344180225281603	21.98567483539907
-3.524405506883604	21.98603803021399
-3.514392991239049	22.00954003072829
-3.504380475594493	22.010254674091605
-3.494367959949937	22.010626169572404
-3.4843554443053817	22.011000523322913
-3.4743429286608256	22.011377787473403
-3.4643304130162704	22.011758018643718
-3.4543178973717144	22.01214127845376
-3.444305381727159	22.01252763411977
-3.434292866082603	22.01291715915459
-3.424280350438047	22.01330993419429
-3.414267834793492	22.01370604797813
-3.4042553191489358	22.014105598514416
-3.3942428035043806	22.014508694471004
-3.3842302878598245	22.0149154568363
-3.3742177722152693	22.015326020903988
-3.3642052565707132	22.015740538641662
-3.354192740926157	22.01615918150942
-3.344180225281602	22.016582143796253
-3.334167709637046	22.01700964653638
-3.3241551939924907	22.017441942048336
-3.3141426783479346	22.01787931909493
-3.3041301627033794	22.018322108575518
-3.2941176470588234	22.01877068950431
-3.2841051314142673	22.019225494752796
-3.274092615769712	22.01968701556953
-3.264080100125156	22.02015580311996
-3.254067584480601	22.02063246404279
-3.2440550688360448	22.021117645055472
-3.2340425531914896	22.021611998808268
-3.2240300375469335	22.022116123665448
-3.2140175219023774	22.02263063228755
-3.2040050062578223	22.023163216621516
-3.193992490613266	22.02403037699953
-3.183979974968711	22.03504109260997
-3.173967459324155	22.063601221788442
-3.1639549436795997	22.074608925689894
-3.1539424280350437	22.09766695198434
-3.1439299123904876	22.105856454284467
-3.1339173967459324	22.107293567495997
-3.1239048811013763	22.10858857342522
-3.113892365456821	22.112564457993518
-3.103879849812265	22.13511083407137
-3.09386733416771	22.239299525616154
-3.083854818523154	22.366388913671486
-3.0738423028785977	22.480815788222298
-3.0638297872340425	22.560887036366854
-3.0538172715894865	22.62152805975405
-3.0438047559449313	22.769696462885804
-3.033792240300375	22.95442746566571
-3.02377972465582	23.16628048325444
-3.013767209011264	23.505076808904516
-3.003754693366708	23.75684889564208
-2.9937421777221527	23.890434352559325
-2.9837296620775966	24.01232193627783
-2.9737171464330414	24.210109425465433
-2.9637046307884853	24.403400387389695
-2.95369211514393	24.598789009845785
-2.943679599499374	24.885026674635842
-2.933667083854818	25.36704599038859
-2.923654568210263	25.911847363259103
-2.9136420525657067	26.50859673672421
-2.9036295369211516	27.13025078484919
-2.8936170212765955	27.630763048686596
-2.8836045056320403	27.880323210012598
-2.873591989987484	28.25042818577713
-2.863579474342928	28.588203889379464
-2.853566958698373	28.78553732074045
-2.843554443053817	28.998875419067332
-2.8335419274092617	29.399824222660534
-2.8235294117647056	30.03671267334596
-2.8135168961201504	30.859377820001022
-2.8035043804755944	31.82034371001679
-2.7934918648310383	32.939947914857356
-2.783479349186483	33.88193773568864
-2.773466833541927	34.61505162996988
-2.763454317897372	35.37567285731256
-2.7534418022528158	36.14416568376843
-2.7434292866082606	36.893141312814656
-2.7334167709637045	37.655899912067255
-2.7234042553191484	38.403591672235535
-2.7133917396745932	39.06978566730153
-2.703379224030037	39.558496421532766
-2.693366708385482	39.8650603535453
-2.683354192740926	40.05636366345041
-2.6733416770963707	40.23895722655727
-2.6633291614518146	40.42672652540357
-2.6533166458072586	40.60740421948493
-2.6433041301627034	40.728049030833674
-2.6332916145181473	40.71500658840446
-2.623279098873592	40.617637844500095
-2.613266583229036	40.405782737391995
-2.603254067584481	40.22063322617012
-2.593241551939925	39.96380156814683
-2.5832290362953687	39.76593377699102
-2.5732165206508135	39.580323534851914
-2.5632040050062574	39.385592700595275
-2.5531914893617023	39.21024582379713
-2.543178973717146	39.115789095900354
-2.533166458072591	39.01063144267745
-2.523153942428035	38.88556708867551
-2.513141426783479	38.76042392164047
-2.5031289111389237	38.445643200862555
-2.4931163954943676	38.11429728466907
-2.4831038798498124	37.745184652775166
-2.4730913642052563	37.356705723250364
-2.463078848560701	36.928624255222076
-2.453066332916145	36.41142996002432
-2.443053817271589	35.81138494993336
-2.433041301627034	35.016458004137725
-2.4230287859824777	34.269210515011494
-2.4130162703379225	33.4310696699221
-2.4030037546933665	32.667271200319824
-2.3929912390488113	32.23436729187047
-2.382978723404255	31.862284174695517
-2.372966207759699	31.394665472342396
-2.362953692115144	30.84718575284389
-2.352941176470588	30.49885406983302
-2.3429286608260327	30.076432306900422
-2.3329161451814766	29.766683161446437
-2.3229036295369214	29.32506849614454
-2.3128911138923653	28.988174226607093
-2.3028785982478093	28.768276163823955
-2.292866082603254	28.54347375166091
-2.282853566958698	28.35642472402511
-2.272841051314143	28.112254220073105
-2.2628285356695867	28.102314478104333
-2.2528160200250316	28.079806952977503
-2.2428035043804755	28.10107823911248
-2.2327909887359194	28.20195748666061
-2.2227784730913642	28.313214292583968
-2.212765957446808	28.416436653135573
-2.202753441802253	28.591730977724804
-2.192740926157697	28.868471351478384
-2.1827284105131417	29.3061991294361
-2.1727158948685856	30.060640530352003
-2.1627033792240296	30.619899156907934
-2.1526908635794744	31.18814650413141
-2.1426783479349183	31.671910053764385
-2.132665832290363	31.974749914619757
-2.122653316645807	32.406864181427096
-2.112640801001252	32.85677907154612
-2.1026282853566958	33.24642309158958
-2.0926157697121397	33.49838368039628
-2.0826032540675845	33.9063682361434
-2.0725907384230284	34.404280596362725
-2.0625782227784732	35.066205082731486
-2.052565707133917	35.908630711552725
-2.042553191489362	36.613502397428064
-2.032540675844806	37.27562820554709
-2.02252816020025	38.02307357080216
-2.0125156445556946	38.79937125941167
-2.0025031289111386	39.46154882137551
-1.9924906132665834	40.10328618560725
-1.9824780976220273	40.68293381029526
-1.9724655819774712	41.246444456241335
-1.962453066332916	41.84179373487187
-1.95244055068836	42.42602652238051
-1.9424280350438048	42.99339024781845
-1.9324155193992487	43.56712375933698
-1.9224030037546935	44.16660722504006
-1.9123904881101375	44.80833347010992
-1.9023779724655814	45.34260452457337
-1.8923654568210262	45.77541430174525
-1.8823529411764701	46.324810772768515
-1.872340425531915	46.914072430565085
-1.8623279098873589	47.616977222369066
-1.8523153942428037	48.50621655248339
-1.8423028785982476	49.36416781770633
-1.8322903629536915	50.162852195406685
-1.8222778473091363	50.70909577977918
-1.8122653316645803	51.148288673675935
-1.802252816020025	51.5553689028123
-1.792240300375469	52.03255475356157
-1.7822277847309138	52.41794113802978
-1.7722152690863577	52.72843652040718
-1.7622027534418017	52.958321137994986
-1.7521902377972465	53.1735914187919
-1.7421777221526904	53.40238298934629
-1.7321652065081352	53.66252349360401
-1.7221526908635791	53.88167077940159
-1.712140175219024	54.118849352412525
-1.7021276595744679	54.40839911180582
-1.6921151439299118	54.7718635206172
-1.6821026282853566	55.02680087515743
-1.6720901126408005	55.208950701408085
-1.6620775969962454	55.31520483837116
-1.6520650813516893	55.34666763560655
-1.642052565707134	55.2354963654648
-1.632040050062578	55.03208422521063
-1.622027534418022	54.88520827326481
-1.6120150187734668	54.785711333444254
-1.6020025031289107	54.66894159040094
-1.5919899874843555	54.60678132657471
-1.5819774718397994	54.56501017928999
-1.5719649561952442	54.48720977462549
-1.5619524405506882	54.43659313402984
-1.551939924906132	54.38161445364143
-1.541927409261577	54.325760697134015
-1.5319148936170208	54.26790252118058
-1.5219023779724656	54.02802705569896
-1.5118898623279096	53.71340245745621
-1.5018773466833544	53.387559230211004
-1.4918648310387983	53.05152608579515
-1.4818523153942422	52.72239147574351
-1.471839799749687	52.36926555101285
-1.461827284105131	51.99419636766818
-1.4518147684605758	51.52885200309194
-1.4418022528160197	51.08738266776908
-1.4317897371714645	50.82216847843936
-1.4217772215269084	50.6054233542698
-1.4117647058823524	50.350774959109145
-1.4017521902377972	49.93535502558976
-1.391739674593241	49.5563249478902
-1.381727158948686	49.20068148718118
-1.3717146433041298	48.904853983541784
-1.3617021276595747	48.69814808882824
-1.3516896120150186	48.562150397296946
-1.3416770963704625	48.580277328223936
-1.3316645807259073	48.72177458286078
-1.3216520650813512	48.84587919507769
-1.311639549436796	48.87421210066513
-1.30162703379224	48.929846314495805
-1.2916145181476848	49.04477001484976
-1.2816020025031287	49.19628688275397
-1.2715894868585726	49.09174249124354
-1.2615769712140175	48.94540925117005
-1.2515644555694614	48.93804305273929
-1.2415519399249062	48.91350194190355
-1.2315394242803501	48.92821979941481
-1.221526908635795	49.0203335737234
-1.2115143929912389	49.35885340264394
-1.2015018773466828	49.68466636922792
-1.1914893617021276	50.15241055666691
-1.1814768460575715	50.4422875749154
-1.1714643304130163	50.55791907136739
-1.1614518147684603	50.63230761781248
-1.151439299123905	50.63435361656807
-1.141426783479349	50.70835561148332
-1.131414267834793	50.84291386918371
-1.1214017521902377	51.06902142513583
-1.1113892365456817	51.399827865107774
-1.1013767209011265	51.59970211437946
-1.0913642052565704	51.84268781586495
-1.0813516896120152	52.216087763219136
-1.0713391739674591	52.61373358166074
-1.061326658322903	53.10058415118709
-1.0513141426783479	53.55328704318518
-1.0413016270337918	53.979689336604025
-1.0312891113892366	54.40016447479804
-1.0212765957446805	54.654547610495825
-1.0112640801001254	54.92490152654566
-1.0012515644555693	55.14950722917676
-0.9912390488110132	55.26799823990656
-0.981226533166458	55.27285647144778
-0.971214017521902	55.23272908517093
-0.9612015018773468	55.153615897468114
-0.9511889862327907	55.00327246129573
-0.9411764705882355	54.949953659972195
-0.9311639549436794	54.891670126818205
-0.9211514392991234	54.71861634082967
-0.9111389236545682	54.54150306259289
-0.9011264080100121	54.201865911666054
-0.8911138923654569	53.7743742216106
-0.8811013767209008	53.44319613612118
-0.8710888610763456	53.24966237688266
-0.8610763454317896	53.02139772834666
-0.8510638297872335	52.82240694852095
-0.8410513141426783	52.75075044308559
-0.8310387984981222	52.67682454743948
-0.821026282853567	52.55603366674536
-0.811013767209011	52.42677910553569
-0.8010012515644558	52.27378173761141
-0.7909887359198997	52.099449483021964
-0.7809762202753436	51.82860608602523
-0.7709637046307884	51.42349160047948
-0.7609511889862324	50.86736793173129
-0.7509386733416772	50.26278645899425
-0.7409261576971211	49.77528982322483
-0.7309136420525659	49.40405842365411
-0.7209011264080099	49.02168376535688
-0.7108886107634538	48.59728029912033
-0.7008760951188986	48.18926620697029
-0.6908635794743425	47.820547276653855
-0.6808510638297873	47.4729766482045
-0.6708385481852313	47.219230926328784
-0.6608260325406761	47.00488399404235
-0.65081351689612	46.68736055950754
-0.6408010012515639	46.31920445113907
-0.6307884856070087	45.91436366813714
-0.6207759699624527	45.60673888781906
-0.6107634543178975	45.35070344949386
-0.6007509386733414	45.01779166681126
-0.5907384230287862	44.73700694571958
-0.5807259073842301	44.58231315372284
-0.5707133917396741	44.4547070300642
-0.5607008760951189	44.35599902803864
-0.5506883604505628	44.288037129834585
-0.5406758448060076	44.20593440543427
-0.5306633291614515	44.0795913492236
-0.5206508135168963	43.88672384850044
-0.5106382978723403	43.73651830682837
-0.5006257822277842	43.67267745180432
-0.490613266583229	43.62967143110303
-0.48060075093867294	43.5606171047951
-0.47058823529411775	43.41824518429695
-0.4605757196495617	43.18283135770362
-0.4505632040050065	42.9293820887458
-0.4405506883604504	42.773872419809784
-0.43053817271589434	42.6342168066571
-0.42052565707133915	42.40019030083758
-0.4105131414267831	42.08244899850576
-0.4005006257822279	41.69634501201114
-0.3904881101376718	41.31547003737225
-0.38047559449311663	41.01394050165227
-0.37046307884856056	40.83144424380356
-0.3604505632040045	40.63668341194573
-0.3504380475594493	40.389325305816186
-0.3404255319148932	40.09785998109681
-0.33041301627033803	39.868712668606186
-0.32040050062578196	39.74721842409258
-0.3103879849812259	39.658670326928785
-0.3003754693366707	39.54347992589507
-0.2903629536921146	39.51206432411537
-0.28035043804755944	39.57388787209476
-0.27033792240300336	39.71419322995095
-0.2603254067584482	39.87657902429325
-0.2503128911138921	39.94384697265342
-0.24030037546933602	39.89893329758311
-0.23028785982478084	39.77898841179433
-0.22027534418022476	39.61159080347298
-0.21026282853566958	39.44431694587196
-0.2002503128911135	39.30304013856815
-0.19023779724655832	39.128216222441395
-0.18022528160200224	38.85704901402454
-0.17021276595744617	38.53161463272258
-0.16020025031289098	38.23196203044983
-0.1501877346683349	37.955212150648926
-0.14017521902377972	37.73112049745546
-0.13016270337922364	37.57856132254397
-0.12015018773466846	37.423505717607576
-0.11013767209011238	37.22636404080923
-0.10012515644555631	37.00688054176584
-0.09011264080100112	36.73740761133199
-0.08010012515644505	36.37186993720423
-0.07008760951188986	35.9190339557742
-0.060075093867333784	35.49257456924472
-0.0500625782227786	35.15132140684625
-0.04005006257822252	34.922054945476994
-0.030037546933666448	34.761004801512236
-0.02002503128911126	34.49870056018454
-0.010012515644555187	34.079492916213
0.0	33.67276249198545
