-8.0	20.65557722557309
-7.989987484355444	21.812400725821178
-7.979974968710889	22.892128653997432
-7.969962453066333	24.04695471958522
-7.9599499374217775	25.00703576917751
-7.949937421777221	26.109047706703034
-7.939924906132666	27.50610350405323
-7.92991239048811	29.05597721831391
-7.919899874843554	30.784978551454824
-7.909887359198999	32.78950223546656
-7.899874843554443	34.92786080020894
-7.889862327909888	37.157422679526256
-7.8798498122653315	39.46873956373417
-7.869837296620776	41.84519728932845
-7.85982478097622	44.28992410209604
-7.849812265331664	46.732405727201034
-7.839799749687109	49.179857256810735
-7.829787234042553	51.70424789699929
-7.819774718397998	54.343306010274794
-7.809762202753442	57.05746477569126
-7.7997496871088865	59.76126635401176
-7.78973717146433	62.35875284723383
-7.779724655819774	64.66234957074262
-7.769712140175219	66.53755860279098
-7.759699624530663	68.01603224434747
-7.749687108886108	69.27455924031366
-7.739674593241552	70.47029452933512
-7.729662077596997	71.5665920384275
-7.719649561952441	72.49010205040855
-7.7096370463078845	73.26826236999366
-7.699624530663329	73.91769551099316
-7.689612015018773	74.45052665544588
-7.679599499374218	74.93262897213997
-7.669586983729662	75.37064185937828
-7.659574468085107	75.7184681965298
-7.649561952440551	75.88769967353248
-7.639549436795995	75.87628103418795
-7.629536921151439	75.83113564607415
-7.619524405506883	75.83087005470938
-7.609511889862328	75.81865759967812
-7.599499374217772	75.81516231272921
-7.589486858573217	75.82285718347272
-7.579474342928661	75.79408626520517
-7.569461827284105	75.84938233593279
-7.55944931163955	76.09422059456074
-7.5494367959949935	76.40529689029862
-7.539424280350438	76.69576516549031
-7.529411764705882	76.86717201913987
-7.519399249061326	76.78730035631303
-7.509386733416771	76.4670609196625
-7.499374217772215	76.05412184149725
-7.48936170212766	75.7513012153252
-7.479349186483104	75.56739181583022
-7.4693366708385485	75.42899857875443
-7.459324155193992	75.17580894042892
-7.449311639549437	74.67149066068664
-7.439299123904881	73.86913041128994
-7.429286608260325	72.80537015862082
-7.41927409261577	71.59835208331322
-7.409261576971214	70.42024196697719
-7.399249061326659	69.33304164920956
-7.3892365456821025	68.21285088116619
-7.3792240300375465	66.94904934770223
-7.369211514392991	65.64215959717839
-7.359198998748435	64.4641929611864
-7.34918648310388	63.463001711346166
-7.339173967459324	62.623453987659595
-7.329161451814769	61.8954598895227
-7.319148936170213	61.25065161071625
-7.3091364205256575	60.651250663934256
-7.299123904881101	60.07358063751453
-7.289111389236545	59.585284241056776
-7.27909887359199	59.215232352148426
-7.269086357947434	58.84385186800016
-7.259073842302879	58.337252569590156
-7.249061326658323	57.68395459864249
-7.239048811013767	56.94495107541833
-7.2290362953692116	56.19301236611749
-7.2190237797246555	55.50297289762739
-7.2090112640801	54.93475840372274
-7.198998748435544	54.52168067401457
-7.188986232790989	54.261927515452214
-7.178973717146433	54.08487078273419
-7.168961201501878	53.87514034464932
-7.158948685857322	53.56083155901126
-7.148936170212766	53.14194348290166
-7.13892365456821	52.67730926195995
-7.128911138923654	52.26304835193456
-7.118898623279099	51.95264328255562
-7.108886107634543	51.72277460327463
-7.098873591989987	51.53684911530091
-7.088861076345432	51.36987741738325
-7.078848560700876	51.19492499781155
-7.068836045056321	50.9894681067442
-7.0588235294117645	50.7411524644113
-7.048811013767209	50.42694537521471
-7.038798498122653	50.009822741395084
-7.028785982478098	49.479177388447575
-7.018773466833542	48.86682610761793
-7.008760951188986	48.19947058686341
-6.998748435544431	47.48165382502587
-6.988735919899875	46.71851660820874
-6.9787234042553195	45.90994583650237
-6.968710888610763	45.00202592509847
-6.958698372966207	43.90783365974953
-6.948685857321652	42.59949009301161
-6.938673341677096	41.06050762461163
-6.928660826032541	39.22315036007364
-6.918648310387985	37.077263916131514
-6.908635794743429	34.73583734427626
-6.8986232790988735	32.33948592706454
-6.888610763454318	30.02171176016249
-6.878598247809762	27.91810620184256
-6.868585732165206	26.08446707968905
-6.858573216520651	24.462055557727634
-6.848560700876095	22.998832886484884
-6.83854818523154	21.777445627726348
-6.828535669586984	20.76830775178984
-6.818523153942428	19.836792704882537
-6.808510638297872	19.03795026893329
-6.798498122653316	18.61902456326425
-6.788485607008761	18.59772970393787
-6.778473091364205	19.044798454643193
-6.768460575719649	20.17899794100324
-6.758448060075094	22.041551965525905
-6.748435544430539	24.750625027051985
-6.7384230287859825	28.60649577322461
-6.7284105131414265	32.80049219688799
-6.718397997496871	36.58816369351843
-6.708385481852315	39.499604404862936
-6.69837296620776	42.16354927040658
-6.688360450563204	44.558717842687905
-6.678347934918648	46.532272734616384
-6.668335419274093	47.86834575930063
-6.658322903629537	49.30191793544674
-6.648310387984981	51.07693167699994
-6.638297872340425	52.94469386716096
-6.628285356695869	54.74156979251202
-6.618272841051314	56.525053645672365
-6.608260325406759	58.38523866525072
-6.598247809762203	60.25502287120771
-6.588235294117647	62.03115633214557
-6.578222778473092	63.682422591668285
-6.5682102628285355	65.05954992497172
-6.55819774718398	66.2373301208691
-6.548185231539424	67.4606920748728
-6.538172715894868	68.78834604100655
-6.528160200250313	70.1087384735321
-6.518147684605757	71.26207731155618
-6.508135168961202	72.02912867489749
-6.498122653316646	72.30942966028435
-6.4881101376720896	72.11289398176172
-6.478097622027534	71.43000756375743
-6.468085106382979	70.27328857190656
-6.458072590738423	68.75393726547176
-6.448060075093867	66.94943600652101
-6.438047559449312	64.87161546910124
-6.428035043804756	62.53979512376957
-6.418022528160201	60.020858718553434
-6.4080100125156445	57.38310521842612
-6.397997496871088	54.6660455677576
-6.387984981226533	51.99357884232149
-6.377972465581977	49.35036046176589
-6.367959949937422	46.615295997429094
-6.357947434292866	43.74246572382767
-6.34793491864831	40.87155491906727
-6.337922403003755	38.20272480614248
-6.3279098873591995	35.782310106910934
-6.317897371714643	33.637194661191444
-6.307884856070087	31.87234854831409
-6.297872340425532	30.571021261173456
-6.287859824780976	29.658053179031057
-6.277847309136421	28.98985265784591
-6.267834793491865	28.463868209470427
-6.257822277847309	27.783487535989778
-6.2478097622027535	27.022015601563286
-6.2377972465581975	26.112252311057826
-6.227784730913642	25.193877520626696
-6.217772215269086	24.09708776399424
-6.20775969962453	22.253915952210154
-6.197747183979975	20.32393896147584
-6.18773466833542	18.670894183146416
-6.177722152690864	17.519356477487168
-6.167709637046308	16.731360712290623
-6.157697121401752	16.538353584909366
-6.147684605757196	16.547666141336432
-6.137672090112641	16.636077179373782
-6.127659574468085	16.744554870682908
-6.117647058823529	16.88303357300302
-6.107634543178974	17.044148885908967
-6.097622027534418	17.234622235663
-6.0876095118898625	17.498602041413026
-6.0775969962453065	17.85451290870713
-6.06758448060075	18.315746280065362
-6.057571964956195	18.883453517030905
-6.04755944931164	19.525721740575023
-6.037546933667084	20.20517706391789
-6.027534418022528	20.896798464895355
-6.017521902377973	21.589894775261296
-6.007509386733417	22.313364185149844
-5.997496871088861	23.086716772908176
-5.987484355444305	23.911912942996857
-5.977471839799749	24.798480210452297
-5.967459324155194	25.747719009271155
-5.957446808510639	26.7648269819462
-5.947434292866083	27.870252664096842
-5.937421777221527	29.063601037041554
-5.927409261576971	30.33277318550698
-5.9173967459324155	31.66675681378783
-5.90738423028786	33.033641534493306
-5.897371714643304	34.39752778329552
-5.887359198998748	35.736768752791164
-5.877346683354192	37.0192994622814
-5.867334167709637	38.21812509392832
-5.857321652065082	39.347037494425905
-5.847309136420526	40.44113577635912
-5.83729662077597	41.52139160889064
-5.827284105131414	42.59444771047668
-5.817271589486858	43.67575369436108
-5.807259073842303	44.79552320863854
-5.797246558197747	45.97957225013404
-5.787234042553191	47.211197512123405
-5.777221526908636	48.43525044017932
-5.767209011264081	49.62456518044926
-5.7571964956195245	50.81166642039916
-5.747183979974968	52.06485679997636
-5.737171464330412	53.469371202889405
-5.727158948685857	55.06719849587543
-5.717146433041302	56.82362400057562
-5.707133917396746	58.70507199045565
-5.69712140175219	60.68521439266744
-5.687108886107635	62.69463435516739
-5.677096370463079	64.67078738933536
-5.667083854818523	66.5775387711085
-5.657071339173967	68.39839098625454
-5.647058823529411	70.06855061066406
-5.637046307884856	71.45094318260588
-5.627033792240301	72.4802754457863
-5.617021276595745	73.16772106114968
-5.607008760951189	73.58002033544814
-5.596996245306633	73.7602924235319
-5.5869837296620775	73.57465203015467
-5.576971214017522	72.78315826057694
-5.566958698372966	71.4236093187483
-5.55694618272841	69.76545673207738
-5.546933667083855	68.14047706928025
-5.536921151439299	66.6673824497893
-5.526908635794744	65.34141932585199
-5.516896120150188	64.21473758261769
-5.5068836045056315	63.344757926756145
-5.496871088861076	62.599842638884205
-5.486858573216521	61.94616013222227
-5.476846057571965	61.378994824518344
-5.466833541927409	60.714255036653775
-5.456821026282853	59.86461225370404
-5.446808510638298	59.681219666898535
-5.4367959949937426	60.012510369192135
-5.4267834793491865	60.45989139751596
-5.41677096370463	60.85114850193589
-5.406758448060075	61.08690457072539
-5.396745932415519	61.412887487786726
-5.386733416770964	61.879108970945474
-5.376720901126408	62.553795806694104
-5.366708385481852	63.50320430967591
-5.356695869837297	64.82220877498534
-5.346683354192741	66.51542779649728
-5.336670838548185	68.27229425493604
-5.326658322903629	70.1239628001929
-5.316645807259073	71.9889924537938
-5.306633291614518	73.87176120141679
-5.296620775969963	75.54514760313317
-5.286608260325407	76.9558217657522
-5.276595744680851	78.14569352101054
-5.2665832290362955	79.11170663353452
-5.256570713391739	79.91186174745584
-5.246558197747184	80.65160877101145
-5.236545682102628	81.32615409792237
-5.226533166458072	81.82819981235438
-5.216520650813517	82.08394414001519
-5.206508135168962	82.15563393237653
-5.196495619524406	82.13153388944073
-5.18648310387985	82.06960879414437
-5.1764705882352935	81.93497212208811
-5.166458072590738	81.64731176650996
-5.156445556946183	81.29653847903263
-5.146433041301627	81.01993522358859
-5.136420525657071	80.79439952012304
-5.126408010012516	80.63491570095925
-5.11639549436796	80.39123794749263
-5.1063829787234045	79.98871068228036
-5.0963704630788484	79.4357950859706
-5.086357947434292	78.79063781403073
-5.076345431789737	78.03064304522447
-5.066332916145182	77.13749990472903
-5.056320400500626	76.06126263860448
-5.04630788485607	74.8959303924793
-5.036295369211514	73.71412349057505
-5.026282853566959	72.34889018724711
-5.016270337922403	70.86438587362099
-5.006257822277847	69.6093155639807
-4.996245306633291	68.47376845114995
-4.986232790988735	67.2425077504459
-4.97622027534418	65.92785223912928
-4.966207759699625	64.43243722718971
-4.956195244055069	62.78347426602443
-4.946182728410513	61.194272668354586
-4.9361702127659575	59.59725407658499
-4.926157697121402	57.673517709989994
-4.916145181476846	55.53805607410862
-4.90613266583229	53.40574536242333
-4.896120150187734	51.154050362458634
-4.886107634543179	48.96783324657873
-4.876095118898624	46.990768754300746
-4.866082603254068	45.20644713846887
-4.8560700876095115	43.59101467928591
-4.8460575719649555	42.140569415300334
-4.8360450563204	40.819424276041374
-4.826032540675845	39.608443781897684
-4.816020025031289	38.588272147146114
-4.806007509386733	37.837194395372215
-4.795994993742178	37.33497583977523
-4.785982478097623	37.01335493851812
-4.7759699624530665	36.80626927088785
-4.76595744680851	36.67468888185741
-4.755944931163954	36.58987957244522
-4.745932415519399	36.53874197590553
-4.735919899874844	36.50937220423277
-4.725907384230288	36.49167074817795
-4.715894868585732	36.47993259349857
-4.705882352941176	36.47143013571121
-4.6958698372966206	36.46486793464936
-4.685857321652065	36.45958814793227
-4.675844806007509	36.4552239098799
-4.665832290362953	36.45155034779486
-4.655819774718398	36.44841789973326
-4.645807259073843	36.44572050116047
-4.635794743429287	36.443379257205734
-4.625782227784731	36.441333418087
-4.615769712140175	36.439535028241046
-4.605757196495619	36.43794554531885
-4.595744680851064	36.43653358151224
-4.585732165206508	36.435273321558874
-4.575719649561952	36.43414337061631
-4.565707133917396	36.43312588853124
-4.555694618272841	36.43220592317324
-4.545682102628286	36.43137088728867
-4.53566958698373	36.43061014203544
-4.5256570713391735	36.42991466180159
-4.515644555694618	36.4292767621774
-4.505632040050063	36.42868987774552
-4.495619524405507	36.428148379631516
-4.485607008760951	36.42764742507527
-4.475594493116395	36.42718283297117
-4.46558197747184	36.4267509805863
-4.4555694618272845	36.426348717625565
-4.4455569461827285	36.42597329455829
-4.435544430538172	36.42562230270573
-4.425531914893616	36.4252936240534
-4.415519399249061	36.424985389123364
-4.405506883604506	36.42469594154135
-4.39549436795995	36.4244238081757
-4.385481852315394	36.42416767392191
-4.375469336670839	36.42392636036789
-4.365456821026283	36.42369880770578
-4.355444305381727	36.423484059365116
-4.345431789737171	36.42328124893009
-4.335419274092615	36.42308958897723
-4.32540675844806	36.42290836153058
-4.315394242803505	36.4227369098811
-4.305381727158949	36.42257463155815
-4.295369211514393	36.42242097227632
-4.285356695869837	36.42227542070884
-4.275344180225281	36.42213750396246
-4.265331664580726	36.42200678364898
-4.25531914893617	36.42188285246546
-4.245306633291614	36.42176533120771
-4.235294117647059	36.42165386615518
-4.225281602002504	36.42154812677341
-4.215269086357948	36.42144780368923
-4.2052565707133915	36.421352606900804
-4.1952440550688355	36.421262264189714
-4.18523153942428	36.42117651970808
-4.175219023779725	36.421095132716864
-4.165206508135169	36.42101787645572
-4.155193992490613	36.42094453712708
-4.145181476846057	36.42087491298018
-4.135168961201502	36.42080881348248
-4.1251564455569465	36.420746058567545
-4.11514392991239	36.4206864779505
-4.105131414267834	36.42062991050311
-4.095118898623279	36.42057620368126
-4.085106382978723	36.420525212999635
-4.075093867334168	36.42047680154782
-4.065081351689612	36.42043083954359
-4.055068836045056	36.420387203920065
-4.045056320400501	36.42034577794221
-4.035043804755945	36.42030645085105
-4.025031289111389	36.420269117532044
-4.015018773466833	36.420233677735325
-4.005006257822277	36.261555298655466
-3.994993742177722	36.26144187327325
-3.9849812265331668	36.124845144248184
-3.9749687108886107	35.854400811963814
-3.9649561952440546	34.72251323660482
-3.9549436795994994	34.13222594272291
-3.9449311639549434	32.948502416406036
-3.934918648310388	31.746910823617085
-3.924906132665832	30.909938271233187
-3.914893617021277	29.22891530692287
-3.904881101376721	28.352304757811968
-3.8948685857321648	27.991097516676717
-3.8848560700876096	27.850057898962266
-3.8748435544430535	27.93312853945203
-3.8648310387984983	28.42022888607506
-3.8548185231539422	28.519170233156675
-3.844806007509387	28.55624325204324
-3.834793491864831	28.57105291466675
-3.824780976220275	28.760104422511507
-3.8147684605757197	28.760116564813476
-3.8047559449311636	28.760116955152615
-3.7947434292866085	28.760117075572406
-3.7847309136420524	28.760116923676062
-3.774718397997497	28.76011649764548
-3.764705882352941	28.760115796254535
-3.754693366708385	28.760114818871504
-3.74468085106383	28.76011356544741
-3.734668335419274	28.760112036486696
-3.7246558197747186	28.76011023299592
-3.7146433041301625	28.760108156404822
-3.7046307884856065	28.76010580845398
-3.6946182728410513	28.760103191041132
-3.684605757196495	28.760100306017527
-3.67459324155194	28.76009715492388
-3.664580725907384	28.760093738653193
-3.6545682102628287	28.760090057026197
-3.6445556946182727	28.760086108261678
-3.6345431789737166	28.760081888321775
-3.6245306633291614	28.76007739010786
-3.6145181476846053	28.760072602479116
-3.60450563204005	28.760067509060548
-3.594493116395494	28.760062086801764
-3.584480600750939	28.760056304241086
-3.574468085106383	28.760050119421614
-3.5644555694618267	28.760043477397296
-3.5544430538172715	28.76003630725617
-3.5444305381727155	28.76002851857628
-3.5344180225281603	28.760019997215256
-3.524405506883604	28.76001060031927
-3.514392991239049	28.760000150417476
-3.504380475594493	28.759988428447908
-3.494367959949937	28.75997516553565
-3.4843554443053817	28.759960033317107
-3.4743429286608256	28.759942632572933
-3.4643304130162704	28.759922479896737
-3.4543178973717144	28.759898992088704
-3.444305381727159	28.759871467919513
-3.434292866082603	28.759839066864647
-3.424280350438047	28.759800784358944
-3.414267834793492	28.759755423071955
-3.4042553191489358	28.759701559653887
-3.3942428035043806	28.759637506357244
-3.3842302878598245	28.75956126690328
-3.3742177722152693	28.759470485944735
-3.3642052565707132	28.75936239148757
-3.354192740926157	28.75923372969344
-3.344180225281602	28.75908069161301
-3.334167709637046	28.758898831634713
-3.3241551939924907	28.7586829778236
-3.3141426783479346	28.758427134936074
-3.3041301627033794	28.758124381830683
-3.2941176470588234	28.757766766383366
-3.2841051314142673	28.757345203051614
-3.274092615769712	28.756849381177343
-3.264080100125156	28.75626769634433
-3.254067584480601	28.755587223126778
-3.2440550688360448	28.754793756094568
-3.2340425531914896	28.75387195798282
-3.2240300375469335	28.75280567088505
-3.2140175219023774	28.75157847018095
-3.2040050062578223	28.7501745745281
-3.193992490613266	28.748580272968574
-3.183979974968711	28.746786099063126
-3.173967459324155	28.744790084904494
-3.1639549436795997	28.742602592800846
-3.1539424280350437	28.740253520727162
-3.1439299123904876	28.737803318890748
-3.1339173967459324	28.73536091786054
-3.1239048811013763	28.733116703689795
-3.113892365456821	28.7314156151181
-3.103879849812265	28.730956396208757
-3.09386733416771	28.733429118783345
-3.083854818523154	28.743682602101316
-3.0738423028785977	28.776329213801073
-3.0638297872340425	28.867612318181525
-3.0538172715894865	29.047556323091435
-3.0438047559449313	29.201614966630856
-3.033792240300375	29.39929167356572
-3.02377972465582	29.68885367855078
-3.013767209011264	30.17887759910215
-3.003754693366708	30.95840773621985
-2.9937421777221527	31.884001494509995
-2.9837296620775966	32.98729711333089
-2.9737171464330414	34.3704517272507
-2.9637046307884853	36.12798498468481
-2.95369211514393	38.23506348076237
-2.943679599499374	40.43114219058287
-2.933667083854818	42.63146015514108
-2.923654568210263	44.94127046340368
-2.9136420525657067	47.35164799575155
-2.9036295369211516	49.62957215477121
-2.8936170212765955	51.71375828549705
-2.8836045056320403	53.721147080381975
-2.873591989987484	55.60738244104381
-2.863579474342928	57.21764778617405
-2.853566958698373	58.504921817969255
-2.843554443053817	59.441075670474
-2.8335419274092617	60.05200306998195
-2.8235294117647056	60.51248906752162
-2.8135168961201504	60.826066161962316
-2.8035043804755944	60.91389534204903
-2.7934918648310383	60.770618266348
-2.783479349186483	60.406438018406185
-2.773466833541927	59.68115333989409
-2.763454317897372	58.51403434690209
-2.7534418022528158	56.989443808860045
-2.7434292866082606	55.26557049458174
-2.7334167709637045	53.52127256995488
-2.7234042553191484	51.908039645707255
-2.7133917396745932	50.447079688311334
-2.703379224030037	49.06327187638087
-2.693366708385482	47.61745490453091
-2.683354192740926	45.965688383487084
-2.6733416770963707	44.114643207688644
-2.6633291614518146	42.19449459444776
-2.6533166458072586	40.2957050387046
-2.6433041301627034	38.5863058665303
-2.6332916145181473	36.98437382613997
-2.623279098873592	35.39367487327938
-2.613266583229036	33.89784394931215
-2.603254067584481	32.800959727090195
-2.593241551939925	32.04986689180406
-2.5832290362953687	31.461334759505405
-2.5732165206508135	31.001954901390796
-2.5632040050062574	30.64595287055167
-2.5531914893617023	30.34857506154613
-2.543178973717146	30.1613402470034
-2.533166458072591	30.05004858709367
-2.523153942428035	29.985636072711795
-2.513141426783479	29.948479306893535
-2.5031289111389237	29.92564791749217
-2.4931163954943676	29.910108308010944
-2.4831038798498124	29.898509189945443
-2.4730913642052563	29.889270446845256
-2.463078848560701	29.881604169336583
-2.453066332916145	29.87508281702755
-2.443053817271589	29.869451854336724
-2.433041301627034	29.864545607150905
-2.4230287859824777	29.86024741123928
-2.4130162703379225	29.856469620367598
-2.4030037546933665	29.85314300394289
-2.3929912390488113	29.850210823157
-2.382978723404255	29.847625350779648
-2.372966207759699	29.84534572004735
-2.362953692115144	29.843336522315358
-2.352941176470588	29.841566840590957
-2.3429286608260327	29.84000954559911
-2.3329161451814766	29.83864075623215
-2.3229036295369214	29.83743940775504
-2.3128911138923653	29.836386894452872
-2.3028785982478093	29.835466766654335
-2.292866082603254	29.83466446965229
-2.282853566958698	29.833967116418833
-2.272841051314143	29.833363288557468
-2.2628285356695867	29.832842861439566
-2.2528160200250316	29.832396850380686
-2.2428035043804755	29.83201727528816
-2.2327909887359194	29.831697041598428
-2.2227784730913642	29.83142983560193
-2.212765957446808	29.831210032474605
-2.202753441802253	29.83103261551782
-2.192740926157697	29.830893105270793
-2.1827284105131417	29.830787497303405
-2.1727158948685856	29.830712207629404
-2.1627033792240296	29.83066402479969
-2.1526908635794744	29.83064006784323
-2.1426783479349183	29.83063418392073
-2.132665832290363	29.585126500880648
-2.122653316645807	29.339773933952053
-2.112640801001252	29.11314120018665
-2.1026282853566958	29.022582898164263
-2.0926157697121397	28.690617286815712
-2.0826032540675845	28.85707832687514
-2.0725907384230284	28.719683226189677
-2.0625782227784732	28.75521591554138
-2.052565707133917	29.621668412772145
-2.042553191489362	30.51927808964559
-2.032540675844806	31.125768326591757
-2.02252816020025	32.64916622276977
-2.0125156445556946	33.220286718179764
-2.0025031289111386	33.454020352961976
-1.9924906132665834	33.57257423443026
-1.9824780976220273	33.51234254695685
-1.9724655819774712	33.51189666766372
-1.962453066332916	33.63219596618968
-1.95244055068836	33.633284076692604
-1.9424280350438048	33.63282768580453
-1.9324155193992487	33.63236463050059
-1.9224030037546935	33.63189470993698
-1.9123904881101375	33.63141768315507
-1.9023779724655814	33.63093326127655
-1.8923654568210262	33.630441098293296
-1.8823529411764701	33.629940780564276
-1.872340425531915	33.62943181496831
-1.8623279098873589	33.62891361572321
-1.8523153942428037	33.628385489984204
-1.8423028785982476	33.62784662249394
-1.8322903629536915	33.62729605980228
-1.8222778473091363	33.62673269494381
-1.8122653316645803	33.62615525401239
-1.802252816020025	33.6255622868878
-1.792240300375469	33.624952165571266
-1.7822277847309138	33.62432309535119
-1.7722152690863577	33.62367314661566
-1.7622027534418017	33.62300031894883
-1.7521902377972465	33.62230265480029
-1.7421777221526904	33.62157842842788
-1.7321652065081352	33.620826448447986
-1.7221526908635791	33.62004653150958
-1.712140175219024	33.61924023415405
-1.7021276595744679	33.61841197619688
-1.6921151439299118	33.61757076290532
-1.6821026282853566	33.61673283412935
-1.6720901126408005	33.6159257714758
-1.6620775969962454	33.61519494574245
-1.6520650813516893	33.614613816102136
-1.642052565707134	33.61430077124652
-1.632040050062578	33.61444759229084
-1.622027534418022	33.61537090686804
-1.6120150187734668	33.61763271357508
-1.6020025031289107	33.62266925683724
-1.5919899874843555	33.63886197770712
-1.5819774718397994	33.69259174730244
-1.5719649561952442	33.805237855494916
-1.5619524405506882	34.00795235126956
-1.551939924906132	34.144340619269705
-1.541927409261577	34.355693686391575
-1.5319148936170208	34.70110183963374
-1.5219023779724656	35.16908793825436
-1.5118898623279096	35.742481644167704
-1.5018773466833544	36.4926407702329
-1.4918648310387983	37.42122837781774
-1.4818523153942422	38.40084269114143
-1.471839799749687	39.37791493499727
-1.461827284105131	40.44742908126479
-1.4518147684605758	41.52018451886365
-1.4418022528160197	42.62706633176787
-1.4317897371714645	43.96308468180407
-1.4217772215269084	45.44878017083069
-1.4117647058823524	46.95775221713482
-1.4017521902377972	48.45937215477923
-1.391739674593241	50.06033287244514
-1.381727158948686	51.73069584969341
-1.3717146433041298	53.272945311539964
-1.3617021276595747	54.52556320272665
-1.3516896120150186	55.46593356451788
-1.3416770963704625	56.31826935065125
-1.3316645807259073	57.01176785521628
-1.3216520650813512	57.494831745669416
-1.311639549436796	57.89477990615932
-1.30162703379224	58.18329436784868
-1.2916145181476848	58.21248062049244
-1.2816020025031287	57.990344655079724
-1.2715894868585726	57.7322946914431
-1.2615769712140175	57.44127965896106
-1.2515644555694614	57.10819089628563
-1.2415519399249062	56.821967114489674
-1.2315394242803501	56.37784583428271
-1.221526908635795	55.65939142894167
-1.2115143929912389	54.75979734287145
-1.2015018773466828	53.7939373005437
-1.1914893617021276	52.72951677201196
-1.1814768460575715	51.5293340806699
-1.1714643304130163	50.222554638891864
-1.1614518147684603	48.77818055170165
-1.151439299123905	47.13496051724562
-1.141426783479349	45.32727726720065
-1.131414267834793	43.67522463621088
-1.1214017521902377	42.138746225477206
-1.1113892365456817	40.58863701476023
-1.1013767209011265	39.08607388246488
-1.0913642052565704	37.44241827609897
-1.0813516896120152	35.53426679201789
-1.0713391739674591	33.43466072735848
-1.061326658322903	31.593956464555156
-1.0513141426783479	30.03827927271224
-1.0413016270337918	28.739631063189528
-1.0312891113892366	27.795797398104128
-1.0212765957446805	26.810030668646515
-1.0112640801001254	25.762684736692492
-1.0012515644555693	25.204576962458063
-0.9912390488110132	24.865198283304498
-0.981226533166458	24.595771470277487
-0.971214017521902	24.275234998341087
-0.9612015018773468	23.845267856167855
-0.9511889862327907	23.51772863004499
-0.9411764705882355	23.287430974197218
-0.9311639549436794	23.092202261332638
-0.9211514392991234	22.96130298808715
-0.9111389236545682	22.94578240118882
-0.9011264080100121	22.937291967203368
-0.8911138923654569	22.890117682328903
-0.8811013767209008	22.55398207656708
-0.8710888610763456	22.242672956777263
-0.8610763454317896	22.128370302200505
-0.8510638297872335	21.863885259980393
-0.8410513141426783	22.00932995920971
-0.8310387984981222	22.17446875129331
-0.821026282853567	22.71654478809356
-0.811013767209011	22.67343285137142
-0.8010012515644558	23.036415388595376
-0.7909887359198997	23.601549239039457
-0.7809762202753436	24.016714886411634
-0.7709637046307884	24.86194752571747
-0.7609511889862324	25.59661977239935
-0.7509386733416772	26.281607781515365
-0.7409261576971211	26.636104449030235
-0.7309136420525659	27.297343698738246
-0.7209011264080099	27.603815662797036
-0.7108886107634538	27.80824681583611
-0.7008760951188986	27.88073781776682
-0.6908635794743425	28.09905245669739
-0.6808510638297873	28.28295459758171
-0.6708385481852313	28.507655532321156
-0.6608260325406761	28.662085217181538
-0.65081351689612	28.770313203062933
-0.6408010012515639	28.947806636393054
-0.6307884856070087	29.20583200203025
-0.6207759699624527	29.53700045569186
-0.6107634543178975	29.935938748096582
-0.6007509386733414	30.489386217595975
-0.5907384230287862	31.270252613795094
-0.5807259073842301	32.268491174971615
-0.5707133917396741	33.37258822200683
-0.5607008760951189	34.46565126019558
-0.5506883604505628	35.618432569256754
-0.5406758448060076	36.827502556626634
-0.5306633291614515	38.06245281145573
-0.5206508135168963	39.09087960070085
-0.5106382978723403	39.809389408517944
-0.5006257822277842	40.293767086922166
-0.490613266583229	40.545776933216466
-0.48060075093867294	40.580069301499194
-0.47058823529411775	40.375410537081486
-0.4605757196495617	39.94959579122634
-0.4505632040050065	39.3877124912798
-0.4405506883604504	38.714446146526605
-0.43053817271589434	37.89459225400254
-0.42052565707133915	36.93488048118912
-0.4105131414267831	35.81432341687376
-0.4005006257822279	34.50506343674391
-0.3904881101376718	33.11832426121815
-0.38047559449311663	31.760919992997305
-0.37046307884856056	30.51651499905424
-0.3604505632040045	29.29191997324704
-0.3504380475594493	28.019433869344635
-0.3404255319148932	26.813305013054517
-0.33041301627033803	25.76103599730774
-0.32040050062578196	24.72488898028696
-0.3103879849812259	23.798386666724856
-0.3003754693366707	22.874569269048852
-0.2903629536921146	21.855007276420732
-0.28035043804755944	20.743256223481488
-0.27033792240300336	19.75086730552395
-0.2603254067584482	18.70318621927934
-0.2503128911138921	17.575612593384506
-0.24030037546933602	16.55252815649645
-0.23028785982478084	15.859082531406484
-0.22027534418022476	15.380775982690187
-0.21026282853566958	14.97124380574205
-0.2002503128911135	14.68879759128574
-0.19023779724655832	14.531863504712154
-0.18022528160200224	14.513148594136133
-0.17021276595744617	14.545663333628763
-0.16020025031289098	14.63451587328082
-0.1501877346683349	14.781349697888848
-0.14017521902377972	14.98190534371972
-0.13016270337922364	15.238687973140596
-0.12015018773466846	15.571104488957547
-0.11013767209011238	15.969783833863922
-0.10012515644555631	16.41276199157644
-0.09011264080100112	16.887911465687615
-0.08010012515644505	17.371942703675195
-0.07008760951188986	17.85171664600799
-0.060075093867333784	18.337962646014656
-0.0500625782227786	18.804343345216594
-0.04005006257822252	19.20320091707776
-0.030037546933666448	19.543268886016076
-0.02002503128911126	19.897309281914392
-0.010012515644555187	20.3345505559334
0.0	20.808797968692993
