-8.0	5.557561037595033
-7.989987484355444	5.439169109587835
-7.979974968710889	5.321264821545151
-7.969962453066333	5.21908133059164
-7.9599499374217775	5.134461836605923
-7.949937421777221	5.059310074491335
-7.939924906132666	4.983019621074622
-7.92991239048811	4.897344427889542
-7.919899874843554	4.796129693995583
-7.909887359198999	4.672903290682326
-7.899874843554443	4.5207990858592915
-7.889862327909888	4.335710052037719
-7.8798498122653315	4.1197303013119955
-7.869837296620776	3.881958570235944
-7.85982478097622	3.6362406524787154
-7.849812265331664	3.3969253120911516
-7.839799749687109	3.1739814238428155
-7.829787234042553	2.9696506279749104
-7.819774718397998	2.7792102204716227
-7.809762202753442	2.5958533438853837
-7.7997496871088865	2.4156694285920928
-7.78973717146433	2.238352160663982
-7.779724655819774	2.0638825716121114
-7.769712140175219	1.8896977266473776
-7.759699624530663	1.7118152500111568
-7.749687108886108	1.528914326191533
-7.739674593241552	1.3456980570101322
-7.729662077596997	1.1727303444770336
-7.719649561952441	1.02244283117962
-7.7096370463078845	0.9034205914051233
-7.699624530663329	0.816484713477643
-7.689612015018773	0.7552439447899838
-7.679599499374218	0.710602001708904
-7.669586983729662	0.6757547577086254
-7.659574468085107	0.6482337490016072
-7.649561952440551	0.6282921155294567
-7.639549436795995	0.6158526791154613
-7.629536921151439	0.609155086450936
-7.619524405506883	0.6065069172990863
-7.609511889862328	0.6094672068707807
-7.599499374217772	0.6242017584840048
-7.589486858573217	0.6594007359346764
-7.579474342928661	0.7223834229900551
-7.569461827284105	0.8163838552221409
-7.55944931163955	0.9402932111201493
-7.5494367959949935	1.089752244095234
-7.539424280350438	1.2582805602416556
-7.529411764705882	1.438503320386214
-7.519399249061326	1.6237254199603997
-7.509386733416771	1.8089158895851591
-7.499374217772215	1.9901847178918268
-7.48936170212766	2.1636290757763637
-7.479349186483104	2.325416575803998
-7.4693366708385485	2.4737125719939557
-7.459324155193992	2.6111022373571022
-7.449311639549437	2.74523582048329
-7.439299123904881	2.885802723107129
-7.429286608260325	3.037838034637313
-7.41927409261577	3.194884123972055
-7.409261576971214	3.3381019663719034
-7.399249061326659	3.4447028517620426
-7.3892365456821025	3.501196573893363
-7.3792240300375465	3.511291135638744
-7.369211514392991	3.4918648584586807
-7.359198998748435	3.460766384334629
-7.34918648310388	3.4269414842332
-7.339173967459324	3.389725082105006
-7.329161451814769	3.344752927382847
-7.319148936170213	3.2895307227020285
-7.3091364205256575	3.225643542220949
-7.299123904881101	3.159532535171953
-7.289111389236545	3.10310140451242
-7.27909887359199	3.0720875105231555
-7.269086357947434	3.0804234593641344
-7.259073842302879	3.133018027323089
-7.249061326658323	3.222505571198031
-7.239048811013767	3.333706301943107
-7.2290362953692116	3.4536012370482507
-7.2190237797246555	3.5792903150115074
-7.2090112640801	3.7170330094736834
-7.198998748435544	3.8730519569490545
-7.188986232790989	4.044866618309582
-7.178973717146433	4.22149045054033
-7.168961201501878	4.391214354811137
-7.158948685857322	4.547649080391609
-7.148936170212766	4.687803420563553
-7.13892365456821	4.806067951529243
-7.128911138923654	4.892568526281077
-7.118898623279099	4.938647074163621
-7.108886107634543	4.944058295369603
-7.098873591989987	4.9191022679353
-7.088861076345432	4.8798851024734065
-7.078848560700876	4.839563010343438
-7.068836045056321	4.800410000817745
-7.0588235294117645	4.752429661372633
-7.048811013767209	4.681828424562725
-7.038798498122653	4.584500145363451
-7.028785982478098	4.472884074974079
-7.018773466833542	4.369571098447562
-7.008760951188986	4.294185326841789
-6.998748435544431	4.25554364352707
-6.988735919899875	4.2530663269124
-6.9787234042553195	4.281934030217138
-6.968710888610763	4.336705072689887
-6.958698372966207	4.413301866155161
-6.948685857321652	4.509928806575843
-6.938673341677096	4.625142300723044
-6.928660826032541	4.7532231318385945
-6.918648310387985	4.881652270408328
-6.908635794743429	4.99458510407791
-6.8986232790988735	5.07918195298549
-6.888610763454318	5.12793355687868
-6.878598247809762	5.135455636836879
-6.868585732165206	5.09596381413782
-6.858573216520651	5.007508678949683
-6.848560700876095	4.880402191200494
-6.83854818523154	4.740095352299731
-6.828535669586984	4.618411230802883
-6.818523153942428	4.5386459411070845
-6.808510638297872	4.506398842784864
-6.798498122653316	4.511783049670277
-6.788485607008761	4.5383749074761015
-6.778473091364205	4.5715021184205655
-6.768460575719649	4.602417861392185
-6.758448060075094	4.627929081948606
-6.748435544430539	4.64612970927323
-6.7384230287859825	4.651405050860652
-6.7284105131414265	4.633923916629172
-6.718397997496871	4.585553478836218
-6.708385481852315	4.507186706005652
-6.69837296620776	4.409800477691882
-6.688360450563204	4.307093548949094
-6.678347934918648	4.205779356703542
-6.668335419274093	4.10186912838148
-6.658322903629537	3.9852752686408395
-6.648310387984981	3.8472989336084153
-6.638297872340425	3.6844071409646166
-6.628285356695869	3.4975359620451782
-6.618272841051314	3.2907846457211596
-6.608260325406759	3.0713160385175
-6.598247809762203	2.8482355698923554
-6.588235294117647	2.629121834464348
-6.578222778473092	2.4171165517274766
-6.5682102628285355	2.2118566916586113
-6.55819774718398	2.0128278825385078
-6.548185231539424	1.8208000461790477
-6.538172715894868	1.6362651510896593
-6.528160200250313	1.458306169074456
-6.518147684605757	1.286376580106199
-6.508135168961202	1.1226917795128004
-6.498122653316646	0.9715388523381241
-6.4881101376720896	0.8358130165619767
-6.478097622027534	0.7147880274302988
-6.468085106382979	0.6055881000149325
-6.458072590738423	0.506418759417054
-6.448060075093867	0.4180381970686271
-6.438047559449312	0.3425349172371419
-6.428035043804756	0.281374581489244
-6.418022528160201	0.2346267691315409
-6.4080100125156445	0.2012372887662395
-6.397997496871088	0.17913588880399736
-6.387984981226533	0.16495736857558344
-6.377972465581977	0.15447137590923998
-6.367959949937422	0.14434056791335784
-6.357947434292866	0.13397387051738827
-6.34793491864831	0.1255975280058268
-6.337922403003755	0.12238171837811347
-6.3279098873591995	0.12643010546237432
-6.317897371714643	0.13822932216285294
-6.307884856070087	0.15740693675899375
-6.297872340425532	0.18380545336152648
-6.287859824780976	0.2184461317960354
-6.277847309136421	0.26424543593119665
-6.267834793491865	0.3257411255412498
-6.257822277847309	0.4071274673675546
-6.2478097622027535	0.5095207758103877
-6.2377972465581975	0.6298776615240761
-6.227784730913642	0.7630911292557095
-6.217772215269086	0.9059306047250932
-6.20775969962453	1.0595995132904625
-6.197747183979975	1.2286600774391365
-6.18773466833542	1.4168477756312365
-6.177722152690864	1.6224575849691896
-6.167709637046308	1.8360835906314614
-6.157697121401752	2.04188453546347
-6.147684605757196	2.221781115433528
-6.137672090112641	2.361039994783439
-6.127659574468085	2.4531679145022527
-6.117647058823529	2.5018531031697737
-6.107634543178974	2.5188195500414334
-6.097622027534418	2.5187631300455644
-6.0876095118898625	2.514100084569357
-6.0775969962453065	2.5118743044093064
-6.06758448060075	2.5135963049429564
-6.057571964956195	2.517198337590031
-6.04755944931164	2.5193128545317336
-6.037546933667084	2.5163758338070834
-6.027534418022528	2.504802204104047
-6.017521902377973	2.4819143823109453
-6.007509386733417	2.4481416287948057
-5.997496871088861	2.4082128077727365
-5.987484355444305	2.368649122362009
-5.977471839799749	2.332463415082834
-5.967459324155194	2.29579024465505
-5.957446808510639	2.2502723589299305
-5.947434292866083	2.1897480868906043
-5.937421777221527	2.1156961136402415
-5.927409261576971	2.0370915810512
-5.9173967459324155	1.9649782283383428
-5.90738423028786	1.9056527790118187
-5.897371714643304	1.8567363234617538
-5.887359198998748	1.808235392543655
-5.877346683354192	1.747591577900658
-5.867334167709637	1.6655734720277746
-5.857321652065082	1.5600202605417777
-5.847309136420526	1.436258396413938
-5.83729662077597	1.304607610265353
-5.827284105131414	1.1761945404232832
-5.817271589486858	1.0589567544825955
-5.807259073842303	0.9558439971015597
-5.797246558197747	0.865827893980683
-5.787234042553191	0.7863607741221
-5.777221526908636	0.7154408052435116
-5.767209011264081	0.6525430536903206
-5.7571964956195245	0.5986185491469361
-5.747183979974968	0.5553789594534361
-5.737171464330412	0.5240208109379928
-5.727158948685857	0.5039363373321288
-5.717146433041302	0.49222424519444596
-5.707133917396746	0.48442321321099646
-5.69712140175219	0.47611746933007215
-5.687108886107635	0.4644860195785156
-5.677096370463079	0.44891570803586267
-5.667083854818523	0.4305646088445743
-5.657071339173967	0.4116005494790338
-5.647058823529411	0.394732627307532
-5.637046307884856	0.38267785790731534
-5.627033792240301	0.3768441593793261
-5.617021276595745	0.37564822337952436
-5.607008760951189	0.3742014766056926
-5.596996245306633	0.36652018941190473
-5.5869837296620775	0.3490065796469525
-5.576971214017522	0.32232708967398177
-5.566958698372966	0.2901397214507773
-5.55694618272841	0.25615203660922015
-5.546933667083855	0.22231312086635194
-5.536921151439299	0.18923982983885293
-5.526908635794744	0.1575995836435172
-5.516896120150188	0.12878574919366176
-5.5068836045056315	0.1045485596716985
-5.496871088861076	0.08629238067144046
-5.486858573216521	0.07469422556634601
-5.476846057571965	0.06974239550755375
-5.466833541927409	0.07092765175797247
-5.456821026282853	0.0774328742546313
-5.446808510638298	0.0885657252798827
-5.4367959949937426	0.10461922965367652
-5.4267834793491865	0.1275012732879622
-5.41677096370463	0.1599235774951444
-5.406758448060075	0.20301837105299264
-5.396745932415519	0.2543580459554624
-5.386733416770964	0.3089833187146152
-5.376720901126408	0.3635998165273769
-5.366708385481852	0.4204501110213872
-5.356695869837297	0.4866758241468218
-5.346683354192741	0.5689599064907833
-5.336670838548185	0.6681213080613746
-5.326658322903629	0.7785958324006331
-5.316645807259073	0.8928584615776176
-5.306633291614518	1.0061659452628438
-5.296620775969963	1.117324163259738
-5.286608260325407	1.2255908646287026
-5.276595744680851	1.327522275584118
-5.2665832290362955	1.4172547465163055
-5.256570713391739	1.490257732851375
-5.246558197747184	1.547347896027983
-5.236545682102628	1.5952214185793894
-5.226533166458072	1.642228163549791
-5.216520650813517	1.692035200240216
-5.206508135168962	1.7401725450683345
-5.196495619524406	1.7765536720750004
-5.18648310387985	1.792259056337492
-5.1764705882352935	1.7858887078964096
-5.166458072590738	1.765747402828533
-5.156445556946183	1.7466642438415616
-5.146433041301627	1.74255586137047
-5.136420525657071	1.758459635440616
-5.126408010012516	1.787415168164788
-5.11639549436796	1.8150202066501921
-5.1063829787234045	1.8284529275975399
-5.0963704630788484	1.8232341448035085
-5.086357947434292	1.8039275439728741
-5.076345431789737	1.7805095011993861
-5.066332916145182	1.7637620137970178
-5.056320400500626	1.7607806026441835
-5.04630788485607	1.771295234802482
-5.036295369211514	1.7879811458327382
-5.026282853566959	1.8029070257367543
-5.016270337922403	1.815480412206489
-5.006257822277847	1.8332707268732213
-4.996245306633291	1.863511265123955
-4.986232790988735	1.9036272801557985
-4.97622027534418	1.9408572601849974
-4.966207759699625	1.9616528247380858
-4.956195244055069	1.961987973867865
-4.946182728410513	1.9497612175229992
-4.9361702127659575	1.9382614449669864
-4.926157697121402	1.9366075930445268
-4.916145181476846	1.9440523602087192
-4.90613266583229	1.951213785734863
-4.896120150187734	1.9464126601120901
-4.886107634543179	1.9224057773949685
-4.876095118898624	1.8792323849483832
-4.866082603254068	1.8219990316841823
-4.8560700876095115	1.7559896337585315
-4.8460575719649555	1.683001569971035
-4.8360450563204	1.6013132307116336
-4.826032540675845	1.5085720621969387
-4.816020025031289	1.4047170238163722
-4.806007509386733	1.29247851062022
-4.795994993742178	1.175514351410986
-4.785982478097623	1.0564025548949043
-4.7759699624530665	0.9363344539273128
-4.76595744680851	0.8161352043419541
-4.755944931163954	0.6970711356932667
-4.745932415519399	0.5809218032744334
-4.735919899874844	0.4700374879396931
-4.725907384230288	0.36776946495469304
-4.715894868585732	0.2785350046649801
-4.705882352941176	0.20662844198816815
-4.6958698372966206	0.1540643063548257
-4.685857321652065	0.11898315337541839
-4.675844806007509	0.09607217042964084
-4.665832290362953	0.07896702622624598
-4.655819774718398	0.06305347633461542
-4.645807259073843	0.046869834017301014
-4.635794743429287	0.03149939914619945
-4.625782227784731	0.018796672768040944
-4.615769712140175	0.00984813063848813
-4.605757196495619	0.004496995386518022
-4.595744680851064	0.0017805513926549663
-4.585732165206508	0.0006090021181491955
-4.575719649561952	0.00017942835377820587
-4.565707133917396	4.544012564916951e-05
-4.555694618272841	9.875274505596984e-06
-4.545682102628286	1.8393644885138585e-06
-4.53566958698373	2.933362314428412e-07
-4.5256570713391735	4.0022625051481786e-08
-4.515644555694618	4.668955055244313e-09
-4.505632040050063	4.65471483932344e-10
-4.495619524405507	3.9641567525608467e-11
-4.485607008760951	2.8830271842685774e-12
-4.475594493116395	1.7900553858650278e-13
-4.46558197747184	9.486419018714936e-15
-4.4555694618272845	4.290119033484614e-16
-4.4455569461827285	1.6553605356359036e-17
-4.435544430538172	5.448874366905582e-19
-4.425531914893616	1.5298705447702608e-20
-4.415519399249061	3.66341162279379e-22
-4.405506883604506	7.480920328589814e-24
-4.39549436795995	1.3026345241600626e-25
-4.385481852315394	1.9339824246912035e-27
-4.375469336670839	2.4480067187873755e-29
-4.365456821026283	2.6416407297864666e-31
-4.355444305381727	2.4300189477221555e-33
-4.345431789737171	1.905445254433664e-35
-4.335419274092615	1.273539779681362e-37
-4.32540675844806	7.255010122364533e-40
-4.315394242803505	3.5225321236198254e-42
-4.305381727158949	1.4576284402979487e-44
-4.295369211514393	5.140418896223216e-47
-4.285356695869837	1.5448848238358843e-49
-4.275344180225281	3.9566427693134684e-52
-4.265331664580726	8.635329947589695e-55
-4.25531914893617	1.6059851200975085e-57
-4.245306633291614	2.545098094137838e-60
-4.235294117647059	3.4368346919663756e-63
-4.225281602002504	3.9545331725765037e-66
-4.215269086357948	3.877093068690897e-69
-4.2052565707133915	3.2388003000603543e-72
-4.1952440550688355	2.305271495788016e-75
-4.18523153942428	1.3980201818523622e-78
-4.175219023779725	7.22357459671784e-82
-4.165206508135169	3.18003969480609e-85
-4.155193992490613	1.1927494692052664e-88
-4.145181476846057	3.811511341629798e-92
-4.135168961201502	1.037699908475419e-95
-4.1251564455569465	2.4069578279469447e-99
-4.11514392991239	4.756452298746099e-103
-4.105131414267834	8.007774456772987e-107
-4.095118898623279	1.1485524273733292e-110
-4.085106382978723	1.4034489143313976e-114
-4.075093867334168	1.4609853737700968e-118
-4.065081351689612	1.2956731584150118e-122
-4.055068836045056	9.78909216945862e-127
-4.045056320400501	6.300629170498672e-131
-4.035043804755945	3.454755352880374e-135
-4.025031289111389	1.6137639984954798e-139
-4.015018773466833	6.421695217690612e-144
-4.005006257822277	2.1769277641595077e-148
-3.994993742177722	6.286672581616479e-153
-3.9849812265331668	1.546600344434115e-157
-3.9749687108886107	3.2412597923632837e-162
-3.9649561952440546	5.7866364574402076e-167
-3.9549436795994994	8.800622714989029e-172
-3.9449311639549434	1.1401809211614883e-176
-3.934918648310388	1.25836228942865e-181
-3.924906132665832	1.1830624009496448e-186
-3.914893617021277	9.474977510524811e-192
-3.904881101376721	6.46421685165352e-197
-3.8948685857321648	3.7568125058594825e-202
-3.8848560700876096	1.859892070082016e-207
-3.8748435544430535	7.84367128818079e-213
-3.8648310387984983	2.8178203838835175e-218
-3.8548185231539422	8.623199214186e-224
-3.844806007509387	2.2479346765580992e-229
-3.834793491864831	4.991810845659966e-235
-3.824780976220275	9.44258227217614e-241
-3.8147684605757197	1.5215308408524782e-246
-3.8047559449311636	2.0884650429746562e-252
-3.7947434292866085	2.44190808222545e-258
-3.7847309136420524	2.759912964759608e-264
-3.774718397997497	3.3648305287999225e-259
-3.764705882352941	2.9422200953781236e-253
-3.754693366708385	2.1914217236361984e-247
-3.74468085106383	1.3903226945308736e-241
-3.734668335419274	7.513531415192464e-236
-3.7246558197747186	3.4586884835968703e-230
-3.7146433041301625	1.3561809420049742e-224
-3.7046307884856065	4.5296294543355724e-219
-3.6946182728410513	1.2886843870602233e-213
-3.684605757196495	3.122980784301697e-208
-3.67459324155194	6.44660282858301e-203
-3.664580725907384	1.1335257166557666e-197
-3.6545682102628287	1.6977381414041846e-192
-3.6445556946182727	2.1659523774808202e-187
-3.6345431789737166	2.3537805912416195e-182
-3.6245306633291614	2.1788229147671856e-177
-3.6145181476846053	1.7179747720864773e-172
-3.60450563204005	1.1538531267468693e-167
-3.594493116395494	6.60120459939961e-163
-3.584480600750939	3.2168794266494706e-158
-3.574468085106383	1.335319886847115e-153
-3.5644555694618267	4.721443695067317e-149
-3.5544430538172715	1.4220121298576495e-144
-3.5444305381727155	3.64813418016976e-140
-3.5344180225281603	7.972184782753342e-136
-3.524405506883604	1.4839627513790858e-131
-3.514392991239049	2.3529233634581362e-127
-3.504380475594493	3.17783804397041e-123
-3.494367959949937	3.655905838394645e-119
-3.4843554443053817	3.5825939459352477e-115
-3.4743429286608256	2.9904711348443743e-111
-3.4643304130162704	2.1262836395185642e-107
-3.4543178973717144	1.287782361974581e-103
-3.444305381727159	6.643601923604259e-100
-3.434292866082603	2.919475130215359e-96
-3.424280350438047	1.0928139655592107e-92
-3.414267834793492	3.484401929147491e-89
-3.4042553191489358	9.463485776334239e-86
-3.3942428035043806	2.1893504739645725e-82
-3.3842302878598245	4.3144076312917744e-79
-3.3742177722152693	7.242180454012099e-76
-3.3642052565707132	1.0355246568088013e-72
-3.354192740926157	1.2612328167439305e-69
-3.344180225281602	1.308503005218691e-66
-3.334167709637046	1.1563783048148853e-63
-3.3241551939924907	8.705068827446252e-61
-3.3141426783479346	5.582042146882908e-58
-3.3041301627033794	3.0490496952888153e-55
-3.2941176470588234	1.4186935650034718e-52
-3.2841051314142673	5.62299936445964e-50
-3.274092615769712	1.8984796405831747e-47
-3.264080100125156	5.4601686357387295e-45
-3.254067584480601	1.3377433581706914e-42
-3.2440550688360448	2.791974564341165e-40
-3.2340425531914896	4.963960119382084e-38
-3.2240300375469335	7.518491764989564e-36
-3.2140175219023774	9.701248696351942e-34
-3.2040050062578223	1.0664230419240722e-31
-3.193992490613266	9.987317363822949e-30
-3.183979974968711	7.968937800475968e-28
-3.173967459324155	5.417536546575058e-26
-3.1639549436795997	3.1381516643153393e-24
-3.1539424280350437	1.548964223445817e-22
-3.1439299123904876	6.515286581415298e-21
-3.1339173967459324	2.3355279891702852e-19
-3.1239048811013763	7.1357108856532e-18
-3.113892365456821	1.8583988724205747e-16
-3.103879849812265	4.126180942859817e-15
-3.09386733416771	7.811501525255413e-14
-3.083854818523154	1.2611901067772477e-12
-3.0738423028785977	1.7369449833899105e-11
-3.0638297872340425	2.041136114258629e-10
-3.0538172715894865	2.047324006724683e-09
-3.0438047559449313	1.7535350718719728e-08
-3.033792240300375	1.283185459791713e-07
-3.02377972465582	8.028123963230609e-07
-3.013767209011264	4.298224156934932e-06
-3.003754693366708	1.9717763457795628e-05
-2.9937421777221527	7.763770841777446e-05
-2.9837296620775966	0.00026302487487466186
-2.9737171464330414	0.0007693947837837122
-2.9637046307884853	0.0019530605570582643
-2.95369211514393	0.004333475090021919
-2.943679599499374	0.008491309968999149
-2.933667083854818	0.014905107205906345
-2.923654568210263	0.02388883668260273
-2.9136420525657067	0.03579455221219292
-2.9036295369211516	0.051446703354642145
-2.8936170212765955	0.07250836072967166
-2.8836045056320403	0.10137932325395362
-2.873591989987484	0.14044529306021789
-2.863579474342928	0.1909983671941562
-2.853566958698373	0.25260169132963495
-2.843554443053817	0.32361446656044596
-2.8335419274092617	0.4029362386700207
-2.8235294117647056	0.49210808449534427
-2.8135168961201504	0.5961158534513377
-2.8035043804755944	0.7212868545933951
-2.7934918648310383	0.8705242477117127
-2.783479349186483	1.0390379064941893
-2.773466833541927	1.2143928733962528
-2.763454317897372	1.3812033367869996
-2.7534418022528158	1.526657852751407
-2.7434292866082606	1.6433341651730686
-2.7334167709637045	1.7295040834307942
-2.7234042553191484	1.7885620926921129
-2.7133917396745932	1.8271173982413478
-2.703379224030037	1.8510221927797876
-2.693366708385482	1.8621739494762344
-2.683354192740926	1.8601630123480053
-2.6733416770963707	1.8476662011957257
-2.6633291614518146	1.8332800763089079
-2.6533166458072586	1.8279635388163946
-2.6433041301627034	1.838388097792986
-2.6332916145181473	1.8632190336938237
-2.623279098873592	1.8945446480776136
-2.613266583229036	1.9221459148247204
-2.603254067584481	1.9374546555075267
-2.593241551939925	1.9357850618668737
-2.5832290362953687	1.9171153214534475
-2.5732165206508135	1.8862374451105504
-2.5632040050062574	1.852332622714884
-2.5531914893617023	1.826799646053475
-2.543178973717146	1.8186106365597878
-2.533166458072591	1.8294538871804977
-2.523153942428035	1.8532402449004444
-2.513141426783479	1.8817044228172572
-2.5031289111389237	1.9110999941627527
-2.4931163954943676	1.9426494289997944
-2.4831038798498124	1.976363446903186
-2.4730913642052563	2.0062786002933564
-2.463078848560701	2.0235542101415716
-2.453066332916145	2.0241414056349605
-2.443053817271589	2.0129180448181376
-2.433041301627034	2.0010128295511
-2.4230287859824777	1.999215219370855
-2.4130162703379225	2.011728880033462
-2.4030037546933665	2.0336535459064145
-2.3929912390488113	2.0541975339351906
-2.382978723404255	2.0637155901278756
-2.372966207759699	2.0585376917674463
-2.362953692115144	2.039173719037777
-2.352941176470588	2.0043294931216904
-2.3429286608260327	1.9474079639907338
-2.3329161451814766	1.8591084106885185
-2.3229036295369214	1.7334441255541955
-2.3128911138923653	1.5718732329870122
-2.3028785982478093	1.3830374115392265
-2.292866082603254	1.17975923985222
-2.282853566958698	0.9760643250012934
-2.272841051314143	0.7850648897501974
-2.2628285356695867	0.617022554202176
-2.2528160200250316	0.4776629487392471
-2.2428035043804755	0.36785079109287233
-2.2327909887359194	0.2849382304892284
-2.2227784730913642	0.2246195557956962
-2.212765957446808	0.18207192085251148
-2.202753441802253	0.15233011041093686
-2.192740926157697	0.13058060125796134
-2.1827284105131417	0.11272986192374479
-2.1727158948685856	0.0959833849751496
-2.1627033792240296	0.07911239385952852
-2.1526908635794744	0.062398299986517566
-2.1426783479349183	0.04725145112056969
-2.132665832290363	0.035341839698251894
-2.122653316645807	0.02743623599900802
-2.112640801001252	0.02275149445945333
-2.1026282853566958	0.019467978613322202
-2.0926157697121397	0.016001684114297577
-2.0826032540675845	0.011909817174267168
-2.0725907384230284	0.007764438671367491
-2.0625782227784732	0.004364844369494455
-2.052565707133917	0.002101316662159825
-2.042553191489362	0.0008637733913149009
-2.032540675844806	0.0003027962607768679
-2.02252816020025	9.04716369175607e-05
-2.0125156445556946	2.303492753601523e-05
-2.0025031289111386	4.997251110856459e-06
-1.9924906132665834	9.236913322409684e-07
-1.9824780976220273	1.454673904114649e-07
-1.9724655819774712	1.951837307904845e-08
-1.962453066332916	2.231303999629855e-09
-1.95244055068836	2.1732505444154642e-10
-1.9424280350438048	1.8034157440343473e-11
-1.9324155193992487	1.2750174350354526e-12
-1.9224030037546935	7.680152239774402e-14
-1.9123904881101375	3.941451609041837e-15
-1.9023779724655814	1.7233539495025482e-16
-1.8923654568210262	6.420681914460802e-18
-1.8823529411764701	2.375064954077316e-19
-1.872340425531915	1.1499311293494554e-18
-1.8623279098873589	3.309641937197217e-17
-1.8523153942428037	8.165623718805392e-16
-1.8423028785982476	1.7191789321557076e-14
-1.8322903629536915	3.0896112598205385e-13
-1.8222778473091363	4.741307570332655e-12
-1.8122653316645803	6.215904812536058e-11
-1.802252816020025	6.965850515792906e-10
-1.792240300375469	6.677670506145627e-09
-1.7822277847309138	5.480990593102616e-08
-1.7722152690863577	3.8564501912234104e-07
-1.7622027534418017	2.329502915534825e-06
-1.7521902377972465	1.210375585400565e-05
-1.7421777221526904	5.4228706329086816e-05
-1.7321652065081352	0.00021016895258743132
-1.7221526908635791	0.0007074823783761691
-1.712140175219024	0.002079526630055611
-1.7021276595744679	0.005373585811238353
-1.6921151439299118	0.012312808962090147
-1.6821026282853566	0.025284734796319243
-1.6720901126408005	0.047115641242197456
-1.6620775969962454	0.08073484283252813
-1.6520650813516893	0.12881824996660676
-1.642052565707134	0.19326035971012484
-1.632040050062578	0.27423651683152567
-1.622027534418022	0.36913300719437975
-1.6120150187734668	0.47242253401229667
-1.6020025031289107	0.5775067633276878
-1.5919899874843555	0.6800106664112422
-1.5819774718397994	0.7801704285115827
-1.5719649561952442	0.8820166569182796
-1.5619524405506882	0.9896595408289924
-1.551939924906132	1.1037207221754255
-1.541927409261577	1.220646914439323
-1.5319148936170208	1.334496858602832
-1.5219023779724656	1.4386739348984947
-1.5118898623279096	1.5264269546676643
-1.5018773466833544	1.591483349188118
-1.4918648310387983	1.630305926340472
-1.4818523153942422	1.644963374057084
-1.471839799749687	1.64354655711089
-1.461827284105131	1.6363400569840731
-1.4518147684605758	1.6300220669825136
-1.4418022528160197	1.624703518997372
-1.4317897371714645	1.6162363512475342
-1.4217772215269084	1.6012608443672092
-1.4117647058823524	1.5803493924837042
-1.4017521902377972	1.5571859173418026
-1.391739674593241	1.5357499107852042
-1.381727158948686	1.518689692193186
-1.3717146433041298	1.5075839000851223
-1.3617021276595747	1.503070130975161
-1.3516896120150186	1.5035274104666485
-1.3416770963704625	1.5039232167997933
-1.3316645807259073	1.4972145649557036
-1.3216520650813512	1.4781912302785267
-1.311639549436796	1.447084480694725
-1.30162703379224	1.4103309064704685
-1.2916145181476848	1.3779227522309092
-1.2816020025031287	1.3586700720570946
-1.2715894868585726	1.3555021602735293
-1.2615769712140175	1.3631708166004095
-1.2515644555694614	1.370406963234066
-1.2415519399249062	1.3664283379038795
-1.2315394242803501	1.347993909483565
-1.221526908635795	1.3217302047081942
-1.2115143929912389	1.2999985485348604
-1.2015018773466828	1.2938511598806939
-1.1914893617021276	1.3078414417432491
-1.1814768460575715	1.3383370887609363
-1.1714643304130163	1.3746928579380682
-1.1614518147684603	1.4032016076275922
-1.151439299123905	1.41332589165079
-1.141426783479349	1.402807696043714
-1.131414267834793	1.3777427944669003
-1.1214017521902377	1.348123760407865
-1.1113892365456817	1.3231174077149
-1.1013767209011265	1.308622237597876
-1.0913642052565704	1.306283457483757
-1.0813516896120152	1.3134171529557042
-1.0713391739674591	1.3250617731642913
-1.061326658322903	1.3378729474094977
-1.0513141426783479	1.3524357621166383
-1.0413016270337918	1.3712822778856286
-1.0312891113892366	1.39456088368535
-1.0212765957446805	1.417950043265282
-1.0112640801001254	1.4347378037938499
-1.0012515644555693	1.4397225898580037
-0.9912390488110132	1.4315759122281784
-0.981226533166458	1.4123126132583326
-0.971214017521902	1.384537359493963
-0.9612015018773468	1.3482724183750037
-0.9511889862327907	1.2997160561109844
-0.9411764705882355	1.2332476860065464
-0.9311639549436794	1.1453109066426788
-0.9211514392991234	1.0371647387303622
-0.9111389236545682	0.9148298710980498
-0.9011264080100121	0.7870465929101239
-0.8911138923654569	0.6629099230983305
-0.8811013767209008	0.5500196557804731
-0.8710888610763456	0.45335529066709773
-0.8610763454317896	0.37527031516573583
-0.8510638297872335	0.31688033367760515
-0.8410513141426783	0.2801459914614476
-0.8310387984981222	0.26911399692510773
-0.821026282853567	0.28905359185667406
-0.811013767209011	0.3434605100285893
-0.8010012515644558	0.4304211802750252
-0.7909887359198997	0.540849846980027
-0.7809762202753436	0.6605034507900515
-0.7709637046307884	0.7750264707748845
-0.7609511889862324	0.8746765748214801
-0.7509386733416772	0.9559862266742367
-0.7409261576971211	1.020925486315097
-0.7309136420525659	1.075587087710163
-0.7209011264080099	1.1282533016862402
-0.7108886107634538	1.1854080007310257
-0.7008760951188986	1.2471138360232483
-0.6908635794743425	1.3059304044149433
-0.6808510638297873	1.3511181778392847
-0.6708385481852313	1.3749690171536082
-0.6608260325406761	1.3768637109467952
-0.65081351689612	1.3634245775676634
-0.6408010012515639	1.3456170406567918
-0.6307884856070087	1.334194038073797
-0.6207759699624527	1.335160537617056
-0.6107634543178975	1.3474539682046618
-0.6007509386733414	1.364289818122406
-0.5907384230287862	1.3773719596735314
-0.5807259073842301	1.3813878806480837
-0.5707133917396741	1.3763876378067221
-0.5607008760951189	1.3670688274673555
-0.5506883604505628	1.3593899934681601
-0.5406758448060076	1.3562421695323483
-0.5306633291614515	1.355098217987331
-0.5206508135168963	1.3501305562126418
-0.5106382978723403	1.338078759703431
-0.5006257822277842	1.3232476199139969
-0.490613266583229	1.3165638920590692
-0.48060075093867294	1.3280692559997438
-0.47058823529411775	1.3580726566247667
-0.4605757196495617	1.394135682125383
-0.4505632040050065	1.4170880080332566
-0.4405506883604504	1.4124395333779196
-0.43053817271589434	1.3794201579506038
-0.42052565707133915	1.3317711486973305
-0.4105131414267831	1.290467706546636
-0.4005006257822279	1.2735098905646498
-0.3904881101376718	1.2884463846584184
-0.38047559449311663	1.33059401880188
-0.37046307884856056	1.386747870072919
-0.3604505632040045	1.4417746248277572
-0.3504380475594493	1.4844228390962235
-0.3404255319148932	1.5097518375788055
-0.33041301627033803	1.5181021492675226
-0.32040050062578196	1.5123643738090133
-0.3103879849812259	1.495566898423899
-0.3003754693366707	1.4702873511267371
-0.2903629536921146	1.4401712914577438
-0.28035043804755944	1.4116584838811554
-0.27033792240300336	1.3930148108970604
-0.2603254067584482	1.3904262956825122
-0.2503128911138921	1.404789246140694
-0.24030037546933602	1.4325287145151406
-0.23028785982478084	1.4691183879617848
-0.22027534418022476	1.510983336072211
-0.21026282853566958	1.5539639126359261
-0.2002503128911135	1.5911657169643874
-0.19023779724655832	1.6140339002819195
-0.18022528160200224	1.6166015438974104
-0.17021276595744617	1.5986591056704345
-0.16020025031289098	1.564347058795704
-0.1501877346683349	1.5177367842723783
-0.14017521902377972	1.4600674844929586
-0.13016270337922364	1.3908702979092207
-0.12015018773466846	1.3109804292681615
-0.11013767209011238	1.2244196246387622
-0.10012515644555631	1.1380830337423404
-0.09011264080100112	1.0599149904928995
-0.08010012515644505	0.996617601111418
-0.07008760951188986	0.9518173861209108
-0.060075093867333784	0.9256977621630009
-0.0500625782227786	0.9168247669400527
-0.04005006257822252	0.9253123577394426
-0.030037546933666448	0.954445374900008
-0.02002503128911126	1.0083522943663228
-0.010012515644555187	1.087222777104403
0.0	1.1847313602702356
