-8.0	9.152992305718634
-7.989987484355444	9.139328676478783
-7.979974968710889	9.111811064065595
-7.969962453066333	9.089157054576622
-7.9599499374217775	9.05661990800756
-7.949937421777221	9.038870025444181
-7.939924906132666	9.061823819360782
-7.92991239048811	9.132372096359736
-7.919899874843554	9.238396557404455
-7.909887359198999	9.359052218517068
-7.899874843554443	9.458694642337008
-7.889862327909888	9.526759581736801
-7.8798498122653315	9.561455089584449
-7.869837296620776	9.531274295982993
-7.85982478097622	9.430508396407678
-7.849812265331664	9.302329998404083
-7.839799749687109	9.19216792992852
-7.829787234042553	9.12942532666608
-7.819774718397998	9.101371520346618
-7.809762202753442	9.109518480785308
-7.7997496871088865	9.12936203788182
-7.78973717146433	9.14118637290644
-7.779724655819774	9.161176566789848
-7.769712140175219	9.165719810204235
-7.759699624530663	9.095890503575637
-7.749687108886108	9.031489299340747
-7.739674593241552	8.956880391366287
-7.729662077596997	8.867458452336184
-7.719649561952441	8.748682799864705
-7.7096370463078845	8.615945534413312
-7.699624530663329	8.473750118240506
-7.689612015018773	8.348214125222707
-7.679599499374218	8.265654215969912
-7.669586983729662	8.230804719994918
-7.659574468085107	8.204823737240554
-7.649561952440551	8.18472985406098
-7.639549436795995	8.156825410336499
-7.629536921151439	8.124805990481972
-7.619524405506883	8.06599810849551
-7.609511889862328	7.981679985652506
-7.599499374217772	7.899480640489724
-7.589486858573217	7.8206761285634805
-7.579474342928661	7.726979801356226
-7.569461827284105	7.61406709497346
-7.55944931163955	7.509174088621049
-7.5494367959949935	7.459336267342
-7.539424280350438	7.461949743758213
-7.529411764705882	7.535419857069904
-7.519399249061326	7.568582107318909
-7.509386733416771	7.530814091172628
-7.499374217772215	7.502808797330325
-7.48936170212766	7.5160866177846115
-7.479349186483104	7.52023547044433
-7.4693366708385485	7.402451527341246
-7.459324155193992	7.228828160745199
-7.449311639549437	7.232107032993286
-7.439299123904881	7.277840168729494
-7.429286608260325	7.377489031543965
-7.41927409261577	7.48329455162195
-7.409261576971214	7.581990240878684
-7.399249061326659	7.723678572633789
-7.3892365456821025	7.866094053067028
-7.3792240300375465	7.972200946831643
-7.369211514392991	8.074070242194276
-7.359198998748435	8.10266117570668
-7.34918648310388	8.086833643801272
-7.339173967459324	8.137350861175817
-7.329161451814769	8.24314472948427
-7.319148936170213	8.354502140580525
-7.3091364205256575	8.46439683156164
-7.299123904881101	8.58664011635029
-7.289111389236545	8.713799060418143
-7.27909887359199	8.884022812990246
-7.269086357947434	9.105339556246907
-7.259073842302879	9.344647487801698
-7.249061326658323	9.543491958141596
-7.239048811013767	9.698583603288688
-7.2290362953692116	9.80754217074502
-7.2190237797246555	9.876843166226124
-7.2090112640801	9.955185848489952
-7.198998748435544	10.059471311016377
-7.188986232790989	10.195498531120087
-7.178973717146433	10.358893950134107
-7.168961201501878	10.565660068546336
-7.158948685857322	10.820393561868237
-7.148936170212766	11.075048836271392
-7.13892365456821	11.251280867366201
-7.128911138923654	11.337716653044472
-7.118898623279099	11.393929048460265
-7.108886107634543	11.456339569183463
-7.098873591989987	11.549211306401341
-7.088861076345432	11.644150247666348
-7.078848560700876	11.743793016368896
-7.068836045056321	11.861557002571445
-7.0588235294117645	11.968761607834061
-7.048811013767209	12.07023532370351
-7.038798498122653	12.177319093268435
-7.028785982478098	12.271819619076725
-7.018773466833542	12.327040108451884
-7.008760951188986	12.331144590374565
-6.998748435544431	12.290567613584809
-6.988735919899875	12.229031263173047
-6.9787234042553195	12.171084679116424
-6.968710888610763	12.113148862910439
-6.958698372966207	12.03553793845913
-6.948685857321652	11.936631881032044
-6.938673341677096	11.833934056153195
-6.928660826032541	11.754277364773015
-6.918648310387985	11.685588305099438
-6.908635794743429	11.633865467003503
-6.8986232790988735	11.565183186510676
-6.888610763454318	11.446252396904686
-6.878598247809762	11.307317387167808
-6.868585732165206	11.16080575589945
-6.858573216520651	10.977183644868003
-6.848560700876095	10.749419211485435
-6.83854818523154	10.496453118598877
-6.828535669586984	10.234545631568686
-6.818523153942428	9.96883614926187
-6.808510638297872	9.752862563248016
-6.798498122653316	9.606808146106339
-6.788485607008761	9.520146396084256
-6.778473091364205	9.459912731751036
-6.768460575719649	9.396777068555785
-6.758448060075094	9.303400658144524
-6.748435544430539	9.211894742948315
-6.7384230287859825	9.13791353327683
-6.7284105131414265	9.048194692010457
-6.718397997496871	8.91659233802431
-6.708385481852315	8.730480498352561
-6.69837296620776	8.470034053444625
-6.688360450563204	8.172100881237586
-6.678347934918648	7.924958689976824
-6.668335419274093	7.715916909579071
-6.658322903629537	7.5397216930714475
-6.648310387984981	7.40745839908871
-6.638297872340425	7.325258901121721
-6.628285356695869	7.266582665077778
-6.618272841051314	7.170963339846299
-6.608260325406759	7.055599914972134
-6.598247809762203	6.9459681830580795
-6.588235294117647	6.829201049961682
-6.578222778473092	6.684129429486617
-6.5682102628285355	6.532507873977997
-6.55819774718398	6.403988148038046
-6.548185231539424	6.266645813863397
-6.538172715894868	6.157578781096084
-6.528160200250313	6.129209687035542
-6.518147684605757	6.114077820252298
-6.508135168961202	6.082523803796363
-6.498122653316646	6.036361436058658
-6.4881101376720896	6.115522586156288
-6.478097622027534	6.12368229939017
-6.468085106382979	6.183278266933308
-6.458072590738423	6.283581328842218
-6.448060075093867	6.419518585097257
-6.438047559449312	6.527543853586802
-6.428035043804756	6.642993393780243
-6.418022528160201	6.753915141445261
-6.4080100125156445	6.871229685135512
-6.397997496871088	6.9599899956254925
-6.387984981226533	7.016317266613373
-6.377972465581977	7.081130570241416
-6.367959949937422	7.148700386908149
-6.357947434292866	7.281039824313762
-6.34793491864831	7.62380189820675
-6.337922403003755	7.779447709272465
-6.3279098873591995	7.824830638137438
-6.317897371714643	7.971055010275306
-6.307884856070087	8.152691681074112
-6.297872340425532	8.461641031229194
-6.287859824780976	8.731055569163177
-6.277847309136421	8.909740627106386
-6.267834793491865	9.1317988799257
-6.257822277847309	9.512679932459754
-6.2478097622027535	10.279683283614748
-6.2377972465581975	11.017262425737716
-6.227784730913642	11.672248572407458
-6.217772215269086	12.263988202890657
-6.20775969962453	12.859762312114096
-6.197747183979975	13.445733221864344
-6.18773466833542	13.938884431440874
-6.177722152690864	14.371382935672319
-6.167709637046308	14.798449227039617
-6.157697121401752	15.291617201576697
-6.147684605757196	15.615267438832973
-6.137672090112641	15.93697022684432
-6.127659574468085	16.138047145197316
-6.117647058823529	16.257456559689995
-6.107634543178974	16.39767540673611
-6.097622027534418	16.63512687996981
-6.0876095118898625	16.852532938075257
-6.0775969962453065	17.187185625980625
-6.06758448060075	17.63688047315568
-6.057571964956195	18.088732101747148
-6.04755944931164	18.513446859757128
-6.037546933667084	18.919902386373927
-6.027534418022528	19.40465188124315
-6.017521902377973	19.803875946632107
-6.007509386733417	20.02758677147538
-5.997496871088861	20.210328838934462
-5.987484355444305	20.45407376652948
-5.977471839799749	20.80804277868187
-5.967459324155194	21.076034664827542
-5.957446808510639	21.237013397274755
-5.947434292866083	21.38324229415649
-5.937421777221527	21.508423473608477
-5.927409261576971	21.558744799426783
-5.9173967459324155	21.607577393729766
-5.90738423028786	21.753430837057664
-5.897371714643304	22.001366325539912
-5.887359198998748	22.199426172874265
-5.877346683354192	22.34800818896472
-5.867334167709637	22.487147936618165
-5.857321652065082	22.5903611679226
-5.847309136420526	22.686776524764845
-5.83729662077597	22.73046422801248
-5.827284105131414	22.65816453356373
-5.817271589486858	22.489134196833223
-5.807259073842303	22.321631084905484
-5.797246558197747	22.25982381832992
-5.787234042553191	22.171296828984243
-5.777221526908636	22.072926822752205
-5.767209011264081	22.100554220964767
-5.7571964956195245	22.14191566959434
-5.747183979974968	22.059444522587864
-5.737171464330412	22.17032653874021
-5.727158948685857	22.237416313014442
-5.717146433041302	22.187641965774134
-5.707133917396746	22.084145909062222
-5.69712140175219	22.07449921622728
-5.687108886107635	21.951528654366804
-5.677096370463079	21.79270167307772
-5.667083854818523	21.72759642687784
-5.657071339173967	21.539627792213377
-5.647058823529411	21.178164155130947
-5.637046307884856	21.061612503207197
-5.627033792240301	20.917660063357015
-5.617021276595745	20.715113250523146
-5.607008760951189	20.64891152352606
-5.596996245306633	20.710035100684685
-5.5869837296620775	20.652755532149136
-5.576971214017522	20.511185931765233
-5.566958698372966	20.361648560591167
-5.55694618272841	20.27194345022809
-5.546933667083855	20.11575269857764
-5.536921151439299	19.90963166722071
-5.526908635794744	19.814625129652192
-5.516896120150188	19.61768297449733
-5.5068836045056315	19.36787879926866
-5.496871088861076	19.24556795318949
-5.486858573216521	19.125665959558088
-5.476846057571965	19.062887439175782
-5.466833541927409	19.05175530876976
-5.456821026282853	18.99064232155242
-5.446808510638298	18.98136132786159
-5.4367959949937426	19.075835773944178
-5.4267834793491865	19.249328023384102
-5.41677096370463	19.234003018604337
-5.406758448060075	19.183942563608305
-5.396745932415519	19.266634944841048
-5.386733416770964	19.491656543714395
-5.376720901126408	19.90718431346178
-5.366708385481852	20.205856948602833
-5.356695869837297	20.589569277469806
-5.346683354192741	20.976158950741684
-5.336670838548185	21.252830929422792
-5.326658322903629	21.778929417008406
-5.316645807259073	22.09520147308676
-5.306633291614518	22.483354283658695
-5.296620775969963	22.63665462546905
-5.286608260325407	22.79338962559786
-5.276595744680851	23.07606312253866
-5.2665832290362955	23.424398496711994
-5.256570713391739	23.80657699825387
-5.246558197747184	24.118003406055966
-5.236545682102628	24.32765759042477
-5.226533166458072	24.537066474163556
-5.216520650813517	24.76714249666006
-5.206508135168962	24.959337437930095
-5.196495619524406	25.218756812641928
-5.18648310387985	25.500533142510122
-5.1764705882352935	25.787284432115502
-5.166458072590738	26.31992180883682
-5.156445556946183	26.68899107417756
-5.146433041301627	26.877989235135637
-5.136420525657071	27.14155006263292
-5.126408010012516	27.36329499681837
-5.11639549436796	27.546947875040416
-5.1063829787234045	27.71959076567614
-5.0963704630788484	27.89886112004333
-5.086357947434292	28.216769808694327
-5.076345431789737	28.536275057432587
-5.066332916145182	28.77133163867281
-5.056320400500626	28.941293903281004
-5.04630788485607	29.070871834199554
-5.036295369211514	29.18406122865038
-5.026282853566959	29.444452666515375
-5.016270337922403	29.726261310419076
-5.006257822277847	29.896952952108098
-4.996245306633291	29.966743501779998
-4.986232790988735	29.856057474405212
-4.97622027534418	29.666390222107122
-4.966207759699625	29.490073619351037
-4.956195244055069	29.373276208027487
-4.946182728410513	29.11232925908574
-4.9361702127659575	28.750644645063645
-4.926157697121402	28.431255145287597
-4.916145181476846	28.16434308706372
-4.90613266583229	27.954573557731248
-4.896120150187734	27.783726331603074
-4.886107634543179	27.52156476031359
-4.876095118898624	27.364594288023405
-4.866082603254068	27.30220729401304
-4.8560700876095115	27.276893795210547
-4.8460575719649555	27.271771424222862
-4.8360450563204	27.17419228344827
-4.826032540675845	26.894985486669036
-4.816020025031289	26.619856651140363
-4.806007509386733	26.447139720246017
-4.795994993742178	26.19363763707896
-4.785982478097623	25.87414229737626
-4.7759699624530665	25.456244069029164
-4.76595744680851	25.056754920343607
-4.755944931163954	24.740089921352293
-4.745932415519399	24.361608592718827
-4.735919899874844	23.839568916118946
-4.725907384230288	23.28895862146855
-4.715894868585732	22.908798480807654
-4.705882352941176	22.641472928024545
-4.6958698372966206	22.23616551086711
-4.685857321652065	21.977471064599506
-4.675844806007509	21.7541510204435
-4.665832290362953	21.577606678419123
-4.655819774718398	21.30863107253157
-4.645807259073843	20.97690674738044
-4.635794743429287	20.572524253477088
-4.625782227784731	20.257670845858662
-4.615769712140175	19.9505890194167
-4.605757196495619	19.62940762011017
-4.595744680851064	19.30742336505858
-4.585732165206508	19.03202834671157
-4.575719649561952	18.769611866669884
-4.565707133917396	18.63711648739536
-4.555694618272841	18.48198185089052
-4.545682102628286	18.27164307552683
-4.53566958698373	18.125462650897465
-4.5256570713391735	17.911587314865894
-4.515644555694618	17.728880298150003
-4.505632040050063	17.55936895293831
-4.495619524405507	17.498291476981233
-4.485607008760951	17.448742656954554
-4.475594493116395	17.315746864250247
-4.46558197747184	17.207103527445504
-4.4555694618272845	17.058949203079845
-4.4455569461827285	16.878578142437622
-4.435544430538172	16.751599696610118
-4.425531914893616	16.695681762721296
-4.415519399249061	16.67846781101225
-4.405506883604506	16.669422806897973
-4.39549436795995	16.651510325996327
-4.385481852315394	16.62223229734334
-4.375469336670839	16.510148813931693
-4.365456821026283	16.497325190211594
-4.355444305381727	16.47497284125979
-4.345431789737171	16.4508770061259
-4.335419274092615	16.447279985451885
-4.32540675844806	16.445097105338856
-4.315394242803505	16.44526091375488
-4.305381727158949	16.447915283031993
-4.295369211514393	16.44937959597418
-4.285356695869837	16.44951229088363
-4.275344180225281	16.4489822763066
-4.265331664580726	16.443871677576603
-4.25531914893617	16.414494165703818
-4.245306633291614	16.388328988745616
-4.235294117647059	16.38356799647412
-4.225281602002504	16.38290226423537
-4.215269086357948	16.382676471990074
-4.2052565707133915	16.382526916579266
-4.1952440550688355	16.382418356884582
-4.18523153942428	16.38234044745314
-4.175219023779725	16.382284551922684
-4.165206508135169	16.38224363208886
-4.155193992490613	16.382212596053552
-4.145181476846057	16.382188024899552
-4.135168961201502	16.38216771698189
-4.1251564455569465	16.38215028482491
-4.11514392991239	16.38213486160313
-4.105131414267834	16.382120905515283
-4.095118898623279	16.382108075190853
-4.085106382978723	16.382096152229497
-4.075093867334168	16.382084993642568
-4.065081351689612	16.382074502820963
-4.055068836045056	16.382064611840097
-4.045056320400501	16.382055270662846
-4.035043804755945	16.382046440531834
-4.025031289111389	16.382038089908605
-4.015018773466833	16.382030191966155
-4.005006257822277	16.408142386965768
-3.994993742177722	16.418171367305195
-3.9849812265331668	16.418164559953002
-3.9749687108886107	16.350545404279437
-3.9649561952440546	16.407149822818464
-3.9549436795994994	16.414676100219506
-3.9449311639549434	16.455554790740536
-3.934918648310388	16.454704409937527
-3.924906132665832	16.4546996969437
-3.914893617021277	16.451747267891292
-3.904881101376721	16.32765512788543
-3.8948685857321648	16.19408352129629
-3.8848560700876096	16.159291430048903
-3.8748435544430535	16.044029291382767
-3.8648310387984983	16.124578519075193
-3.8548185231539422	16.157186217409183
-3.844806007509387	16.14487189015796
-3.834793491864831	16.131657462152262
-3.824780976220275	16.1252650765229
-3.8147684605757197	16.0345011337125
-3.8047559449311636	15.856724202352726
-3.7947434292866085	15.701729436540337
-3.7847309136420524	15.737119187191018
-3.774718397997497	15.659246348185308
-3.764705882352941	15.77754673774573
-3.754693366708385	15.906758448312958
-3.74468085106383	15.751400810207581
-3.734668335419274	15.749704353820944
-3.7246558197747186	15.703143240539447
-3.7146433041301625	15.716996591974764
-3.7046307884856065	15.706233632804718
-3.6946182728410513	15.618100680964766
-3.684605757196495	15.391370858997982
-3.67459324155194	15.410062048035895
-3.664580725907384	15.291220946912489
-3.6545682102628287	15.354897630069551
-3.6445556946182727	15.445166130656942
-3.6345431789737166	15.262202276922455
-3.6245306633291614	15.320491379124352
-3.6145181476846053	15.487727411203085
-3.60450563204005	15.472089610925801
-3.594493116395494	15.63662871635451
-3.584480600750939	15.623568384241775
-3.574468085106383	15.52727704366691
-3.5644555694618267	15.584223664331041
-3.5544430538172715	16.063365691777545
-3.5444305381727155	16.108685726018006
-3.5344180225281603	16.085980091998987
-3.524405506883604	16.1528406342824
-3.514392991239049	16.158697694018088
-3.504380475594493	16.158665601272123
-3.494367959949937	16.241634803162924
-3.4843554443053817	16.279861786057143
-3.4743429286608256	16.223505574836867
-3.4643304130162704	16.255286971024688
-3.4543178973717144	16.22420287551584
-3.444305381727159	16.256838310572384
-3.434292866082603	16.26537515578865
-3.424280350438047	16.265449315158786
-3.414267834793492	16.265444943406365
-3.4042553191489358	16.26543767121137
-3.3942428035043806	16.313515355329642
-3.3842302878598245	16.468922407779395
-3.3742177722152693	16.46890260301158
-3.3642052565707132	16.468876940533747
-3.354192740926157	16.468844359361224
-3.344180225281602	16.468803604311805
-3.334167709637046	16.468753213411073
-3.3241551939924907	16.468691489145968
-3.3141426783479346	16.468616468193762
-3.3041301627033794	16.46852589133439
-3.2941176470588234	16.468417178977738
-3.2841051314142673	16.468287437493814
-3.274092615769712	16.468133640912097
-3.264080100125156	16.46795387910615
-3.254067584480601	16.46775526370551
-3.2440550688360448	16.46760345728525
-3.2340425531914896	16.46792194221073
-3.2240300375469335	16.470923131642248
-3.2140175219023774	16.48129918518888
-3.2040050062578223	16.491543820065576
-3.193992490613266	16.49433367684447
-3.183979974968711	16.494387915369494
-3.173967459324155	16.4938955064643
-3.1639549436795997	16.493312614465207
-3.1539424280350437	16.493092699831454
-3.1439299123904876	16.49592500373455
-3.1339173967459324	16.500122725600253
-3.1239048811013763	16.522482297771095
-3.113892365456821	16.544154533511385
-3.103879849812265	16.55942919119875
-3.09386733416771	16.60373177463727
-3.083854818523154	16.661962139053184
-3.0738423028785977	16.68742785292674
-3.0638297872340425	16.742089211212875
-3.0538172715894865	16.780419578358707
-3.0438047559449313	16.833060620711073
-3.033792240300375	16.847396696549012
-3.02377972465582	16.882783415290444
-3.013767209011264	16.95778284043612
-3.003754693366708	17.025197934650656
-2.9937421777221527	17.137285603092717
-2.9837296620775966	17.227977638326607
-2.9737171464330414	17.299310944569477
-2.9637046307884853	17.377743400675087
-2.95369211514393	17.488484022151273
-2.943679599499374	17.643827691176135
-2.933667083854818	17.849874154080876
-2.923654568210263	18.050740142439256
-2.9136420525657067	18.265292155932638
-2.9036295369211516	18.423582862644345
-2.8936170212765955	18.524402482978417
-2.8836045056320403	18.664884803128125
-2.873591989987484	18.854175307851047
-2.863579474342928	19.08484165929024
-2.853566958698373	19.41482877660232
-2.843554443053817	19.695830101063613
-2.8335419274092617	19.99236871808986
-2.8235294117647056	20.365937674541616
-2.8135168961201504	20.62861376648509
-2.8035043804755944	20.91360067198484
-2.7934918648310383	21.203348660567908
-2.783479349186483	21.376025921195566
-2.773466833541927	21.561369931277873
-2.763454317897372	21.824543213642368
-2.7534418022528158	22.238289612567442
-2.7434292866082606	22.530718983159336
-2.7334167709637045	22.717679532225766
-2.7234042553191484	23.014031178612246
-2.7133917396745932	23.332325981434714
-2.703379224030037	23.585820158939047
-2.693366708385482	23.844965615325876
-2.683354192740926	24.304872465099805
-2.6733416770963707	24.809493062905112
-2.6633291614518146	25.251561038161654
-2.6533166458072586	25.598684415275716
-2.6433041301627034	25.947377009559368
-2.6332916145181473	26.38674529853379
-2.623279098873592	26.66059060771026
-2.613266583229036	26.9891689881006
-2.603254067584481	27.438328280153833
-2.593241551939925	27.803134428132022
-2.5832290362953687	28.04926210548043
-2.5732165206508135	28.1506276918584
-2.5632040050062574	28.1614231645782
-2.5531914893617023	28.210062852087923
-2.543178973717146	28.328959910955927
-2.533166458072591	28.474368434566923
-2.523153942428035	28.563436493600378
-2.513141426783479	28.558430620855546
-2.5031289111389237	28.55423501105978
-2.4931163954943676	28.738001612470843
-2.4831038798498124	28.87766727670164
-2.4730913642052563	28.936836279032644
-2.463078848560701	29.02306394067845
-2.453066332916145	29.16349890057588
-2.443053817271589	29.359915222826537
-2.433041301627034	29.574884754259823
-2.4230287859824777	29.69712564266058
-2.4130162703379225	29.714500828437775
-2.4030037546933665	29.80325195668016
-2.3929912390488113	29.878980898733822
-2.382978723404255	29.816107607226183
-2.372966207759699	29.640446745224224
-2.362953692115144	29.447156516795125
-2.352941176470588	29.105083894963034
-2.3429286608260327	28.656891473788328
-2.3329161451814766	28.277057164761537
-2.3229036295369214	27.935865551446543
-2.3128911138923653	27.55172547433943
-2.3028785982478093	27.082362814504652
-2.292866082603254	26.763084334599213
-2.282853566958698	26.464523223973792
-2.272841051314143	26.245179971056277
-2.2628285356695867	25.967453891392037
-2.2528160200250316	25.71588871951493
-2.2428035043804755	25.417384431344225
-2.2327909887359194	25.06579798403042
-2.2227784730913642	24.74128744130952
-2.212765957446808	24.52834681809065
-2.202753441802253	24.24565344756349
-2.192740926157697	23.93531957036558
-2.1827284105131417	23.63567533229002
-2.1727158948685856	23.260588803982127
-2.1627033792240296	22.974602319700033
-2.1526908635794744	22.627699273762776
-2.1426783479349183	22.332647241743903
-2.132665832290363	22.147338518611047
-2.122653316645807	22.00164397656498
-2.112640801001252	21.7896310136517
-2.1026282853566958	21.534487898124432
-2.0926157697121397	21.28262556894785
-2.0826032540675845	21.028762990783367
-2.0725907384230284	20.867946086320742
-2.0625782227784732	20.81787999616339
-2.052565707133917	20.721327495081216
-2.042553191489362	20.518438730285926
-2.032540675844806	20.215060587615497
-2.02252816020025	20.02104730071903
-2.0125156445556946	19.85554553695893
-2.0025031289111386	19.785787740852633
-1.9924906132665834	19.7200276825272
-1.9824780976220273	19.735851861844917
-1.9724655819774712	19.892354333056584
-1.962453066332916	19.87553036438673
-1.95244055068836	19.78588847727285
-1.9424280350438048	19.705041613203036
-1.9324155193992487	19.584559251052102
-1.9224030037546935	19.400662025691688
-1.9123904881101375	19.268286024157224
-1.9023779724655814	19.394064801199065
-1.8923654568210262	19.504233119530486
-1.8823529411764701	19.557758328745578
-1.872340425531915	19.672938175286312
-1.8623279098873589	19.77574400977035
-1.8523153942428037	19.824840975507787
-1.8423028785982476	19.84954521790247
-1.8322903629536915	19.89634646300251
-1.8222778473091363	20.13670466811222
-1.8122653316645803	20.32241194735966
-1.802252816020025	20.53611675236656
-1.792240300375469	20.526638114213952
-1.7822277847309138	20.686412245895742
-1.7722152690863577	20.93092148252856
-1.7622027534418017	21.131728807234765
-1.7521902377972465	21.256633927078468
-1.7421777221526904	21.391590224625734
-1.7321652065081352	21.391209353724328
-1.7221526908635791	21.651007835236474
-1.712140175219024	21.908181922841866
-1.7021276595744679	22.122755651978146
-1.6921151439299118	22.22598807629562
-1.6821026282853566	22.528405578037894
-1.6720901126408005	22.68464180953336
-1.6620775969962454	22.81800493082312
-1.6520650813516893	22.99881857348079
-1.642052565707134	23.21417409862125
-1.632040050062578	23.499872119651595
-1.622027534418022	23.763937120075006
-1.6120150187734668	24.120142648867414
-1.6020025031289107	24.3643817863029
-1.5919899874843555	24.571636672540766
-1.5819774718397994	24.77575312413027
-1.5719649561952442	24.95509456958583
-1.5619524405506882	25.380143256646367
-1.551939924906132	25.866578478293853
-1.541927409261577	26.359743724170652
-1.5319148936170208	26.70841329068474
-1.5219023779724656	27.161534453991983
-1.5118898623279096	27.69623391936324
-1.5018773466833544	28.10210775870118
-1.4918648310387983	28.42263944010539
-1.4818523153942422	28.761861484631453
-1.471839799749687	28.99603343287336
-1.461827284105131	29.263950837502584
-1.4518147684605758	29.579900717817555
-1.4418022528160197	30.001104775671628
-1.4317897371714645	30.386193886455285
-1.4217772215269084	30.748950747735655
-1.4117647058823524	31.151368076087643
-1.4017521902377972	31.661356296717646
-1.391739674593241	32.11715916554498
-1.381727158948686	32.599708198541535
-1.3717146433041298	32.96556394442219
-1.3617021276595747	33.377310213229784
-1.3516896120150186	33.75211211150062
-1.3416770963704625	34.3057137097218
-1.3316645807259073	34.95220276915176
-1.3216520650813512	35.49218507932498
-1.311639549436796	35.96587596078121
-1.30162703379224	36.28982658963042
-1.2916145181476848	36.54674035559736
-1.2816020025031287	36.96804385866064
-1.2715894868585726	37.3483281778084
-1.2615769712140175	37.81133241512186
-1.2515644555694614	38.37275288455264
-1.2415519399249062	38.809623354212654
-1.2315394242803501	39.17022725898848
-1.221526908635795	39.53637658904915
-1.2115143929912389	39.86824356297197
-1.2015018773466828	40.10889588515183
-1.1914893617021276	40.34577281881891
-1.1814768460575715	40.69840018182612
-1.1714643304130163	41.0845417432224
-1.1614518147684603	41.41257819669766
-1.151439299123905	41.6813294682412
-1.141426783479349	41.82826846207507
-1.131414267834793	41.88739861537619
-1.1214017521902377	41.953154719902734
-1.1113892365456817	42.06157940185098
-1.1013767209011265	42.205228071625626
-1.0913642052565704	42.35278756465249
-1.0813516896120152	42.5099302550497
-1.0713391739674591	42.72083608813742
-1.061326658322903	42.886421801176276
-1.0513141426783479	42.981988462525386
-1.0413016270337918	43.11803548266009
-1.0312891113892366	43.33070481774147
-1.0212765957446805	43.67124375547657
-1.0112640801001254	44.124002085043806
-1.0012515644555693	44.64784530477159
-0.9912390488110132	45.04913527654955
-0.981226533166458	45.24341172675745
-0.971214017521902	45.27064383936151
-0.9612015018773468	45.17293533130294
-0.9511889862327907	45.23363889879572
-0.9411764705882355	45.14162522598124
-0.9311639549436794	44.933194355297104
-0.9211514392991234	44.62967454378205
-0.9111389236545682	44.232482534823234
-0.9011264080100121	43.83324583450074
-0.8911138923654569	43.6165158419787
-0.8811013767209008	43.55477100101822
-0.8710888610763456	43.464016641458926
-0.8610763454317896	43.26369971075414
-0.8510638297872335	43.013642764700045
-0.8410513141426783	42.85400490546265
-0.8310387984981222	42.75179719600367
-0.821026282853567	42.7009049816322
-0.811013767209011	42.603153607502435
-0.8010012515644558	42.42615700961948
-0.7909887359198997	42.40417910697632
-0.7809762202753436	42.48284279206932
-0.7709637046307884	42.47133162106909
-0.7609511889862324	42.44694384355567
-0.7509386733416772	42.40731309857393
-0.7409261576971211	42.375316188336576
-0.7309136420525659	42.38662544495245
-0.7209011264080099	42.44322446958847
-0.7108886107634538	42.47051084176667
-0.7008760951188986	42.51528491807546
-0.6908635794743425	42.62474882443062
-0.6808510638297873	42.86327721686845
-0.6708385481852313	43.12734645800214
-0.6608260325406761	43.353766890342605
-0.65081351689612	43.48013524747615
-0.6408010012515639	43.65277362372279
-0.6307884856070087	43.799390146911705
-0.6207759699624527	43.968570840612436
-0.6107634543178975	44.266933704942915
-0.6007509386733414	44.66953427812309
-0.5907384230287862	44.98579193485471
-0.5807259073842301	45.28895694438953
-0.5707133917396741	45.50398875506815
-0.5607008760951189	45.67468723536968
-0.5506883604505628	45.72277772146737
-0.5406758448060076	45.74589468979422
-0.5306633291614515	45.786073429538156
-0.5206508135168963	45.71170800464881
-0.5106382978723403	45.642172498467815
-0.5006257822277842	45.64125738822605
-0.490613266583229	45.623873097708305
-0.48060075093867294	45.58623457358734
-0.47058823529411775	45.59670049865095
-0.4605757196495617	45.637211404337805
-0.4505632040050065	45.77485837932514
-0.4405506883604504	45.91376537269918
-0.43053817271589434	46.06727279983688
-0.42052565707133915	46.231433885017516
-0.4105131414267831	46.387665129630946
-0.4005006257822279	46.476396145037775
-0.3904881101376718	46.474155350658314
-0.38047559449311663	46.46176485856043
-0.37046307884856056	46.47706366077815
-0.3604505632040045	46.529234531088406
-0.3504380475594493	46.485682195540384
-0.3404255319148932	46.353699962334645
-0.33041301627033803	46.18210032934368
-0.32040050062578196	46.021498628876586
-0.3103879849812259	45.8735623490627
-0.3003754693366707	45.70932521665262
-0.2903629536921146	45.579241162525356
-0.28035043804755944	45.489580268743616
-0.27033792240300336	45.49173987614559
-0.2603254067584482	45.523005831551075
-0.2503128911138921	45.51972681833194
-0.24030037546933602	45.507186069517154
-0.23028785982478084	45.42099471862359
-0.22027534418022476	45.33494206803338
-0.21026282853566958	45.27862951042666
-0.2002503128911135	45.08336894100609
-0.19023779724655832	44.81428907367318
-0.18022528160200224	44.52941738149258
-0.17021276595744617	44.26076718116218
-0.16020025031289098	44.03208197596104
-0.1501877346683349	43.83764627109476
-0.14017521902377972	43.64448240065023
-0.13016270337922364	43.426252301536415
-0.12015018773466846	43.18765081127656
-0.11013767209011238	43.01938262354397
-0.10012515644555631	42.88252522912895
-0.09011264080100112	42.68992127335893
-0.08010012515644505	42.47151275188084
-0.07008760951188986	42.213135897709115
-0.060075093867333784	41.910295002842915
-0.0500625782227786	41.50988413501135
-0.04005006257822252	41.15636983963744
-0.030037546933666448	40.90171631703262
-0.02002503128911126	40.635160920520285
-0.010012515644555187	40.23859259025796
0.0	39.75944624200956
