-8.0	12.109952702047027
-7.989987484355444	12.472587787795504
-7.979974968710889	12.781745899476592
-7.969962453066333	13.005074554248848
-7.9599499374217775	13.146116457363325
-7.949937421777221	13.264249633591056
-7.939924906132666	13.388135665185843
-7.92991239048811	13.476244393476128
-7.919899874843554	13.482604637402591
-7.909887359198999	13.395542882078557
-7.899874843554443	13.244591680139312
-7.889862327909888	13.076540305791479
-7.8798498122653315	12.894834344938268
-7.869837296620776	12.656701589837597
-7.85982478097622	12.301559438416303
-7.849812265331664	11.889315369899636
-7.839799749687109	11.521763386809525
-7.829787234042553	11.123809293693213
-7.819774718397998	10.667831149210098
-7.809762202753442	10.179931812310748
-7.7997496871088865	9.718913590178651
-7.78973717146433	9.337327742165657
-7.779724655819774	8.998058601589422
-7.769712140175219	8.626516085635433
-7.759699624530663	8.22070157523235
-7.749687108886108	7.8756105168478925
-7.739674593241552	7.518960452005946
-7.729662077596997	7.202227530915205
-7.719649561952441	6.939677302281787
-7.7096370463078845	6.650057934905949
-7.699624530663329	6.274727244772697
-7.689612015018773	5.9186074246590685
-7.679599499374218	5.751398599603618
-7.669586983729662	5.562909563709654
-7.659574468085107	5.300732442930239
-7.649561952440551	5.085724190606889
-7.639549436795995	4.9497074079933965
-7.629536921151439	4.760421718176599
-7.619524405506883	4.615084704506286
-7.609511889862328	4.653023329159259
-7.599499374217772	4.6718251726533655
-7.589486858573217	4.675254274096932
-7.579474342928661	4.654961352285143
-7.569461827284105	4.6753111482369185
-7.55944931163955	4.71727748414083
-7.5494367959949935	4.752294058332153
-7.539424280350438	4.795814542972395
-7.529411764705882	4.858263226856514
-7.519399249061326	4.891717406862664
-7.509386733416771	4.921258057397998
-7.499374217772215	4.949953029829469
-7.48936170212766	5.014781205108603
-7.479349186483104	5.083651820243422
-7.4693366708385485	5.117563552246428
-7.459324155193992	5.150795913113733
-7.449311639549437	5.161934209154016
-7.439299123904881	5.159670184705962
-7.429286608260325	5.161133052947507
-7.41927409261577	5.174919481281265
-7.409261576971214	5.220255620332446
-7.399249061326659	5.308874817598983
-7.3892365456821025	5.416366476797481
-7.3792240300375465	5.48786677221406
-7.369211514392991	5.535087215574525
-7.359198998748435	5.6020561301018
-7.34918648310388	5.704208980512964
-7.339173967459324	5.869986963632101
-7.329161451814769	6.12303904535939
-7.319148936170213	6.438332278746034
-7.3091364205256575	6.845060373408404
-7.299123904881101	7.3845208276006105
-7.289111389236545	8.030086115395084
-7.27909887359199	8.71619337923596
-7.269086357947434	9.488571475755398
-7.259073842302879	10.367537896846473
-7.249061326658323	11.433421310721352
-7.239048811013767	12.693498843599846
-7.2290362953692116	13.945647585149725
-7.2190237797246555	15.003393718647004
-7.2090112640801	15.962418000152674
-7.198998748435544	16.883598595290213
-7.188986232790989	17.76807681434526
-7.178973717146433	18.583917657201297
-7.168961201501878	19.29954477018064
-7.158948685857322	19.89146867488121
-7.148936170212766	20.35532721610894
-7.13892365456821	20.680857855110304
-7.128911138923654	20.86857146150846
-7.118898623279099	20.925647006920244
-7.108886107634543	20.85074395053458
-7.098873591989987	20.633472931295504
-7.088861076345432	20.248003030374168
-7.078848560700876	19.68118211878589
-7.068836045056321	18.979019891664922
-7.0588235294117645	18.183639267019338
-7.048811013767209	17.31490149158977
-7.038798498122653	16.485751133889615
-7.028785982478098	15.734527661147439
-7.018773466833542	15.015937600760347
-7.008760951188986	14.287899469662358
-6.998748435544431	13.576327066097253
-6.988735919899875	12.865981992380096
-6.9787234042553195	12.16216555563165
-6.968710888610763	11.535027445666358
-6.958698372966207	11.002830530098027
-6.948685857321652	10.563322653640299
-6.938673341677096	10.194518031302078
-6.928660826032541	9.876831290014811
-6.918648310387985	9.635431548877806
-6.908635794743429	9.469401641916187
-6.8986232790988735	9.319288845176839
-6.888610763454318	9.149753887321678
-6.878598247809762	8.969547653993333
-6.868585732165206	8.756298861460282
-6.858573216520651	8.499564659221434
-6.848560700876095	8.20313571185596
-6.83854818523154	7.888760134430861
-6.828535669586984	7.576636568560857
-6.818523153942428	7.267205945342
-6.808510638297872	6.971536285374123
-6.798498122653316	6.695864840605497
-6.788485607008761	6.446030740253145
-6.778473091364205	6.230814771394985
-6.768460575719649	6.016975622604812
-6.758448060075094	5.7960986249886846
-6.748435544430539	5.5834820823283815
-6.7384230287859825	5.400480826171305
-6.7284105131414265	5.286166468322264
-6.718397997496871	5.213159945070813
-6.708385481852315	5.104237567939107
-6.69837296620776	4.964965047844365
-6.688360450563204	4.806264570850385
-6.678347934918648	4.645032470775012
-6.668335419274093	4.486061414648876
-6.658322903629537	4.317396802566842
-6.648310387984981	4.14452200334971
-6.638297872340425	3.9806788877063672
-6.628285356695869	3.8028316157580946
-6.618272841051314	3.638087704294207
-6.608260325406759	3.5133007354758514
-6.598247809762203	3.4053885424886063
-6.588235294117647	3.3040450746167824
-6.578222778473092	3.2145440682138866
-6.5682102628285355	3.144451651450636
-6.55819774718398	3.1003521375396166
-6.548185231539424	3.0808505149228385
-6.538172715894868	3.0480350218766556
-6.528160200250313	3.015462847359656
-6.518147684605757	2.9984598978910566
-6.508135168961202	2.9816294069742537
-6.498122653316646	2.959308402399018
-6.4881101376720896	2.9453312317704916
-6.478097622027534	2.9408950952919066
-6.468085106382979	2.9504872957244364
-6.458072590738423	2.9773636794355407
-6.448060075093867	3.057087162585641
-6.438047559449312	3.1264172892662865
-6.428035043804756	3.2640183730493755
-6.418022528160201	3.510588928512026
-6.4080100125156445	3.992183610311905
-6.397997496871088	4.416418962662896
-6.387984981226533	5.010672832832084
-6.377972465581977	6.35407564006078
-6.367959949937422	8.001054134510124
-6.357947434292866	9.630225856462484
-6.34793491864831	11.192946096653069
-6.337922403003755	12.154884173502856
-6.3279098873591995	13.023252400747594
-6.317897371714643	13.916167182213
-6.307884856070087	14.935697742589763
-6.297872340425532	15.568082212131076
-6.287859824780976	16.013996636010678
-6.277847309136421	16.45751067308147
-6.267834793491865	16.892484268889426
-6.257822277847309	17.243002139826615
-6.2478097622027535	17.493607190498874
-6.2377972465581975	17.78744524767205
-6.227784730913642	18.084730861167845
-6.217772215269086	18.506584708446297
-6.20775969962453	18.926906881386802
-6.197747183979975	19.47233609720519
-6.18773466833542	20.105576622928893
-6.177722152690864	20.800294539886295
-6.167709637046308	21.574879532480836
-6.157697121401752	22.3598532906948
-6.147684605757196	23.24827321450166
-6.137672090112641	24.233660167797666
-6.127659574468085	25.259091046309155
-6.117647058823529	26.317768145770586
-6.107634543178974	27.34623665904285
-6.097622027534418	28.38275693741471
-6.0876095118898625	29.41411914071046
-6.0775969962453065	30.440426645609193
-6.06758448060075	31.434919359318048
-6.057571964956195	32.326920648880595
-6.04755944931164	33.09535789560094
-6.037546933667084	33.75017603139878
-6.027534418022528	34.31465280349796
-6.017521902377973	34.701209223609055
-6.007509386733417	34.89810529348679
-5.997496871088861	34.95695797260304
-5.987484355444305	34.92639695111032
-5.977471839799749	34.78372343109006
-5.967459324155194	34.52994739646036
-5.957446808510639	34.20225240771812
-5.947434292866083	33.75335757451203
-5.937421777221527	33.21243729443385
-5.927409261576971	32.679637383166224
-5.9173967459324155	32.040010611845354
-5.90738423028786	31.270513623144016
-5.897371714643304	30.390015490075292
-5.887359198998748	29.41526042928849
-5.877346683354192	28.51925393542801
-5.867334167709637	27.662060374148258
-5.857321652065082	26.708708328566363
-5.847309136420526	25.84014615415528
-5.83729662077597	25.062743827820157
-5.827284105131414	24.212079927901677
-5.817271589486858	23.40006473742922
-5.807259073842303	22.523868401166546
-5.797246558197747	21.70108895572407
-5.787234042553191	21.105434356099988
-5.777221526908636	20.385222481172864
-5.767209011264081	19.36623857161378
-5.7571964956195245	18.25644164780456
-5.747183979974968	17.303889903037923
-5.737171464330412	16.567114496124987
-5.727158948685857	16.032878504825792
-5.717146433041302	15.28399373720407
-5.707133917396746	14.63376621170731
-5.69712140175219	13.808523152028503
-5.687108886107635	13.146688310583588
-5.677096370463079	12.703089523440802
-5.667083854818523	12.454410184187907
-5.657071339173967	12.286725688448684
-5.647058823529411	12.143708578926255
-5.637046307884856	11.90759072152898
-5.627033792240301	11.803684764959831
-5.617021276595745	11.734611794473048
-5.607008760951189	11.721404100208984
-5.596996245306633	11.713519947334301
-5.5869837296620775	11.646205553501707
-5.576971214017522	11.560529324005284
-5.566958698372966	11.621115786420848
-5.55694618272841	11.55144040072113
-5.546933667083855	12.056212117809702
-5.536921151439299	12.321996726241489
-5.526908635794744	13.128362550565567
-5.516896120150188	13.524889998390437
-5.5068836045056315	14.039664303651731
-5.496871088861076	14.546302566316086
-5.486858573216521	15.851120555312916
-5.476846057571965	17.20877542979374
-5.466833541927409	18.137127357049742
-5.456821026282853	19.06995170594827
-5.446808510638298	19.995547917278664
-5.4367959949937426	21.080106244945263
-5.4267834793491865	21.84085410741213
-5.41677096370463	22.38917664104495
-5.406758448060075	22.975776424569755
-5.396745932415519	23.533126820625334
-5.386733416770964	23.88998676776438
-5.376720901126408	24.066857379788875
-5.366708385481852	24.168366967106934
-5.356695869837297	24.369403330900756
-5.346683354192741	24.561827527616675
-5.336670838548185	24.75061101527636
-5.326658322903629	25.15119722078066
-5.316645807259073	25.698175545443327
-5.306633291614518	26.249303445968206
-5.296620775969963	26.918342686920028
-5.286608260325407	27.708147494022977
-5.276595744680851	28.766165994887164
-5.2665832290362955	29.77501129208051
-5.256570713391739	30.68842431004359
-5.246558197747184	31.696782257982207
-5.236545682102628	32.80630349154688
-5.226533166458072	33.887987122426445
-5.216520650813517	34.930839521107856
-5.206508135168962	35.87285264385847
-5.196495619524406	36.70598382021492
-5.18648310387985	37.44228456019055
-5.1764705882352935	38.11420074285453
-5.166458072590738	38.911664738611194
-5.156445556946183	39.67837197018751
-5.146433041301627	40.29118952920958
-5.136420525657071	40.82184104485133
-5.126408010012516	41.30917199408805
-5.11639549436796	41.77500158488975
-5.1063829787234045	42.12201536979185
-5.0963704630788484	42.217923530632326
-5.086357947434292	42.16541144628894
-5.076345431789737	42.05966452829042
-5.066332916145182	41.98435956244158
-5.056320400500626	41.94589959406773
-5.04630788485607	41.92829344583112
-5.036295369211514	41.81313818876626
-5.026282853566959	41.5679729024253
-5.016270337922403	41.23767854737449
-5.006257822277847	40.86551500096974
-4.996245306633291	40.43725742730362
-4.986232790988735	40.0589363481645
-4.97622027534418	39.650938220257615
-4.966207759699625	39.19644312653133
-4.956195244055069	38.758501247906906
-4.946182728410513	38.278678809177855
-4.9361702127659575	37.59788828618549
-4.926157697121402	36.74991852786329
-4.916145181476846	35.917816008887385
-4.90613266583229	35.105550814068046
-4.896120150187734	34.19400612158323
-4.886107634543179	33.15430810609155
-4.876095118898624	32.05213800825432
-4.866082603254068	30.9679993878328
-4.8560700876095115	29.909240172410843
-4.8460575719649555	28.88985979795994
-4.8360450563204	27.96947766980608
-4.826032540675845	27.049096428143198
-4.816020025031289	26.223455850775643
-4.806007509386733	25.50005522886748
-4.795994993742178	24.845400584737945
-4.785982478097623	24.259455214019695
-4.7759699624530665	23.859069392322546
-4.76595744680851	23.56880970087092
-4.755944931163954	23.35948330804167
-4.745932415519399	23.246333737414577
-4.735919899874844	23.187014214109404
-4.725907384230288	23.140277341472274
-4.715894868585732	23.103737508239977
-4.705882352941176	23.08114195203883
-4.6958698372966206	23.067810497472415
-4.685857321652065	23.059803281738102
-4.675844806007509	23.054834463921168
-4.665832290362953	23.05157955849593
-4.655819774718398	23.04932689252534
-4.645807259073843	23.047699366509338
-4.635794743429287	23.046486992612696
-4.625782227784731	23.0455638064325
-4.615769712140175	23.04484872870411
-4.605757196495619	23.044286682593228
-4.595744680851064	23.043838865361423
-4.585732165206508	23.043477295793963
-4.575719649561952	23.043181494989405
-4.565707133917396	23.042936325440305
-4.555694618272841	23.042730515603484
-4.545682102628286	23.042555620972752
-4.53566958698373	23.04240527845773
-4.5256570713391735	23.042274664989797
-4.515644555694618	23.04216010151769
-4.505632040050063	23.042058761913783
-4.495619524405507	23.041968458217795
-4.485607008760951	23.041887481728924
-4.475594493116395	23.041814485113363
-4.46558197747184	23.041748394722244
-4.4555694618272845	23.041688345217604
-4.4455569461827285	23.041633630706983
-4.435544430538172	23.04158366812116
-4.425531914893616	23.041537969689543
-4.415519399249061	23.04149612218966
-4.405506883604506	23.041457771250005
-4.39549436795995	23.041422609430263
-4.385481852315394	23.041390367130766
-4.375469336670839	23.041360805625214
-4.365456821026283	23.04133371169018
-4.355444305381727	23.04130889343853
-4.345431789737171	23.041286177062286
-4.335419274092615	23.04126540426491
-4.32540675844806	23.04124643021725
-4.315394242803505	23.041229121913325
-4.305381727158949	23.041213356831847
-4.295369211514393	23.04119902183355
-4.285356695869837	23.041186012240516
-4.275344180225281	23.041174231057678
-4.265331664580726	23.04116358830572
-4.25531914893617	23.041154000442255
-4.245306633291614	23.04114538985368
-4.235294117647059	23.041137684404163
-4.225281602002504	23.041130817031522
-4.215269086357948	23.041124725381916
-4.2052565707133915	23.041119351477327
-4.1952440550688355	23.041114641411024
-4.18523153942428	23.041110545067053
-4.175219023779725	23.041107015861105
-4.165206508135169	23.041104010500135
-4.155193992490613	23.04110148875884
-4.145181476846057	23.04109941327141
-4.135168961201502	23.041097749337347
-4.1251564455569465	23.041096464739972
-4.11514392991239	23.041095529577003
-4.105131414267834	23.04109491610195
-4.095118898623279	23.041094598575953
-4.085106382978723	23.04109455312915
-4.075093867334168	23.041094757631083
-4.065081351689612	23.041095191569525
-4.055068836045056	23.041095835937234
-4.045056320400501	23.041096673126155
-4.035043804755945	23.041097686828568
-4.025031289111389	23.041098861944942
-4.015018773466833	23.041100184497733
-4.005006257822277	23.041101641551176
-3.994993742177722	23.041103221136485
-3.9849812265331668	23.041104912181975
-3.9749687108886107	23.041106704443767
-3.9649561952440546	23.041093962992033
-3.9549436795994994	22.964871785007027
-3.9449311639549434	22.834527799346475
-3.934918648310388	22.7214652175676
-3.924906132665832	22.464824455422356
-3.914893617021277	22.058452192015615
-3.904881101376721	21.042816350039935
-3.8948685857321648	20.944673014144737
-3.8848560700876096	20.092075928824475
-3.8748435544430535	18.217136154718762
-3.8648310387984983	16.380719490667417
-3.8548185231539422	15.14715276375419
-3.844806007509387	13.506118219852343
-3.834793491864831	11.949903418938664
-3.824780976220275	10.667538863287366
-3.8147684605757197	8.818419425138151
-3.8047559449311636	7.82831190954334
-3.7947434292866085	7.516720114492258
-3.7847309136420524	7.017342124322436
-3.774718397997497	7.610013685711265
-3.764705882352941	7.951349710060625
-3.754693366708385	8.268059930042513
-3.74468085106383	10.195963329176848
-3.734668335419274	12.59269842207579
-3.7246558197747186	15.67331570683375
-3.7146433041301625	17.628069607680384
-3.7046307884856065	19.300889440509575
-3.6946182728410513	20.87553448077065
-3.684605757196495	22.819698686439235
-3.67459324155194	23.55296293491759
-3.664580725907384	24.195371108689248
-3.6545682102628287	24.411747216193685
-3.6445556946182727	24.735857319956807
-3.6345431789737166	25.002896896825337
-3.6245306633291614	25.002886468517993
-3.6145181476846053	25.35841562404589
-3.60450563204005	25.496640022687075
-3.594493116395494	25.496627855682796
-3.584480600750939	25.496615079837056
-3.574468085106383	25.496601666054406
-3.5644555694618267	25.496587585901505
-3.5544430538172715	25.496572810148376
-3.5444305381727155	25.496557308819206
-3.5344180225281603	25.496541051258486
-3.524405506883604	25.49652400621438
-3.514392991239049	25.496506141942355
-3.504380475594493	25.496487426332337
-3.494367959949937	25.496467827062865
-3.4843554443053817	25.496447311786476
-3.4743429286608256	25.49642584835116
-3.4643304130162704	25.496403405063123
-3.4543178973717144	25.496379950997387
-3.444305381727159	25.496355456362863
-3.434292866082603	25.496329892930362
-3.424280350438047	25.496303234532473
-3.414267834793492	25.496275457645964
-3.4042553191489358	25.49624654206856
-3.3942428035043806	25.496216471703715
-3.3842302878598245	25.496185235468893
-3.3742177722152693	25.49615282834507
-3.3642052565707132	25.496119252587302
-3.354192740926157	25.496084519119588
-3.344180225281602	25.496048649139656
-3.334167709637046	25.496011675963384
-3.3241551939924907	25.495973647142343
-3.3141426783479346	25.495934626892677
-3.3041301627033794	25.495894698878306
-3.2941176470588234	25.495853969397842
-3.2841051314142673	25.495812571030537
-3.274092615769712	25.495770666804216
-3.264080100125156	25.49572845495671
-3.254067584480601	25.495686174370864
-3.2440550688360448	25.495644110774606
-3.2340425531914896	25.49560260380815
-3.2240300375469335	25.495562055074814
-3.2140175219023774	25.495522937305136
-3.2040050062578223	25.495485804781683
-3.193992490613266	25.49545130518948
-3.183979974968711	25.495420193078356
-3.173967459324155	25.495393345146507
-3.1639549436795997	25.495371777581788
-3.1539424280350437	25.49535666572832
-3.1439299123904876	25.49534936638245
-3.1339173967459324	25.495351443066966
-3.1239048811013763	25.49536469468631
-3.113892365456821	25.4953911880369
-3.103879849812265	25.495433294737605
-3.09386733416771	25.495493733272028
-3.083854818523154	25.495575617009084
-3.0738423028785977	25.495682509318826
-3.0638297872340425	25.495818487266934
-3.0538172715894865	25.49598821591241
-3.0438047559449313	25.496197036047732
-3.033792240300375	25.49645106945716
-3.02377972465582	25.496757347671046
-3.013767209011264	25.49712397315773
-3.003754693366708	25.49756032658439
-2.9937421777221527	25.49807734134572
-2.9837296620775966	25.49868787906842
-2.9737171464330414	25.499407261077987
-2.9637046307884853	25.50025404824882
-2.95369211514393	25.501251229953677
-2.943679599499374	25.502428112265257
-2.933667083854818	25.503823450733645
-2.923654568210263	25.505490899797714
-2.9136420525657067	25.50750902213104
-2.9036295369211516	25.510001150893533
-2.8936170212765955	25.51318111701976
-2.8836045056320403	25.51749449032232
-2.873591989987484	25.52425278076956
-2.863579474342928	25.538817884591772
-2.853566958698373	25.575036417083023
-2.843554443053817	25.627290236554302
-2.8335419274092617	25.707978278834897
-2.8235294117647056	25.83057889988745
-2.8135168961201504	26.029096956568377
-2.8035043804755944	26.378869545428408
-2.7934918648310383	26.79664534027342
-2.783479349186483	27.309286158284372
-2.773466833541927	27.95523195137735
-2.763454317897372	28.698778409553437
-2.7534418022528158	29.508301280651022
-2.7434292866082606	30.430468786539937
-2.7334167709637045	31.469483539062125
-2.7234042553191484	32.5383341300378
-2.7133917396745932	33.641943465294496
-2.703379224030037	34.73184114047687
-2.693366708385482	35.73418426823426
-2.683354192740926	36.675455631462555
-2.6733416770963707	37.61721006124228
-2.6633291614518146	38.551017530295724
-2.6533166458072586	39.506840666302296
-2.6433041301627034	40.49086460656426
-2.6332916145181473	41.45100577904387
-2.623279098873592	42.276491125456495
-2.613266583229036	42.998536355224736
-2.603254067584481	43.70046518382122
-2.593241551939925	44.38183718274152
-2.5832290362953687	45.03826891175401
-2.5732165206508135	45.660544931408744
-2.5632040050062574	46.20145267533249
-2.5531914893617023	46.63392742400017
-2.543178973717146	46.9456043214922
-2.533166458072591	47.17111926489551
-2.523153942428035	47.36717204811838
-2.513141426783479	47.55605941439488
-2.5031289111389237	47.634113010678945
-2.4931163954943676	47.52885824075326
-2.4831038798498124	47.23147671409752
-2.4730913642052563	46.83048999318185
-2.463078848560701	46.40166229269767
-2.453066332916145	45.93567589675643
-2.443053817271589	45.360319326211915
-2.433041301627034	44.64985240123459
-2.4230287859824777	43.776306435000336
-2.4130162703379225	42.7207412956629
-2.4030037546933665	41.532970986449115
-2.3929912390488113	40.21425203756949
-2.382978723404255	38.82202988177314
-2.372966207759699	37.3306343543466
-2.362953692115144	35.805943134433655
-2.352941176470588	34.51636859829052
-2.3429286608260327	33.383726873636945
-2.3329161451814766	32.32828651817023
-2.3229036295369214	31.33859205739167
-2.3128911138923653	30.40309114893935
-2.3028785982478093	29.50335559440196
-2.292866082603254	28.77324752513733
-2.282853566958698	28.135853207110145
-2.272841051314143	27.455669841853293
-2.2628285356695867	26.91306883930007
-2.2528160200250316	26.491215565009718
-2.2428035043804755	26.153229549140995
-2.2327909887359194	25.909074288333823
-2.2227784730913642	25.779633622461315
-2.212765957446808	25.71982719570382
-2.202753441802253	25.684703466080325
-2.192740926157697	25.59964921438276
-2.1827284105131417	25.531815297409118
-2.1727158948685856	25.520082874667953
-2.1627033792240296	25.51537284392208
-2.1526908635794744	25.51209888724777
-2.1426783479349183	25.509627450211216
-2.132665832290363	25.50771572946609
-2.122653316645807	25.506210487546046
-2.112640801001252	25.505005789070097
-2.1026282853566958	25.504025946163413
-2.0926157697121397	25.50321577221974
-2.0826032540675845	25.50253447567827
-2.0725907384230284	25.50195162488299
-2.0625782227784732	25.501444373432573
-2.052565707133917	25.50099549565703
-2.042553191489362	25.500591965193227
-2.032540675844806	25.50008033194832
-2.02252816020025	25.39829969261257
-2.0125156445556946	25.433954578974237
-2.0025031289111386	25.384685058444852
-1.9924906132665834	25.33291860148195
-1.9824780976220273	25.314888452947297
-1.9724655819774712	25.281489634150873
-1.962453066332916	25.084720629394177
-1.95244055068836	24.79028833115032
-1.9424280350438048	25.34968530868665
-1.9324155193992487	26.195494389606786
-1.9224030037546935	26.48703160747475
-1.9123904881101375	27.08644833800553
-1.9023779724655814	27.165342506522205
-1.8923654568210262	27.595341357623006
-1.8823529411764701	27.977513050433927
-1.872340425531915	28.67078397659924
-1.8623279098873589	29.141242971900414
-1.8523153942428037	29.250873961193673
-1.8423028785982476	29.679379069177006
-1.8322903629536915	29.780600397152806
-1.8222778473091363	29.89041119880736
-1.8122653316645803	29.896671544062393
-1.802252816020025	29.896872645666548
-1.792240300375469	29.958837020467605
-1.7822277847309138	29.979402094256955
-1.7722152690863577	29.979717198085353
-1.7622027534418017	29.98009414406522
-1.7521902377972465	29.980550658630463
-1.7421777221526904	29.981108597878436
-1.7321652065081352	29.981797750242006
-1.7221526908635791	29.982659639631045
-1.712140175219024	29.9837536018159
-1.7021276595744679	29.985166733313505
-1.6921151439299118	29.987030605699655
-1.6821026282853566	29.98955013675815
-1.6720901126408005	29.993054980137565
-1.6620775969962454	29.99809380243275
-1.6520650813516893	30.005611161021193
-1.642052565707134	30.01727822956803
-1.632040050062578	30.036079343533565
-1.622027534418022	30.067239016288518
-1.6120150187734668	30.119143943970002
-1.6020025031289107	30.201712698819584
-1.5919899874843555	30.324284938701393
-1.5819774718397994	30.493642540829136
-1.5719649561952442	30.752395770683858
-1.5619524405506882	31.239638302910322
-1.551939924906132	31.89859664038966
-1.541927409261577	32.72066364811009
-1.5319148936170208	33.68614202114982
-1.5219023779724656	34.73509530402238
-1.5118898623279096	35.829904309337344
-1.5018773466833544	36.952186413584286
-1.4918648310387983	38.167891260887714
-1.4818523153942422	39.246761986788066
-1.471839799749687	40.33049993894651
-1.461827284105131	41.439233327022734
-1.4518147684605758	42.471157110623295
-1.4418022528160197	43.348908803042555
-1.4317897371714645	44.171692207944986
-1.4217772215269084	45.00915370349401
-1.4117647058823524	45.87884519370573
-1.4017521902377972	46.727039251010865
-1.391739674593241	47.45585483583412
-1.381727158948686	48.06909895352501
-1.3717146433041298	48.546524210965664
-1.3617021276595747	48.899361647003396
-1.3516896120150186	49.20237632298497
-1.3416770963704625	49.38450129050258
-1.3316645807259073	49.41201798159719
-1.3216520650813512	49.45255233890171
-1.311639549436796	49.555373926595124
-1.30162703379224	49.684263813247235
-1.2916145181476848	49.81253558150927
-1.2816020025031287	49.83016108899811
-1.2715894868585726	49.80878177990231
-1.2615769712140175	49.852208958097066
-1.2515644555694614	50.03922978793003
-1.2415519399249062	50.29447518190882
-1.2315394242803501	50.457865814700476
-1.221526908635795	50.50416844584571
-1.2115143929912389	50.484809243482175
-1.2015018773466828	50.50746043473521
-1.1914893617021276	50.677207132565435
-1.1814768460575715	50.84489585305049
-1.1714643304130163	50.9309702142407
-1.1614518147684603	50.90594293162806
-1.151439299123905	50.824001984016455
-1.141426783479349	50.75694226775615
-1.131414267834793	50.69766557084458
-1.1214017521902377	50.59881120876124
-1.1113892365456817	50.39391407103346
-1.1013767209011265	50.12823599158923
-1.0913642052565704	49.935509264393076
-1.0813516896120152	49.78023925834525
-1.0713391739674591	49.50292270079434
-1.061326658322903	49.07920841401922
-1.0513141426783479	48.502250103896195
-1.0413016270337918	47.94184710611475
-1.0312891113892366	47.420098431821415
-1.0212765957446805	46.86008628552519
-1.0112640801001254	46.27621911121567
-1.0012515644555693	45.62019783397877
-0.9912390488110132	44.78781966333241
-0.981226533166458	43.8731455983965
-0.971214017521902	43.03395724297792
-0.9612015018773468	42.353221366817635
-0.9511889862327907	41.68889683605082
-0.9411764705882355	40.933608212979856
-0.9311639549436794	40.249495164599736
-0.9211514392991234	39.78561596374007
-0.9111389236545682	39.510683849142175
-0.9011264080100121	39.365016356808546
-0.8911138923654569	39.31248037142352
-0.8811013767209008	39.25401493850475
-0.8710888610763456	39.159228365435965
-0.8610763454317896	39.08606864344114
-0.8510638297872335	38.98862666765785
-0.8410513141426783	38.89015651214942
-0.8310387984981222	38.997029680956054
-0.821026282853567	39.142998297212486
-0.811013767209011	39.274728129276966
-0.8010012515644558	39.58099210880089
-0.7909887359198997	39.89581538653906
-0.7809762202753436	40.014621646806674
-0.7709637046307884	40.23147221462416
-0.7609511889862324	40.613044631412706
-0.7509386733416772	40.973716666072015
-0.7409261576971211	41.45782264485173
-0.7309136420525659	42.08796648416934
-0.7209011264080099	42.755355740040805
-0.7108886107634538	43.396056585773096
-0.7008760951188986	44.100592486928235
-0.6908635794743425	44.85337169618936
-0.6808510638297873	45.483772485315285
-0.6708385481852313	46.05208103421543
-0.6608260325406761	46.58867172130793
-0.65081351689612	47.07542296830038
-0.6408010012515639	47.53087218571886
-0.6307884856070087	48.01948080947259
-0.6207759699624527	48.48276589608682
-0.6107634543178975	48.8175051847343
-0.6007509386733414	49.12236220395016
-0.5907384230287862	49.39421125825987
-0.5807259073842301	49.59978373536553
-0.5707133917396741	49.68339841420312
-0.5607008760951189	49.71630666606306
-0.5506883604505628	49.78015808960884
-0.5406758448060076	49.92837277290672
-0.5306633291614515	50.21052288918023
-0.5206508135168963	50.47605857633827
-0.5106382978723403	50.53243128897481
-0.5006257822277842	50.5054683386916
-0.490613266583229	50.496226740435496
-0.48060075093867294	50.510599085232215
-0.47058823529411775	50.55272628041262
-0.4605757196495617	50.66358912388053
-0.4505632040050065	50.77636339441006
-0.4405506883604504	50.8030580800106
-0.43053817271589434	50.79421801708249
-0.42052565707133915	50.80228423796783
-0.4105131414267831	50.822413506646534
-0.4005006257822279	50.71382005505199
-0.3904881101376718	50.445100865225974
-0.38047559449311663	50.19741163441705
-0.37046307884856056	49.920156288453114
-0.3604505632040045	49.60661255800782
-0.3504380475594493	49.38303633494549
-0.3404255319148932	49.25720444732411
-0.33041301627033803	49.17488043661103
-0.32040050062578196	49.088470487189404
-0.3103879849812259	48.95293505766047
-0.3003754693366707	48.719494387577505
-0.2903629536921146	48.43358869187254
-0.28035043804755944	48.15172608833604
-0.27033792240300336	47.878260191364355
-0.2603254067584482	47.55175504211515
-0.2503128911138921	47.14882198396185
-0.24030037546933602	46.776881485589186
-0.23028785982478084	46.52989911808337
-0.22027534418022476	46.22327989794599
-0.21026282853566958	45.782924509854915
-0.2002503128911135	45.2675032753678
-0.19023779724655832	44.70744249867667
-0.18022528160200224	44.18486735397498
-0.17021276595744617	43.65388356503893
-0.16020025031289098	43.03645909974174
-0.1501877346683349	42.339288582590655
-0.14017521902377972	41.603996729065265
-0.13016270337922364	40.87665081038734
-0.12015018773466846	40.11233990716897
-0.11013767209011238	39.181197708598766
-0.10012515644555631	38.209524479321956
-0.09011264080100112	37.54221734100365
-0.08010012515644505	37.04519293966393
-0.07008760951188986	36.74022217648277
-0.060075093867333784	36.52055828969993
-0.0500625782227786	36.26887408904133
-0.04005006257822252	35.99432312692674
-0.030037546933666448	36.02176467780761
-0.02002503128911126	36.354215629643974
-0.010012515644555187	36.682802750827875
0.0	37.028053108993944
