-8.0	2.4586516037682293
-7.989987484355444	2.394453378011446
-7.979974968710889	2.3338441127903575
-7.969962453066333	2.2961320107807657
-7.9599499374217775	2.2903940361655746
-7.949937421777221	2.313658280868485
-7.939924906132666	2.3552172011061425
-7.92991239048811	2.402801061147351
-7.919899874843554	2.4465105992618357
-7.909887359198999	2.4800200667561256
-7.899874843554443	2.5011136172262525
-7.889862327909888	2.5126546776480145
-7.8798498122653315	2.5227491420149204
-7.869837296620776	2.5423929179015405
-7.85982478097622	2.580763581309959
-7.849812265331664	2.640392536705914
-7.839799749687109	2.714931195379425
-7.829787234042553	2.7913373429036654
-7.819774718397998	2.856672695406542
-7.809762202753442	2.906763881694769
-7.7997496871088865	2.9507167339404083
-7.78973717146433	3.00616643262517
-7.779724655819774	3.0872894550876397
-7.769712140175219	3.194720617817035
-7.759699624530663	3.315498984358002
-7.749687108886108	3.433043951068383
-7.739674593241552	3.539922489930389
-7.729662077596997	3.64440894015789
-7.719649561952441	3.765351766369899
-7.7096370463078845	3.9177973027999893
-7.699624530663329	4.100280846194716
-7.689612015018773	4.295118962021155
-7.679599499374218	4.4819764269907205
-7.669586983729662	4.652354050475098
-7.659574468085107	4.812123377338492
-7.649561952440551	4.971494352655725
-7.639549436795995	5.1333771494748
-7.629536921151439	5.290454701598512
-7.619524405506883	5.431483228473383
-7.609511889862328	5.549969894682399
-7.599499374217772	5.648643617735214
-7.589486858573217	5.737173289705381
-7.579474342928661	5.824798897722418
-7.569461827284105	5.913356824824811
-7.55944931163955	5.996836777677093
-7.5494367959949935	6.0682097718103485
-7.539424280350438	6.127117110554378
-7.529411764705882	6.1813635932158
-7.519399249061326	6.2418384253255015
-7.509386733416771	6.31623593457431
-7.499374217772215	6.405769253321599
-7.48936170212766	6.50475954225725
-7.479349186483104	6.601963841061678
-7.4693366708385485	6.684062109099658
-7.459324155193992	6.741054953488916
-7.449311639549437	6.770656351638982
-7.439299123904881	6.778530382415628
-7.429286608260325	6.774257853761448
-7.41927409261577	6.765781852494625
-7.409261576971214	6.7555302384496665
-7.399249061326659	6.740017864611659
-7.3892365456821025	6.712726550771704
-7.3792240300375465	6.668398379062074
-7.369211514392991	6.60625759148643
-7.359198998748435	6.530574228346126
-7.34918648310388	6.44912214605731
-7.339173967459324	6.371236870571706
-7.329161451814769	6.3054077077146164
-7.319148936170213	6.254697543452014
-7.3091364205256575	6.211471565298003
-7.299123904881101	6.157791467793704
-7.289111389236545	6.07553869073646
-7.27909887359199	5.9603175390556915
-7.269086357947434	5.8267438058251715
-7.259073842302879	5.698854903024165
-7.249061326658323	5.592880692014655
-7.239048811013767	5.506751532222989
-7.2290362953692116	5.424313220341186
-7.2190237797246555	5.328962711518296
-7.2090112640801	5.214468508166583
-7.198998748435544	5.085759634084067
-7.188986232790989	4.952370729117578
-7.178973717146433	4.82154642367733
-7.168961201501878	4.694918670673684
-7.158948685857322	4.568676592141891
-7.148936170212766	4.436658255525972
-7.13892365456821	4.296005498391343
-7.128911138923654	4.152370860489496
-7.118898623279099	4.019176880475499
-7.108886107634543	3.909030963388567
-7.098873591989987	3.823563335187853
-7.088861076345432	3.750987993878252
-7.078848560700876	3.673664252404974
-7.068836045056321	3.5788606924802537
-7.0588235294117645	3.4650082592577203
-7.048811013767209	3.341439632504017
-7.038798498122653	3.2232514890019437
-7.028785982478098	3.1228973244120826
-7.018773466833542	3.0417744611579653
-7.008760951188986	2.9682979996857797
-6.998748435544431	2.8865409170877165
-6.988735919899875	2.7899271118869993
-6.9787234042553195	2.6876815130460714
-6.968710888610763	2.597229059954554
-6.958698372966207	2.5290521693890224
-6.948685857321652	2.4775710211796067
-6.938673341677096	2.425321983142619
-6.928660826032541	2.3557579857840616
-6.918648310387985	2.2644841599251544
-6.908635794743429	2.1623025898414134
-6.8986232790988735	2.069575055298075
-6.888610763454318	2.0052890951912725
-6.878598247809762	1.9764988007806854
-6.868585732165206	1.9745979774364184
-6.858573216520651	1.981312724913321
-6.848560700876095	1.9799310596725723
-6.83854818523154	1.9630141116459912
-6.828535669586984	1.9318475392733052
-6.818523153942428	1.890990483979005
-6.808510638297872	1.8446365157074096
-6.798498122653316	1.7973851475540494
-6.788485607008761	1.75616344201359
-6.778473091364205	1.7290505199770942
-6.768460575719649	1.7209878368741074
-6.758448060075094	1.73057112121609
-6.748435544430539	1.7515834199726095
-6.7384230287859825	1.7780828920406964
-6.7284105131414265	1.8078672325316196
-6.718397997496871	1.840779977005109
-6.708385481852315	1.8742624035020239
-6.69837296620776	1.9018468136016347
-6.688360450563204	1.9167290473661953
-6.678347934918648	1.9166371878340134
-6.668335419274093	1.9052970698647664
-6.658322903629537	1.8901617863872557
-6.648310387984981	1.8794007728861672
-6.638297872340425	1.8799643087284137
-6.628285356695869	1.8960214714651353
-6.618272841051314	1.927123422463817
-6.608260325406759	1.9673835665013357
-6.598247809762203	2.0074652637404142
-6.588235294117647	2.039132347586266
-6.578222778473092	2.0597567470829987
-6.5682102628285355	2.0738576041566055
-6.55819774718398	2.090525833616262
-6.548185231539424	2.118025394338656
-6.538172715894868	2.1586489127656394
-6.528160200250313	2.2071324130466805
-6.518147684605757	2.2540670612701894
-6.508135168961202	2.2924749833309654
-6.498122653316646	2.3233130522273457
-6.4881101376720896	2.356137772800814
-6.478097622027534	2.404042580566326
-6.468085106382979	2.4752350517660986
-6.458072590738423	2.5660799588803136
-6.448060075093867	2.6610684840630623
-6.438047559449312	2.741628286061996
-6.428035043804756	2.7982120477888475
-6.418022528160201	2.835612316448039
-6.4080100125156445	2.866753837706434
-6.397997496871088	2.9011604199102963
-6.387984981226533	2.938962171525044
-6.377972465581977	2.9748566737771918
-6.367959949937422	3.0064213139319036
-6.357947434292866	3.0374717114347582
-6.34793491864831	3.0722177031009084
-6.337922403003755	3.105081260139675
-6.3279098873591995	3.116703941047086
-6.317897371714643	3.0829670517897902
-6.307884856070087	2.9922999868270357
-6.297872340425532	2.8574316806125486
-6.287859824780976	2.7106726734655573
-6.277847309136421	2.585049511479417
-6.267834793491865	2.495301355804548
-6.257822277847309	2.4325692918217374
-6.2478097622027535	2.3752382643641075
-6.2377972465581975	2.306155668378972
-6.227784730913642	2.2233004646184917
-6.217772215269086	2.1379716034522556
-6.20775969962453	2.0645136298270343
-6.197747183979975	2.010507553711464
-6.18773466833542	1.973768114374969
-6.177722152690864	1.9460241178346116
-6.167709637046308	1.918591988910498
-6.157697121401752	1.885933247024004
-6.147684605757196	1.8469136698517699
-6.137672090112641	1.80585912849744
-6.127659574468085	1.773552328491215
-6.117647058823529	1.7653033643095495
-6.107634543178974	1.7941463201789654
-6.097622027534418	1.862246564109206
-6.0876095118898625	1.9573037941956102
-6.0775969962453065	2.058043594268693
-6.06758448060075	2.145339461411805
-6.057571964956195	2.2106799022261296
-6.04755944931164	2.2568752718247924
-6.037546933667084	2.293055398284913
-6.027534418022528	2.3289461353019876
-6.017521902377973	2.370966495081391
-6.007509386733417	2.4205635716021043
-5.997496871088861	2.4754457748195167
-5.987484355444305	2.5332503359126974
-5.977471839799749	2.5940950054139686
-5.967459324155194	2.658515019597001
-5.957446808510639	2.722419978494594
-5.947434292866083	2.7749599858952525
-5.937421777221527	2.8026799904028423
-5.927409261576971	2.7969103906442485
-5.9173967459324155	2.758604165724429
-5.90738423028786	2.6977491140892833
-5.897371714643304	2.6283608556426667
-5.887359198998748	2.5617976827102074
-5.877346683354192	2.5018571558907556
-5.867334167709637	2.444762660753457
-5.857321652065082	2.383892080890137
-5.847309136420526	2.3149497148723417
-5.83729662077597	2.2373267690040133
-5.827284105131414	2.152013172706892
-5.817271589486858	2.0599241650218008
-5.807259073842303	1.962887254422363
-5.797246558197747	1.8653474374645638
-5.787234042553191	1.7733333142813328
-5.777221526908636	1.6902636812345977
-5.767209011264081	1.6134233443893926
-5.7571964956195245	1.5352105320705827
-5.747183979974968	1.4486016696646706
-5.737171464330412	1.3519522693481236
-5.727158948685857	1.2493204515087935
-5.717146433041302	1.1471366992289256
-5.707133917396746	1.0506513362956043
-5.69712140175219	0.962400962000505
-5.687108886107635	0.8826247929949428
-5.677096370463079	0.8104353226149503
-5.667083854818523	0.7446888995019457
-5.657071339173967	0.6842655165642835
-5.647058823529411	0.6281971502491721
-5.637046307884856	0.576079687604531
-5.627033792240301	0.5284955849273502
-5.617021276595745	0.4868541174059738
-5.607008760951189	0.4527523455066656
-5.596996245306633	0.4275736129456199
-5.5869837296620775	0.4124058414804576
-5.576971214017522	0.4075184949972498
-5.566958698372966	0.4113230188202764
-5.55694618272841	0.42014353799053383
-5.546933667083855	0.42986253796102547
-5.536921151439299	0.4385809193596949
-5.526908635794744	0.44829655417514425
-5.516896120150188	0.464452545527877
-5.5068836045056315	0.49374904808239556
-5.496871088861076	0.5413450309572184
-5.486858573216521	0.6083438566575852
-5.476846057571965	0.690097373468493
-5.466833541927409	0.7761535236855851
-5.456821026282853	0.853065971258739
-5.446808510638298	0.9101003203029867
-5.4367959949937426	0.9450495874052651
-5.4267834793491865	0.9659504263332026
-5.41677096370463	0.9870365769856365
-5.406758448060075	1.0215930037721526
-5.396745932415519	1.0758337145736272
-5.386733416770964	1.1459117686438973
-5.376720901126408	1.2185498519467146
-5.366708385481852	1.2759728816606657
-5.356695869837297	1.3045096696367997
-5.346683354192741	1.3023911339538987
-5.336670838548185	1.2809017938663214
-5.326658322903629	1.257736542041109
-5.316645807259073	1.2477729630948249
-5.306633291614518	1.2575036686986218
-5.296620775969963	1.284809871725683
-5.286608260325407	1.3216089349899736
-5.276595744680851	1.3570170186612647
-5.2665832290362955	1.3807686430717199
-5.256570713391739	1.3869643565611895
-5.246558197747184	1.3766421600456578
-5.236545682102628	1.3570375086550344
-5.226533166458072	1.3374078658985806
-5.216520650813517	1.3241425551725445
-5.206508135168962	1.3183605055414231
-5.196495619524406	1.3169116244222892
-5.18648310387985	1.3153976794325581
-5.1764705882352935	1.3112801210159564
-5.166458072590738	1.3054018230897522
-5.156445556946183	1.3008072067753091
-5.146433041301627	1.2995623977371575
-5.136420525657071	1.300465172674735
-5.126408010012516	1.30007963956532
-5.11639549436796	1.296105325779846
-5.1063829787234045	1.2896488152099927
-5.0963704630788484	1.284449202962144
-5.086357947434292	1.284311532654599
-5.076345431789737	1.291050403550989
-5.066332916145182	1.3038434839833448
-5.056320400500626	1.319552837669595
-5.04630788485607	1.3335854893307544
-5.036295369211514	1.3414038990496817
-5.026282853566959	1.340671119256275
-5.016270337922403	1.3330710136064885
-5.006257822277847	1.3242882094810815
-4.996245306633291	1.321649311553883
-4.986232790988735	1.3306879908128801
-4.97622027534418	1.3524707788963404
-4.966207759699625	1.3826823395685277
-4.956195244055069	1.412616613070372
-4.946182728410513	1.431904863136264
-4.9361702127659575	1.4322685294772541
-4.926157697121402	1.4106239472235054
-4.916145181476846	1.3698068377544663
-4.90613266583229	1.3169135317540233
-4.896120150187734	1.2610794431592585
-4.886107634543179	1.2120784494512942
-4.876095118898624	1.1790593603078678
-4.866082603254068	1.167882105122769
-4.8560700876095115	1.1772095208917264
-4.8460575719649555	1.1962678806348892
-4.8360450563204	1.2078843692947994
-4.826032540675845	1.1969284026707652
-4.816020025031289	1.1589359529256051
-4.806007509386733	1.1022141727353743
-4.795994993742178	1.0415703016054967
-4.785982478097623	0.9886162985627811
-4.7759699624530665	0.9459741257466352
-4.76595744680851	0.9087591759451896
-4.755944931163954	0.8703223161559902
-4.745932415519399	0.8263249647884973
-4.735919899874844	0.7744300944674173
-4.725907384230288	0.7124788900087738
-4.715894868585732	0.639392794378462
-4.705882352941176	0.5585754040442538
-4.6958698372966206	0.4791438097876772
-4.685857321652065	0.411901152598491
-4.675844806007509	0.3627972987526357
-4.665832290362953	0.3295716535329359
-4.655819774718398	0.30413332939871923
-4.645807259073843	0.2781098260639236
-4.635794743429287	0.24721149985001942
-4.625782227784731	0.2121451746550072
-4.615769712140175	0.17666870360124765
-4.605757196495619	0.14471877791103763
-4.595744680851064	0.11835401556381006
-4.585732165206508	0.09735266747203666
-4.575719649561952	0.08022234541752833
-4.565707133917396	0.06555912915676305
-4.555694618272841	0.052693062238172904
-4.545682102628286	0.041434914514201344
-4.53566958698373	0.03160907083547241
-4.5256570713391735	0.022996674223745076
-4.515644555694618	0.015577492261202771
-4.505632040050063	0.009586758277794915
-4.495619524405507	0.005253908881989931
-4.485607008760951	0.00252766188608455
-4.475594493116395	0.0010574699115857974
-4.46558197747184	0.00038237207397636357
-4.4555694618272845	0.00011903465192386046
-4.4455569461827285	3.182096295482169e-05
-4.435544430538172	7.292018478164476e-06
-4.425531914893616	1.4306752480290548e-06
-4.415519399249061	2.401038211961306e-07
-4.405506883604506	3.4444560698652806e-08
-4.39549436795995	4.221513548899792e-09
-4.385481852315394	4.418239425484479e-10
-4.375469336670839	3.947342614998509e-11
-4.365456821026283	3.00955011933735e-12
-4.355444305381727	1.9576115716353978e-13
-4.345431789737171	1.0861334899949515e-14
-4.335419274092615	5.139121771410168e-16
-4.32540675844806	2.073349349102098e-17
-4.315394242803505	7.131364455944255e-19
-4.305381727158949	2.0909155438600334e-20
-4.295369211514393	5.225387159320511e-22
-4.285356695869837	1.1129592676141753e-23
-4.275344180225281	2.0201564295542488e-25
-4.265331664580726	3.1246867008723148e-27
-4.25531914893617	4.1183057311365633e-29
-4.245306633291614	4.62487185652348e-31
-4.235294117647059	4.425183242606385e-33
-4.225281602002504	3.6074248061883476e-35
-4.215269086357948	2.5054404402410284e-37
-4.2052565707133915	1.4824494202056663e-39
-4.1952440550688355	7.472649340949682e-42
-4.18523153942428	3.208925165912534e-44
-4.175219023779725	1.173890071673821e-46
-4.165206508135169	3.658236453582874e-49
-4.155193992490613	9.71151936051169e-52
-4.145181476846057	2.1961853671526704e-54
-4.135168961201502	4.2307096961728935e-57
-4.1251564455569465	6.942509210893939e-60
-4.11514392991239	9.704558874553395e-63
-4.105131414267834	1.1778914313578505e-65
-4.095118898623279	2.0573271459577158e-64
-4.085106382978723	1.6135561870039424e-61
-4.075093867334168	1.0780271662211773e-58
-4.065081351689612	6.135017340649443e-56
-4.055068836045056	2.9740125475886516e-53
-4.045056320400501	1.2280364629145949e-50
-4.035043804755945	4.3193847356055797e-48
-4.025031289111389	1.2941230168072998e-45
-4.015018773466833	3.3027324850079823e-43
-4.005006257822277	7.179873895708019e-41
-3.994993742177722	1.3295589951442686e-38
-3.9849812265331668	2.0972396591552246e-36
-3.9749687108886107	2.818000383167518e-34
-3.9649561952440546	3.225449355638907e-32
-3.9549436795994994	3.1448521798942615e-30
-3.9449311639549434	2.6120227745943053e-28
-3.934918648310388	1.848110190658809e-26
-3.924906132665832	1.1139416099258722e-24
-3.914893617021277	5.719956207776887e-23
-3.904881101376721	2.5022691103501433e-21
-3.8948685857321648	9.326224327028806e-20
-3.8848560700876096	2.9616454504034196e-18
-3.8748435544430535	8.013962446024732e-17
-3.8648310387984983	1.8479447299447807e-15
-3.8548185231539422	3.6316980069825825e-14
-3.844806007509387	6.08380967368596e-13
-3.834793491864831	8.689029948778073e-12
-3.824780976220275	1.0582915935381483e-10
-3.8147684605757197	1.0995558716927779e-09
-3.8047559449311636	9.749597886838377e-09
-3.7947434292866085	7.38150581934771e-08
-3.7847309136420524	4.775192994412934e-07
-3.774718397997497	2.6418701123059463e-06
-3.764705882352941	1.2514377515026783e-05
-3.754693366708385	5.0832487258510027e-05
-3.74468085106383	0.00017740874686931102
-3.734668335419274	0.0005334241642324855
-3.7246558197747186	0.0013868444807755731
-3.7146433041301625	0.0031339136856358015
-3.7046307884856065	0.00620164042051342
-3.6946182728410513	0.010865887816980465
-3.684605757196495	0.017124453366063115
-3.67459324155194	0.024785083069719577
-3.664580725907384	0.03370628296483903
-3.6545682102628287	0.04384298407609407
-3.6445556946182727	0.05485847834338704
-3.6345431789737166	0.06568767476497767
-3.6245306633291614	0.07486142263822355
-3.6145181476846053	0.0817725193585753
-3.60450563204005	0.08779189380921061
-3.594493116395494	0.09586193603896262
-3.584480600750939	0.10862158775074508
-3.574468085106383	0.12671413043630314
-3.5644555694618267	0.14875207133578802
-3.5544430538172715	0.17272733560894976
-3.5444305381727155	0.19745694118214532
-3.5344180225281603	0.22302358815273415
-3.524405506883604	0.25030241273506343
-3.514392991239049	0.28033494495741906
-3.504380475594493	0.3141627668514426
-3.494367959949937	0.3530892252898663
-3.4843554443053817	0.3987403456286178
-3.4743429286608256	0.4523824977452177
-3.4643304130162704	0.5138062609042926
-3.4543178973717144	0.5806663285462708
-3.444305381727159	0.6486151094713339
-3.434292866082603	0.7118640512440539
-3.424280350438047	0.764372425084687
-3.414267834793492	0.8026587662330439
-3.4042553191489358	0.8297558811325635
-3.3942428035043806	0.856673636206017
-3.3842302878598245	0.8974764497380814
-3.3742177722152693	0.9594326814943063
-3.3642052565707132	1.0360306694626646
-3.354192740926157	1.1099715513937447
-3.344180225281602	1.1645823583576742
-3.334167709637046	1.19432775083286
-3.3241551939924907	1.2064572274434533
-3.3141426783479346	1.2140150463023562
-3.3041301627033794	1.2267868040145724
-3.2941176470588234	1.246614594478859
-3.2841051314142673	1.26890511255283
-3.274092615769712	1.2874111697806445
-3.264080100125156	1.2977733108612153
-3.254067584480601	1.297800500786758
-3.2440550688360448	1.2865243665090251
-3.2340425531914896	1.2650645394441755
-3.2240300375469335	1.2388016383421878
-3.2140175219023774	1.2169145387000637
-3.2040050062578223	1.2072963375744754
-3.193992490613266	1.2104877632001174
-3.183979974968711	1.2186208439166644
-3.173967459324155	1.2212454819880505
-3.1639549436795997	1.2134205699741238
-3.1539424280350437	1.1991127934226395
-3.1439299123904876	1.1871597062710315
-3.1339173967459324	1.183740580695198
-3.1239048811013763	1.1879285212646438
-3.113892365456821	1.1934730642405107
-3.103879849812265	1.194595248449252
-3.09386733416771	1.1909457039832836
-3.083854818523154	1.1879518056229146
-3.0738423028785977	1.1922003118251927
-3.0638297872340425	1.2054131116471198
-3.0538172715894865	1.2221465635463524
-3.0438047559449313	1.233303405181234
-3.033792240300375	1.2321954016102163
-3.02377972465582	1.2181131808905774
-3.013767209011264	1.1959153599048693
-3.003754693366708	1.173792727791777
-2.9937421777221527	1.160755010429946
-2.9837296620775966	1.163380320828495
-2.9737171464330414	1.1822961974957091
-2.9637046307884853	1.2111091768848026
-2.95369211514393	1.2396254844023757
-2.943679599499374	1.2593486314765083
-2.933667083854818	1.2669418724404622
-2.923654568210263	1.263355916375801
-2.9136420525657067	1.2505665235349213
-2.9036295369211516	1.2300408862316494
-2.8936170212765955	1.2048006090045176
-2.8836045056320403	1.1822266091744098
-2.873591989987484	1.1727280630793064
-2.863579474342928	1.1833111155605338
-2.853566958698373	1.2113572519192115
-2.843554443053817	1.2450400749315589
-2.8335419274092617	1.2706816963316876
-2.8235294117647056	1.2807990186643992
-2.8135168961201504	1.276857066107404
-2.8035043804755944	1.2664064840272495
-2.7934918648310383	1.2582655471538795
-2.783479349186483	1.2586946622144484
-2.773466833541927	1.269324127440126
-2.763454317897372	1.287052479986322
-2.7534418022528158	1.306268246029314
-2.7434292866082606	1.3225447934046977
-2.7334167709637045	1.3352540654611988
-2.7234042553191484	1.3469879968918934
-2.7133917396745932	1.360600348660756
-2.703379224030037	1.3769649025403359
-2.693366708385482	1.3954723103780058
-2.683354192740926	1.4161399325333544
-2.6733416770963707	1.440544576542857
-2.6633291614518146	1.4702622422911125
-2.6533166458072586	1.504520932645904
-2.6433041301627034	1.540150017709043
-2.6332916145181473	1.574680086333062
-2.623279098873592	1.6094791646038238
-2.613266583229036	1.6487416541562716
-2.603254067584481	1.6940827887799719
-2.593241551939925	1.7398085547131916
-2.5832290362953687	1.7746868109668943
-2.5732165206508135	1.7903172541899455
-2.5632040050062574	1.7890183449539625
-2.5531914893617023	1.783464291210523
-2.543178973717146	1.788002383504463
-2.533166458072591	1.8096649171280796
-2.523153942428035	1.8463262298957372
-2.513141426783479	1.8915767022585719
-2.5031289111389237	1.9401779206758514
-2.4931163954943676	1.9896230475206376
-2.4831038798498124	2.0383718870601037
-2.4730913642052563	2.0837763770210604
-2.463078848560701	2.1216000560406996
-2.453066332916145	2.147204419215161
-2.443053817271589	2.1577160340740247
-2.433041301627034	2.1541351543215783
-2.4230287859824777	2.1418228752641344
-2.4130162703379225	2.1282922729898393
-2.4030037546933665	2.119403958414809
-2.3929912390488113	2.11679569611989
-2.382978723404255	2.1183837935123835
-2.372966207759699	2.1212421631440197
-2.362953692115144	2.12465461480618
-2.352941176470588	2.1310665267082114
-2.3429286608260327	2.1437241067215242
-2.3329161451814766	2.162284483191569
-2.3229036295369214	2.1799350578959373
-2.3128911138923653	2.184665289870184
-2.3028785982478093	2.1641037585014624
-2.292866082603254	2.1114480581154544
-2.282853566958698	2.0300687049053256
-2.272841051314143	1.9343089066138504
-2.2628285356695867	1.844441031736088
-2.2528160200250316	1.776853176277074
-2.2428035043804755	1.7347375598039123
-2.2327909887359194	1.7054872257891454
-2.2227784730913642	1.6671629316760221
-2.212765957446808	1.6005331595057688
-2.202753441802253	1.4995151557829627
-2.192740926157697	1.3739788000271445
-2.1827284105131417	1.243805594629532
-2.1727158948685856	1.127982917077123
-2.1627033792240296	1.0347120254244189
-2.1526908635794744	0.958047970584258
-2.1426783479349183	0.8834819651785673
-2.132665832290363	0.7991573079313525
-2.122653316645807	0.7046346446194516
-2.112640801001252	0.6106103942767113
-2.1026282853566958	0.5305264070718382
-2.0926157697121397	0.4714216421997776
-2.0826032540675845	0.43068309923763665
-2.0725907384230284	0.3994154480396233
-2.0625782227784732	0.36838909454275026
-2.052565707133917	0.3323652145851419
-2.042553191489362	0.29121880422029567
-2.032540675844806	0.24846159507977048
-2.02252816020025	0.20851362793556835
-2.0125156445556946	0.17421444450531143
-2.0025031289111386	0.14590906467088924
-1.9924906132665834	0.12243476945103832
-1.9824780976220273	0.10281041639640218
-1.9724655819774712	0.08697499586624356
-1.962453066332916	0.07518121352350922
-1.95244055068836	0.06709402298800535
-1.9424280350438048	0.06161193335786402
-1.9324155193992487	0.05736212891380355
-1.9224030037546935	0.053254119245437034
-1.9123904881101375	0.048745087450035245
-1.9023779724655814	0.04379206033111201
-1.8923654568210262	0.03855164432548681
-1.8823529411764701	0.03304358564575907
-1.872340425531915	0.02711831552274947
-1.8623279098873589	0.020783993190965223
-1.8523153942428037	0.014492473289500851
-1.8423028785982476	0.008996712343901956
-1.8322903629536915	0.0048952921241072955
-1.8222778473091363	0.002310663332107417
-1.8122653316645803	0.0009399392715851392
-1.802252816020025	0.0003281528194256833
-1.792240300375469	9.807168028258707e-05
-1.7822277847309138	2.5049279391642275e-05
-1.7722152690863577	5.462373837661072e-06
-1.7622027534418017	1.016279918104479e-06
-1.7521902377972465	1.6125143289087384e-07
-1.7421777221526904	2.1813698881909263e-08
-1.7321652065081352	2.5154128803958387e-09
-1.7221526908635791	2.472231820755978e-10
-1.712140175219024	2.0707744141793567e-11
-1.7021276595744679	1.4786439183173311e-12
-1.6921151439299118	1.0108178385259053e-13
-1.6821026282853566	2.1346403941228087e-13
-1.6720901126408005	3.3331898303777247e-12
-1.6620775969962454	4.5440115184067676e-11
-1.6520650813516893	5.292464913188222e-10
-1.642052565707134	5.267430886052115e-09
-1.632040050062578	4.4810577706446645e-08
-1.622027534418022	3.2593570994242825e-07
-1.6120150187734668	2.0276568029014056e-06
-1.6020025031289107	1.0792597293871e-05
-1.5919899874843555	4.9170878409332365e-05
-1.5819774718397994	0.000191848202235415
-1.5719649561952442	0.0006414310924529761
-1.5619524405506882	0.0018393095700324816
-1.551939924906132	0.004529022178089206
-1.541927409261577	0.0095942895368628
-1.5319148936170208	0.01753848731740529
-1.5219023779724656	0.02780665591988871
-1.5118898623279096	0.038574517696588144
-1.5018773466833544	0.047544424370713774
-1.4918648310387983	0.053426468969485
-1.4818523153942422	0.05691583523194483
-1.471839799749687	0.060224956179807415
-1.461827284105131	0.06551849359305126
-1.4518147684605758	0.07358095554587045
-1.4418022528160197	0.08374798141138258
-1.4317897371714645	0.0949675386319216
-1.4217772215269084	0.10692770771478027
-1.4117647058823524	0.1202538227054339
-1.4017521902377972	0.13578272252407841
-1.391739674593241	0.15388432776810088
-1.381727158948686	0.17456540541950338
-1.3717146433041298	0.19788831138438887
-1.3617021276595747	0.22379896935543825
-1.3516896120150186	0.2515890332164132
-1.3416770963704625	0.2802464008869406
-1.3316645807259073	0.3100550497770797
-1.3216520650813512	0.3439081309737181
-1.311639549436796	0.3864084631407519
-1.30162703379224	0.4407367073521797
-1.2916145181476848	0.5056912859032456
-1.2816020025031287	0.5757872838810024
-1.2715894868585726	0.6449705042983364
-1.2615769712140175	0.7112167925050481
-1.2515644555694614	0.7782533681469777
-1.2415519399249062	0.8529682584458431
-1.2315394242803501	0.9404476757146806
-1.221526908635795	1.0400938953706753
-1.2115143929912389	1.1453092422269304
-1.2015018773466828	1.2468657932756253
-1.1914893617021276	1.337643519481765
-1.1814768460575715	1.4155721551311689
-1.1714643304130163	1.4833954417969875
-1.1614518147684603	1.54648824744555
-1.151439299123905	1.6103907949979062
-1.141426783479349	1.6784455246779522
-1.131414267834793	1.749959865702467
-1.1214017521902377	1.8203828183180635
-1.1113892365456817	1.8839490983455132
-1.1013767209011265	1.9367285032063661
-1.0913642052565704	1.977926022196723
-1.0813516896120152	2.0095727673133483
-1.0713391739674591	2.035616945341337
-1.061326658322903	2.0604896488754894
-1.0513141426783479	2.0874660325253758
-1.0413016270337918	2.118205316976761
-1.0312891113892366	2.1536502432521374
-1.0212765957446805	2.19411463912977
-1.0112640801001254	2.237281834125824
-1.0012515644555693	2.276574144494552
-0.9912390488110132	2.303276358876267
-0.981226533166458	2.3117174888809435
-0.971214017521902	2.3028083076405084
-0.9612015018773468	2.2827056219181867
-0.9511889862327907	2.2585601511000424
-0.9411764705882355	2.235525336047229
-0.9311639549436794	2.2161489615668772
-0.9211514392991234	2.200180899255477
-0.9111389236545682	2.184142096046173
-0.9011264080100121	2.1624112991492224
-0.8911138923654569	2.130234331630798
-0.8811013767209008	2.086074769717616
-0.8710888610763456	2.0312779240133017
-0.8610763454317896	1.9683112336826039
-0.8510638297872335	1.8997703694745987
-0.8410513141426783	1.8281173788141711
-0.8310387984981222	1.7548519488387544
-0.821026282853567	1.679277367718065
-0.811013767209011	1.5985008092680202
-0.8010012515644558	1.5096614776439046
-0.7909887359198997	1.4134482711267844
-0.7809762202753436	1.31622401013687
-0.7709637046307884	1.227990510765147
-0.7609511889862324	1.156549593153741
-0.7509386733416772	1.102643450324864
-0.7409261576971211	1.0609722155447587
-0.7309136420525659	1.0262284292116315
-0.7209011264080099	0.9980441785413089
-0.7108886107634538	0.9801603226691664
-0.7008760951188986	0.9752000384015584
-0.6908635794743425	0.9804870903714923
-0.6808510638297873	0.9888933116023201
-0.6708385481852313	0.9938325611061343
-0.6608260325406761	0.993943303323029
-0.65081351689612	0.9937026970299045
-0.6408010012515639	1.0000266082489584
-0.6307884856070087	1.0180050793624245
-0.6207759699624527	1.0488073961383464
-0.6107634543178975	1.0903407914420513
-0.6007509386733414	1.1390017484696047
-0.5907384230287862	1.1905777583458297
-0.5807259073842301	1.2401247068637746
-0.5707133917396741	1.2826577226144669
-0.5607008760951189	1.316040496439727
-0.5506883604505628	1.3442273346876625
-0.5406758448060076	1.376791018369668
-0.5306633291614515	1.423208283427492
-0.5206508135168963	1.4859320835935492
-0.5106382978723403	1.5587386867850945
-0.5006257822277842	1.6327253918376574
-0.490613266583229	1.705258902146058
-0.48060075093867294	1.7841151386824832
-0.47058823529411775	1.8827732281134086
-0.4605757196495617	2.009697529850013
-0.4505632040050065	2.1592434247406875
-0.4405506883604504	2.3116480470592617
-0.43053817271589434	2.4437902994490406
-0.42052565707133915	2.5438303817100247
-0.4105131414267831	2.618598256760916
-0.4005006257822279	2.6879996311738545
-0.3904881101376718	2.7715051162005553
-0.38047559449311663	2.8774982215747635
-0.37046307884856056	3.0019805372935995
-0.3604505632040045	3.1344476341038945
-0.3504380475594493	3.264261901968006
-0.3404255319148932	3.383149125977959
-0.33041301627033803	3.484583738737266
-0.32040050062578196	3.5637286137539346
-0.3103879849812259	3.620074630156354
-0.3003754693366707	3.660669646192381
-0.2903629536921146	3.699382921330878
-0.28035043804755944	3.750455981649146
-0.27033792240300336	3.8202874184742397
-0.2603254067584482	3.903549381228399
-0.2503128911138921	3.9859563540691534
-0.24030037546933602	4.050956676765185
-0.23028785982478084	4.0860196563207305
-0.22027534418022476	4.085660092085848
-0.21026282853566958	4.0507741424414885
-0.2002503128911135	3.9862770951550623
-0.19023779724655832	3.8998479707733953
-0.18022528160200224	3.8025180413932422
-0.17021276595744617	3.708951633175693
-0.16020025031289098	3.634932324124211
-0.1501877346683349	3.592039633509897
-0.14017521902377972	3.582178447317412
-0.13016270337922364	3.5954288640627383
-0.12015018773466846	3.6133356925403595
-0.11013767209011238	3.6169043573427473
-0.10012515644555631	3.595466207760053
-0.09011264080100112	3.5512748845365456
-0.08010012515644505	3.496845468958396
-0.07008760951188986	3.446785745252201
-0.060075093867333784	3.409716364018353
-0.0500625782227786	3.385451840652444
-0.04005006257822252	3.368003457765374
-0.030037546933666448	3.350559145308241
-0.02002503128911126	3.3288087679973772
-0.010012515644555187	3.3024629804346044
0.0	3.2760842930256726
