-8.0	9.652734959425375
-7.989987484355444	9.62951274605277
-7.979974968710889	9.656932901147592
-7.969962453066333	9.69462414707609
-7.9599499374217775	9.77582023213005
-7.949937421777221	9.854905066035595
-7.939924906132666	9.889025765912923
-7.92991239048811	9.916781803974448
-7.919899874843554	9.98585099399313
-7.909887359198999	10.097659448141238
-7.899874843554443	10.25263390305069
-7.889862327909888	10.44580153756695
-7.8798498122653315	10.660537704431867
-7.869837296620776	10.869631727204688
-7.85982478097622	11.115183924399256
-7.849812265331664	11.399942575486351
-7.839799749687109	11.78805185027146
-7.829787234042553	12.22363786838688
-7.819774718397998	12.685322329442444
-7.809762202753442	13.143637163018608
-7.7997496871088865	13.565051409113014
-7.78973717146433	14.001625467434646
-7.779724655819774	14.462443724810505
-7.769712140175219	14.933382545624394
-7.759699624530663	15.401904689949484
-7.749687108886108	15.892599946759711
-7.739674593241552	16.36831818581707
-7.729662077596997	16.81501048447156
-7.719649561952441	17.209287532868604
-7.7096370463078845	17.590727280028407
-7.699624530663329	17.97409590178971
-7.689612015018773	18.382257991480824
-7.679599499374218	18.821686989246896
-7.669586983729662	19.31258593200073
-7.659574468085107	19.89499207135672
-7.649561952440551	20.544830255573462
-7.639549436795995	21.246286365942606
-7.629536921151439	22.017687013271107
-7.619524405506883	22.85378770532493
-7.609511889862328	23.692653740412517
-7.599499374217772	24.45123632835652
-7.589486858573217	25.120054773353598
-7.579474342928661	25.723381852837917
-7.569461827284105	26.2962252678045
-7.55944931163955	26.85283072671574
-7.5494367959949935	27.42726275983265
-7.539424280350438	28.07993785688479
-7.529411764705882	28.826572207203444
-7.519399249061326	29.590170774008893
-7.509386733416771	30.27715118804563
-7.499374217772215	30.83785553793984
-7.48936170212766	31.264153045244466
-7.479349186483104	31.56797966793938
-7.4693366708385485	31.755983291417497
-7.459324155193992	31.893269129411813
-7.449311639549437	32.07497900012736
-7.439299123904881	32.323645679619624
-7.429286608260325	32.62090536837794
-7.41927409261577	32.95452892097936
-7.409261576971214	33.31536835370305
-7.399249061326659	33.67148095269851
-7.3892365456821025	33.977637389019954
-7.3792240300375465	34.188243541392815
-7.369211514392991	34.272690122787914
-7.359198998748435	34.24756183870111
-7.34918648310388	34.15198624237863
-7.339173967459324	34.01567074759517
-7.329161451814769	33.84988734587033
-7.319148936170213	33.633698046863735
-7.3091364205256575	33.37930083094177
-7.299123904881101	33.16419848100925
-7.289111389236545	33.045703230248485
-7.27909887359199	32.98566221119993
-7.269086357947434	32.855755822794926
-7.259073842302879	32.61507248478183
-7.249061326658323	32.3235926540637
-7.239048811013767	32.05594461387871
-7.2290362953692116	31.835734067407568
-7.2190237797246555	31.679219536527913
-7.2090112640801	31.659029222524943
-7.198998748435544	31.853898585086736
-7.188986232790989	32.28909038289994
-7.178973717146433	32.871026701643814
-7.168961201501878	33.4337162501961
-7.158948685857322	33.84003671428133
-7.148936170212766	34.053100084955794
-7.13892365456821	34.11326802574436
-7.128911138923654	34.07004979535541
-7.118898623279099	34.046842104609404
-7.108886107634543	34.210457372965564
-7.098873591989987	34.63148741083724
-7.088861076345432	35.24038703642071
-7.078848560700876	36.02079154820185
-7.068836045056321	36.9374728399594
-7.0588235294117645	38.01347383471475
-7.048811013767209	39.20787605866418
-7.038798498122653	40.45284641654474
-7.028785982478098	41.70313234086005
-7.018773466833542	42.905972807144764
-7.008760951188986	44.0750449548724
-6.998748435544431	45.25628181653667
-6.988735919899875	46.24350504486332
-6.9787234042553195	47.00727352053435
-6.968710888610763	47.560391408482666
-6.958698372966207	47.99512003333586
-6.948685857321652	48.59701928161152
-6.938673341677096	49.32613950109705
-6.928660826032541	50.03253641389225
-6.918648310387985	50.73142751806453
-6.908635794743429	51.37907973724406
-6.8986232790988735	51.92588632239732
-6.888610763454318	52.44149338790457
-6.878598247809762	52.91203224025585
-6.868585732165206	53.30985975250508
-6.858573216520651	53.75479336757665
-6.848560700876095	54.291982424177064
-6.83854818523154	54.869027590175946
-6.828535669586984	55.35787136519802
-6.818523153942428	55.742629053117604
-6.808510638297872	56.075216453901014
-6.798498122653316	56.43061557756025
-6.788485607008761	56.84708901185889
-6.778473091364205	57.35437578760663
-6.768460575719649	57.861356284070794
-6.758448060075094	58.30084512592878
-6.748435544430539	58.65249848452419
-6.7384230287859825	58.909206499425764
-6.7284105131414265	58.99350889435393
-6.718397997496871	58.86251537025182
-6.708385481852315	58.579172232476026
-6.69837296620776	58.23503863666544
-6.688360450563204	57.92036022305481
-6.678347934918648	57.596168357525755
-6.668335419274093	57.097381050545735
-6.658322903629537	56.39659259987901
-6.648310387984981	55.57102400359088
-6.638297872340425	54.740632803742606
-6.628285356695869	53.9810186837813
-6.618272841051314	53.271719916692554
-6.608260325406759	52.5392788189025
-6.598247809762203	51.742576615940344
-6.588235294117647	50.92492023037024
-6.578222778473092	50.17354952779529
-6.5682102628285355	49.45474583630876
-6.55819774718398	48.69140798535227
-6.548185231539424	47.86795396385862
-6.538172715894868	47.000829322208766
-6.528160200250313	46.050014622986176
-6.518147684605757	44.9134698829798
-6.508135168961202	43.68931042596893
-6.498122653316646	42.42932786525869
-6.4881101376720896	41.10181843755653
-6.478097622027534	39.70089519396548
-6.468085106382979	38.323792141310875
-6.458072590738423	37.0507491238969
-6.448060075093867	35.78323079364884
-6.438047559449312	34.47955710956325
-6.428035043804756	33.238314745726306
-6.418022528160201	32.12052799798198
-6.4080100125156445	31.10194739571536
-6.397997496871088	30.18364315955181
-6.387984981226533	29.30635150891327
-6.377972465581977	28.46555704640196
-6.367959949937422	27.66578104290859
-6.357947434292866	26.886868279923185
-6.34793491864831	26.15333778560457
-6.337922403003755	25.476452482405318
-6.3279098873591995	24.787676237391626
-6.317897371714643	23.993627715655176
-6.307884856070087	23.144584661838234
-6.297872340425532	22.32933002323386
-6.287859824780976	21.63807949963312
-6.277847309136421	21.035983091200652
-6.267834793491865	20.435790298680203
-6.257822277847309	19.807543409920832
-6.2478097622027535	19.237082837035093
-6.2377972465581975	18.830265816613387
-6.227784730913642	18.519082089730432
-6.217772215269086	18.1953046879002
-6.20775969962453	17.80131520841376
-6.197747183979975	17.393961020659795
-6.18773466833542	17.05203436958357
-6.177722152690864	16.775524531526383
-6.167709637046308	16.540201299974285
-6.157697121401752	16.382643930309424
-6.147684605757196	16.312358666267567
-6.137672090112641	16.288414606874078
-6.127659574468085	16.34129129862478
-6.117647058823529	16.458930468378398
-6.107634543178974	16.625321251906783
-6.097622027534418	16.785302736198762
-6.0876095118898625	16.945038910055196
-6.0775969962453065	17.196802359143945
-6.06758448060075	17.48484794683086
-6.057571964956195	17.792677624322014
-6.04755944931164	18.187198323675002
-6.037546933667084	18.588388801545165
-6.027534418022528	18.92269885330704
-6.017521902377973	19.187117255840118
-6.007509386733417	19.439018740740924
-5.997496871088861	19.75237664825193
-5.987484355444305	20.087903461961236
-5.977471839799749	20.42394883181587
-5.967459324155194	20.73102923390509
-5.957446808510639	21.059155445606287
-5.947434292866083	21.41090738407485
-5.937421777221527	21.849811958423487
-5.927409261576971	22.460056854028633
-5.9173967459324155	23.01944877623611
-5.90738423028786	23.385798455556497
-5.897371714643304	23.63064952081644
-5.887359198998748	23.798576064804074
-5.877346683354192	23.910204084678952
-5.867334167709637	24.02716897699919
-5.857321652065082	24.158888858085984
-5.847309136420526	24.2983137523306
-5.83729662077597	24.38555212538202
-5.827284105131414	24.466493188701687
-5.817271589486858	24.540613107689197
-5.807259073842303	24.48522959301472
-5.797246558197747	24.25113316027563
-5.787234042553191	23.945688334914358
-5.777221526908636	23.61285907406287
-5.767209011264081	23.20806306662954
-5.7571964956195245	22.85074844289413
-5.747183979974968	22.466330468032687
-5.737171464330412	22.083807602033602
-5.727158948685857	21.75467901951246
-5.717146433041302	21.575607956764557
-5.707133917396746	21.392140070884874
-5.69712140175219	21.246533393935845
-5.687108886107635	21.17579296746915
-5.677096370463079	21.30288144093099
-5.667083854818523	21.405439293618674
-5.657071339173967	21.308117073339645
-5.647058823529411	21.214549023733667
-5.637046307884856	21.393613651455052
-5.627033792240301	21.638330034038706
-5.617021276595745	21.749524207462006
-5.607008760951189	21.896527401325397
-5.596996245306633	22.753379511696874
-5.5869837296620775	23.53621294745988
-5.576971214017522	24.201250166799635
-5.566958698372966	24.8911829224542
-5.55694618272841	25.39651127995983
-5.546933667083855	25.82550721019419
-5.536921151439299	26.288086645960995
-5.526908635794744	26.814979902701545
-5.516896120150188	27.419150528511814
-5.5068836045056315	28.417189288471118
-5.496871088861076	29.079652691463703
-5.486858573216521	29.94182649945068
-5.476846057571965	30.98256057674574
-5.466833541927409	31.841224158101333
-5.456821026282853	32.75028467896501
-5.446808510638298	33.213217865509925
-5.4367959949937426	33.78887694028409
-5.4267834793491865	34.62390800657936
-5.41677096370463	35.57607741088352
-5.406758448060075	36.3988129862329
-5.396745932415519	37.374823147375686
-5.386733416770964	38.479938980753275
-5.376720901126408	39.41758524587754
-5.366708385481852	40.210346020901675
-5.356695869837297	41.11441285887057
-5.346683354192741	42.12989303123677
-5.336670838548185	43.157152390465704
-5.326658322903629	44.31503517932635
-5.316645807259073	45.51138906528382
-5.306633291614518	47.06586899633004
-5.296620775969963	48.45542915683968
-5.286608260325407	49.515390389297494
-5.276595744680851	50.283256092455474
-5.2665832290362955	50.93560581970354
-5.256570713391739	51.49671622957625
-5.246558197747184	52.166187150740086
-5.236545682102628	52.92715125623014
-5.226533166458072	53.856521559224966
-5.216520650813517	54.76338610335902
-5.206508135168962	55.505250955577786
-5.196495619524406	56.07735340949407
-5.18648310387985	56.50629066609988
-5.1764705882352935	57.01587324853477
-5.166458072590738	57.60507416496014
-5.156445556946183	58.058440513198335
-5.146433041301627	58.26683221008332
-5.136420525657071	58.35934591277071
-5.126408010012516	58.562167651941415
-5.11639549436796	58.77956346640822
-5.1063829787234045	58.91294507103243
-5.0963704630788484	58.9814882316075
-5.086357947434292	58.96653330531775
-5.076345431789737	58.98273402269211
-5.066332916145182	58.997430938340656
-5.056320400500626	58.933072110001305
-5.04630788485607	58.78545653596686
-5.036295369211514	58.520514891133544
-5.026282853566959	58.17918747806922
-5.016270337922403	57.67730413835999
-5.006257822277847	57.13920669706295
-4.996245306633291	56.63627044558029
-4.986232790988735	56.097063662528335
-4.97622027534418	55.436802389424315
-4.966207759699625	54.72488400965341
-4.956195244055069	54.04857803662995
-4.946182728410513	53.27014148715081
-4.9361702127659575	52.455450556621265
-4.926157697121402	51.50386027643037
-4.916145181476846	50.23161143292798
-4.90613266583229	49.16719810932654
-4.896120150187734	48.26297823683589
-4.886107634543179	47.378063590081844
-4.876095118898624	46.496015090321364
-4.866082603254068	45.583432118557674
-4.8560700876095115	44.75963668118283
-4.8460575719649555	43.95266498618283
-4.8360450563204	43.04236568571578
-4.826032540675845	42.1176347893176
-4.816020025031289	41.12804698417072
-4.806007509386733	39.91985594114357
-4.795994993742178	38.74325933242216
-4.785982478097623	37.309021728299086
-4.7759699624530665	36.185576038956555
-4.76595744680851	35.23865611667499
-4.755944931163954	34.471641128773655
-4.745932415519399	33.62913456719326
-4.735919899874844	32.82503750089547
-4.725907384230288	32.0991266640905
-4.715894868585732	31.374411657682824
-4.705882352941176	30.619029368245382
-4.6958698372966206	29.919750823150725
-4.685857321652065	29.50392065810234
-4.675844806007509	29.082499986426775
-4.665832290362953	28.544625798335723
-4.655819774718398	28.143224611110075
-4.645807259073843	27.832052338006974
-4.635794743429287	27.543474724713874
-4.625782227784731	27.36892854840563
-4.615769712140175	27.26698378102978
-4.605757196495619	27.127304694384577
-4.595744680851064	27.038379451943484
-4.585732165206508	26.93585240501834
-4.575719649561952	26.834289520563075
-4.565707133917396	26.770482349591905
-4.555694618272841	26.74009392373694
-4.545682102628286	26.72276024116002
-4.53566958698373	26.702970810892587
-4.5256570713391735	26.658082254345832
-4.515644555694618	26.606158929321822
-4.505632040050063	26.58314785150311
-4.495619524405507	26.57492780974234
-4.485607008760951	26.57122473247708
-4.475594493116395	26.569230882840998
-4.46558197747184	26.567889247539373
-4.4555694618272845	26.566820101502493
-4.4455569461827285	26.565898096567732
-4.435544430538172	26.565079145775005
-4.425531914893616	26.56434444079125
-4.415519399249061	26.563683473707165
-4.405506883604506	26.563088785134237
-4.39549436795995	26.56255424255384
-4.385481852315394	26.56207442869594
-4.375469336670839	26.561644403947053
-4.365456821026283	26.56125960602755
-4.355444305381727	26.5609158043157
-4.345431789737171	26.560609076937144
-4.335419274092615	26.560335797050136
-4.32540675844806	26.560092622160102
-4.315394242803505	26.559876483647123
-4.305381727158949	26.55968457533927
-4.295369211514393	26.559514340807596
-4.285356695869837	26.559363459482785
-4.275344180225281	26.559229831886885
-4.265331664580726	26.559110361772056
-4.25531914893617	26.54696824532588
-4.245306633291614	26.43318823005196
-4.235294117647059	26.418746943194268
-4.225281602002504	26.418674758293303
-4.215269086357948	26.418611059873992
-4.2052565707133915	26.4211118958018
-4.1952440550688355	26.41404709644679
-4.18523153942428	26.374744982478425
-4.175219023779725	26.324908540023856
-4.165206508135169	26.254036247909685
-4.155193992490613	26.317035369921122
-4.145181476846057	26.35232252406528
-4.135168961201502	26.270826583942558
-4.1251564455569465	26.316157021463635
-4.11514392991239	26.285553653706383
-4.105131414267834	26.321546538204903
-4.095118898623279	26.17878645236167
-4.085106382978723	26.36654745077805
-4.075093867334168	26.33344997149164
-4.065081351689612	26.279265487515403
-4.055068836045056	26.25877749563073
-4.045056320400501	26.2012085717199
-4.035043804755945	25.914491830295187
-4.025031289111389	25.937903595183137
-4.015018773466833	25.988600567462115
-4.005006257822277	25.851738689820845
-3.994993742177722	26.01887970841571
-3.9849812265331668	25.89132377027156
-3.9749687108886107	25.960097663113288
-3.9649561952440546	26.077752938538186
-3.9549436795994994	26.203889654640243
-3.9449311639549434	26.311524968463967
-3.934918648310388	26.573493741669086
-3.924906132665832	26.60206155702356
-3.914893617021277	26.550468783914532
-3.904881101376721	26.466644442224975
-3.8948685857321648	26.5068909303935
-3.8848560700876096	26.604166735047222
-3.8748435544430535	26.62258440193217
-3.8648310387984983	26.65152114680639
-3.8548185231539422	26.72440264706348
-3.844806007509387	26.7723758652762
-3.834793491864831	26.772400713067075
-3.824780976220275	26.772974826186914
-3.8147684605757197	26.783520075849882
-3.8047559449311636	26.783554179937873
-3.7947434292866085	26.783592127541926
-3.7847309136420524	26.783634376305695
-3.774718397997497	26.78368144766259
-3.764705882352941	26.783733939606975
-3.754693366708385	26.783792542700855
-3.74468085106383	26.78385806079195
-3.734668335419274	26.783931438091805
-3.7246558197747186	26.78401379487206
-3.7146433041301625	26.784106474869063
-3.7046307884856065	26.784211108627478
-3.6946182728410513	26.784329698567714
-3.684605757196495	26.784464733684334
-3.67459324155194	26.784619344690217
-3.664580725907384	26.78479751450958
-3.6545682102628287	26.785004365230485
-3.6445556946182727	26.785246554015576
-3.6345431789737166	26.78553283862691
-3.6245306633291614	26.78587496478335
-3.6145181476846053	26.786289373851716
-3.60450563204005	26.786801621073316
-3.594493116395494	26.787461107796073
-3.584480600750939	26.78839721927575
-3.574468085106383	26.79004113922366
-3.5644555694618267	26.79394011173562
-3.5544430538172715	26.804660926202477
-3.5444305381727155	26.826946617150934
-3.5344180225281603	26.850857512094358
-3.524405506883604	26.86928507474311
-3.514392991239049	26.89467522819954
-3.504380475594493	26.97333372571513
-3.494367959949937	27.061453731281674
-3.4843554443053817	27.122308770846725
-3.4743429286608256	27.247955929042785
-3.4643304130162704	27.498271302969634
-3.4543178973717144	27.72833349029995
-3.444305381727159	27.90048865140175
-3.434292866082603	28.114269060984263
-3.424280350438047	28.375836674615197
-3.414267834793492	28.81855386003769
-3.4042553191489358	29.29863468120788
-3.3942428035043806	29.803309010182886
-3.3842302878598245	30.40903981107686
-3.3742177722152693	31.048999734632677
-3.3642052565707132	31.73665827872633
-3.354192740926157	32.52019638407971
-3.344180225281602	33.25429873169107
-3.334167709637046	34.14851695472353
-3.3241551939924907	35.07883762232021
-3.3141426783479346	36.058359993208725
-3.3041301627033794	37.13439495481247
-3.2941176470588234	38.13305983712096
-3.2841051314142673	38.972898343570826
-3.274092615769712	39.92158380720017
-3.264080100125156	41.08013804095584
-3.254067584480601	42.194210152328175
-3.2440550688360448	43.11168417848715
-3.2340425531914896	44.17568702134792
-3.2240300375469335	45.318930917093546
-3.2140175219023774	46.442567089925944
-3.2040050062578223	47.49462773652634
-3.193992490613266	48.533154295213684
-3.183979974968711	49.48096775291036
-3.173967459324155	50.263125936305045
-3.1639549436795997	50.90443445370526
-3.1539424280350437	51.44374572466853
-3.1439299123904876	51.95147251591853
-3.1339173967459324	52.3775615130594
-3.1239048811013763	53.029642401511786
-3.113892365456821	53.91280378766919
-3.103879849812265	54.76144767263003
-3.09386733416771	55.53647610680866
-3.083854818523154	56.12988761900995
-3.0738423028785977	56.5841972175678
-3.0638297872340425	57.064943184324406
-3.0538172715894865	57.525716830909026
-3.0438047559449313	58.016616191786156
-3.033792240300375	58.53209358492594
-3.02377972465582	59.01268523836159
-3.013767209011264	59.50544417271527
-3.003754693366708	59.89264091518827
-2.9937421777221527	60.17876276342315
-2.9837296620775966	60.56630059053501
-2.9737171464330414	61.07890520921114
-2.9637046307884853	61.48053048539796
-2.95369211514393	61.73037249610171
-2.943679599499374	61.93076647211816
-2.933667083854818	61.988433317656686
-2.923654568210263	62.08323376020828
-2.9136420525657067	62.34254279119159
-2.9036295369211516	62.61866611357981
-2.8936170212765955	62.81854179696583
-2.8836045056320403	63.026218577393806
-2.873591989987484	63.20317340068112
-2.863579474342928	63.402371729895755
-2.853566958698373	63.601598077986864
-2.843554443053817	63.633518111982546
-2.8335419274092617	63.47541311969054
-2.8235294117647056	63.22140619841073
-2.8135168961201504	63.08863005307022
-2.8035043804755944	63.0927424977956
-2.7934918648310383	63.065079101443054
-2.783479349186483	62.94655442436707
-2.773466833541927	62.74305648661423
-2.763454317897372	62.419376051573224
-2.7534418022528158	62.078636145484076
-2.7434292866082606	61.83521429526689
-2.7334167709637045	61.58441698257966
-2.7234042553191484	61.24314953184621
-2.7133917396745932	60.79422077499121
-2.703379224030037	60.352250393747326
-2.693366708385482	59.91822100147363
-2.683354192740926	59.53978618898475
-2.6733416770963707	59.26344910455708
-2.6633291614518146	58.91457401933846
-2.6533166458072586	58.511308857411855
-2.6433041301627034	58.14444686797521
-2.6332916145181473	57.710694467699945
-2.623279098873592	57.21799062995049
-2.613266583229036	56.72860799182315
-2.603254067584481	56.18931998471339
-2.593241551939925	55.63690119679041
-2.5832290362953687	55.17882028320601
-2.5732165206508135	54.7694453838315
-2.5632040050062574	54.30234726540003
-2.5531914893617023	53.732219252449156
-2.543178973717146	53.01893649211122
-2.533166458072591	52.26575092793633
-2.523153942428035	51.56019046898598
-2.513141426783479	50.86179636217027
-2.5031289111389237	50.163082901077004
-2.4931163954943676	49.47820529020551
-2.4831038798498124	48.66075964016706
-2.4730913642052563	47.721520637258415
-2.463078848560701	46.86536188234718
-2.453066332916145	46.198326048222384
-2.443053817271589	45.57634519398983
-2.433041301627034	44.88304695791876
-2.4230287859824777	44.153255624660865
-2.4130162703379225	43.25855973880927
-2.4030037546933665	42.19062744032184
-2.3929912390488113	41.032632364387744
-2.382978723404255	39.89870887962491
-2.372966207759699	38.74453136247618
-2.362953692115144	37.554025221209365
-2.352941176470588	36.467272822094884
-2.3429286608260327	35.49471444644538
-2.3329161451814766	34.546203291442374
-2.3229036295369214	33.60054614433593
-2.3128911138923653	32.59078600885019
-2.3028785982478093	31.503049538627355
-2.292866082603254	30.409129802694892
-2.282853566958698	29.344885625502478
-2.272841051314143	28.398151766085267
-2.2628285356695867	27.633184047428333
-2.2528160200250316	26.93717913533541
-2.2428035043804755	26.191321124809726
-2.2327909887359194	25.25309220571872
-2.2227784730913642	24.17552949819952
-2.212765957446808	23.206263924477184
-2.202753441802253	22.385209712379343
-2.192740926157697	21.73698455776868
-2.1827284105131417	21.220324481700953
-2.1727158948685856	20.73680608819606
-2.1627033792240296	20.21679082283815
-2.1526908635794744	19.65312978040371
-2.1426783479349183	19.096346477879333
-2.132665832290363	18.569107282078928
-2.122653316645807	18.11012188969472
-2.112640801001252	17.583327692216987
-2.1026282853566958	17.039001306070457
-2.0926157697121397	16.599807884924438
-2.0826032540675845	16.23108991676857
-2.0725907384230284	15.898683948699631
-2.0625782227784732	15.607438701222243
-2.052565707133917	15.370714840013264
-2.042553191489362	15.155716891644877
-2.032540675844806	15.018986884003603
-2.02252816020025	14.89447669355699
-2.0125156445556946	14.793725613817156
-2.0025031289111386	14.681993433564859
-1.9924906132665834	14.567610269620925
-1.9824780976220273	14.496716924314976
-1.9724655819774712	14.44780460988945
-1.962453066332916	14.37541671428798
-1.95244055068836	14.333658050326008
-1.9424280350438048	14.315237076318674
-1.9324155193992487	14.303049565648315
-1.9224030037546935	14.292621605741122
-1.9123904881101375	14.286156844839436
-1.9023779724655814	14.276324433726817
-1.8923654568210262	14.269817343630125
-1.8823529411764701	14.273621875911399
-1.872340425531915	14.274927411884347
-1.8623279098873589	14.31988958633043
-1.8523153942428037	14.320306939228933
-1.8423028785982476	14.32061730997057
-1.8322903629536915	14.320922669873159
-1.8222778473091363	14.321227870102073
-1.8122653316645803	14.321532914381736
-1.802252816020025	14.309385390990519
-1.792240300375469	14.341997047119566
-1.7822277847309138	14.434235729685312
-1.7722152690863577	14.443140366993648
-1.7622027534418017	14.393647592135732
-1.7521902377972465	14.248191267583799
-1.7421777221526904	14.333955856910563
-1.7321652065081352	14.436472036178827
-1.7221526908635791	14.415312535533573
-1.712140175219024	14.46620865215903
-1.7021276595744679	14.591199138246576
-1.6921151439299118	14.717287763236051
-1.6821026282853566	14.813248946720618
-1.6720901126408005	14.939858077630323
-1.6620775969962454	15.283845833620058
-1.6520650813516893	15.491283446400034
-1.642052565707134	15.520058730806468
-1.632040050062578	15.501644635392694
-1.622027534418022	15.660187533227912
-1.6120150187734668	15.808840350576213
-1.6020025031289107	16.112154612027453
-1.5919899874843555	16.387774436455594
-1.5819774718397994	16.76708607267661
-1.5719649561952442	16.765100776333227
-1.5619524405506882	16.878702169080395
-1.551939924906132	16.922277634278053
-1.541927409261577	17.15252456685005
-1.5319148936170208	17.25759770064238
-1.5219023779724656	17.389649204392352
-1.5118898623279096	17.610151466491143
-1.5018773466833544	17.83271277185005
-1.4918648310387983	17.834582011122667
-1.4818523153942422	17.803693829043567
-1.471839799749687	17.837423566938746
-1.461827284105131	17.906330610356342
-1.4518147684605758	17.904421319314938
-1.4418022528160197	17.940739351846776
-1.4317897371714645	17.976558127099768
-1.4217772215269084	17.96039329135575
-1.4117647058823524	18.070602065905604
-1.4017521902377972	18.092632465638772
-1.391739674593241	18.208704609249533
-1.381727158948686	18.211933969742425
-1.3717146433041298	18.211299749287175
-1.3617021276595747	18.21112338544268
-1.3516896120150186	18.211862258591232
-1.3416770963704625	18.214335018295984
-1.3316645807259073	18.220337487974604
-1.3216520650813512	18.234543630010478
-1.311639549436796	18.268475292649356
-1.30162703379224	18.31855094268475
-1.2916145181476848	18.352405125128463
-1.2816020025031287	18.382235928394753
-1.2715894868585726	18.412653308852995
-1.2615769712140175	18.478534370303976
-1.2515644555694614	18.645072712918996
-1.2415519399249062	18.8622584119986
-1.2315394242803501	19.092685902331933
-1.221526908635795	19.402543885643887
-1.2115143929912389	19.692101442379464
-1.2015018773466828	19.930689384982994
-1.1914893617021276	20.14816737954682
-1.1814768460575715	20.35093944571705
-1.1714643304130163	20.553306799095722
-1.1614518147684603	20.751741544142885
-1.151439299123905	20.997310556899293
-1.141426783479349	21.32327257286048
-1.131414267834793	21.758200780486128
-1.1214017521902377	22.300958110708706
-1.1113892365456817	22.852757614198612
-1.1013767209011265	23.263743015718052
-1.0913642052565704	23.72219045091435
-1.0813516896120152	24.202874736216714
-1.0713391739674591	24.713612930582556
-1.061326658322903	25.308936033592865
-1.0513141426783479	25.954413520308677
-1.0413016270337918	26.477271961918504
-1.0312891113892366	26.75875819693279
-1.0212765957446805	26.941995570380886
-1.0112640801001254	27.20291307993318
-1.0012515644555693	27.46625166331509
-0.9912390488110132	27.723268698804983
-0.981226533166458	28.021176323756354
-0.971214017521902	28.365009946424262
-0.9612015018773468	28.707086768368896
-0.9511889862327907	28.974421101267513
-0.9411764705882355	29.148547715418193
-0.9311639549436794	29.341109721614316
-0.9211514392991234	29.567374935893156
-0.9111389236545682	29.68834870258928
-0.9011264080100121	29.681243095730075
-0.8911138923654569	29.633839617491873
-0.8811013767209008	29.594745871177153
-0.8710888610763456	29.39817930471529
-0.8610763454317896	28.997462862312698
-0.8510638297872335	28.50684846906798
-0.8410513141426783	27.829548540079628
-0.8310387984981222	27.03984896945661
-0.821026282853567	26.263854467862213
-0.811013767209011	25.605610785143796
-0.8010012515644558	25.02432772243658
-0.7909887359198997	24.54460930519192
-0.7809762202753436	24.053398605793998
-0.7709637046307884	23.47512952727495
-0.7609511889862324	22.88923423574561
-0.7509386733416772	22.30594939154905
-0.7409261576971211	21.598381208997075
-0.7309136420525659	20.9738953798564
-0.7209011264080099	20.26916760197015
-0.7108886107634538	19.60959085490415
-0.7008760951188986	18.92678199748701
-0.6908635794743425	18.414943944794203
-0.6808510638297873	17.894516218539973
-0.6708385481852313	17.323143429966937
-0.6608260325406761	16.945925912884622
-0.65081351689612	16.613553816819703
-0.6408010012515639	16.17162335931571
-0.6307884856070087	15.733247310543433
-0.6207759699624527	15.430112816235848
-0.6107634543178975	15.253596310934656
-0.6007509386733414	15.174855878506056
-0.5907384230287862	15.120541041800967
-0.5807259073842301	14.947477820275171
-0.5707133917396741	14.761510617548876
-0.5607008760951189	14.488668926562362
-0.5506883604505628	14.068183462060901
-0.5406758448060076	13.756974697987852
-0.5306633291614515	13.448017951134787
-0.5206508135168963	13.32514633394394
-0.5106382978723403	13.121110450664148
-0.5006257822277842	13.138482363983602
-0.490613266583229	13.270951130591671
-0.48060075093867294	13.430455247179125
-0.47058823529411775	13.673886803081922
-0.4605757196495617	13.989893707498977
-0.4505632040050065	14.356081139690957
-0.4405506883604504	14.743306126698117
-0.43053817271589434	15.111635722968026
-0.42052565707133915	15.507804181390648
-0.4105131414267831	15.85405772171908
-0.4005006257822279	16.084743972918748
-0.3904881101376718	16.24713048205912
-0.38047559449311663	16.366607117237645
-0.37046307884856056	16.515487798720763
-0.3604505632040045	16.685440210171688
-0.3504380475594493	16.832176918193905
-0.3404255319148932	16.978591651408117
-0.33041301627033803	17.065391667485315
-0.32040050062578196	17.075833150688997
-0.3103879849812259	17.01914403704764
-0.3003754693366707	16.956293441575635
-0.2903629536921146	16.900447420021514
-0.28035043804755944	16.83842322677156
-0.27033792240300336	16.806604002030237
-0.2603254067584482	16.84928409761738
-0.2503128911138921	16.966060037318982
-0.24030037546933602	17.013737795358097
-0.23028785982478084	17.000348174116453
-0.22027534418022476	16.99002136662545
-0.21026282853566958	17.009852385304477
-0.2002503128911135	17.03123172671917
-0.19023779724655832	17.054322254533115
-0.18022528160200224	17.082883912392706
-0.17021276595744617	17.104678362247107
-0.16020025031289098	17.098767679190864
-0.1501877346683349	17.05917194736083
-0.14017521902377972	16.998301291083763
-0.13016270337922364	16.888678747778613
-0.12015018773466846	16.687565744985378
-0.11013767209011238	16.376723669693
-0.10012515644555631	15.991313890272496
-0.09011264080100112	15.56413474237266
-0.08010012515644505	15.127987946455928
-0.07008760951188986	14.715841170329481
-0.060075093867333784	14.337633984882936
-0.0500625782227786	13.986559985204691
-0.04005006257822252	13.667927618687509
-0.030037546933666448	13.38240689892787
-0.02002503128911126	13.11767632985759
-0.010012515644555187	12.885525391537687
0.0	12.671434522237176
