-8.0	4.440540164162791
-7.989987484355444	4.615393940856516
-7.979974968710889	4.785357410700364
-7.969962453066333	4.932682122283748
-7.9599499374217775	5.040171277719146
-7.949937421777221	5.100670463949558
-7.939924906132666	5.123161836342227
-7.92991239048811	5.130404853048866
-7.919899874843554	5.148487485930605
-7.909887359198999	5.194324882683916
-7.899874843554443	5.268335792430956
-7.889862327909888	5.356272873245256
-7.8798498122653315	5.43923128798013
-7.869837296620776	5.505741638475716
-7.85982478097622	5.556984627230714
-7.849812265331664	5.600194016721972
-7.839799749687109	5.636000946259836
-7.829787234042553	5.652778289984491
-7.819774718397998	5.635055600006159
-7.809762202753442	5.578252420834849
-7.7997496871088865	5.494541067050614
-7.78973717146433	5.403581099772756
-7.779724655819774	5.3175208399520955
-7.769712140175219	5.234985592759385
-7.759699624530663	5.148763975133465
-7.749687108886108	5.057971574224491
-7.739674593241552	4.971992906852912
-7.729662077596997	4.902997829657208
-7.719649561952441	4.855438739470998
-7.7096370463078845	4.822710055794391
-7.699624530663329	4.792710387999181
-7.689612015018773	4.755673793901886
-7.679599499374218	4.70792998584734
-7.669586983729662	4.651920299964858
-7.659574468085107	4.596258350019201
-7.649561952440551	4.555532554762086
-7.639549436795995	4.545117862222903
-7.629536921151439	4.570258125058153
-7.619524405506883	4.617739780660435
-7.609511889862328	4.660343958422526
-7.599499374217772	4.674025776596085
-7.589486858573217	4.654910058751723
-7.579474342928661	4.621453384292429
-7.569461827284105	4.599634934694906
-7.55944931163955	4.604178180746428
-7.5494367959949935	4.631693736835603
-7.539424280350438	4.669878326503687
-7.529411764705882	4.71248053885749
-7.519399249061326	4.7656295565317475
-7.509386733416771	4.839725585666128
-7.499374217772215	4.9345634331936
-7.48936170212766	5.032399909767215
-7.479349186483104	5.107458534388098
-7.4693366708385485	5.1452858419412895
-7.459324155193992	5.155241948730339
-7.449311639549437	5.164467527699559
-7.439299123904881	5.197654827178777
-7.429286608260325	5.259342897894871
-7.41927409261577	5.333309320099312
-7.409261576971214	5.398689491627275
-7.399249061326659	5.447802838832546
-7.3892365456821025	5.490090359212367
-7.3792240300375465	5.5407778220688515
-7.369211514392991	5.607008513732249
-7.359198998748435	5.6838607118088715
-7.34918648310388	5.760686439175371
-7.339173967459324	5.829549018637328
-7.329161451814769	5.889658512362553
-7.319148936170213	5.947382187654202
-7.3091364205256575	6.012312235577056
-7.299123904881101	6.089138298301282
-7.289111389236545	6.169206392751464
-7.27909887359199	6.230082694990967
-7.269086357947434	6.246670047151656
-7.259073842302879	6.206720961621835
-7.249061326658323	6.119839245247547
-7.239048811013767	6.014962213542597
-7.2290362953692116	5.9278988041272305
-7.2190237797246555	5.883928843626042
-7.2090112640801	5.884130863263474
-7.198998748435544	5.905319786134084
-7.188986232790989	5.915359034772217
-7.178973717146433	5.892743385058469
-7.168961201501878	5.835908274350905
-7.158948685857322	5.75791470007627
-7.148936170212766	5.674267676193284
-7.13892365456821	5.593778686340502
-7.128911138923654	5.516178555346762
-7.118898623279099	5.435155504691495
-7.108886107634543	5.344799115208121
-7.098873591989987	5.246238944943904
-7.088861076345432	5.148858534915452
-7.078848560700876	5.0634059314197
-7.068836045056321	4.993157158097396
-7.0588235294117645	4.933025636878852
-7.048811013767209	4.878047013638841
-7.038798498122653	4.83144576586171
-7.028785982478098	4.802941526482192
-7.018773466833542	4.7996978519077835
-7.008760951188986	4.820534185300403
-6.998748435544431	4.85914508425795
-6.988735919899875	4.911265054954628
-6.9787234042553195	4.977105547347428
-6.968710888610763	5.05688810419426
-6.958698372966207	5.145349120490393
-6.948685857321652	5.232034736221537
-6.938673341677096	5.307921613954925
-6.928660826032541	5.372241939525235
-6.918648310387985	5.432739601505041
-6.908635794743429	5.498380890507217
-6.8986232790988735	5.570547364773073
-6.888610763454318	5.640447381887507
-6.878598247809762	5.694765549048553
-6.868585732165206	5.723910899315896
-6.858573216520651	5.726039865040731
-6.848560700876095	5.70612410670757
-6.83854818523154	5.67401859049307
-6.828535669586984	5.64278022837412
-6.818523153942428	5.624030081719789
-6.808510638297872	5.619658426577889
-6.798498122653316	5.616683033645672
-6.788485607008761	5.593238886757794
-6.778473091364205	5.53355893819446
-6.768460575719649	5.439171230135944
-6.758448060075094	5.326587214697589
-6.748435544430539	5.215933152295896
-6.7384230287859825	5.12236858203141
-6.7284105131414265	5.054319593112965
-6.718397997496871	5.012929443557175
-6.708385481852315	4.9900177283220435
-6.69837296620776	4.970180465356816
-6.688360450563204	4.940388621600701
-6.678347934918648	4.8993777115726065
-6.668335419274093	4.85630469830564
-6.658322903629537	4.8191000137894715
-6.648310387984981	4.784005209843592
-6.638297872340425	4.736040662851313
-6.628285356695869	4.65890414011281
-6.618272841051314	4.545015650550537
-6.608260325406759	4.399055993046568
-6.598247809762203	4.235742908525832
-6.588235294117647	4.075158104497565
-6.578222778473092	3.936269029630599
-6.5682102628285355	3.8290062096677957
-6.55819774718398	3.7492173703328624
-6.548185231539424	3.6817113960966346
-6.538172715894868	3.6104701946356457
-6.528160200250313	3.5282600834881026
-6.518147684605757	3.438142054249888
-6.508135168961202	3.346582461646293
-6.498122653316646	3.2549816838649455
-6.4881101376720896	3.1570663348646977
-6.478097622027534	3.043887357122372
-6.468085106382979	2.9120104295526343
-6.458072590738423	2.768678172284949
-6.448060075093867	2.630116183481841
-6.438047559449312	2.5135085280855174
-6.428035043804756	2.427420709789225
-6.418022528160201	2.366843297897735
-6.4080100125156445	2.3159401616122857
-6.397997496871088	2.2564768127373176
-6.387984981226533	2.176833441177913
-6.377972465581977	2.076701491525554
-6.367959949937422	1.9650359534513409
-6.357947434292866	1.8527598156676388
-6.34793491864831	1.7454036508088677
-6.337922403003755	1.6411079316315245
-6.3279098873591995	1.5350107569271312
-6.317897371714643	1.4256012134696883
-6.307884856070087	1.3173822977230112
-6.297872340425532	1.2181478285203229
-6.287859824780976	1.1339667830112516
-6.277847309136421	1.0660233709383147
-6.267834793491865	1.0108761383118343
-6.257822277847309	0.9629179802519436
-6.2478097622027535	0.9170321688249142
-6.2377972465581975	0.8701973467879761
-6.227784730913642	0.8219762415154889
-6.217772215269086	0.7745976806099009
-6.20775969962453	0.7329755659647108
-6.197747183979975	0.7039389492957768
-6.18773466833542	0.6940115678580813
-6.177722152690864	0.706702788916854
-6.167709637046308	0.7412016850092832
-6.157697121401752	0.7931220645559685
-6.147684605757196	0.8562060525080192
-6.137672090112641	0.9236990554535908
-6.127659574468085	0.9891698064721459
-6.117647058823529	1.0475305849194214
-6.107634543178974	1.0970377791390395
-6.097622027534418	1.1415944130502467
-6.0876095118898625	1.190702669013509
-6.0775969962453065	1.254977691276408
-6.06758448060075	1.3392717456575256
-6.057571964956195	1.438807248297828
-6.04755944931164	1.5416178868491872
-6.037546933667084	1.63517738541537
-6.027534418022528	1.7124480221613028
-6.017521902377973	1.774310668481267
-6.007509386733417	1.8280459605788097
-5.997496871088861	1.8831778075840657
-5.987484355444305	1.947084415983799
-5.977471839799749	2.0226783306888216
-5.967459324155194	2.1083237276298186
-5.957446808510639	2.1983891362912393
-5.947434292866083	2.283947262543298
-5.937421777221527	2.3550297392563655
-5.927409261576971	2.4049566329063277
-5.9173967459324155	2.4342762660656327
-5.90738423028786	2.450595580664153
-5.897371714643304	2.4631586288877974
-5.887359198998748	2.4757329323024053
-5.877346683354192	2.483775755147864
-5.867334167709637	2.478664140388906
-5.857321652065082	2.45524572307653
-5.847309136420526	2.4158027648635763
-5.83729662077597	2.36733138445851
-5.827284105131414	2.3156139564659215
-5.817271589486858	2.2616941636862475
-5.807259073842303	2.202582028228925
-5.797246558197747	2.1339785390274013
-5.787234042553191	2.0530878272782496
-5.777221526908636	1.9614293893349075
-5.767209011264081	1.8664757795669182
-5.7571964956195245	1.7791631773262417
-5.747183979974968	1.7071723417947062
-5.737171464330412	1.6493594789622565
-5.727158948685857	1.5968968442246234
-5.717146433041302	1.5399681663664342
-5.707133917396746	1.4733935601001615
-5.69712140175219	1.3970134105745464
-5.687108886107635	1.3132120093245654
-5.677096370463079	1.2259305990625136
-5.667083854818523	1.1411620172700612
-5.657071339173967	1.0652874878461243
-5.647058823529411	1.0004234129803393
-5.637046307884856	0.9413882119483463
-5.627033792240301	0.8788181370579636
-5.617021276595745	0.8064472787363575
-5.607008760951189	0.7256387829086782
-5.596996245306633	0.6430889320462739
-5.5869837296620775	0.5646625938695201
-5.576971214017522	0.4915374766802643
-5.566958698372966	0.42154477243353133
-5.55694618272841	0.35325154778248874
-5.546933667083855	0.28844530351186715
-5.536921151439299	0.23117434122092448
-5.526908635794744	0.1849467921557821
-5.516896120150188	0.15075221250094809
-5.5068836045056315	0.12706906945155833
-5.496871088861076	0.11109348754649676
-5.486858573216521	0.09987586315428097
-5.476846057571965	0.09085524900993622
-5.466833541927409	0.08211067331066205
-5.456821026282853	0.07261886738887612
-5.446808510638298	0.06239409131084677
-5.4367959949937426	0.05237475105351953
-5.4267834793491865	0.04415271588938243
-5.41677096370463	0.03957289204282617
-5.406758448060075	0.04006555778102614
-5.396745932415519	0.04582326717913408
-5.386733416770964	0.05539796433738512
-5.376720901126408	0.06631381435328611
-5.366708385481852	0.0766260377992075
-5.356695869837297	0.08643601345983123
-5.346683354192741	0.09805281301224306
-5.336670838548185	0.11437587564570019
-5.326658322903629	0.136592774503731
-5.316645807259073	0.16294678801644918
-5.306633291614518	0.18944338705715122
-5.296620775969963	0.21192934475223676
-5.286608260325407	0.22834988346912716
-5.276595744680851	0.24027474957886696
-5.2665832290362955	0.2530967218133057
-5.256570713391739	0.27436017954623654
-5.246558197747184	0.3103300794074133
-5.236545682102628	0.3624839182479655
-5.226533166458072	0.42645591675540256
-5.216520650813517	0.4944428097581574
-5.206508135168962	0.5594674701676539
-5.196495619524406	0.6188954275555394
-5.18648310387985	0.675496977755357
-5.1764705882352935	0.7355267168376901
-5.166458072590738	0.8044989508419671
-5.156445556946183	0.8829879719764218
-5.146433041301627	0.9654334269441206
-5.136420525657071	1.043042408870343
-5.126408010012516	1.108833010812883
-5.11639549436796	1.161457377382675
-5.1063829787234045	1.2055731050839802
-5.0963704630788484	1.248876170342006
-5.086357947434292	1.2976888739954886
-5.076345431789737	1.3534422247302678
-5.066332916145182	1.4119301631399899
-5.056320400500626	1.466081099370344
-5.04630788485607	1.5107271039807686
-5.036295369211514	1.5455901978992983
-5.026282853566959	1.5736818763810145
-5.016270337922403	1.5969496375755414
-5.006257822277847	1.6141097618866969
-4.996245306633291	1.6228655157780572
-4.986232790988735	1.62358087762044
-4.97622027534418	1.6204537489915467
-4.966207759699625	1.619591095376189
-4.956195244055069	1.6261368798587843
-4.946182728410513	1.6423325100047612
-4.9361702127659575	1.66698914729371
-4.926157697121402	1.6961703957251242
-4.916145181476846	1.724802902314579
-4.90613266583229	1.7488015024019037
-4.896120150187734	1.7669444114315753
-4.886107634543179	1.781443363869318
-4.876095118898624	1.7963970821938364
-4.866082603254068	1.8143664559465797
-4.8560700876095115	1.8329234545459305
-4.8460575719649555	1.8441533934838676
-4.8360450563204	1.8389880417401077
-4.826032540675845	1.8143130948422175
-4.816020025031289	1.7769895620543825
-4.806007509386733	1.7402113503155403
-4.795994993742178	1.714546864024279
-4.785982478097623	1.7016994959721292
-4.7759699624530665	1.6964331215128907
-4.76595744680851	1.6935870006696654
-4.755944931163954	1.6922616314256278
-4.745932415519399	1.6932330724210647
-4.735919899874844	1.693334661530757
-4.725907384230288	1.6834176804356442
-4.715894868585732	1.6524855803955056
-4.705882352941176	1.5949145331017989
-4.6958698372966206	1.5154086140360394
-4.685857321652065	1.427913030159461
-4.675844806007509	1.3485784357197907
-4.665832290362953	1.2873074753964031
-4.655819774718398	1.2438813840557452
-4.645807259073843	1.2106271927064365
-4.635794743429287	1.1778835456629078
-4.625782227784731	1.137690821216092
-4.615769712140175	1.0850815945808159
-4.605757196495619	1.0188440938969143
-4.595744680851064	0.9419870518946261
-4.585732165206508	0.8603772295173724
-4.575719649561952	0.7796109564940739
-4.565707133917396	0.7027010026388981
-4.555694618272841	0.6305195559052234
-4.545682102628286	0.5637372818602092
-4.53566958698373	0.5035397656114466
-4.5256570713391735	0.45041984931091167
-4.515644555694618	0.40292170674722005
-4.505632040050063	0.3582028830600743
-4.495619524405507	0.31412118594601923
-4.485607008760951	0.2709156608337275
-4.475594493116395	0.23099641521161401
-4.46558197747184	0.19711964908426552
-4.4555694618272845	0.1704782358477376
-4.4455569461827285	0.15001358832538456
-4.435544430538172	0.1331169089770648
-4.425531914893616	0.11700355282132827
-4.415519399249061	0.09995482662947254
-4.405506883604506	0.08199491933742707
-4.39549436795995	0.06483984351204197
-4.385481852315394	0.05102835497182436
-4.375469336670839	0.04242292004864378
-4.365456821026283	0.03887467129839591
-4.355444305381727	0.03810892411113704
-4.345431789737171	0.03710754765544701
-4.335419274092615	0.03393760236701666
-4.32540675844806	0.02855060346201145
-4.315394242803505	0.0221376939909308
-4.305381727158949	0.015962574340762835
-4.295369211514393	0.010733035336044854
-4.285356695869837	0.006667671764747535
-4.275344180225281	0.0037587318808261342
-4.265331664580726	0.001885662241903851
-4.25531914893617	0.0008285593400989468
-4.245306633291614	0.000315363684346528
-4.235294117647059	0.00010324994914443961
-4.225281602002504	2.8956155035520905e-05
-4.215269086357948	6.939220004768016e-06
-4.2052565707133915	1.4190498455378998e-06
-4.1952440550688355	2.4743527179234394e-07
-4.18523153942428	3.677145647126516e-08
-4.175219023779725	4.6562630867706556e-09
-4.165206508135169	5.023206544642287e-10
-4.155193992490613	4.6164414031652946e-11
-4.145181476846057	3.614075418182361e-12
-4.135168961201502	2.4101267996655616e-13
-4.1251564455569465	1.369081454668486e-14
-4.11514392991239	6.624635216921461e-16
-4.105131414267834	2.7304611482501477e-17
-4.095118898623279	9.58628402823661e-19
-4.085106382978723	2.86684508150919e-20
-4.075093867334168	7.302935266531347e-22
-4.065081351689612	1.5846369295874215e-23
-4.055068836045056	2.9288766318098026e-25
-4.045056320400501	4.611171834635477e-27
-4.035043804755945	6.183870973059458e-29
-4.025031289111389	7.063962705505201e-31
-4.015018773466833	6.873457154072145e-33
-4.005006257822277	5.69693034262216e-35
-3.994993742177722	4.022031174184403e-37
-3.9849812265331668	2.418737829687411e-39
-3.9749687108886107	1.2389991323293827e-41
-3.9649561952440546	5.406199239013069e-44
-3.9549436795994994	2.0093330663744404e-46
-3.9449311639549434	6.361369971827622e-49
-3.934918648310388	1.7154901026842686e-51
-3.924906132665832	3.940620551646921e-54
-3.914893617021277	7.71045235891683e-57
-3.904881101376721	1.2850911627851233e-59
-3.8948685857321648	1.8244285295006569e-62
-3.8848560700876096	2.206269755719365e-65
-3.8748435544430535	2.272632468793023e-68
-3.8648310387984983	1.9940619267462505e-71
-3.8548185231539422	1.4903453423376958e-74
-3.844806007509387	9.487985814081203e-78
-3.834793491864831	5.145172948004978e-81
-3.824780976220275	2.376647470091281e-84
-3.8147684605757197	9.351222612989096e-88
-3.8047559449311636	3.134085666534625e-91
-3.7947434292866085	8.947303504685844e-95
-3.7847309136420524	2.1757666444115444e-98
-3.774718397997497	4.5068312646036204e-102
-3.764705882352941	7.951867248440057e-106
-3.754693366708385	1.1951042277731495e-109
-3.74468085106383	1.529964250714714e-113
-3.734668335419274	1.668382487069808e-117
-3.7246558197747186	1.549704165980396e-121
-3.7146433041301625	1.2275032679930116e-125
-3.7046307884856065	1.9278423200698e-124
-3.6946182728410513	2.325831411143566e-120
-3.684605757196495	2.3901527336624905e-116
-3.67459324155194	2.09224199487411e-112
-3.664580725907384	1.5600446009833725e-108
-3.6545682102628287	9.908341204984684e-105
-3.6445556946182727	5.360480632150893e-101
-3.6345431789737166	2.4702752529491944e-97
-3.6245306633291614	9.69674116068756e-94
-3.6145181476846053	3.2422395344875244e-90
-3.60450563204005	9.234284062138978e-87
-3.594493116395494	2.240269167851711e-83
-3.584480600750939	4.629520510244183e-80
-3.574468085106383	8.149119041536534e-77
-3.5644555694618267	1.2218676040423574e-73
-3.5544430538172715	1.5605456501251003e-70
-3.5444305381727155	1.697726170840343e-67
-3.5344180225281603	1.573249666258358e-64
-3.524405506883604	1.2418424233391053e-61
-3.514392991239049	8.349763496926806e-59
-3.504380475594493	4.782122487978534e-56
-3.494367959949937	2.3329533571477754e-53
-3.4843554443053817	9.694608042322086e-51
-3.4743429286608256	3.43157340145493e-48
-3.4643304130162704	1.0346540679320773e-45
-3.4543178973717144	2.6572712278452373e-43
-3.444305381727159	5.813202337570206e-41
-3.434292866082603	1.083262808242917e-38
-3.424280350438047	1.7194559915254364e-36
-3.414267834793492	2.3248082368821286e-34
-3.4042553191489358	2.677454167922162e-32
-3.3942428035043806	2.6266112132709484e-30
-3.3842302878598245	2.1948678717414693e-28
-3.3742177722152693	1.5622833620003108e-26
-3.3642052565707132	9.472182843646918e-25
-3.354192740926157	4.891918090939615e-23
-3.344180225281602	2.1520240454115407e-21
-3.334167709637046	8.064062802778634e-20
-3.3241551939924907	2.5739465391107355e-18
-3.3141426783479346	6.998161857521323e-17
-3.3041301627033794	1.620717359470604e-15
-3.2941176470588234	3.1971972259888e-14
-3.2841051314142673	5.372425709757986e-13
-3.274092615769712	7.689715446504967e-12
-3.264080100125156	9.375382732474743e-11
-3.254067584480601	9.736585715517008e-10
-3.2440550688360448	8.613178957422443e-09
-3.2340425531914896	6.49022391167389e-08
-3.2240300375469335	4.165777792222309e-07
-3.2140175219023774	2.277584733345964e-06
-3.2040050062578223	1.06071622748126e-05
-3.193992490613266	4.208040143398023e-05
-3.183979974968711	0.00014221297163812338
-3.173967459324155	0.00040947742894417667
-3.1639549436795997	0.0010047890425298564
-3.1539424280350437	0.002102615801027175
-3.1439299123904876	0.0037579537116342147
-3.1339173967459324	0.005757035336817549
-3.1239048811013763	0.007622028403414887
-3.113892365456821	0.008882683995871003
-3.103879849812265	0.009465308441777485
-3.09386733416771	0.009850137430759775
-3.083854818523154	0.01083182340889852
-3.0738423028785977	0.013151172370170786
-3.0638297872340425	0.017405577082902263
-3.0538172715894865	0.024240911077915504
-3.0438047559449313	0.034352543992959575
-3.033792240300375	0.047961371980600416
-3.02377972465582	0.06419244268233841
-3.013767209011264	0.08130729653356084
-3.003754693366708	0.0981420502960411
-2.9937421777221527	0.11567288785090445
-2.9837296620775966	0.13696737177102863
-2.9737171464330414	0.16506878643892123
-2.9637046307884853	0.20050031342220764
-2.95369211514393	0.24060378826721918
-2.943679599499374	0.2812047651652826
-2.933667083854818	0.31918731665809436
-2.923654568210263	0.3542731352625382
-2.9136420525657067	0.3890975125114728
-2.9036295369211516	0.4275202053729781
-2.8936170212765955	0.47210497410493074
-2.8836045056320403	0.5225851251597011
-2.873591989987484	0.5765898435263306
-2.863579474342928	0.6319190805747408
-2.853566958698373	0.688292413730885
-2.843554443053817	0.747181518540842
-2.8335419274092617	0.8101208320136016
-2.8235294117647056	0.8769846576317252
-2.8135168961201504	0.9454293681578432
-2.8035043804755944	1.0117431822218153
-2.7934918648310383	1.0726616128153872
-2.783479349186483	1.1272053503534405
-2.773466833541927	1.1770143224883578
-2.763454317897372	1.2241695443392624
-2.7534418022528158	1.268043576573724
-2.7434292866082606	1.304817171881263
-2.7334167709637045	1.3311854037108983
-2.7234042553191484	1.3486770940607244
-2.7133917396745932	1.3633727085823626
-2.703379224030037	1.380731900648419
-2.693366708385482	1.4010586251982018
-2.683354192740926	1.420430475887082
-2.6733416770963707	1.4356352769128855
-2.6633291614518146	1.4475490791041659
-2.6533166458072586	1.4597494793681771
-2.6433041301627034	1.474407700631673
-2.6332916145181473	1.489811344875026
-2.623279098873592	1.5016603125039398
-2.613266583229036	1.5064854012711153
-2.603254067584481	1.5037905266430163
-2.593241551939925	1.4950966984483158
-2.5832290362953687	1.481269430823835
-2.5732165206508135	1.4612355615791035
-2.5632040050062574	1.4337845317707165
-2.5531914893617023	1.400938293325337
-2.543178973717146	1.3693599986975324
-2.533166458072591	1.3475578257271823
-2.523153942428035	1.3405196146649516
-2.513141426783479	1.3462829379385362
-2.5031289111389237	1.3575263836568996
-2.4931163954943676	1.3667786611682156
-2.4831038798498124	1.3710108228015943
-2.4730913642052563	1.372621327473221
-2.463078848560701	1.3768893067921173
-2.453066332916145	1.387876345366729
-2.443053817271589	1.4050753262260238
-2.433041301627034	1.422561781135045
-2.4230287859824777	1.4311804319889372
-2.4130162703379225	1.4227742441562163
-2.4030037546933665	1.3944442391780414
-2.3929912390488113	1.350611154491741
-2.382978723404255	1.3014153341768342
-2.372966207759699	1.2581761709655581
-2.362953692115144	1.2289923145831465
-2.352941176470588	1.2171601053260666
-2.3429286608260327	1.2218776966346834
-2.3329161451814766	1.2389520486794063
-2.3229036295369214	1.261242075674212
-2.3128911138923653	1.2807645909927623
-2.3028785982478093	1.292795032287118
-2.292866082603254	1.2986574818031813
-2.282853566958698	1.3034541859729611
-2.272841051314143	1.3096736958250808
-2.2628285356695867	1.3128159859052309
-2.2528160200250316	1.3041584773308619
-2.2428035043804755	1.278450065346719
-2.2327909887359194	1.2388423935917965
-2.2227784730913642	1.1943435855498654
-2.212765957446808	1.1529124709064764
-2.202753441802253	1.1170192125515264
-2.192740926157697	1.0847459400520334
-2.1827284105131417	1.0534752953563553
-2.1727158948685856	1.0216065681498576
-2.1627033792240296	0.9873779012502764
-2.1526908635794744	0.9477515300620077
-2.1426783479349183	0.899919447540424
-2.132665832290363	0.8443402285758858
-2.122653316645807	0.7860774209033875
-2.112640801001252	0.7330319274709582
-2.1026282853566958	0.6928578863749768
-2.0926157697121397	0.6709902786357557
-2.0826032540675845	0.6701760338989052
-2.0725907384230284	0.6904396162664022
-2.0625782227784732	0.7290020948893013
-2.052565707133917	0.7804523253205353
-2.042553191489362	0.8372808114614307
-2.032540675844806	0.890961671593396
-2.02252816020025	0.9342738211884791
-2.0125156445556946	0.9645626888431673
-2.0025031289111386	0.9853234959260334
-1.9924906132665834	1.003555350752673
-1.9824780976220273	1.0245146810567354
-1.9724655819774712	1.0490865725110061
-1.962453066332916	1.076294760655911
-1.95244055068836	1.1069838882166496
-1.9424280350438048	1.143234358998804
-1.9324155193992487	1.184111638950687
-1.9224030037546935	1.2237182781428257
-1.9123904881101375	1.2548838404456621
-1.9023779724655814	1.2748624067961116
-1.8923654568210262	1.287009143080993
-1.8823529411764701	1.296975252631939
-1.872340425531915	1.307644983257106
-1.8623279098873589	1.3176964934813093
-1.8523153942428037	1.3244135314564331
-1.8423028785982476	1.327412898852179
-1.8322903629536915	1.3301876204833882
-1.8222778473091363	1.3390907679031099
-1.8122653316645803	1.3605787458628797
-1.802252816020025	1.3972011231847115
-1.792240300375469	1.4440318047117577
-1.7822277847309138	1.4892020157358077
-1.7722152690863577	1.5202523107640913
-1.7622027534418017	1.532049368747185
-1.7521902377972465	1.5291339404748725
-1.7421777221526904	1.5205335572899645
-1.7321652065081352	1.5128644518023404
-1.7221526908635791	1.508400956989092
-1.712140175219024	1.508021115504139
-1.7021276595744679	1.5136466679301952
-1.6921151439299118	1.527036294032415
-1.6821026282853566	1.5471673825033527
-1.6720901126408005	1.5699168502313603
-1.6620775969962454	1.5907353367634596
-1.6520650813516893	1.6077379775104215
-1.642052565707134	1.6222952535437478
-1.632040050062578	1.6367270472204691
-1.622027534418022	1.6514781148111204
-1.6120150187734668	1.6644623143816686
-1.6020025031289107	1.6730336399582513
-1.5919899874843555	1.6765849084149196
-1.5819774718397994	1.6771817985335664
-1.5719649561952442	1.677396930080716
-1.5619524405506882	1.677282370814246
-1.551939924906132	1.6735289377150642
-1.541927409261577	1.6618184515967334
-1.5319148936170208	1.6401816600486687
-1.5219023779724656	1.6102430837805524
-1.5118898623279096	1.575326601799415
-1.5018773466833544	1.5372653719561105
-1.4918648310387983	1.4949411104490251
-1.4818523153942422	1.446080951908542
-1.471839799749687	1.390580312254311
-1.461827284105131	1.3316406460945418
-1.4518147684605758	1.2731913522749279
-1.4418022528160197	1.2166142200364276
-1.4317897371714645	1.1607164428792756
-1.4217772215269084	1.104275745989511
-1.4117647058823524	1.0468603667978496
-1.4017521902377972	0.9867971555776571
-1.391739674593241	0.9203055512560265
-1.381727158948686	0.8446302370132337
-1.3717146433041298	0.7620979778102416
-1.3617021276595747	0.6801237570602021
-1.3516896120150186	0.6066541768466721
-1.3416770963704625	0.5452314480485853
-1.3316645807259073	0.4937815364179141
-1.3216520650813512	0.44754761846010116
-1.311639549436796	0.4032332643288362
-1.30162703379224	0.36093343034073744
-1.2916145181476848	0.3227180446391645
-1.2816020025031287	0.2896321755702611
-1.2715894868585726	0.25996661802779114
-1.2615769712140175	0.23023562649037127
-1.2515644555694614	0.1978425133943595
-1.2415519399249062	0.1630955603412304
-1.2315394242803501	0.12901548038290642
-1.221526908635795	0.09932016661833856
-1.2115143929912389	0.07629266888695979
-1.2015018773466828	0.05996628947756719
-1.1914893617021276	0.04878404762804206
-1.1814768460575715	0.04087302432800786
-1.1714643304130163	0.034945585694390074
-1.1614518147684603	0.030376847212683196
-1.151439299123905	0.02672642637112796
-1.141426783479349	0.023392460313461146
-1.131414267834793	0.01983971441446785
-1.1214017521902377	0.016125026895655235
-1.1113892365456817	0.013039493138458733
-1.1013767209011265	0.01157028083856571
-1.0913642052565704	0.012089624487168738
-1.0813516896120152	0.013951344801878787
-1.0713391739674591	0.015851283840469035
-1.061326658322903	0.016742481517612134
-1.0513141426783479	0.016676478627505365
-1.0413016270337918	0.016930546727266713
-1.0312891113892366	0.019242040657611374
-1.0212765957446805	0.02462849366322374
-1.0112640801001254	0.032634513741648205
-1.0012515644555693	0.04158544047682728
-0.9912390488110132	0.0496550059003721
-0.981226533166458	0.05587504661486178
-0.971214017521902	0.06033684415658034
-0.9612015018773468	0.0637158966661767
-0.9511889862327907	0.06688221068484555
-0.9411764705882355	0.07096585320498618
-0.9311639549436794	0.07743604304865083
-0.9211514392991234	0.08767209437438936
-0.9111389236545682	0.10223697221947482
-0.9011264080100121	0.12064229820759217
-0.8911138923654569	0.1421223583784542
-0.8811013767209008	0.16700870993821113
-0.8710888610763456	0.19749240908168192
-0.8610763454317896	0.23675568088650706
-0.8510638297872335	0.28680297246818276
-0.8410513141426783	0.34659523209060483
-0.8310387984981222	0.4118392926881445
-0.821026282853567	0.4763752372947223
-0.811013767209011	0.5342549214176032
-0.8010012515644558	0.5817964461639189
-0.7909887359198997	0.6191177224909656
-0.7809762202753436	0.6505927875337043
-0.7709637046307884	0.68396899888683
-0.7609511889862324	0.728392825174319
-0.7509386733416772	0.7917176341764275
-0.7409261576971211	0.8775871305737096
-0.7309136420525659	0.9833874066211987
-0.7209011264080099	1.1004209779520506
-0.7108886107634538	1.2166793793719766
-0.7008760951188986	1.3210986669866631
-0.6908635794743425	1.4075275896695605
-0.6808510638297873	1.4769378807178462
-0.6708385481852313	1.536969855940305
-0.6608260325406761	1.59874690381765
-0.65081351689612	1.6722289911747634
-0.6408010012515639	1.7622886367275652
-0.6307884856070087	1.8671215524961997
-0.6207759699624527	1.9791432775847684
-0.6107634543178975	2.087599948486266
-0.6007509386733414	2.1820433132233896
-0.5907384230287862	2.2558297224109474
-0.5807259073842301	2.3085238242898827
-0.5707133917396741	2.3461319510585024
-0.5607008760951189	2.37906111171271
-0.5506883604505628	2.4189595341049825
-0.5406758448060076	2.4758617832463883
-0.5306633291614515	2.556024614376821
-0.5206508135168963	2.6595450402120644
-0.5106382978723403	2.777122359324752
-0.5006257822277842	2.888051068836209
-0.490613266583229	2.96378625743927
-0.48060075093867294	2.9783386703870556
-0.47058823529411775	2.9197575526677095
-0.4605757196495617	2.7947568976287793
-0.4505632040050065	2.624689823623303
-0.4405506883604504	2.437589816426731
-0.43053817271589434	2.260585114380845
-0.42052565707133915	2.1135040822937117
-0.4105131414267831	2.0043439829633187
-0.4005006257822279	1.9287211900772254
-0.3904881101376718	1.8737363710942747
-0.38047559449311663	1.8234534475002018
-0.37046307884856056	1.7631642677040078
-0.3604505632040045	1.6824733681980473
-0.3504380475594493	1.578446897597986
-0.3404255319148932	1.4579768286984895
-0.33041301627033803	1.3363516777676425
-0.32040050062578196	1.2304495533067232
-0.3103879849812259	1.1496866023226766
-0.3003754693366707	1.0912604956084015
-0.2903629536921146	1.043654889179738
-0.28035043804755944	0.9952885897223281
-0.27033792240300336	0.9412217570269015
-0.2603254067584482	0.8843801748115449
-0.2503128911138921	0.8335070680247189
-0.24030037546933602	0.800503280031751
-0.23028785982478084	0.7963914824212195
-0.22027534418022476	0.8251952018709438
-0.21026282853566958	0.8794378246203515
-0.2002503128911135	0.9424691883876485
-0.19023779724655832	0.9976085451504829
-0.18022528160200224	1.037811855153436
-0.17021276595744617	1.0690446837928866
-0.16020025031289098	1.1053826151497732
-0.1501877346683349	1.1593960089010895
-0.14017521902377972	1.2344199807503071
-0.13016270337922364	1.324143519439239
-0.12015018773466846	1.4192111658055004
-0.11013767209011238	1.5143413006003308
-0.10012515644555631	1.6093584891266455
-0.09011264080100112	1.7040989081431508
-0.08010012515644505	1.7932522244635085
-0.07008760951188986	1.8668184240496484
-0.060075093867333784	1.9164512007705081
-0.0500625782227786	1.9428692585379828
-0.04005006257822252	1.958267085079114
-0.030037546933666448	1.9809430170520088
-0.02002503128911126	2.0253278429142703
-0.010012515644555187	2.094530345548155
0.0	2.18022450660137
