-8.0	8.008587639996739
-7.989987484355444	8.031457900902657
-7.979974968710889	8.011956818979348
-7.969962453066333	7.974890577095438
-7.9599499374217775	7.948440101544886
-7.949937421777221	7.948735720618831
-7.939924906132666	7.984723064100475
-7.92991239048811	8.048793937316294
-7.919899874843554	8.11301542937321
-7.909887359198999	8.154527679571743
-7.899874843554443	8.166510234242995
-7.889862327909888	8.152709405015344
-7.8798498122653315	8.119223148538943
-7.869837296620776	8.08262630615208
-7.85982478097622	8.042156491427713
-7.849812265331664	7.980331418649955
-7.839799749687109	7.890350758933656
-7.829787234042553	7.791274658208752
-7.819774718397998	7.713087081649115
-7.809762202753442	7.666323955512667
-7.7997496871088865	7.648120860182414
-7.78973717146433	7.680026196228702
-7.779724655819774	7.788509035961729
-7.769712140175219	7.9792388753651196
-7.759699624530663	8.21630041655233
-7.749687108886108	8.464435427917184
-7.739674593241552	8.742390124237543
-7.729662077596997	9.030731319897024
-7.719649561952441	9.351667739661126
-7.7096370463078845	9.711709066127197
-7.699624530663329	10.137438488649186
-7.689612015018773	10.5875471694151
-7.679599499374218	11.087496753245084
-7.669586983729662	11.655318016472036
-7.659574468085107	12.300632513543173
-7.649561952440551	12.982431555789047
-7.639549436795995	13.616585999387894
-7.629536921151439	14.090540517475915
-7.619524405506883	14.446450917743519
-7.609511889862328	14.764028126132631
-7.599499374217772	15.085087699865628
-7.589486858573217	15.395609727839503
-7.579474342928661	15.672331786954913
-7.569461827284105	15.881753064744402
-7.55944931163955	15.968350533353101
-7.5494367959949935	15.894902395155906
-7.539424280350438	15.694699413733701
-7.529411764705882	15.433297759335224
-7.519399249061326	15.129412086171797
-7.509386733416771	14.776551716401693
-7.499374217772215	14.382074760073603
-7.48936170212766	13.97037582870614
-7.479349186483104	13.52416352361791
-7.4693366708385485	13.019345615698295
-7.459324155193992	12.464986638293286
-7.449311639549437	11.894694063835823
-7.439299123904881	11.363576979017445
-7.429286608260325	10.887297810819666
-7.41927409261577	10.431231076279161
-7.409261576971214	9.997441499042331
-7.399249061326659	9.649087037288368
-7.3892365456821025	9.383768687785013
-7.3792240300375465	9.151228292243532
-7.369211514392991	8.922700626464632
-7.359198998748435	8.696941778746575
-7.34918648310388	8.49004520441778
-7.339173967459324	8.319848131692337
-7.329161451814769	8.183198552762313
-7.319148936170213	8.060953409225347
-7.3091364205256575	7.954900573872459
-7.299123904881101	7.890306292482623
-7.289111389236545	7.877477676998188
-7.27909887359199	7.884636655006478
-7.269086357947434	7.860093306256126
-7.259073842302879	7.77539347952171
-7.249061326658323	7.6357018706922135
-7.239048811013767	7.468561509181424
-7.2290362953692116	7.290922841494188
-7.2190237797246555	7.090202117944919
-7.2090112640801	6.862588742320635
-7.198998748435544	6.632548235276646
-7.188986232790989	6.441942692250028
-7.178973717146433	6.307407283807766
-7.168961201501878	6.235941384692874
-7.158948685857322	6.2755936411810085
-7.148936170212766	6.471634187073601
-7.13892365456821	6.830918981122024
-7.128911138923654	7.394154902857276
-7.118898623279099	8.266276677272698
-7.108886107634543	9.415830916077821
-7.098873591989987	10.692345219403961
-7.088861076345432	11.994764811510397
-7.078848560700876	13.281696080623735
-7.068836045056321	14.526052142669922
-7.0588235294117645	15.676671125581704
-7.048811013767209	16.73505949585581
-7.038798498122653	17.693675957416836
-7.028785982478098	18.5716735179737
-7.018773466833542	19.38462375609214
-7.008760951188986	20.090655067204796
-6.998748435544431	20.63378458918619
-6.988735919899875	20.981728120820236
-6.9787234042553195	21.127058194646015
-6.968710888610763	21.081950283458852
-6.958698372966207	20.867939718845633
-6.948685857321652	20.523894254158872
-6.938673341677096	20.087746878066095
-6.928660826032541	19.57337970703511
-6.918648310387985	18.983071834183512
-6.908635794743429	18.33205648156305
-6.8986232790988735	17.639796851659575
-6.888610763454318	16.90436429611159
-6.878598247809762	16.14013818396245
-6.868585732165206	15.357257602444662
-6.858573216520651	14.565830664938735
-6.848560700876095	13.78609286136602
-6.83854818523154	13.038734243596705
-6.828535669586984	12.367749566504317
-6.818523153942428	11.804171897224144
-6.808510638297872	11.325782598792088
-6.798498122653316	10.891750552796951
-6.788485607008761	10.491970292949656
-6.778473091364205	10.117642320591598
-6.768460575719649	9.75003174366341
-6.758448060075094	9.406108063369327
-6.748435544430539	9.098886857137424
-6.7384230287859825	8.82421903741777
-6.7284105131414265	8.569748179986968
-6.718397997496871	8.306874282422719
-6.708385481852315	8.004330425304321
-6.69837296620776	7.648441780996808
-6.688360450563204	7.268352250997065
-6.678347934918648	6.917538416845873
-6.668335419274093	6.6374408575335115
-6.658322903629537	6.421312043415561
-6.648310387984981	6.223282790006695
-6.638297872340425	6.018224863320467
-6.628285356695869	5.7974895088036
-6.618272841051314	5.555415737640057
-6.608260325406759	5.325668339900514
-6.598247809762203	5.1242294780884174
-6.588235294117647	4.929831173144221
-6.578222778473092	4.724538581089619
-6.5682102628285355	4.516938026836936
-6.55819774718398	4.3298981005540496
-6.548185231539424	4.151492322869106
-6.538172715894868	3.964190314720377
-6.528160200250313	3.787259770240284
-6.518147684605757	3.6349279736000732
-6.508135168961202	3.486793332696609
-6.498122653316646	3.370023739919154
-6.4881101376720896	3.2912453996900157
-6.478097622027534	3.2447152304933007
-6.468085106382979	3.208232166685693
-6.458072590738423	3.1573727602955066
-6.448060075093867	3.117351199940091
-6.438047559449312	3.111976816654014
-6.428035043804756	3.093822335346998
-6.418022528160201	3.073193555444129
-6.4080100125156445	3.0471512718689358
-6.397997496871088	3.0254907995306413
-6.387984981226533	3.0058338705552976
-6.377972465581977	3.003632617225965
-6.367959949937422	3.0230858092673785
-6.357947434292866	3.0692298075019298
-6.34793491864831	3.1206016512164205
-6.337922403003755	3.3278937376034103
-6.3279098873591995	3.755652259874073
-6.317897371714643	4.316131796017909
-6.307884856070087	5.528711967800344
-6.297872340425532	6.794111992361462
-6.287859824780976	8.08931616903663
-6.277847309136421	9.839126007477255
-6.267834793491865	11.535698196542896
-6.257822277847309	12.839580230473157
-6.2478097622027535	13.611432242196074
-6.2377972465581975	14.74916172519992
-6.227784730913642	15.605826292576669
-6.217772215269086	16.28456195411572
-6.20775969962453	16.690460037411682
-6.197747183979975	17.093228164874628
-6.18773466833542	17.387673591608852
-6.177722152690864	17.774914131445925
-6.167709637046308	18.11812755849282
-6.157697121401752	18.413164573439865
-6.147684605757196	18.88809897445689
-6.137672090112641	19.349307464580658
-6.127659574468085	19.829791190135165
-6.117647058823529	20.45211428180995
-6.107634543178974	21.21642494989377
-6.097622027534418	22.126839068973965
-6.0876095118898625	23.212227497709947
-6.0775969962453065	24.42499413153579
-6.06758448060075	25.693450694308023
-6.057571964956195	27.02589008782196
-6.04755944931164	28.380926159927633
-6.037546933667084	29.676751216973443
-6.027534418022528	30.933764045823697
-6.017521902377973	32.180398965107905
-6.007509386733417	33.322583695665735
-5.997496871088861	34.41435647062235
-5.987484355444305	35.47612169326373
-5.977471839799749	36.458538939803354
-5.967459324155194	37.299996058217204
-5.957446808510639	37.955400397277465
-5.947434292866083	38.36531274561346
-5.937421777221527	38.49490459439977
-5.927409261576971	38.359806413074445
-5.9173967459324155	38.01144668797414
-5.90738423028786	37.551523885117994
-5.897371714643304	37.00447106949455
-5.887359198998748	36.332184958146776
-5.877346683354192	35.56024759064914
-5.867334167709637	34.69016143962507
-5.857321652065082	33.74731676961158
-5.847309136420526	32.92877141017147
-5.83729662077597	32.193849732495316
-5.827284105131414	31.416282366629183
-5.817271589486858	30.545077252434325
-5.807259073842303	29.64600925975719
-5.797246558197747	28.833499214558643
-5.787234042553191	28.147494125690606
-5.777221526908636	27.59930024893544
-5.767209011264081	27.156098687759027
-5.7571964956195245	26.813223858815274
-5.747183979974968	26.517875583339755
-5.737171464330412	26.32008701009425
-5.727158948685857	26.22156752740896
-5.717146433041302	26.156916312477044
-5.707133917396746	26.02684232769247
-5.69712140175219	25.985865770262137
-5.687108886107635	25.971806642742724
-5.677096370463079	25.96076416130492
-5.667083854818523	25.949114100387447
-5.657071339173967	25.93832728928878
-5.647058823529411	25.931188782855607
-5.637046307884856	25.926298183793747
-5.627033792240301	25.922448674262895
-5.617021276595745	25.919239412613358
-5.607008760951189	25.916520810881316
-5.596996245306633	25.914207160847376
-5.5869837296620775	25.912233683814414
-5.576971214017522	25.910493145353467
-5.566958698372966	25.758200246989894
-5.55694618272841	25.733672991027827
-5.546933667083855	25.723903337330484
-5.536921151439299	25.487923463558584
-5.526908635794744	25.384799388665826
-5.516896120150188	24.82756382483498
-5.5068836045056315	24.341322081602797
-5.496871088861076	23.76298767308142
-5.486858573216521	23.58952509261634
-5.476846057571965	23.82655629146569
-5.466833541927409	24.273045210358802
-5.456821026282853	24.783181089176768
-5.446808510638298	25.73118194155786
-5.4367959949937426	26.27599825515908
-5.4267834793491865	26.532420168332063
-5.41677096370463	26.718397411531452
-5.406758448060075	26.883247246541654
-5.396745932415519	27.06754315340574
-5.386733416770964	27.182105242880723
-5.376720901126408	27.288972050211935
-5.366708385481852	27.295036540408677
-5.356695869837297	27.361172408492152
-5.346683354192741	27.38673825552777
-5.336670838548185	27.391412554994243
-5.326658322903629	27.39689660972666
-5.316645807259073	27.403569518843202
-5.306633291614518	27.411941626797
-5.296620775969963	27.42275883768361
-5.286608260325407	27.437047967462846
-5.276595744680851	27.456139577584683
-5.2665832290362955	27.481845421974903
-5.256570713391739	27.517377472116735
-5.246558197747184	27.569862840907213
-5.236545682102628	27.655316245288724
-5.226533166458072	27.805193826707754
-5.216520650813517	28.04559414084225
-5.206508135168962	28.357456423150392
-5.196495619524406	28.782430786480536
-5.18648310387985	29.440570171028764
-5.1764705882352935	30.373576065351813
-5.166458072590738	31.484694632544805
-5.156445556946183	32.686766424703286
-5.146433041301627	33.984628252438014
-5.136420525657071	35.346093198673685
-5.126408010012516	36.61800259173607
-5.11639549436796	37.810204121682716
-5.1063829787234045	39.127798762465765
-5.0963704630788484	40.425436188898544
-5.086357947434292	41.556568178388815
-5.076345431789737	42.579737851684364
-5.066332916145182	43.50271594414957
-5.056320400500626	44.362834065386096
-5.04630788485607	45.16146897180252
-5.036295369211514	45.88163462321213
-5.026282853566959	46.51102696942882
-5.016270337922403	47.07387999995368
-5.006257822277847	47.63114554202946
-4.996245306633291	48.19969577892677
-4.986232790988735	48.782113073693864
-4.97622027534418	49.290206654900246
-4.966207759699625	49.57579585920085
-4.956195244055069	49.61215085537083
-4.946182728410513	49.46991392392911
-4.9361702127659575	49.190678344784935
-4.926157697121402	48.78408119956631
-4.916145181476846	48.29966370767674
-4.90613266583229	47.726292918919356
-4.896120150187734	47.010006175823015
-4.886107634543179	46.17182612888295
-4.876095118898624	45.271175336230314
-4.866082603254068	44.31219212160255
-4.8560700876095115	43.272712515462075
-4.8460575719649555	42.23501869787485
-4.8360450563204	41.25979176883991
-4.826032540675845	40.326147643678084
-4.816020025031289	39.37564612624452
-4.806007509386733	38.38789052805643
-4.795994993742178	37.333179924630834
-4.785982478097623	36.161174294208124
-4.7759699624530665	34.81743860797348
-4.76595744680851	33.27876357017632
-4.755944931163954	31.71593343312552
-4.745932415519399	30.27697607256447
-4.735919899874844	29.036840398746254
-4.725907384230288	28.021223971432814
-4.715894868585732	27.23690158738693
-4.705882352941176	26.690436564824232
-4.6958698372966206	26.32080219020806
-4.685857321652065	26.054624948162406
-4.675844806007509	25.841558405688353
-4.665832290362953	25.67653971683108
-4.655819774718398	25.53329677000064
-4.645807259073843	25.400450315786383
-4.635794743429287	25.30680451567221
-4.625782227784731	25.269867409049787
-4.615769712140175	25.248251383853752
-4.605757196495619	25.231211757122704
-4.595744680851064	25.219328999097343
-4.585732165206508	25.211477939036268
-4.575719649561952	25.205667989897037
-4.565707133917396	25.20090406690434
-4.555694618272841	25.19679597069851
-4.545682102628286	25.193173378986724
-4.53566958698373	25.189942900705176
-4.5256570713391735	25.187042194985754
-4.515644555694618	25.184424554853845
-4.505632040050063	25.182052897259894
-4.495619524405507	25.179896880206048
-4.485607008760951	25.177931222070818
-4.475594493116395	25.176134582288427
-4.46558197747184	25.174488757998336
-4.4555694618272845	25.172978083837787
-4.4455569461827285	25.17158897285763
-4.435544430538172	25.170309559681396
-4.425531914893616	25.169129419528325
-4.415519399249061	25.168039344404775
-4.405506883604506	25.167031162888538
-4.39549436795995	25.166097593501135
-4.385481852315394	25.165232124215375
-4.375469336670839	25.164428912496728
-4.365456821026283	25.163682701634848
-4.355444305381727	25.162988750122977
-4.345431789737171	25.16234277158758
-4.335419274092615	25.161740883327756
-4.32540675844806	25.161179561944646
-4.315394242803505	25.160655604857666
-4.305381727158949	25.160166096749634
-4.295369211514393	25.159708380169047
-4.285356695869837	25.159280029663744
-4.275344180225281	25.158878828933656
-4.265331664580726	25.158502750580226
-4.25531914893617	25.15814993810153
-4.245306633291614	25.15781868983895
-4.235294117647059	25.15750744462791
-4.225281602002504	25.15721476894209
-4.215269086357948	25.156939345352377
-4.2052565707133915	25.156679962146065
-4.1952440550688355	25.156435503973835
-4.18523153942428	25.156204943409776
-4.175219023779725	25.155987333323765
-4.165206508135169	25.155781799979415
-4.155193992490613	25.155587536780477
-4.145181476846057	25.155403798598602
-4.135168961201502	25.15522989662249
-4.1251564455569465	25.155065193676357
-4.11514392991239	25.15490909996053
-4.105131414267834	25.15476106917289
-4.095118898623279	25.154620594974
-4.085106382978723	25.154487207763058
-4.075093867334168	25.154360471734996
-4.065081351689612	25.154239982192173
-4.055068836045056	25.154125363087168
-4.045056320400501	25.154016264775073
-4.035043804755945	25.15391236195616
-4.025031289111389	25.15381335179164
-4.015018773466833	25.153718952177048
-4.005006257822277	25.153628900158672
-3.994993742177722	25.15354295048105
-3.9849812265331668	25.15346087425324
-3.9749687108886107	25.153382457724
-3.9649561952440546	25.15330750115609
-3.9549436795994994	25.15323581779132
-3.9449311639549434	25.15316723289837
-3.934918648310388	25.153101582896422
-3.924906132665832	25.153038714548288
-3.914893617021277	25.152978484216828
-3.904881101376721	25.152920757179707
-3.8948685857321648	25.15286540699743
-3.8848560700876096	25.152812314930266
-3.8748435544430535	25.078490170023336
-3.8648310387984983	24.929015872977754
-3.8548185231539422	24.666755990741354
-3.844806007509387	24.641948008403382
-3.834793491864831	24.329468838633023
-3.824780976220275	23.548707905443564
-3.8147684605757197	23.675228916904963
-3.8047559449311636	23.290055698072297
-3.7947434292866085	23.731962734372562
-3.7847309136420524	24.017167915843526
-3.774718397997497	24.98645303362755
-3.764705882352941	25.80778699022839
-3.754693366708385	27.053096558409074
-3.74468085106383	27.674125626520656
-3.734668335419274	28.607928984211224
-3.7246558197747186	28.931497671360002
-3.7146433041301625	29.0165801458057
-3.7046307884856065	29.16223136935216
-3.6946182728410513	29.16224236759732
-3.684605757196495	29.16225198552877
-3.67459324155194	29.162261636839908
-3.664580725907384	29.162271313629375
-3.6545682102628287	29.16228100762297
-3.6445556946182727	29.162290710190536
-3.6345431789737166	29.162300412369472
-3.6245306633291614	29.162310104896058
-3.6145181476846053	29.162319778245525
-3.60450563204005	29.16232942268308
-3.594493116395494	29.16233902832726
-3.584480600750939	29.162348585227672
-3.574468085106383	29.16235808346002
-3.5644555694618267	29.162367513240692
-3.5544430538172715	29.162376865064612
-3.5444305381727155	29.16238612986986
-3.5344180225281603	29.16239529923376
-3.524405506883604	29.16240436560541
-3.514392991239049	29.162413322580424
-3.504380475594493	29.162422165225426
-3.494367959949937	29.162430890459614
-3.4843554443053817	29.16243949750325
-3.4743429286608256	29.162447988403773
-3.4643304130162704	29.162456368652474
-3.4543178973717144	29.162464647906045
-3.444305381727159	29.16247284083082
-3.434292866082603	29.16248096808951
-3.424280350438047	29.16248905749378
-3.414267834793492	29.16249714535049
-3.4042553191489358	29.16250527803333
-3.3942428035043806	29.16251351381737
-3.3842302878598245	29.16252192502043
-3.3742177722152693	29.16253060050264
-3.3642052565707132	29.162539648584342
-3.354192740926157	29.16254920045275
-3.344180225281602	29.162559414140578
-3.334167709637046	29.162570479173713
-3.3241551939924907	29.162582622002684
-3.3141426783479346	29.16259611235274
-3.3041301627033794	29.162611270652363
-3.2941176470588234	29.162628476728006
-3.2841051314142673	29.162648179989397
-3.274092615769712	29.16267091137118
-3.264080100125156	29.162697297349222
-3.254067584480601	29.162728076414968
-3.2440550688360448	29.162764118471497
-3.2340425531914896	29.162806447719905
-3.2240300375469335	29.162856269740264
-3.2140175219023774	29.16291500365237
-3.2040050062578223	29.16298432049086
-3.193992490613266	29.163066189276403
-3.183979974968711	29.163162932764973
-3.173967459324155	29.163277295588458
-3.1639549436795997	29.163412528594147
-3.1539424280350437	29.1635724948482
-3.1439299123904876	29.16376180531967
-3.1339173967459324	29.163985996220216
-3.1239048811013763	29.164251766174072
-3.113892365456821	29.16456730115024
-3.103879849812265	29.164942730514728
-3.09386733416771	29.165390782006128
-3.083854818523154	29.165927742217878
-3.0738423028785977	29.166574890651347
-3.0638297872340425	29.167360672601475
-3.0538172715894865	29.16832402889743
-3.0438047559449313	29.169519538031864
-3.033792240300375	29.171025388601183
-3.02377972465582	29.172955735163143
-3.013767209011264	29.175479736889923
-3.003754693366708	29.178850514520903
-2.9937421777221527	29.183448205805686
-2.9837296620775966	29.18984181857902
-2.9737171464330414	29.19887436271686
-2.9637046307884853	29.211777392845093
-2.95369211514393	29.23034219628505
-2.943679599499374	29.257297537696022
-2.933667083854818	29.297682227163133
-2.923654568210263	29.365768320702443
-2.9136420525657067	29.517277962286965
-2.9036295369211516	29.816603699004908
-2.8936170212765955	30.18480734630468
-2.8836045056320403	30.680054913547078
-2.873591989987484	31.335278459638513
-2.863579474342928	31.971914156856574
-2.853566958698373	32.69357864965733
-2.843554443053817	33.56028900190243
-2.8335419274092617	34.52112170530027
-2.8235294117647056	35.66494846830349
-2.8135168961201504	36.97025673616204
-2.8035043804755944	38.44031020381624
-2.7934918648310383	40.01772487096879
-2.783479349186483	41.58505302218088
-2.773466833541927	42.90513055645945
-2.763454317897372	44.200176542293384
-2.7534418022528158	45.46085421008253
-2.7434292866082606	46.61635025318129
-2.7334167709637045	47.659412416577126
-2.7234042553191484	48.626124366376544
-2.7133917396745932	49.520783106245005
-2.703379224030037	50.28162236334315
-2.693366708385482	50.870396852906524
-2.683354192740926	51.39715436295596
-2.6733416770963707	51.90580920453478
-2.6633291614518146	52.375292571528526
-2.6533166458072586	52.76958904012215
-2.6433041301627034	53.160254579228074
-2.6332916145181473	53.49092365051883
-2.623279098873592	53.77621606393698
-2.613266583229036	54.08344796929376
-2.603254067584481	54.409918397400155
-2.593241551939925	54.7911095453945
-2.5832290362953687	55.25593274701025
-2.5732165206508135	55.771296325418035
-2.5632040050062574	56.29628802947416
-2.5531914893617023	56.745911949609386
-2.543178973717146	57.14196322362488
-2.533166458072591	57.52126614532519
-2.523153942428035	57.88534043550981
-2.513141426783479	58.19886392306501
-2.5031289111389237	58.47952058566465
-2.4931163954943676	58.781238396588144
-2.4831038798498124	59.06115906697938
-2.4730913642052563	59.268598859183136
-2.463078848560701	59.41025432524638
-2.453066332916145	59.46879988158677
-2.443053817271589	59.44480205016993
-2.433041301627034	59.44959375523531
-2.4230287859824777	59.55362732623543
-2.4130162703379225	59.710794880093474
-2.4030037546933665	59.842115428671725
-2.3929912390488113	59.88738616877157
-2.382978723404255	59.89984865131786
-2.372966207759699	59.85818117630178
-2.362953692115144	59.71558167129337
-2.352941176470588	59.437303183766325
-2.3429286608260327	59.010863553343235
-2.3329161451814766	58.40401361782115
-2.3229036295369214	57.539302650528725
-2.3128911138923653	56.49911319132054
-2.3028785982478093	55.387351761057666
-2.292866082603254	54.22990178800961
-2.282853566958698	53.11713044584103
-2.272841051314143	52.15024050515936
-2.2628285356695867	51.36745784093121
-2.2528160200250316	50.77889966323556
-2.2428035043804755	50.423369635408136
-2.2327909887359194	50.19256644089348
-2.2227784730913642	50.036145860659495
-2.212765957446808	49.79905719984338
-2.202753441802253	49.21946958802959
-2.192740926157697	48.60068961553256
-2.1827284105131417	48.01668499268169
-2.1727158948685856	47.22027522683978
-2.1627033792240296	46.91431129163203
-2.1526908635794744	46.94624406894247
-2.1426783479349183	46.99891517995451
-2.132665832290363	47.08676997158568
-2.122653316645807	47.22376916607129
-2.112640801001252	47.45546019719586
-2.1026282853566958	47.70805014961259
-2.0926157697121397	47.97861444357962
-2.0826032540675845	48.231857658994265
-2.0725907384230284	48.63634572217483
-2.0625782227784732	49.241006546095974
-2.052565707133917	50.12588410910406
-2.042553191489362	51.21140379934417
-2.032540675844806	52.274542981136236
-2.02252816020025	53.137989750390005
-2.0125156445556946	53.74661896286311
-2.0025031289111386	54.13898795880204
-1.9924906132665834	54.423918738615995
-1.9824780976220273	54.636420558312345
-1.9724655819774712	54.86553573257691
-1.962453066332916	55.154016085242716
-1.95244055068836	55.489391697972046
-1.9424280350438048	55.78726429721532
-1.9324155193992487	55.980679755956984
-1.9224030037546935	56.014764768464055
-1.9123904881101375	55.90034488555651
-1.9023779724655814	55.788581894938396
-1.8923654568210262	55.76987632892248
-1.8823529411764701	55.83907135015326
-1.872340425531915	55.95639981153858
-1.8623279098873589	56.021036179031434
-1.8523153942428037	55.934970208140214
-1.8423028785982476	55.749479273599086
-1.8322903629536915	55.50318385027633
-1.8222778473091363	55.21608430896196
-1.8122653316645803	54.936860052287706
-1.802252816020025	54.664697455577844
-1.792240300375469	54.37572762245511
-1.7822277847309138	54.046271184293346
-1.7722152690863577	53.615214476575204
-1.7622027534418017	53.064833853011486
-1.7521902377972465	52.38093398927439
-1.7421777221526904	51.653531984239784
-1.7321652065081352	50.9869914325921
-1.7221526908635791	50.33036594315081
-1.712140175219024	49.538231198243736
-1.7021276595744679	48.51602941018677
-1.6921151439299118	47.337396348739375
-1.6821026282853566	46.094250796978685
-1.6720901126408005	44.77006503203597
-1.6620775969962454	43.41312102015317
-1.6520650813516893	42.06823979143001
-1.642052565707134	40.74845401810877
-1.632040050062578	39.419570370398844
-1.622027534418022	38.06713461793834
-1.6120150187734668	36.684421503587245
-1.6020025031289107	35.24994188283605
-1.5919899874843555	33.81692522221806
-1.5819774718397994	32.40359680908208
-1.5719649561952442	31.140898777394074
-1.5619524405506882	30.00395952061751
-1.551939924906132	28.9992082813055
-1.541927409261577	28.04400273163047
-1.5319148936170208	27.066352030928886
-1.5219023779724656	26.285715163996194
-1.5118898623279096	25.553035795985526
-1.5018773466833544	24.93574437061401
-1.4918648310387983	24.34706119833169
-1.4818523153942422	24.042463135707646
-1.471839799749687	23.880556386453193
-1.461827284105131	23.777351953906617
-1.4518147684605758	23.697018884406866
-1.4418022528160197	23.647973896762224
-1.4317897371714645	23.62316301438782
-1.4217772215269084	23.565751094862947
-1.4117647058823524	23.51877745193199
-1.4017521902377972	23.508103299056852
-1.391739674593241	23.501295965800924
-1.381727158948686	23.49581772807047
-1.3717146433041298	23.49130723259825
-1.3617021276595747	23.487553546303324
-1.3516896120150186	23.48440059873581
-1.3416770963704625	23.481729457808584
-1.3316645807259073	23.47944822129129
-1.3216520650813512	23.47748511651579
-1.311639549436796	23.475783591122166
-1.30162703379224	23.474298735290947
-1.2916145181476848	23.47299462966575
-1.2816020025031287	23.471842354175003
-1.2715894868585726	23.470818477688134
-1.2615769712140175	23.469903621895327
-1.2515644555694614	23.458624206506315
-1.2415519399249062	23.111013378485254
-1.2315394242803501	22.90338623429027
-1.221526908635795	22.808200174871498
-1.2115143929912389	22.63419841929582
-1.2015018773466828	22.06818334788188
-1.1914893617021276	21.503597584714523
-1.1814768460575715	20.805127092142175
-1.1714643304130163	19.668613984912774
-1.1614518147684603	18.674304835211956
-1.151439299123905	17.570232464486462
-1.141426783479349	16.73783725103656
-1.131414267834793	14.85803097009611
-1.1214017521902377	14.076084480454986
-1.1113892365456817	13.287927955578917
-1.1013767209011265	12.57682081836445
-1.0913642052565704	12.293039127088567
-1.0813516896120152	12.260112346701677
-1.0713391739674591	12.134091852740044
-1.061326658322903	12.065034539424174
-1.0513141426783479	12.039937095313546
-1.0413016270337918	12.061283028059457
-1.0312891113892366	12.097714171706498
-1.0212765957446805	12.10289884637012
-1.0112640801001254	12.103571665392154
-1.0012515644555693	12.104325312126155
-0.9912390488110132	12.105172852322054
-0.981226533166458	12.106127705252346
-0.971214017521902	12.107202655414083
-0.9612015018773468	12.108405917017167
-0.9511889862327907	12.109732013289449
-0.9411764705882355	12.11114157065486
-0.9311639549436794	12.11251862424074
-0.9211514392991234	12.113588012963914
-0.9111389236545682	12.11378855432677
-0.9011264080100121	12.112215687217244
-0.8911138923654569	12.108140518285342
-0.8811013767209008	12.10292853331127
-0.8710888610763456	12.102494310968483
-0.8610763454317896	12.116679712695142
-0.8510638297872335	12.151148777200223
-0.8410513141426783	12.20018243752338
-0.8310387984981222	12.272697134007409
-0.821026282853567	12.345535600307732
-0.811013767209011	12.431366329002188
-0.8010012515644558	12.5797348719427
-0.7909887359198997	12.703399324040513
-0.7809762202753436	12.838611295084142
-0.7709637046307884	12.98738711929242
-0.7609511889862324	13.197250558667452
-0.7509386733416772	13.426362833761848
-0.7409261576971211	13.705061955479355
-0.7309136420525659	14.021324692621574
-0.7209011264080099	14.365984435980172
-0.7108886107634538	14.71805654908934
-0.7008760951188986	15.097109104946492
-0.6908635794743425	15.473220596228371
-0.6808510638297873	15.82434605339837
-0.6708385481852313	16.12716811172004
-0.6608260325406761	16.402022658907295
-0.65081351689612	16.660182398399343
-0.6408010012515639	16.875870950136772
-0.6307884856070087	17.028787407146535
-0.6207759699624527	17.13039032608459
-0.6107634543178975	17.20861092961885
-0.6007509386733414	17.277791701631653
-0.5907384230287862	17.357322833934866
-0.5807259073842301	17.432437854788635
-0.5707133917396741	17.48148766621903
-0.5607008760951189	17.51305688160708
-0.5506883604505628	17.535779475684944
-0.5406758448060076	17.51803634023293
-0.5306633291614515	17.418613336129074
-0.5206508135168963	17.20119271014016
-0.5106382978723403	16.846952158796267
-0.5006257822277842	16.442656615094766
-0.490613266583229	16.04546022679132
-0.48060075093867294	15.681074575937425
-0.47058823529411775	15.338316639323567
-0.4605757196495617	15.005326944699199
-0.4505632040050065	14.927919229875362
-0.4405506883604504	14.910972567767676
-0.43053817271589434	14.95953701650475
-0.42052565707133915	14.941934704543488
-0.4105131414267831	14.938700931015806
-0.4005006257822279	15.046266888907523
-0.3904881101376718	15.586565830151276
-0.38047559449311663	16.127221425281636
-0.37046307884856056	16.397298023470118
-0.3604505632040045	16.971199504011583
-0.3504380475594493	17.65054336788637
-0.3404255319148932	18.65020705749247
-0.33041301627033803	19.67288017043958
-0.32040050062578196	20.539101723382455
-0.3103879849812259	21.443553416683386
-0.3003754693366707	22.11960535344926
-0.2903629536921146	22.78953221517642
-0.28035043804755944	23.275638982633023
-0.27033792240300336	23.61141853621723
-0.2603254067584482	23.96373702521417
-0.2503128911138921	24.3044533434782
-0.24030037546933602	24.672934431846734
-0.23028785982478084	25.10547140652725
-0.22027534418022476	25.51447868313036
-0.21026282853566958	25.96759306806852
-0.2002503128911135	26.512866380852664
-0.19023779724655832	27.099001149702147
-0.18022528160200224	27.710897886156584
-0.17021276595744617	28.323783764262487
-0.16020025031289098	29.058804937788395
-0.1501877346683349	29.983162103289537
-0.14017521902377972	30.984714135748852
-0.13016270337922364	31.94974299074153
-0.12015018773466846	32.8643847214805
-0.11013767209011238	33.71228726506488
-0.10012515644555631	34.43876167353978
-0.09011264080100112	35.07794464793513
-0.08010012515644505	35.69091148090863
-0.07008760951188986	36.32281037219892
-0.060075093867333784	36.898369997331585
-0.0500625782227786	37.34411559397752
-0.04005006257822252	37.700436734454506
-0.030037546933666448	37.940985069814246
-0.02002503128911126	38.06281529897624
-0.010012515644555187	38.16559104115588
0.0	38.31720018671612
