-8.0	3.3979375974578603
-7.989987484355444	3.516386505446806
-7.979974968710889	3.611932188077802
-7.969962453066333	3.685156819379424
-7.9599499374217775	3.744962775468902
-7.949937421777221	3.803564146224527
-7.939924906132666	3.8694912499115994
-7.92991239048811	3.9430075411240155
-7.919899874843554	4.0175019024238985
-7.909887359198999	4.087201966570724
-7.899874843554443	4.155853468556471
-7.889862327909888	4.237797115260814
-7.8798498122653315	4.347892515893582
-7.869837296620776	4.487528463675325
-7.85982478097622	4.639575715665817
-7.849812265331664	4.778145023007494
-7.839799749687109	4.885350148979414
-7.829787234042553	4.960507811553792
-7.819774718397998	5.0140781273539154
-7.809762202753442	5.052773574414411
-7.7997496871088865	5.070645251039047
-7.78973717146433	5.055405928605651
-7.779724655819774	5.004062676166426
-7.769712140175219	4.931678375510483
-7.759699624530663	4.863261338864694
-7.749687108886108	4.816193053089976
-7.739674593241552	4.790614550424983
-7.729662077596997	4.776369862752747
-7.719649561952441	4.7672784805846895
-7.7096370463078845	4.766464843360379
-7.699624530663329	4.777368438578349
-7.689612015018773	4.791731688654182
-7.679599499374218	4.7904929035774835
-7.669586983729662	4.760309523115362
-7.659574468085107	4.710231712385671
-7.649561952440551	4.670023745490341
-7.639549436795995	4.6693374535731795
-7.629536921151439	4.717147733298471
-7.619524405506883	4.800491941689125
-7.609511889862328	4.900411728034656
-7.599499374217772	5.005599142686013
-7.589486858573217	5.110717532994036
-7.579474342928661	5.207260454921611
-7.569461827284105	5.2831595531870725
-7.55944931163955	5.333694270705862
-7.5494367959949935	5.369975922408971
-7.539424280350438	5.413465042495211
-7.529411764705882	5.481425519297883
-7.519399249061326	5.577748695050444
-7.509386733416771	5.6960484586593605
-7.499374217772215	5.828372528328626
-7.48936170212766	5.96934220457237
-7.479349186483104	6.113830338771178
-7.4693366708385485	6.254142983855994
-7.459324155193992	6.380928568286716
-7.449311639549437	6.485805950994887
-7.439299123904881	6.5628957227113345
-7.429286608260325	6.610704327655404
-7.41927409261577	6.636358180440339
-7.409261576971214	6.658413477534109
-7.399249061326659	6.701007371277309
-7.3892365456821025	6.779038176161942
-7.3792240300375465	6.885815676125563
-7.369211514392991	6.996231406654612
-7.359198998748435	7.084890709432451
-7.34918648310388	7.143837843742759
-7.339173967459324	7.185213309836936
-7.329161451814769	7.228837935201157
-7.319148936170213	7.2866121555226675
-7.3091364205256575	7.35446485159569
-7.299123904881101	7.414460755230166
-7.289111389236545	7.444552576560968
-7.27909887359199	7.431488507070334
-7.269086357947434	7.379281773673531
-7.259073842302879	7.305352903343502
-7.249061326658323	7.225680988181283
-7.239048811013767	7.142253616281779
-7.2290362953692116	7.045042090155216
-7.2190237797246555	6.925385184770851
-7.2090112640801	6.7858632357027036
-7.198998748435544	6.637128565368008
-7.188986232790989	6.487264127196098
-7.178973717146433	6.336271802907695
-7.168961201501878	6.180433119291373
-7.158948685857322	6.01945541813932
-7.148936170212766	5.858005871133692
-7.13892365456821	5.701896353322426
-7.128911138923654	5.554188737368026
-7.118898623279099	5.412558036395114
-7.108886107634543	5.266522055553737
-7.098873591989987	5.097480377457785
-7.088861076345432	4.886179767395372
-7.078848560700876	4.624291651922843
-7.068836045056321	4.319794293048599
-7.0588235294117645	3.9913296842866903
-7.048811013767209	3.65787899340553
-7.038798498122653	3.332594124889005
-7.028785982478098	3.0227779986846146
-7.018773466833542	2.7325346003192865
-7.008760951188986	2.465154353949503
-6.998748435544431	2.2245155307992754
-6.988735919899875	2.015622802910478
-6.9787234042553195	1.8447303125016958
-6.968710888610763	1.719245301015854
-6.958698372966207	1.6464330998511156
-6.948685857321652	1.6301403891271324
-6.938673341677096	1.66759124503504
-6.928660826032541	1.7501461597707455
-6.918648310387985	1.8689946017868748
-6.908635794743429	2.0215164607060117
-6.8986232790988735	2.2124037508139383
-6.888610763454318	2.447814300289261
-6.878598247809762	2.7272928240439125
-6.868585732165206	3.04068939360383
-6.858573216520651	3.372454671525435
-6.848560700876095	3.707992088163403
-6.83854818523154	4.035112651372207
-6.828535669586984	4.340262235290357
-6.818523153942428	4.605966019510131
-6.808510638297872	4.814558807241067
-6.798498122653316	4.955384965617812
-6.788485607008761	5.02767589487902
-6.778473091364205	5.035533827464892
-6.768460575719649	4.980419772177431
-6.758448060075094	4.859532183407234
-6.748435544430539	4.671489214485903
-6.7384230287859825	4.422341112832424
-6.7284105131414265	4.125382333175262
-6.718397997496871	3.79591962908371
-6.708385481852315	3.4468521709821416
-6.69837296620776	3.0881234159991884
-6.688360450563204	2.7282313830720635
-6.678347934918648	2.3750127142123505
-6.668335419274093	2.035285206980204
-6.658322903629537	1.7146621255784367
-6.648310387984981	1.4182538084883034
-6.638297872340425	1.1515885589110277
-6.628285356695869	0.9208136928510404
-6.618272841051314	0.7319423885645278
-6.608260325406759	0.5892744492349488
-6.598247809762203	0.4932153424663413
-6.588235294117647	0.4386601787981281
-6.578222778473092	0.41603885953305736
-6.5682102628285355	0.4157037794841725
-6.55819774718398	0.43310881486269537
-6.548185231539424	0.4710216543930052
-6.538172715894868	0.537637060536377
-6.528160200250313	0.6427703823740445
-6.518147684605757	0.7945426820703848
-6.508135168961202	0.9968182076399874
-6.498122653316646	1.2467687909849874
-6.4881101376720896	1.5334079796721183
-6.478097622027534	1.838872257602662
-6.468085106382979	2.1424320042724267
-6.458072590738423	2.4249019560203102
-6.448060075093867	2.6715592166277573
-6.438047559449312	2.8737940203164865
-6.428035043804756	3.0298269872916284
-6.418022528160201	3.143126877876451
-6.4080100125156445	3.2178697055840777
-6.397997496871088	3.2546591126935436
-6.387984981226533	3.2512124759685026
-6.377972465581977	3.2079339861358487
-6.367959949937422	3.1323538245076676
-6.357947434292866	3.0372908083948307
-6.34793491864831	2.934609129393268
-6.337922403003755	2.8308430826909206
-6.3279098873591995	2.7279344546994366
-6.317897371714643	2.6266851634649715
-6.307884856070087	2.5290157776328055
-6.297872340425532	2.4377799060294265
-6.287859824780976	2.3552333187954084
-6.277847309136421	2.281463102767436
-6.267834793491865	2.2137241929127183
-6.257822277847309	2.1474573151481673
-6.2478097622027535	2.0789386712027866
-6.2377972465581975	2.0081780950288763
-6.227784730913642	1.9401001675596152
-6.217772215269086	1.8827254620751834
-6.20775969962453	1.8426759611804466
-6.197747183979975	1.820336154555468
-6.18773466833542	1.8081143499392505
-6.177722152690864	1.7937950296289877
-6.167709637046308	1.7673259447957081
-6.157697121401752	1.7265177487882786
-6.147684605757196	1.6776169086175339
-6.137672090112641	1.6302864100678094
-6.127659574468085	1.5907722843787926
-6.117647058823529	1.5587234391899032
-6.107634543178974	1.530041638892874
-6.097622027534418	1.502408433510448
-6.0876095118898625	1.4778429028027935
-6.0775969962453065	1.4603480809974285
-6.06758448060075	1.4515326877068615
-6.057571964956195	1.4479220016295569
-6.04755944931164	1.4416176764392972
-6.037546933667084	1.4241577570144708
-6.027534418022528	1.3918752029908652
-6.017521902377973	1.3494572782238565
-6.007509386733417	1.3087766806579477
-5.997496871088861	1.283119014220187
-5.987484355444305	1.2799409051713613
-5.977471839799749	1.2958495971555717
-5.967459324155194	1.3163600734588439
-5.957446808510639	1.3215500476331057
-5.947434292866083	1.2963755838282311
-5.937421777221527	1.2407965058622579
-5.927409261576971	1.1729279259616257
-5.9173967459324155	1.1215694637653932
-5.90738423028786	1.1113002781664472
-5.897371714643304	1.1485143092776209
-5.887359198998748	1.2166122924688754
-5.877346683354192	1.2836050703823272
-5.867334167709637	1.318465686966391
-5.857321652065082	1.3071499838878744
-5.847309136420526	1.2588301967408937
-5.83729662077597	1.1988742940019765
-5.827284105131414	1.1537553261234723
-5.817271589486858	1.1377671673849477
-5.807259073842303	1.1488666671040355
-5.797246558197747	1.173945997348176
-5.787234042553191	1.1979444184161097
-5.777221526908636	1.2104571725222502
-5.767209011264081	1.207734367881326
-5.7571964956195245	1.1924563834898283
-5.747183979974968	1.1734202541162535
-5.737171464330412	1.1634007562303585
-5.727158948685857	1.1725441984219471
-5.717146433041302	1.1998563799635404
-5.707133917396746	1.2308474226577268
-5.69712140175219	1.2466444436441146
-5.687108886107635	1.2390440508675757
-5.677096370463079	1.2182699275745767
-5.667083854818523	1.205583052291555
-5.657071339173967	1.2168350362679548
-5.647058823529411	1.2509534562635982
-5.637046307884856	1.2919158228570369
-5.627033792240301	1.321022264086437
-5.617021276595745	1.3292448632622456
-5.607008760951189	1.3212339112816804
-5.596996245306633	1.3099513851367348
-5.5869837296620775	1.3077888082012026
-5.576971214017522	1.3213562190523216
-5.566958698372966	1.3523189069069337
-5.55694618272841	1.4005836478678646
-5.546933667083855	1.464810095746665
-5.536921151439299	1.5396036682948115
-5.526908635794744	1.6135613816012366
-5.516896120150188	1.6719300325102018
-5.5068836045056315	1.702718748170286
-5.496871088861076	1.701801905458162
-5.486858573216521	1.6741576535468625
-5.476846057571965	1.6316465139340883
-5.466833541927409	1.5888067113402442
-5.456821026282853	1.557926673393319
-5.446808510638298	1.5452377836309625
-5.4367959949937426	1.550122472275836
-5.4267834793491865	1.5669706633456673
-5.41677096370463	1.587065217669052
-5.406758448060075	1.5990755061808466
-5.396745932415519	1.5899308224894968
-5.386733416770964	1.548197751732988
-5.376720901126408	1.4686814511567694
-5.366708385481852	1.354498088853839
-5.356695869837297	1.2149091130854468
-5.346683354192741	1.0611144218869994
-5.336670838548185	0.90312832520947
-5.326658322903629	0.7486344105657894
-5.316645807259073	0.6030131402269008
-5.306633291614518	0.46997300251345514
-5.296620775969963	0.3525115561251663
-5.286608260325407	0.25343191381455693
-5.276595744680851	0.17473915229313064
-5.2665832290362955	0.11645440565041078
-5.256570713391739	0.07615630742411969
-5.246558197747184	0.04979493134318111
-5.236545682102628	0.033064907478087484
-5.226533166458072	0.022384797886019173
-5.216520650813517	0.015231659180617434
-5.206508135168962	0.010099844980128737
-5.196495619524406	0.006286337881719901
-5.18648310387985	0.003552645268272173
-5.1764705882352935	0.001779102001820563
-5.166458072590738	0.0007770523959352866
-5.156445556946183	0.00029314666740612135
-5.146433041301627	9.497461736928702e-05
-5.136420525657071	2.6336432998409375e-05
-5.126408010012516	6.238497180667574e-06
-5.11639549436796	1.2608886537919355e-06
-5.1063829787234045	2.1729641118244497e-07
-5.0963704630788484	3.1917770712489606e-08
-5.086357947434292	3.994957943291002e-09
-5.076345431789737	4.260187048556542e-10
-5.066332916145182	3.87029330450032e-11
-5.056320400500626	2.9952612534567686e-12
-5.04630788485607	1.974635877591219e-13
-5.036295369211514	1.1088994203029997e-14
-5.026282853566959	5.304503926685498e-16
-5.016270337922403	2.1614320700628138e-17
-5.006257822277847	7.50206064304696e-19
-4.996245306633291	2.2179944463248246e-20
-4.986232790988735	5.585736719811978e-22
-4.97622027534418	1.1982297748144175e-23
-4.966207759699625	2.1894704561203025e-25
-4.956195244055069	3.407824497590348e-27
-4.946182728410513	4.518084862764505e-29
-4.9361702127659575	5.102353062646482e-31
-4.926157697121402	4.9082372105427796e-33
-4.916145181476846	4.02179070635383e-35
-4.90613266583229	2.80706362773989e-37
-4.896120150187734	1.66887536814017e-39
-4.886107634543179	8.451511811694445e-42
-4.876095118898624	3.645723660274705e-44
-4.866082603254068	1.3395901146846896e-46
-4.8560700876095115	4.192749955156867e-49
-4.8460575719649555	1.1178018715904984e-51
-4.8360450563204	2.5384554261115535e-54
-4.826032540675845	4.910357257260425e-57
-4.816020025031289	8.090874763703658e-60
-4.806007509386733	1.1355773096943245e-62
-4.795994993742178	1.3576154522758783e-65
-4.785982478097623	1.3825335452522012e-68
-4.7759699624530665	1.199260202305514e-71
-4.76595744680851	8.861148295893583e-75
-4.755944931163954	5.577061410053804e-78
-4.745932415519399	2.98992081976682e-81
-4.735919899874844	1.3653776415571693e-84
-4.725907384230288	5.311103016640967e-88
-4.715894868585732	1.7597683500559648e-91
-4.705882352941176	4.966667866463391e-95
-4.6958698372966206	1.1940254221937226e-98
-4.685857321652065	2.4451238807522467e-102
-4.675844806007509	4.2650782151748147e-106
-4.665832290362953	6.33712058811763e-110
-4.655819774718398	8.020395443831294e-114
-4.645807259073843	8.646461871955123e-118
-4.635794743429287	7.939989327546577e-122
-4.625782227784731	6.210695620561975e-126
-4.615769712140175	4.138085036921152e-130
-4.605757196495619	2.3485370481528375e-134
-4.595744680851064	1.1353617499687055e-138
-4.585732165206508	4.675304925517192e-143
-4.575719649561952	1.6399267952690488e-147
-4.565707133917396	4.89979400303729e-152
-4.555694618272841	1.247010242053488e-156
-4.545682102628286	2.7033424119111106e-161
-4.53566958698373	4.991958133012435e-166
-4.5256570713391735	7.851988402770913e-171
-4.515644555694618	1.0520277690580407e-175
-4.505632040050063	1.2006421793694927e-180
-4.495619524405507	1.1671826629655746e-185
-4.485607008760951	9.665023149025091e-191
-4.475594493116395	6.817196430433976e-196
-4.46558197747184	4.095883129389586e-201
-4.4555694618272845	2.0961779253893257e-206
-4.4455569461827285	9.137924575082162e-212
-4.435544430538172	3.393171680886213e-217
-4.425531914893616	1.0732550417663494e-222
-4.415519399249061	2.8916044185807297e-228
-4.405506883604506	6.636111293825293e-234
-4.39549436795995	1.2972607582533036e-239
-4.385481852315394	2.7222000135801415e-245
-4.375469336670839	3.4303669661336414e-240
-4.365456821026283	1.7833189095665677e-234
-4.355444305381727	7.896893602856819e-229
-4.345431789737171	2.9786700420202523e-223
-4.335419274092615	9.570339564112804e-218
-4.32540675844806	2.6192149184999986e-212
-4.315394242803505	6.1059573029722144e-207
-4.305381727158949	1.2124818026943722e-201
-4.295369211514393	2.0508577317215093e-196
-4.285356695869837	2.9548448222462847e-191
-4.275344180225281	3.6263745735073604e-186
-4.265331664580726	3.7909624489420274e-181
-4.25531914893617	3.37571009935737e-176
-4.245306633291614	2.560469708751716e-171
-4.235294117647059	1.6542950891722815e-166
-4.225281602002504	9.104270602426838e-162
-4.215269086357948	4.26791905030549e-157
-4.2052565707133915	1.7042214548467382e-152
-4.1952440550688355	5.796618549560948e-148
-4.18523153942428	1.6794313467460386e-143
-4.175219023779725	4.144657300729199e-139
-4.165206508135169	8.712721614523635e-135
-4.155193992490613	1.5601195819810741e-130
-4.145181476846057	2.3795825605055603e-126
-4.135168961201502	3.091594359762776e-122
-4.1251564455569465	3.421393885511004e-118
-4.11514392991239	3.225243313095407e-114
-4.105131414267834	2.589767237661465e-110
-4.095118898623279	1.7713232467299348e-106
-4.085106382978723	1.0319858768457973e-102
-4.075093867334168	5.121398004798355e-99
-4.065081351689612	2.164921462633348e-95
-4.055068836045056	7.795331880078869e-92
-4.045056320400501	2.3909248253235903e-88
-4.035043804755945	6.246490507470996e-85
-4.025031289111389	1.390096989523022e-81
-4.015018773466833	2.635075011535942e-78
-4.005006257822277	4.2548056916609516e-75
-3.994993742177722	5.852014049852493e-72
-3.9849812265331668	6.855985377401768e-69
-3.9749687108886107	6.841846372236138e-66
-3.9649561952440546	5.815883425509546e-63
-3.9549436795994994	4.2111144174043106e-60
-3.9449311639549434	2.597271867532269e-57
-3.934918648310388	1.3645104520799173e-54
-3.924906132665832	6.106262831797186e-52
-3.914893617021277	2.327627124886157e-49
-3.904881101376721	7.557719563425639e-47
-3.8948685857321648	2.090296045079037e-44
-3.8848560700876096	4.9245299038736805e-42
-3.8748435544430535	9.882392746554501e-40
-3.8648310387984983	1.689274900986025e-37
-3.8548185231539422	2.459688844884008e-35
-3.844806007509387	3.0507220095909127e-33
-3.834793491864831	3.2230651531163487e-31
-3.824780976220275	2.900556866983206e-29
-3.8147684605757197	2.2235253666587556e-27
-3.8047559449311636	1.4519601627473085e-25
-3.7947434292866085	8.076515688613309e-24
-3.7847309136420524	3.8269849275234353e-22
-3.774718397997497	1.5447635498991257e-20
-3.764705882352941	5.311932504012437e-19
-3.754693366708385	1.5561305913386916e-17
-3.74468085106383	3.8838920632226763e-16
-3.734668335419274	8.259435991008939e-15
-3.7246558197747186	1.4967326125632178e-13
-3.7146433041301625	2.31162267723535e-12
-3.7046307884856065	3.0434431141570176e-11
-3.6946182728410513	3.416851488897916e-10
-3.684605757196495	3.2726153931166637e-09
-3.67459324155194	2.6757803733323748e-08
-3.664580725907384	1.8693503676320514e-07
-3.6545682102628287	1.117336522018626e-06
-3.6445556946182727	5.724513752828798e-06
-3.6345431789737166	2.520550092902773e-05
-3.6245306633291614	9.572884859151345e-05
-3.6145181476846053	0.0003151714775445568
-3.60450563204005	0.0009054586507826638
-3.594493116395494	0.00228888841359405
-3.584480600750939	0.005141969463615859
-3.574468085106383	0.010379619048023288
-3.5644555694618267	0.019042600372176314
-3.5544430538172715	0.032101513313546354
-3.5444305381727155	0.050230541061355695
-3.5344180225281603	0.07363401716712498
-3.524405506883604	0.10202973020546321
-3.514392991239049	0.13492044611693188
-3.504380475594493	0.1722665207535204
-3.494367959949937	0.2153750775728581
-3.4843554443053817	0.26724836180387995
-3.4743429286608256	0.33162787759145107
-3.4643304130162704	0.41124864321400195
-3.4543178973717144	0.5070917906586323
-3.444305381727159	0.6194824087830264
-3.434292866082603	0.749287975830432
-3.424280350438047	0.8966933494167592
-3.414267834793492	1.0576683281771602
-3.4042553191489358	1.2214574503565756
-3.3942428035043806	1.3723525303846162
-3.3842302878598245	1.4954210263757939
-3.3742177722152693	1.582398910911863
-3.3642052565707132	1.63408659209608
-3.354192740926157	1.6587048763808454
-3.344180225281602	1.6680917963406374
-3.334167709637046	1.673586351011825
-3.3241551939924907	1.682786305280362
-3.3141426783479346	1.698405843754007
-3.3041301627033794	1.7197272353858684
-3.2941176470588234	1.7449784188627797
-3.2841051314142673	1.771911296218737
-3.274092615769712	1.7960821723834368
-3.264080100125156	1.8098287413226033
-3.254067584480601	1.8052407130372239
-3.2440550688360448	1.7801114417868151
-3.2340425531914896	1.741327075868459
-3.2240300375469335	1.7013584196707587
-3.2140175219023774	1.670300479797042
-3.2040050062578223	1.650728578474577
-3.193992490613266	1.63944070618655
-3.183979974968711	1.6326398898670582
-3.173967459324155	1.6285599820176033
-3.1639549436795997	1.6265317620532391
-3.1539424280350437	1.6263621381186368
-3.1439299123904876	1.629789185912754
-3.1339173967459324	1.640682526044475
-3.1239048811013763	1.6611750164919479
-3.113892365456821	1.6869325659898255
-3.103879849812265	1.707696203399582
-3.09386733416771	1.7144963248727625
-3.083854818523154	1.7077347721211258
-3.0738423028785977	1.6985701680686025
-3.0638297872340425	1.7017037568718794
-3.0538172715894865	1.725290418539346
-3.0438047559449313	1.7660217054945146
-3.033792240300375	1.8126417256930925
-3.02377972465582	1.8542162021239372
-3.013767209011264	1.8863236450158007
-3.003754693366708	1.9107468607257458
-2.9937421777221527	1.929772861189691
-2.9837296620775966	1.940568617259845
-2.9737171464330414	1.934862876318094
-2.9637046307884853	1.9044203867100225
-2.95369211514393	1.847537279208292
-2.943679599499374	1.7708088390728502
-2.933667083854818	1.684773794034149
-2.923654568210263	1.5973791734873788
-2.9136420525657067	1.5102800928774889
-2.9036295369211516	1.419678777909059
-2.8936170212765955	1.3199162374935038
-2.8836045056320403	1.2070693173388405
-2.873591989987484	1.080832880141285
-2.863579474342928	0.9445222361242166
-2.853566958698373	0.8039294013543435
-2.843554443053817	0.665646759382908
-2.8335419274092617	0.5353472855337196
-2.8235294117647056	0.4169382919696663
-2.8135168961201504	0.31314650449153814
-2.8035043804755944	0.22646220035613454
-2.7934918648310383	0.15874953657694835
-2.783479349186483	0.10965993653430736
-2.773466833541927	0.07589989823797079
-2.763454317897372	0.05262861335971391
-2.7534418022528158	0.0358270851473518
-2.7434292866082606	0.02354361572252597
-2.7334167709637045	0.015324916918406775
-2.7234042553191484	0.0108666702098426
-2.7133917396745932	0.009192594278189121
-2.703379224030037	0.008791213990780594
-2.693366708385482	0.008296202201476378
-2.683354192740926	0.007058924373398418
-2.6733416770963707	0.005216106574655526
-2.6633291614518146	0.003304023606607014
-2.6533166458072586	0.001786362387076898
-2.6433041301627034	0.0008232346729250354
-2.6332916145181473	0.0003232291567808806
-2.623279098873592	0.00010811026149465727
-2.613266583229036	3.0801523309933105e-05
-2.603254067584481	7.475144888099018e-06
-2.593241551939925	1.5452792102718408e-06
-2.5832290362953687	2.7210311097802327e-07
-2.5732165206508135	4.081304615962163e-08
-2.5632040050062574	5.214388579645361e-09
-2.5531914893617023	5.674748587999469e-10
-2.543178973717146	5.260520316142027e-11
-2.533166458072591	4.1538386139234805e-12
-2.523153942428035	2.7938904651146017e-13
-2.513141426783479	1.6006927240806485e-14
-2.5031289111389237	7.81169727988331e-16
-2.4931163954943676	3.24729450908821e-17
-2.4831038798498124	1.1498383519579501e-18
-2.4730913642052563	3.468093047256499e-20
-2.463078848560701	8.910119536243309e-22
-2.453066332916145	1.9499126596992585e-23
-2.443053817271589	3.6348427414847064e-25
-2.433041301627034	5.7715828243319764e-27
-2.4230287859824777	7.806261172368155e-29
-2.4130162703379225	8.9935273782104e-31
-2.4030037546933665	8.82583661996585e-33
-2.3929912390488113	7.377692418191657e-35
-2.382978723404255	5.253201329454254e-37
-2.372966207759699	3.18615122265748e-39
-2.362953692115144	1.646067205724785e-41
-2.352941176470588	7.243818821929316e-44
-2.3429286608260327	2.7153538665274848e-46
-2.3329161451814766	8.670100459541027e-49
-2.3229036295369214	2.3580915550793574e-51
-2.3128911138923653	5.463060815306808e-54
-2.3028785982478093	1.0780781552622343e-56
-2.292866082603254	1.8121881909663805e-59
-2.282853566958698	2.594747993056186e-62
-2.272841051314143	3.164651652605435e-65
-2.2628285356695867	3.2877249587817155e-68
-2.2528160200250316	2.909403010065619e-71
-2.2428035043804755	2.1930631012718085e-74
-2.2327909887359194	1.4081120361989781e-77
-2.2227784730913642	7.7012661492253535e-81
-2.212765957446808	3.5892880095391e-84
-2.202753441802253	3.795428088773042e-84
-2.192740926157697	8.134720188688659e-81
-2.1827284105131417	1.4856904594337966e-77
-2.1727158948685856	2.3112951960666316e-74
-2.1627033792240296	3.0628406823739255e-71
-2.1526908635794744	3.4572912341078793e-68
-2.1426783479349183	3.324228696543438e-65
-2.132665832290363	2.72263970982387e-62
-2.122653316645807	1.8994812075947797e-59
-2.112640801001252	1.1288255607277413e-56
-2.1026282853566958	5.714358196718066e-54
-2.0926157697121397	2.464104149968458e-51
-2.0826032540675845	9.051161383975802e-49
-2.0725907384230284	2.832086289983759e-46
-2.0625782227784732	7.548655378987488e-44
-2.052565707133917	1.713951766862297e-41
-2.042553191489362	3.3151221911249867e-39
-2.032540675844806	5.462354705049083e-37
-2.02252816020025	7.667413148013706e-35
-2.0125156445556946	9.16891151090935e-33
-2.0025031289111386	9.34115639666612e-31
-1.9924906132665834	8.108018769269902e-29
-1.9824780976220273	5.9962740792571284e-27
-1.9724655819774712	3.7785685829921927e-25
-1.962453066332916	2.0290140129202724e-23
-1.95244055068836	9.285287376576471e-22
-1.9424280350438048	3.621668188332222e-20
-1.9324155193992487	1.204169339257228e-18
-1.9224030037546935	3.413577409471017e-17
-1.9123904881101375	8.252236126272136e-16
-1.9023779724655814	1.70173861081469e-14
-1.8923654568210262	2.9944817652485597e-13
-1.8823529411764701	4.498231118922766e-12
-1.872340425531915	5.771387685464402e-11
-1.8623279098873589	6.328742833972874e-10
-1.8523153942428037	5.936064110959894e-09
-1.8423028785982476	4.767027713596622e-08
-1.8322903629536915	3.28158856267244e-07
-1.8222778473091363	1.939288769469815e-06
-1.8122653316645803	9.855899218797596e-06
-1.802252816020025	4.3170510377425755e-05
-1.792240300375469	0.00016340373481836664
-1.7822277847309138	0.0005361912155667776
-1.7722152690863577	0.001531349133881517
-1.7622027534418017	0.0038250610838261863
-1.7521902377972465	0.008406980500052641
-1.7421777221526904	0.016382827819303367
-1.7321652065081352	0.02858425081306375
-1.7221526908635791	0.045227755930883205
-1.712140175219024	0.06600505423230753
-1.7021276595744679	0.09081385572838954
-1.6921151439299118	0.1208481966504247
-1.6821026282853566	0.15927016165862737
-1.6720901126408005	0.2106602528513538
-1.6620775969962454	0.2791786823291977
-1.6520650813516893	0.3664718266510657
-1.642052565707134	0.47078026070075096
-1.632040050062578	0.5877957548960684
-1.622027534418022	0.7123253025707015
-1.6120150187734668	0.839278052135855
-1.6020025031289107	0.9634774220036809
-1.5919899874843555	1.0792654814536593
-1.5819774718397994	1.1812280185841468
-1.5719649561952442	1.2661312332716868
-1.5619524405506882	1.3345369545709198
-1.551939924906132	1.3904259527519338
-1.541927409261577	1.4389399242574519
-1.5319148936170208	1.4841709483362602
-1.5219023779724656	1.528666068393821
-1.5118898623279096	1.5743040196685782
-1.5018773466833544	1.6227370540030626
-1.4918648310387983	1.6741780803453126
-1.4818523153942422	1.7253555841957402
-1.471839799749687	1.76908412073247
-1.461827284105131	1.7974014567078276
-1.4518147684605758	1.8073398994101777
-1.4418022528160197	1.8049775992935648
-1.4317897371714645	1.802923717650627
-1.4217772215269084	1.8111939323751758
-1.4117647058823524	1.828544188889308
-1.4017521902377972	1.8428984443279668
-1.391739674593241	1.8417547342911442
-1.381727158948686	1.8235848338320493
-1.3717146433041298	1.800100391231081
-1.3617021276595747	1.7879334571458938
-1.3516896120150186	1.7972186937928243
-1.3416770963704625	1.825601112254502
-1.3316645807259073	1.8605610503536854
-1.3216520650813512	1.8870471956040529
-1.311639549436796	1.8951226317960135
-1.30162703379224	1.8834542490285917
-1.2916145181476848	1.8575886655002922
-1.2816020025031287	1.825412384531963
-1.2715894868585726	1.793539331017434
-1.2615769712140175	1.7664568067892619
-1.2515644555694614	1.7474922180999584
-1.2415519399249062	1.7399021417717895
-1.2315394242803501	1.746923617467821
-1.221526908635795	1.769736265557314
-1.2115143929912389	1.8033435044208008
-1.2015018773466828	1.8336705387518006
-1.1914893617021276	1.8409052619661819
-1.1814768460575715	1.8096643006305762
-1.1714643304130163	1.7389857664899888
-1.1614518147684603	1.6433622135091732
-1.151439299123905	1.543356374785708
-1.141426783479349	1.4534048805316726
-1.131414267834793	1.3758758422211355
-1.1214017521902377	1.3038155113196963
-1.1113892365456817	1.2279176824443132
-1.1013767209011265	1.1423822734985993
-1.0913642052565704	1.0477570099964029
-1.0813516896120152	0.9510369731532162
-1.0713391739674591	0.8630732698694886
-1.061326658322903	0.793858355583135
-1.0513141426783479	0.7481118302432308
-1.0413016270337918	0.7238258277739595
-1.0312891113892366	0.7141956836281604
-1.0212765957446805	0.7112710346523563
-1.0112640801001254	0.7093829610365505
-1.0012515644555693	0.7070643444608008
-0.9912390488110132	0.7069358157164569
-0.981226533166458	0.7139964406841897
-0.971214017521902	0.7335664213513171
-0.9612015018773468	0.7698963992376343
-0.9511889862327907	0.8254669798011153
-0.9411764705882355	0.900740382195119
-0.9311639549436794	0.9949165282079073
-0.9211514392991234	1.108210487906477
-0.9111389236545682	1.244150932684209
-0.9011264080100121	1.4087633563611464
-0.8911138923654569	1.6054163608561607
-0.8811013767209008	1.8286333940255122
-0.8710888610763456	2.062714107613548
-0.8610763454317896	2.2883471223389917
-0.8510638297872335	2.4937571600057638
-0.8410513141426783	2.6815558718013155
-0.8310387984981222	2.8644380136046643
-0.821026282853567	3.0526308643324898
-0.811013767209011	3.2445304597406217
-0.8010012515644558	3.4288943321212724
-0.7909887359198997	3.594607359861638
-0.7809762202753436	3.7368165096363284
-0.7709637046307884	3.854385774144845
-0.7609511889862324	3.944122961879739
-0.7509386733416772	3.999008505662484
-0.7409261576971211	4.011159920615831
-0.7309136420525659	3.9754791891694174
-0.7209011264080099	3.8909969588243194
-0.7108886107634538	3.7600041558542245
-0.7008760951188986	3.586846584622122
-0.6908635794743425	3.378412686667621
-0.6808510638297873	3.1465874940214276
-0.6708385481852313	2.909929320111904
-0.6608260325406761	2.690914747526528
-0.65081351689612	2.5086355704117014
-0.6408010012515639	2.37162903739913
-0.6307884856070087	2.276041339737206
-0.6207759699624527	2.2100457683896497
-0.6107634543178975	2.161204854391209
-0.6007509386733414	2.1226616490289114
-0.5907384230287862	2.0955379967280083
-0.5807259073842301	2.0868079866825053
-0.5707133917396741	2.1040534385834055
-0.5607008760951189	2.1504243538687664
-0.5506883604505628	2.222935026141781
-0.5406758448060076	2.3144401044200915
-0.5306633291614515	2.4170333554032517
-0.5206508135168963	2.52488470278462
-0.5106382978723403	2.6361522983443453
-0.5006257822277842	2.75338823762338
-0.490613266583229	2.8809207648768167
-0.48060075093867294	3.019742621177001
-0.47058823529411775	3.163944396369307
-0.4605757196495617	3.3019049642952645
-0.4505632040050065	3.420454307262783
-0.4405506883604504	3.508307390502481
-0.43053817271589434	3.558493570312089
-0.42052565707133915	3.571356325405429
-0.4105131414267831	3.5562261969661755
-0.4005006257822279	3.5276001901609093
-0.3904881101376718	3.4961461140073826
-0.38047559449311663	3.461070572893989
-0.37046307884856056	3.4105521159401957
-0.3604505632040045	3.33073000589939
-0.3504380475594493	3.216714555774754
-0.3404255319148932	3.0768791618038343
-0.33041301627033803	2.9268666235535696
-0.32040050062578196	2.778739976344646
-0.3103879849812259	2.6348557978189238
-0.3003754693366707	2.490767145420747
-0.2903629536921146	2.342788137201808
-0.28035043804755944	2.193075528353854
-0.27033792240300336	2.0493367751191567
-0.2603254067584482	1.9210727496246869
-0.2503128911138921	1.815348784283693
-0.24030037546933602	1.734151998429676
-0.23028785982478084	1.6746485209060928
-0.22027534418022476	1.6323505182540605
-0.21026282853566958	1.6049247651688665
-0.2002503128911135	1.5934889561384333
-0.19023779724655832	1.600483994362017
-0.18022528160200224	1.626403174528669
-0.17021276595744617	1.6683471166844277
-0.16020025031289098	1.7212021289399622
-0.1501877346683349	1.779822854920578
-0.14017521902377972	1.8401627141128256
-0.13016270337922364	1.898808710325396
-0.12015018773466846	1.9521782094491622
-0.11013767209011238	1.9969526286458563
-0.10012515644555631	2.0317778376726485
-0.09011264080100112	2.0584560369432436
-0.08010012515644505	2.0809165446682716
-0.07008760951188986	2.102377254994378
-0.060075093867333784	2.123099447453147
-0.0500625782227786	2.1407754013686064
-0.04005006257822252	2.1531093762450055
-0.030037546933666448	2.160097597047216
-0.02002503128911126	2.1640005031030953
-0.010012515644555187	2.1673585143129994
0.0	2.171087404646055
