-8.0	16.124910911928115
-7.989987484355444	16.169255284313994
-7.979974968710889	16.171344744185653
-7.969962453066333	16.147307960657525
-7.9599499374217775	16.131443147808245
-7.949937421777221	16.153092533438382
-7.939924906132666	16.251648847360077
-7.92991239048811	16.42850736364061
-7.919899874843554	16.62556734859105
-7.909887359198999	16.780156257611583
-7.899874843554443	16.86478338624168
-7.889862327909888	16.90259452003469
-7.8798498122653315	16.937981880376938
-7.869837296620776	17.007782151693245
-7.85982478097622	17.136166877940816
-7.849812265331664	17.335308803433303
-7.839799749687109	17.59715333562727
-7.829787234042553	17.90201280930795
-7.819774718397998	18.229271910099648
-7.809762202753442	18.537441176650688
-7.7997496871088865	18.790761070909774
-7.78973717146433	18.984744291395717
-7.779724655819774	19.14165191496693
-7.769712140175219	19.291569611020716
-7.759699624530663	19.45530909042134
-7.749687108886108	19.62506003128651
-7.739674593241552	19.753129622631125
-7.729662077596997	19.799808204386782
-7.719649561952441	19.75945066206001
-7.7096370463078845	19.634183355785492
-7.699624530663329	19.46564402909378
-7.689612015018773	19.329403667394992
-7.679599499374218	19.271195290222263
-7.669586983729662	19.294510367486446
-7.659574468085107	19.40952971349533
-7.649561952440551	19.608225963101486
-7.639549436795995	19.838307695744202
-7.629536921151439	20.060408751624138
-7.619524405506883	20.247613541256356
-7.609511889862328	20.370466461761993
-7.599499374217772	20.409730368373612
-7.589486858573217	20.390280113225664
-7.579474342928661	20.362568370730916
-7.569461827284105	20.35218374318873
-7.55944931163955	20.360250693619864
-7.5494367959949935	20.35657833275248
-7.539424280350438	20.30921481036502
-7.529411764705882	20.239302305562507
-7.519399249061326	20.187947813945474
-7.509386733416771	20.165854656580105
-7.499374217772215	20.162298571190973
-7.48936170212766	20.16571757339506
-7.479349186483104	20.159316663227234
-7.4693366708385485	20.150212552501987
-7.459324155193992	20.15436517665778
-7.449311639549437	20.158311721584067
-7.439299123904881	20.141401688457197
-7.429286608260325	20.11280567828035
-7.41927409261577	20.09643151875499
-7.409261576971214	20.071315062996614
-7.399249061326659	19.98708965314122
-7.3892365456821025	19.83141488815673
-7.3792240300375465	19.644424231637434
-7.369211514392991	19.48489471172591
-7.359198998748435	19.374372912750392
-7.34918648310388	19.290617857790316
-7.339173967459324	19.20583716567704
-7.329161451814769	19.095786333429494
-7.319148936170213	18.932223454650526
-7.3091364205256575	18.700266046755395
-7.299123904881101	18.4107094509466
-7.289111389236545	18.108317312915887
-7.27909887359199	17.84521948809536
-7.269086357947434	17.656285846284156
-7.259073842302879	17.559886626181225
-7.249061326658323	17.540676142641946
-7.239048811013767	17.54888003018962
-7.2290362953692116	17.541315036135103
-7.2190237797246555	17.51909627459549
-7.2090112640801	17.482843511056892
-7.198998748435544	17.414663404880226
-7.188986232790989	17.29852212589713
-7.178973717146433	17.121772804545948
-7.168961201501878	16.8757454361578
-7.158948685857322	16.5710437073966
-7.148936170212766	16.235615478689983
-7.13892365456821	15.914278138265091
-7.128911138923654	15.657329390980312
-7.118898623279099	15.495924151034393
-7.108886107634543	15.415000869445985
-7.098873591989987	15.362289398713505
-7.088861076345432	15.298978800519876
-7.078848560700876	15.208054519568579
-7.068836045056321	15.094711841394359
-7.0588235294117645	15.000238279575521
-7.048811013767209	14.938581976209575
-7.038798498122653	14.895335119368816
-7.028785982478098	14.83730319785684
-7.018773466833542	14.762781614287771
-7.008760951188986	14.71920012861086
-6.998748435544431	14.723023428150595
-6.988735919899875	14.706047922757
-6.9787234042553195	14.605184000135162
-6.968710888610763	14.424147376016721
-6.958698372966207	14.21046152910142
-6.948685857321652	14.0219495642186
-6.938673341677096	13.882976390082229
-6.928660826032541	13.831246231348729
-6.918648310387985	13.876393326220192
-6.908635794743429	13.96850827093781
-6.8986232790988735	14.052279253214355
-6.888610763454318	14.111800719035275
-6.878598247809762	14.138505642187859
-6.868585732165206	14.193682386781237
-6.858573216520651	14.307839658309529
-6.848560700876095	14.473803615356502
-6.83854818523154	14.688510281412537
-6.828535669586984	14.918367286290872
-6.818523153942428	15.13827178737819
-6.808510638297872	15.356691599117868
-6.798498122653316	15.569135172546547
-6.788485607008761	15.766320161827693
-6.778473091364205	15.94201814496501
-6.768460575719649	16.118445362628005
-6.758448060075094	16.30371250060787
-6.748435544430539	16.523480744412524
-6.7384230287859825	16.863185878850395
-6.7284105131414265	17.348500579125076
-6.718397997496871	17.708948260094044
-6.708385481852315	17.97137981325787
-6.69837296620776	18.33385060530073
-6.688360450563204	18.78373646338666
-6.678347934918648	19.24857991409047
-6.668335419274093	19.75543196605165
-6.658322903629537	20.287082702358415
-6.648310387984981	20.82985776050762
-6.638297872340425	21.338247017799883
-6.628285356695869	21.79951509092723
-6.618272841051314	22.22222769122475
-6.608260325406759	22.603399601991743
-6.598247809762203	22.960602655973627
-6.588235294117647	23.319411398415216
-6.578222778473092	23.611766074815673
-6.5682102628285355	23.84675313501447
-6.55819774718398	24.057063799024892
-6.548185231539424	24.27913426674397
-6.538172715894868	24.54008857112839
-6.528160200250313	24.884239430381253
-6.518147684605757	25.315357210463397
-6.508135168961202	25.87628637352307
-6.498122653316646	26.45416907497696
-6.4881101376720896	26.944920936360415
-6.478097622027534	27.346889233301805
-6.468085106382979	27.680504523013116
-6.458072590738423	28.015657545431857
-6.448060075093867	28.40488920437719
-6.438047559449312	28.811856630824618
-6.428035043804756	29.13194968067415
-6.418022528160201	29.307685861564824
-6.4080100125156445	29.471017221380446
-6.397997496871088	29.588523682870054
-6.387984981226533	29.543125000232635
-6.377972465581977	29.39747285955965
-6.367959949937422	29.321529282501587
-6.357947434292866	29.37294472247807
-6.34793491864831	29.580733046615787
-6.337922403003755	29.864586251865177
-6.3279098873591995	30.045266907412117
-6.317897371714643	30.0690912599952
-6.307884856070087	30.002756144472414
-6.297872340425532	29.871222805257553
-6.287859824780976	29.788459570160008
-6.277847309136421	29.82820672845116
-6.267834793491865	29.942132048935104
-6.257822277847309	30.057849913994474
-6.2478097622027535	30.150074939616008
-6.2377972465581975	30.12207186150373
-6.227784730913642	30.0955724931791
-6.217772215269086	30.08899523601382
-6.20775969962453	30.042545488280997
-6.197747183979975	29.875168699578094
-6.18773466833542	29.539188332356698
-6.177722152690864	29.10767889990827
-6.167709637046308	28.709992754385617
-6.157697121401752	28.38503236386029
-6.147684605757196	28.10182775348773
-6.137672090112641	27.68460827821706
-6.127659574468085	27.187285466507742
-6.117647058823529	26.667110803731372
-6.107634543178974	26.166401711260573
-6.097622027534418	25.65871203518343
-6.0876095118898625	25.162766502749466
-6.0775969962453065	24.722025155554455
-6.06758448060075	24.331678963005963
-6.057571964956195	23.834788543814454
-6.04755944931164	23.34075976191095
-6.037546933667084	22.95885687607129
-6.027534418022528	22.67190385260728
-6.017521902377973	22.438209846698157
-6.007509386733417	22.16516620052256
-5.997496871088861	21.951239540236394
-5.987484355444305	21.783463412944524
-5.977471839799749	21.58347376694808
-5.967459324155194	21.300047830154092
-5.957446808510639	20.916468778945205
-5.947434292866083	20.518623413904002
-5.937421777221527	20.183298821491608
-5.927409261576971	19.838887923094635
-5.9173967459324155	19.47973319413599
-5.90738423028786	19.268902950322243
-5.897371714643304	19.03844689546621
-5.887359198998748	18.78938007626852
-5.877346683354192	18.401457588223707
-5.867334167709637	18.098737997354238
-5.857321652065082	17.82293540415353
-5.847309136420526	17.47527570071255
-5.83729662077597	17.15060022262529
-5.827284105131414	16.850813945347888
-5.817271589486858	16.59881230142194
-5.807259073842303	16.2764823287957
-5.797246558197747	15.966350184979747
-5.787234042553191	15.69149599081149
-5.777221526908636	15.432321759926612
-5.767209011264081	15.201668882077207
-5.7571964956195245	15.08636672290449
-5.747183979974968	14.983420024888584
-5.737171464330412	14.844092903111791
-5.727158948685857	14.647123350744007
-5.717146433041302	14.530100240153237
-5.707133917396746	14.383166217227153
-5.69712140175219	14.336354570950217
-5.687108886107635	14.234975227909258
-5.677096370463079	14.118393302370002
-5.667083854818523	14.071041606527773
-5.657071339173967	14.047124852336175
-5.647058823529411	13.973765503716495
-5.637046307884856	13.867209178642282
-5.627033792240301	13.810171036178504
-5.617021276595745	13.75699351613607
-5.607008760951189	13.69849479794802
-5.596996245306633	13.690198453919857
-5.5869837296620775	13.699152459025077
-5.576971214017522	13.697588071914343
-5.566958698372966	13.679521979478636
-5.55694618272841	13.617591740857549
-5.546933667083855	13.576007283225767
-5.536921151439299	13.541204150515918
-5.526908635794744	13.498555199544423
-5.516896120150188	13.463314244707771
-5.5068836045056315	13.447094630590456
-5.496871088861076	13.445943015498145
-5.486858573216521	13.452690532419899
-5.476846057571965	13.460883454184431
-5.466833541927409	13.46685509458893
-5.456821026282853	13.470012160530963
-5.446808510638298	13.465744735668713
-5.4367959949937426	13.446302596998564
-5.4267834793491865	13.441113181010758
-5.41677096370463	13.393442677027831
-5.406758448060075	13.393511116907804
-5.396745932415519	13.393544066363502
-5.386733416770964	13.393499042592538
-5.376720901126408	13.372533691593109
-5.366708385481852	13.372542522336918
-5.356695869837297	13.328643797330704
-5.346683354192741	13.326252682995449
-5.336670838548185	13.2141272313595
-5.326658322903629	13.233650891884468
-5.316645807259073	13.232299933281082
-5.306633291614518	13.204209557187182
-5.296620775969963	13.209803008907734
-5.286608260325407	13.209777226682737
-5.276595744680851	13.266672281024984
-5.2665832290362955	13.29700704855257
-5.256570713391739	13.3139867511393
-5.246558197747184	13.254530915633147
-5.236545682102628	13.304896880001188
-5.226533166458072	13.269582644681575
-5.216520650813517	13.319039748640737
-5.206508135168962	13.492187907873324
-5.196495619524406	13.428939258362336
-5.18648310387985	13.310354423581112
-5.1764705882352935	13.368159033121316
-5.166458072590738	13.223384881469613
-5.156445556946183	13.281032654461448
-5.146433041301627	13.284732162273004
-5.136420525657071	13.122291798449744
-5.126408010012516	13.162996241903153
-5.11639549436796	13.216118004972884
-5.1063829787234045	13.148643081611736
-5.0963704630788484	13.235857966119056
-5.086357947434292	13.366884782473111
-5.076345431789737	13.29036931941302
-5.066332916145182	13.35137044779968
-5.056320400500626	13.311017547758997
-5.04630788485607	13.330071013313098
-5.036295369211514	13.341291737649312
-5.026282853566959	13.49666408044958
-5.016270337922403	13.463398435627825
-5.006257822277847	13.80112549099367
-4.996245306633291	13.819090756937754
-4.986232790988735	13.667287793357815
-4.97622027534418	13.659143149072525
-4.966207759699625	13.660856105878954
-4.956195244055069	13.698652090569045
-4.946182728410513	13.924721350936986
-4.9361702127659575	13.950137194760556
-4.926157697121402	13.97629183930678
-4.916145181476846	13.951061422114684
-4.90613266583229	14.08784843581248
-4.896120150187734	14.143370128585007
-4.886107634543179	14.251342532529266
-4.876095118898624	14.306154029610912
-4.866082603254068	14.393145181863083
-4.8560700876095115	14.433892274418334
-4.8460575719649555	14.512812282355876
-4.8360450563204	14.51261132881211
-4.826032540675845	14.572710830406308
-4.816020025031289	14.570452674179181
-4.806007509386733	14.57014574791529
-4.795994993742178	14.569842148760255
-4.785982478097623	14.567977765789342
-4.7759699624530665	14.54344033652484
-4.76595744680851	14.660516468809082
-4.755944931163954	14.702948626077903
-4.745932415519399	14.748306715282798
-4.735919899874844	14.748035825485317
-4.725907384230288	14.747456349933248
-4.715894868585732	14.746778141152861
-4.705882352941176	14.71361722911071
-4.6958698372966206	14.712644827777321
-4.685857321652065	14.711445158996167
-4.675844806007509	14.709984340463777
-4.665832290362953	14.708306785864703
-4.655819774718398	14.70658534213273
-4.645807259073843	14.707793274500164
-4.635794743429287	14.759777873116315
-4.625782227784731	14.771239739409179
-4.615769712140175	14.769993734914971
-4.605757196495619	14.767580119480984
-4.595744680851064	14.762188705129269
-4.585732165206508	14.753764671834933
-4.575719649561952	14.746187547702009
-4.565707133917396	14.750793260089218
-4.555694618272841	14.76734982019862
-4.545682102628286	14.78640619135009
-4.53566958698373	14.809432309147857
-4.5256570713391735	14.856395753351464
-4.515644555694618	14.905268271782404
-4.505632040050063	14.99446128651316
-4.495619524405507	15.095140591949122
-4.485607008760951	15.10919673782959
-4.475594493116395	15.096872700171538
-4.46558197747184	15.04210365254537
-4.4555694618272845	15.094627798597626
-4.4455569461827285	15.124344493683349
-4.435544430538172	15.208629629987506
-4.425531914893616	15.312337258027911
-4.415519399249061	15.426990221560786
-4.405506883604506	15.58814971741645
-4.39549436795995	15.684256359807357
-4.385481852315394	15.762227692365773
-4.375469336670839	15.886134387977506
-4.365456821026283	16.08280067651173
-4.355444305381727	16.29429886191947
-4.345431789737171	16.482841943740468
-4.335419274092615	16.696750379798505
-4.32540675844806	16.917612476838595
-4.315394242803505	17.146112399603087
-4.305381727158949	17.416291845975294
-4.295369211514393	17.65655517384149
-4.285356695869837	17.85892538435222
-4.275344180225281	18.106501629759386
-4.265331664580726	18.37174683047469
-4.25531914893617	18.71035193438222
-4.245306633291614	19.101717507684643
-4.235294117647059	19.551706412352296
-4.225281602002504	19.966771022773884
-4.215269086357948	20.2858490163105
-4.2052565707133915	20.711415394601392
-4.1952440550688355	21.06912710577375
-4.18523153942428	21.22262931502228
-4.175219023779725	21.468963353976104
-4.165206508135169	21.79191158339484
-4.155193992490613	22.04708418957552
-4.145181476846057	22.428992222306665
-4.135168961201502	22.829609691742675
-4.1251564455569465	23.11458625265813
-4.11514392991239	23.310126229198197
-4.105131414267834	23.404841915620096
-4.095118898623279	23.42477240427398
-4.085106382978723	23.55737011237002
-4.075093867334168	23.705956475956953
-4.065081351689612	23.693493563154515
-4.055068836045056	23.57650754526157
-4.045056320400501	23.361637347323985
-4.035043804755945	23.387503722564553
-4.025031289111389	23.464771646186026
-4.015018773466833	23.300360465236494
-4.005006257822277	23.180541946542526
-3.994993742177722	23.09316482717148
-3.9849812265331668	22.994782555573615
-3.9749687108886107	23.035797604898757
-3.9649561952440546	23.199151355455133
-3.9549436795994994	23.34229721076603
-3.9449311639549434	23.54586180741712
-3.934918648310388	23.795636258286095
-3.924906132665832	24.060155653397537
-3.914893617021277	24.25786626512592
-3.904881101376721	24.312652534666203
-3.8948685857321648	24.29204222779554
-3.8848560700876096	24.341143782162252
-3.8748435544430535	24.375497643453947
-3.8648310387984983	24.376427602972825
-3.8548185231539422	24.217199710761555
-3.844806007509387	23.95117780815541
-3.834793491864831	23.62145206773313
-3.824780976220275	23.566342739054637
-3.8147684605757197	23.674469834694513
-3.8047559449311636	23.722688406114223
-3.7947434292866085	23.81457226990313
-3.7847309136420524	23.897364061682428
-3.774718397997497	23.626335268742995
-3.764705882352941	23.605109261906925
-3.754693366708385	23.692214049308
-3.74468085106383	23.7613754369156
-3.734668335419274	23.6565845825729
-3.7246558197747186	23.62679208669091
-3.7146433041301625	23.623708847816594
-3.7046307884856065	23.665722086556595
-3.6946182728410513	23.67347038850366
-3.684605757196495	23.733798216929266
-3.67459324155194	23.993035721044034
-3.664580725907384	24.25061773719404
-3.6545682102628287	24.547766907573166
-3.6445556946182727	24.669436467862493
-3.6345431789737166	24.730453237584218
-3.6245306633291614	24.943288144253795
-3.6145181476846053	25.38567987039894
-3.60450563204005	25.886992331913625
-3.594493116395494	26.46102245752159
-3.584480600750939	27.138963772701615
-3.574468085106383	27.691503244545984
-3.5644555694618267	28.200096690202166
-3.5544430538172715	28.643739749163377
-3.5444305381727155	29.042357586987652
-3.5344180225281603	29.81329056708032
-3.524405506883604	30.754397796558294
-3.514392991239049	31.35194095665415
-3.504380475594493	31.64954302848458
-3.494367959949937	31.788899032459817
-3.4843554443053817	31.96830007746505
-3.4743429286608256	32.317000769627256
-3.4643304130162704	32.86941958698182
-3.4543178973717144	33.23159362628107
-3.444305381727159	33.31489259389583
-3.434292866082603	33.393900799811234
-3.424280350438047	33.720400170158356
-3.414267834793492	34.16776950780907
-3.4042553191489358	34.44749294682733
-3.3942428035043806	34.756382312231686
-3.3842302878598245	35.115133706820934
-3.3742177722152693	35.58017431962747
-3.3642052565707132	35.84495953177092
-3.354192740926157	36.07291457001398
-3.344180225281602	36.300028723007884
-3.334167709637046	36.51780668648594
-3.3241551939924907	36.75904617162768
-3.3141426783479346	37.03986128606294
-3.3041301627033794	37.37098331196177
-3.2941176470588234	37.606734565735245
-3.2841051314142673	37.76148794096285
-3.274092615769712	37.86014673470011
-3.264080100125156	37.89086088259856
-3.254067584480601	38.02351856898896
-3.2440550688360448	38.30068274951369
-3.2340425531914896	38.4914963837046
-3.2240300375469335	38.5650041305248
-3.2140175219023774	38.74235298172686
-3.2040050062578223	38.947636664081806
-3.193992490613266	38.906808413530754
-3.183979974968711	38.75429453246403
-3.173967459324155	38.6094050566267
-3.1639549436795997	38.52934417449582
-3.1539424280350437	38.42355569646971
-3.1439299123904876	38.146504106658575
-3.1339173967459324	37.5948456361998
-3.1239048811013763	36.907436304465705
-3.113892365456821	36.341873589063646
-3.103879849812265	35.885969717884166
-3.09386733416771	35.494118291356756
-3.083854818523154	35.13380586879729
-3.0738423028785977	34.67911096080435
-3.0638297872340425	34.16803325383516
-3.0538172715894865	33.70032365942248
-3.0438047559449313	33.34813067903444
-3.033792240300375	33.1305127349811
-3.02377972465582	32.968655901730536
-3.013767209011264	32.87281401346641
-3.003754693366708	32.773926393839815
-2.9937421777221527	32.553199177103124
-2.9837296620775966	32.19970705723124
-2.9737171464330414	31.7121492375852
-2.9637046307884853	31.082084141508076
-2.95369211514393	30.39440947838027
-2.943679599499374	29.792427304218144
-2.933667083854818	29.332165336705263
-2.923654568210263	28.917412644315114
-2.9136420525657067	28.543092828190215
-2.9036295369211516	28.335845867544492
-2.8936170212765955	28.20012653187161
-2.8836045056320403	27.974664362538842
-2.873591989987484	27.62569236380171
-2.863579474342928	27.275324661382367
-2.853566958698373	27.01990610450234
-2.843554443053817	26.80290826122231
-2.8335419274092617	26.64164776204986
-2.8235294117647056	26.505831145135875
-2.8135168961201504	26.325103519460566
-2.8035043804755944	26.067730983524854
-2.7934918648310383	25.66928088621865
-2.783479349186483	25.228196317443608
-2.773466833541927	24.76723044872865
-2.763454317897372	24.22395071007492
-2.7534418022528158	23.552614723449793
-2.7434292866082606	22.932597741248266
-2.7334167709637045	22.45297662212064
-2.7234042553191484	22.07067258091953
-2.7133917396745932	21.722605410786045
-2.703379224030037	21.274789495024027
-2.693366708385482	20.844303098748828
-2.683354192740926	20.502572501219525
-2.6733416770963707	20.307066895257886
-2.6633291614518146	20.21336598556947
-2.6533166458072586	20.039019230570556
-2.6433041301627034	19.899523317207283
-2.6332916145181473	19.677708788873137
-2.623279098873592	19.33064586315453
-2.613266583229036	18.8663651900348
-2.603254067584481	18.4217482356802
-2.593241551939925	18.12658990581986
-2.5832290362953687	17.84061994954073
-2.5732165206508135	17.598132308609888
-2.5632040050062574	17.405416557741297
-2.5531914893617023	17.191885250775943
-2.543178973717146	16.930538379622575
-2.533166458072591	16.660554106821362
-2.523153942428035	16.417738270069773
-2.513141426783479	16.27165656941899
-2.5031289111389237	16.195144749800274
-2.4931163954943676	16.021215175286443
-2.4831038798498124	15.89344457799744
-2.4730913642052563	15.798493897853028
-2.463078848560701	15.675834183615828
-2.453066332916145	15.56284028699542
-2.443053817271589	15.47689704231433
-2.433041301627034	15.3916290255159
-2.4230287859824777	15.296246140087032
-2.4130162703379225	15.21618787053743
-2.4030037546933665	15.148670881760031
-2.3929912390488113	15.100001000169488
-2.382978723404255	14.976667734925806
-2.372966207759699	14.887619167180498
-2.362953692115144	14.779553075905579
-2.352941176470588	14.663031669722974
-2.3429286608260327	14.56868268898187
-2.3329161451814766	14.524613796098317
-2.3229036295369214	14.558789105473789
-2.3128911138923653	14.62937553236208
-2.3028785982478093	14.661286775425545
-2.292866082603254	14.62221200831729
-2.282853566958698	14.622931910848559
-2.272841051314143	14.563527977004135
-2.2628285356695867	14.659495784634874
-2.2528160200250316	14.677475903829171
-2.2428035043804755	14.803369909476054
-2.2327909887359194	14.897207979360084
-2.2227784730913642	14.783668134708355
-2.212765957446808	14.73792405373752
-2.202753441802253	14.808382685621389
-2.192740926157697	14.750902757788335
-2.1827284105131417	14.652399533055258
-2.1727158948685856	14.70126817056937
-2.1627033792240296	14.786604290189523
-2.1526908635794744	14.776160679882928
-2.1426783479349183	14.895776313093805
-2.132665832290363	14.900677326160178
-2.122653316645807	14.953813457206145
-2.112640801001252	15.164634615604628
-2.1026282853566958	15.300773604467317
-2.0926157697121397	15.32733823263755
-2.0826032540675845	15.324758620478216
-2.0725907384230284	15.40154784265921
-2.0625782227784732	15.362790115506549
-2.052565707133917	15.529640166508022
-2.042553191489362	15.675557497924931
-2.032540675844806	15.88718175500879
-2.02252816020025	15.966797627613614
-2.0125156445556946	16.21043948092514
-2.0025031289111386	16.279634895323472
-1.9924906132665834	16.29255940969696
-1.9824780976220273	16.149075162040194
-1.9724655819774712	16.08960368662848
-1.962453066332916	16.09641246104582
-1.95244055068836	16.133427021330483
-1.9424280350438048	16.186078754864656
-1.9324155193992487	16.21054930146038
-1.9224030037546935	16.2907146281028
-1.9123904881101375	16.274525080161688
-1.9023779724655814	16.249487104856772
-1.8923654568210262	16.205810104874235
-1.8823529411764701	16.119573717331715
-1.872340425531915	16.066059330568866
-1.8623279098873589	16.172157280942674
-1.8523153942428037	16.217515540336834
-1.8423028785982476	16.304814936393033
-1.8322903629536915	16.408644259558482
-1.8222778473091363	16.431463842243165
-1.8122653316645803	16.488798561701937
-1.802252816020025	16.680237138477448
-1.792240300375469	16.891318877018936
-1.7822277847309138	17.0782776981964
-1.7722152690863577	17.256446753672794
-1.7622027534418017	17.399676404265197
-1.7521902377972465	17.609828318354147
-1.7421777221526904	17.779796626587327
-1.7321652065081352	17.87959978887656
-1.7221526908635791	17.987074468463593
-1.712140175219024	18.028611247494293
-1.7021276595744679	18.021683449733228
-1.6921151439299118	18.048524362947983
-1.6821026282853566	17.90926733247349
-1.6720901126408005	17.818429892463833
-1.6620775969962454	17.89941462273787
-1.6520650813516893	17.954913601169707
-1.642052565707134	17.989121110031263
-1.632040050062578	18.105122439643004
-1.622027534418022	18.238774801850184
-1.6120150187734668	18.310559916876418
-1.6020025031289107	18.34792474583772
-1.5919899874843555	18.387037663374763
-1.5819774718397994	18.413915734178328
-1.5719649561952442	18.453825617015344
-1.5619524405506882	18.55387302406943
-1.551939924906132	18.659637985849155
-1.541927409261577	18.762354323886903
-1.5319148936170208	18.847847836289926
-1.5219023779724656	18.869935721915954
-1.5118898623279096	18.872264268690664
-1.5018773466833544	18.889322532854024
-1.4918648310387983	18.909202144214746
-1.4818523153942422	18.990510226878193
-1.471839799749687	19.12385330096841
-1.461827284105131	19.18499437367522
-1.4518147684605758	19.093810526861223
-1.4418022528160197	18.86055451034575
-1.4317897371714645	18.584499378908284
-1.4217772215269084	18.40947207259716
-1.4117647058823524	18.369491542377446
-1.4017521902377972	18.37658245069065
-1.391739674593241	18.355535112253406
-1.381727158948686	18.262698547318767
-1.3717146433041298	18.124292053685767
-1.3617021276595747	18.011268160464358
-1.3516896120150186	17.923740861578043
-1.3416770963704625	17.86215576884931
-1.3316645807259073	17.78816238213189
-1.3216520650813512	17.740586377613425
-1.311639549436796	17.7655067786652
-1.30162703379224	17.81268540994714
-1.2916145181476848	17.85719332732918
-1.2816020025031287	17.891661627821396
-1.2715894868585726	17.899361992094548
-1.2615769712140175	17.937274903571147
-1.2515644555694614	17.844007065071477
-1.2415519399249062	17.67236727455574
-1.2315394242803501	17.480755872593377
-1.221526908635795	17.29941301996752
-1.2115143929912389	17.13586855647893
-1.2015018773466828	16.9942226329194
-1.1914893617021276	16.874532781725748
-1.1814768460575715	16.796284382694175
-1.1714643304130163	16.727120327790484
-1.1614518147684603	16.65816563281364
-1.151439299123905	16.58714557463118
-1.141426783479349	16.532687854305617
-1.131414267834793	16.51131406895425
-1.1214017521902377	16.49181852920591
-1.1113892365456817	16.478222925329707
-1.1013767209011265	16.517696690491942
-1.0913642052565704	16.628989704068854
-1.0813516896120152	16.772957227194766
-1.0713391739674591	16.895732939926088
-1.061326658322903	16.98161379257056
-1.0513141426783479	17.049279520860225
-1.0413016270337918	17.11553662792734
-1.0312891113892366	17.14431489684489
-1.0212765957446805	17.087402595193765
-1.0112640801001254	16.95375387467801
-1.0012515644555693	16.787941213431054
-0.9912390488110132	16.632226699826926
-0.981226533166458	16.495443566424925
-0.971214017521902	16.363977431520876
-0.9612015018773468	16.228323008437236
-0.9511889862327907	16.09310763243083
-0.9411764705882355	16.01554814642858
-0.9311639549436794	16.01952906609038
-0.9211514392991234	16.04294009973931
-0.9111389236545682	16.052223260958158
-0.9011264080100121	16.050729391453757
-0.8911138923654569	16.075154076114835
-0.8811013767209008	16.13720550660397
-0.8710888610763456	16.2115163248719
-0.8610763454317896	16.325221217937578
-0.8510638297872335	16.458562267143012
-0.8410513141426783	16.54116997967645
-0.8310387984981222	16.59621661350525
-0.821026282853567	16.691396772407984
-0.811013767209011	16.862745048583793
-0.8010012515644558	17.07451659881971
-0.7909887359198997	17.26446296524383
-0.7809762202753436	17.408960927836276
-0.7709637046307884	17.47436611401553
-0.7609511889862324	17.423399287294565
-0.7509386733416772	17.285251592813466
-0.7409261576971211	17.119640103114794
-0.7309136420525659	17.00593603932282
-0.7209011264080099	16.983513436418054
-0.7108886107634538	17.05347553644038
-0.7008760951188986	17.217813381546485
-0.6908635794743425	17.455218569632624
-0.6808510638297873	17.706323753540822
-0.6708385481852313	17.936262705353677
-0.6608260325406761	18.095989934585536
-0.65081351689612	18.125634968047336
-0.6408010012515639	18.002428025975515
-0.6307884856070087	17.757850575935656
-0.6207759699624527	17.48872294701108
-0.6107634543178975	17.294576900746467
-0.6007509386733414	17.229957736956937
-0.5907384230287862	17.293993793691836
-0.5807259073842301	17.429658511831168
-0.5707133917396741	17.637702300674338
-0.5607008760951189	17.864696764521447
-0.5506883604505628	18.009838139010533
-0.5406758448060076	18.02543030354359
-0.5306633291614515	17.945084733280115
-0.5206508135168963	17.848494139055465
-0.5106382978723403	17.783473609362208
-0.5006257822277842	17.740472804343316
-0.490613266583229	17.70427283871167
-0.48060075093867294	17.6956910097322
-0.47058823529411775	17.706594804417183
-0.4605757196495617	17.76962341900683
-0.4505632040050065	17.932313781593045
-0.4405506883604504	18.141591945743446
-0.43053817271589434	18.319254888188407
-0.42052565707133915	18.390517731957065
-0.4105131414267831	18.326690416800506
-0.4005006257822279	18.159284314193798
-0.3904881101376718	17.960884881237604
-0.38047559449311663	17.804722167129686
-0.37046307884856056	17.762492008931314
-0.3604505632040045	17.852164312151405
-0.3504380475594493	18.035675060900193
-0.3404255319148932	18.261538950195757
-0.33041301627033803	18.443304310235334
-0.32040050062578196	18.551332895083178
-0.3103879849812259	18.608371686979
-0.3003754693366707	18.611172909764097
-0.2903629536921146	18.51712349078051
-0.28035043804755944	18.347755290906274
-0.27033792240300336	18.12880269041038
-0.2603254067584482	17.85343211327439
-0.2503128911138921	17.59525264330566
-0.24030037546933602	17.389944589829355
-0.23028785982478084	17.21770750548018
-0.22027534418022476	17.01794835587338
-0.21026282853566958	16.769088097020408
-0.2002503128911135	16.522326893657322
-0.19023779724655832	16.3392433366951
-0.18022528160200224	16.239443139297908
-0.17021276595744617	16.17186599882413
-0.16020025031289098	16.067961893157744
-0.1501877346683349	15.949151654424625
-0.14017521902377972	15.805168237212039
-0.13016270337922364	15.597963017454676
-0.12015018773466846	15.37292151912595
-0.11013767209011238	15.185240005035975
-0.10012515644555631	15.052537786497071
-0.09011264080100112	15.02207651477095
-0.08010012515644505	15.101771620324136
-0.07008760951188986	15.216132365997384
-0.060075093867333784	15.337858335317584
-0.0500625782227786	15.433456189903044
-0.04005006257822252	15.440155559439916
-0.030037546933666448	15.354551479760103
-0.02002503128911126	15.294333770254184
-0.010012515644555187	15.307904839566648
0.0	15.336559894770664
