-8.0	35.417212700653536
-7.989987484355444	35.163837489551504
-7.979974968710889	34.95963643193275
-7.969962453066333	34.80078596086153
-7.9599499374217775	34.700035941181696
-7.949937421777221	34.67726696180198
-7.939924906132666	34.74401828532103
-7.92991239048811	34.858789488460175
-7.919899874843554	34.913630207611504
-7.909887359198999	34.810203400716865
-7.899874843554443	34.55031177172321
-7.889862327909888	34.213839946628035
-7.8798498122653315	33.862317513437134
-7.869837296620776	33.498692501417764
-7.85982478097622	33.106875805584096
-7.849812265331664	32.71665354634897
-7.839799749687109	32.39099617037244
-7.829787234042553	32.17447287094238
-7.819774718397998	32.071810495937754
-7.809762202753442	32.02103327545224
-7.7997496871088865	31.92838612655597
-7.78973717146433	31.747767205119935
-7.779724655819774	31.462313527367733
-7.769712140175219	31.026913059893708
-7.759699624530663	30.42885692219988
-7.749687108886108	29.73838414671536
-7.739674593241552	29.030472306876973
-7.729662077596997	28.33559443751836
-7.719649561952441	27.656766638236217
-7.7096370463078845	26.98680010002839
-7.699624530663329	26.32436710613633
-7.689612015018773	25.696146803223073
-7.679599499374218	25.134192008737845
-7.669586983729662	24.696512695078955
-7.659574468085107	24.437214326871675
-7.649561952440551	24.37661179462414
-7.639549436795995	24.44949782693179
-7.629536921151439	24.554144899469645
-7.619524405506883	24.666510017981956
-7.609511889862328	24.798773903967486
-7.599499374217772	24.975152477669965
-7.589486858573217	25.24593985780366
-7.579474342928661	25.666979562168212
-7.569461827284105	26.30033769403368
-7.55944931163955	27.256980335397486
-7.5494367959949935	28.65091157069771
-7.539424280350438	30.53220817101334
-7.529411764705882	32.86137934801762
-7.519399249061326	35.44144692758392
-7.509386733416771	38.09998613335002
-7.499374217772215	40.81180915381835
-7.48936170212766	43.34858123688986
-7.479349186483104	45.41404365976801
-7.4693366708385485	46.92672699829391
-7.459324155193992	48.126573533312175
-7.449311639549437	49.13353312142276
-7.439299123904881	49.86260260905472
-7.429286608260325	50.29148076963049
-7.41927409261577	50.54198161263258
-7.409261576971214	50.70870017584541
-7.399249061326659	50.79243817395833
-7.3892365456821025	50.7852109711676
-7.3792240300375465	50.68489209780363
-7.369211514392991	50.508757039089176
-7.359198998748435	50.2086109043603
-7.34918648310388	49.7100961907461
-7.339173967459324	49.027660259296724
-7.329161451814769	48.26666062872627
-7.319148936170213	47.58171649291099
-7.3091364205256575	47.065740717708564
-7.299123904881101	46.670125296137165
-7.289111389236545	46.2554927513137
-7.27909887359199	45.71438965169477
-7.269086357947434	45.02617399033415
-7.259073842302879	44.19309599313661
-7.249061326658323	43.23534362245047
-7.239048811013767	42.228340133464236
-7.2290362953692116	41.29900333242112
-7.2190237797246555	40.57943383458567
-7.2090112640801	40.14390445006127
-7.198998748435544	40.028606018210624
-7.188986232790989	40.21028033345694
-7.178973717146433	40.57907107062468
-7.168961201501878	41.03233753573692
-7.158948685857322	41.50988889988359
-7.148936170212766	41.965250342321895
-7.13892365456821	42.36655109538177
-7.128911138923654	42.70617704518296
-7.118898623279099	42.98680752775079
-7.108886107634543	43.23644225726732
-7.098873591989987	43.48159502099649
-7.088861076345432	43.668477571397595
-7.078848560700876	43.70046856008298
-7.068836045056321	43.51787818897551
-7.0588235294117645	43.14991613167432
-7.048811013767209	42.65028434215167
-7.038798498122653	41.99160393387759
-7.028785982478098	41.1420411658111
-7.018773466833542	40.155489200695435
-7.008760951188986	39.09088170525471
-6.998748435544431	37.97995752669303
-6.988735919899875	36.8441838595661
-6.9787234042553195	35.66854638609958
-6.968710888610763	34.40476572881311
-6.958698372966207	33.004597938236664
-6.948685857321652	31.50816523707762
-6.938673341677096	30.00007460893772
-6.928660826032541	28.52178684451132
-6.918648310387985	27.074037323481576
-6.908635794743429	25.800204559690982
-6.8986232790988735	24.7242850837298
-6.888610763454318	23.74697697317885
-6.878598247809762	22.852875859923714
-6.868585732165206	22.044561218944065
-6.858573216520651	21.21740380092438
-6.848560700876095	20.416262044981103
-6.83854818523154	19.646817878325393
-6.828535669586984	19.06310324823141
-6.818523153942428	18.65723014311896
-6.808510638297872	18.326727917577188
-6.798498122653316	18.02900675890433
-6.788485607008761	17.700173566603087
-6.778473091364205	17.32081682394797
-6.768460575719649	16.972209025955657
-6.758448060075094	16.688690376050822
-6.748435544430539	16.49519942025392
-6.7384230287859825	16.37981677766151
-6.7284105131414265	16.228349399508623
-6.718397997496871	15.908173440203134
-6.708385481852315	15.541380176064285
-6.69837296620776	15.42340504491826
-6.688360450563204	15.528036347662367
-6.678347934918648	15.837496228876494
-6.668335419274093	16.63480000407713
-6.658322903629537	18.076424529776396
-6.648310387984981	20.113257495315228
-6.638297872340425	22.471943237142693
-6.628285356695869	25.340966514351233
-6.618272841051314	28.577356586852687
-6.608260325406759	31.76897696916774
-6.598247809762203	34.72636486143764
-6.588235294117647	37.533296200059695
-6.578222778473092	40.26943301013713
-6.5682102628285355	42.92546941584356
-6.55819774718398	45.36945598560132
-6.548185231539424	47.62260870990489
-6.538172715894868	49.66585767922291
-6.528160200250313	51.36344330794163
-6.518147684605757	52.63315329182628
-6.508135168961202	53.57737843427669
-6.498122653316646	54.21839372146427
-6.4881101376720896	54.53084475408861
-6.478097622027534	54.539505631637866
-6.468085106382979	54.23601201294038
-6.458072590738423	53.64572998805407
-6.448060075093867	52.85455322549569
-6.438047559449312	51.927862435881615
-6.428035043804756	50.874162826119935
-6.418022528160201	49.66103084102144
-6.4080100125156445	48.27322535051771
-6.397997496871088	46.71216184866809
-6.387984981226533	44.96814365226033
-6.377972465581977	43.087699319236975
-6.367959949937422	41.23217503471194
-6.357947434292866	39.43516679642613
-6.34793491864831	37.66353330404487
-6.337922403003755	35.92666960588485
-6.3279098873591995	34.24691387546827
-6.317897371714643	32.60782974023745
-6.307884856070087	30.902097491499454
-6.297872340425532	29.13243776578752
-6.287859824780976	27.373476246660218
-6.277847309136421	25.526361745914475
-6.267834793491865	23.646352705398897
-6.257822277847309	21.949413751837604
-6.2478097622027535	20.662782957050652
-6.2377972465581975	19.74441795575771
-6.227784730913642	19.03619709005039
-6.217772215269086	18.492157609471718
-6.20775969962453	18.054342966145036
-6.197747183979975	17.680570328694028
-6.18773466833542	17.401690083702245
-6.177722152690864	17.215358161033727
-6.167709637046308	17.085769052975404
-6.157697121401752	16.984569312269723
-6.147684605757196	16.93042177706908
-6.137672090112641	16.981553003074605
-6.127659574468085	17.18119843457558
-6.117647058823529	17.554477663002125
-6.107634543178974	18.07558334042213
-6.097622027534418	18.65343903431805
-6.0876095118898625	19.280981840101166
-6.0775969962453065	20.01115341623313
-6.06758448060075	20.89792944988931
-6.057571964956195	21.95242147736092
-6.04755944931164	23.117380949420802
-6.037546933667084	24.338552294771077
-6.027534418022528	25.539308249457992
-6.017521902377973	26.6517446052756
-6.007509386733417	27.63658869967458
-5.997496871088861	28.39009641368252
-5.987484355444305	28.817743939485045
-5.977471839799749	28.889088411802266
-5.967459324155194	28.66065356346623
-5.957446808510639	28.253121340401606
-5.947434292866083	27.757273250641866
-5.937421777221527	27.215450616538376
-5.927409261576971	26.595638007427333
-5.9173967459324155	25.852227617789648
-5.90738423028786	24.996807476440008
-5.897371714643304	24.06854376656005
-5.887359198998748	23.065643741279736
-5.877346683354192	22.057317288685645
-5.867334167709637	21.14690994706631
-5.857321652065082	20.36337563305395
-5.847309136420526	19.696821654420685
-5.83729662077597	19.063587061665803
-5.827284105131414	18.613544348723018
-5.817271589486858	18.343435345248274
-5.807259073842303	18.1206294603807
-5.797246558197747	17.983412426102614
-5.787234042553191	17.90600104616116
-5.777221526908636	17.85703502261781
-5.767209011264081	17.812596581920655
-5.7571964956195245	17.611352642651116
-5.747183979974968	17.564028632486878
-5.737171464330412	17.34858479272119
-5.727158948685857	17.426085647527117
-5.717146433041302	17.690154656751798
-5.707133917396746	18.47476770854765
-5.69712140175219	19.24925675996374
-5.687108886107635	20.631416645334877
-5.677096370463079	22.237858396654914
-5.667083854818523	23.19562134795778
-5.657071339173967	23.952621936716177
-5.647058823529411	24.780414596510223
-5.637046307884856	25.214213763117055
-5.627033792240301	25.73923956508234
-5.617021276595745	25.991398654528464
-5.607008760951189	26.147290868252416
-5.596996245306633	26.25834516923688
-5.5869837296620775	26.336246736714052
-5.576971214017522	26.45571968228021
-5.566958698372966	26.6919203265078
-5.55694618272841	27.0787289628908
-5.546933667083855	27.596842627201326
-5.536921151439299	28.340525671475895
-5.526908635794744	29.41421309659919
-5.516896120150188	30.731600760081918
-5.5068836045056315	32.142560000766245
-5.496871088861076	33.54780195396074
-5.486858573216521	34.83231469063811
-5.476846057571965	35.96617477443143
-5.466833541927409	37.040651691348636
-5.456821026282853	37.89093254093382
-5.446808510638298	38.487563921497426
-5.4367959949937426	38.97889497893675
-5.4267834793491865	39.48440005172607
-5.41677096370463	39.9420951101781
-5.406758448060075	40.429806752622675
-5.396745932415519	41.03463697074687
-5.386733416770964	41.54706579810652
-5.376720901126408	41.76517737548899
-5.366708385481852	41.74447840545806
-5.356695869837297	41.54223476510282
-5.346683354192741	41.10130888177062
-5.336670838548185	40.36208275644574
-5.326658322903629	39.28362057846649
-5.316645807259073	37.88911531939103
-5.306633291614518	36.37514371189248
-5.296620775969963	34.92274769071636
-5.286608260325407	33.506136398552535
-5.276595744680851	32.11911742332599
-5.2665832290362955	30.810939979197492
-5.256570713391739	29.475866648443805
-5.246558197747184	28.0221366807572
-5.236545682102628	26.53279819533093
-5.226533166458072	25.163866080175758
-5.216520650813517	24.022522354570594
-5.206508135168962	23.20534318827282
-5.196495619524406	22.628799246692335
-5.18648310387985	22.088825373845793
-5.1764705882352935	21.666101840515108
-5.166458072590738	21.367521114752808
-5.156445556946183	21.148565442619706
-5.146433041301627	21.031109374941096
-5.136420525657071	20.960540394400454
-5.126408010012516	20.937588167796104
-5.11639549436796	20.925578930629325
-5.1063829787234045	20.91683803404426
-5.0963704630788484	20.909670329756487
-5.086357947434292	20.903440936645428
-5.076345431789737	20.897870368721712
-5.066332916145182	20.89281415601195
-5.056320400500626	20.888181500233774
-5.04630788485607	20.883905596523253
-5.036295369211514	20.879933082715546
-5.026282853566959	20.876220150868438
-5.016270337922403	20.872730776921422
-5.006257822277847	20.869435549531204
-4.996245306633291	20.866310662209255
-4.986232790988735	20.863336983048832
-4.97622027534418	20.860499208372843
-4.966207759699625	20.85778511734063
-4.956195244055069	20.8551849353384
-4.946182728410513	20.852690803839753
-4.9361702127659575	20.850296347762658
-4.926157697121402	20.847996328127344
-4.916145181476846	20.8457863669917
-4.90613266583229	20.843662732223862
-4.896120150187734	20.84162217095772
-4.886107634543179	20.839661782123407
-4.876095118898624	20.837778919997728
-4.866082603254068	20.835971122149193
-4.8560700876095115	20.83423605640501
-4.8460575719649555	20.832571482528426
-4.8360450563204	20.8309752251763
-4.826032540675845	20.82944515542662
-4.816020025031289	20.827979178747693
-4.806007509386733	20.826575227746794
-4.795994993742178	20.825231258407957
-4.785982478097623	20.823945248823314
-4.7759699624530665	20.822715199653864
-4.76595744680851	20.821539135739336
-4.755944931163954	20.82041510841918
-4.745932415519399	20.819341198239282
-4.735919899874844	20.818315517804752
-4.725907384230288	20.8173362146076
-4.715894868585732	20.816401473709085
-4.705882352941176	20.815509520196237
-4.6958698372966206	20.814658621362465
-4.685857321652065	20.81384708858397
-4.675844806007509	20.81307327888143
-4.665832290362953	20.812335596167397
-4.655819774718398	20.811632492189503
-4.645807259073843	20.81096246718489
-4.635794743429287	20.810324070265512
-4.625782227784731	20.809715899555993
-4.615769712140175	20.80913660210705
-4.605757196495619	20.808584873607767
-4.595744680851064	20.80805945791921
-4.585732165206508	20.807559146451904
-4.575719649561952	20.807082777407615
-4.565707133917396	20.806629234905213
-4.555694618272841	20.80619744800876
-4.545682102628286	20.80578638967442
-4.53566958698373	20.80539507563154
-4.5256570713391735	20.80502256321152
-4.515644555694618	20.80466795013678
-4.505632040050063	20.804330373281193
-4.495619524405507	20.804009007411405
-4.485607008760951	20.803703063917936
-4.475594493116395	20.803411789543528
-4.46558197747184	20.803134465115395
-4.4555694618272845	20.802870404287127
-4.4455569461827285	20.80261895229502
-4.435544430538172	20.80237948473312
-4.425531914893616	20.802151406350266
-4.415519399249061	20.80193414987255
-4.405506883604506	20.80172717485272
-4.39549436795995	20.80152996654939
-4.385481852315394	20.8013420348368
-4.375469336670839	20.80116291314665
-4.365456821026283	20.80099215744257
-4.355444305381727	20.800828783393722
-4.345431789737171	20.451910875476354
-4.335419274092615	20.139008065978782
-4.32540675844806	19.764296430994808
-4.315394242803505	18.927282101467533
-4.305381727158949	17.85644581166229
-4.295369211514393	16.73252605194346
-4.285356695869837	15.417383334189587
-4.275344180225281	14.192824033878376
-4.265331664580726	11.939097043232001
-4.25531914893617	10.943831413910381
-4.245306633291614	9.248579677643805
-4.235294117647059	7.135077651107455
-4.225281602002504	5.140203999317437
-4.215269086357948	3.776216923338777
-4.2052565707133915	2.627503494346274
-4.1952440550688355	1.683731892520519
-4.18523153942428	1.128274330188306
-4.175219023779725	1.052648478207945
-4.165206508135169	0.941995013773265
-4.155193992490613	0.5401105069897304
-4.145181476846057	0.28690538953751465
-4.135168961201502	0.18001688963513038
-4.1251564455569465	0.1306792925594137
-4.11514392991239	0.12984049323239083
-4.105131414267834	0.05697617162435062
-4.095118898623279	0.05697617162435061
-4.085106382978723	0.05697617163889533
-4.075093867334168	0.0571608040201005
-4.065081351689612	0.0
-4.055068836045056	0.0
-4.045056320400501	0.0
-4.035043804755945	0.0
-4.025031289111389	0.0
-4.015018773466833	0.0
-4.005006257822277	0.0
-3.994993742177722	0.0
-3.9849812265331668	0.0
-3.9749687108886107	0.0
-3.9649561952440546	0.0
-3.9549436795994994	0.0
-3.9449311639549434	0.0
-3.934918648310388	0.0
-3.924906132665832	0.0
-3.914893617021277	0.0
-3.904881101376721	0.0
-3.8948685857321648	0.0
-3.8848560700876096	0.0
-3.8748435544430535	0.0
-3.8648310387984983	0.0
-3.8548185231539422	0.0
-3.844806007509387	0.0
-3.834793491864831	0.0
-3.824780976220275	0.0
-3.8147684605757197	0.0
-3.8047559449311636	0.017972757765523237
-3.7947434292866085	0.017972758656926074
-3.7847309136420524	0.01797275865692613
-3.774718397997497	0.017972758656926126
-3.764705882352941	0.01797275865692613
-3.754693366708385	0.024952099807121552
-3.74468085106383	0.04419629615228537
-3.734668335419274	0.1374611598694812
-3.7246558197747186	0.1374375992912127
-3.7146433041301625	0.13743759926159535
-3.7046307884856065	0.16537295617716755
-3.6946182728410513	0.18528448769642408
-3.684605757196495	0.26162575698734614
-3.67459324155194	0.26728200031363814
-3.664580725907384	0.3521801741902043
-3.6545682102628287	0.36874165718896484
-3.6445556946182727	0.68418090370065
-3.6345431789737166	0.833712500087754
-3.6245306633291614	1.0638768758106156
-3.6145181476846053	1.3142767180530721
-3.60450563204005	1.3787165532142698
-3.594493116395494	1.4702389925650892
-3.584480600750939	1.6289477518122553
-3.574468085106383	1.9099309888124727
-3.5644555694618267	2.0402713562051917
-3.5544430538172715	2.3186946191970983
-3.5444305381727155	2.633129100612265
-3.5344180225281603	2.807978405515255
-3.524405506883604	3.1031682870529993
-3.514392991239049	3.42832883110893
-3.504380475594493	3.902334301651856
-3.494367959949937	4.267542932290845
-3.4843554443053817	4.538790251666488
-3.4743429286608256	4.891470801036754
-3.4643304130162704	5.153171572752543
-3.4543178973717144	5.487447896141873
-3.444305381727159	5.853759289011354
-3.434292866082603	6.025483363820566
-3.424280350438047	6.162560157088237
-3.414267834793492	6.162549340287302
-3.4042553191489358	6.37238622008838
-3.3942428035043806	6.372143669289121
-3.3842302878598245	6.492791094246492
-3.3742177722152693	6.578112418278616
-3.3642052565707132	6.638462012155619
-3.354192740926157	6.638340809591399
-3.344180225281602	6.673781280728849
-3.334167709637046	6.699307758636969
-3.3241551939924907	6.699453504066953
-3.3141426783479346	6.699450937210386
-3.3041301627033794	6.699450904972705
-3.2941176470588234	6.699453568992522
-3.2841051314142673	6.699459103402605
-3.274092615769712	6.699467696146942
-3.264080100125156	6.699479550458022
-3.254067584480601	6.699494886514886
-3.2440550688360448	6.69951394330534
-3.2340425531914896	6.6995369807187535
-3.2240300375469335	6.699564281899618
-3.2140175219023774	6.6995961558958
-3.2040050062578223	6.699632940640273
-3.193992490613266	6.699675006310147
-3.183979974968711	6.699722759112793
-3.173967459324155	6.699776645555521
-3.1639549436795997	6.699837157262952
-3.1539424280350437	6.699904836414649
-3.1439299123904876	6.699980281885455
-3.1339173967459324	6.700064156181841
-3.1239048811013763	6.700157193279837
-3.113892365456821	6.700260207484052
-3.103879849812265	6.700374103442595
-3.09386733416771	6.7004998874700155
-3.083854818523154	6.700638680349234
-3.0738423028785977	6.700791731804489
-3.0638297872340425	6.7009604368598445
-3.0538172715894865	6.701146354322555
-3.0438047559449313	6.7013512276562714
-3.033792240300375	6.70157700853627
-3.02377972465582	6.701825883406152
-3.013767209011264	6.702100303382074
-3.003754693366708	6.702403017874853
-2.9937421777221527	6.7027371123203805
-2.9837296620775966	6.7031060504217725
-2.9737171464330414	6.703513721309243
-2.9637046307884853	6.703964492011975
-2.95369211514393	6.704463265606324
-2.943679599499374	6.705015545353254
-2.933667083854818	6.705627505065423
-2.923654568210263	6.706306065859009
-2.9136420525657067	6.707058979371385
-2.9036295369211516	6.707894917521651
-2.8936170212765955	6.708823569077152
-2.8836045056320403	6.709855743906987
-2.873591989987484	6.711003487312271
-2.863579474342928	6.712280210079354
-2.853566958698373	6.713700846442415
-2.843554443053817	6.715282064569312
-2.8335419274092617	6.717042576315064
-2.8235294117647056	6.719003628110995
-2.8135168961201504	6.721189795623435
-2.8035043804755944	6.723630194246609
-2.7934918648310383	6.726359936371982
-2.783479349186483	6.729420554038881
-2.773466833541927	6.732855593410117
-2.763454317897372	6.736695856661588
-2.7534418022528158	6.740937770692761
-2.7434292866082606	6.745558885606132
-2.7334167709637045	6.750631275374505
-2.7234042553191484	6.756349590274115
-2.7133917396745932	6.762976884060687
-2.703379224030037	6.770997515803524
-2.693366708385482	6.785000868623585
-2.683354192740926	6.843746673346499
-2.6733416770963707	6.860125344197589
-2.6633291614518146	6.852699792076428
-2.6533166458072586	6.863714833192753
-2.6433041301627034	6.9206289038975255
-2.6332916145181473	6.961738073988205
-2.623279098873592	6.995064437055832
-2.613266583229036	7.081127477165106
-2.603254067584481	7.203599173042575
-2.593241551939925	7.295587189771009
-2.5832290362953687	7.3800324955005925
-2.5732165206508135	7.4964813513838
-2.5632040050062574	7.630875876289393
-2.5531914893617023	7.782310119938812
-2.543178973717146	7.929161059796195
-2.533166458072591	8.097104176750033
-2.523153942428035	8.305346471466565
-2.513141426783479	8.52610544839692
-2.5031289111389237	8.728933095555973
-2.4931163954943676	8.981196939573541
-2.4831038798498124	9.32712774613021
-2.4730913642052563	9.653925706986929
-2.463078848560701	10.002308963771965
-2.453066332916145	10.373648189232792
-2.443053817271589	10.826163208662438
-2.433041301627034	11.198283391172442
-2.4230287859824777	11.487394282194563
-2.4130162703379225	11.7922894793941
-2.4030037546933665	12.115817940255157
-2.3929912390488113	12.499791433798514
-2.382978723404255	13.027121157507551
-2.372966207759699	13.681083488252066
-2.362953692115144	14.372650685128537
-2.352941176470588	15.11036445945764
-2.3429286608260327	15.959509775084626
-2.3329161451814766	16.798881886499274
-2.3229036295369214	17.555652888966012
-2.3128911138923653	18.314367652610155
-2.3028785982478093	19.027421851307107
-2.292866082603254	19.69971528367111
-2.282853566958698	20.420305318524626
-2.272841051314143	21.25231017613367
-2.2628285356695867	22.196515987681202
-2.2528160200250316	23.20523513773008
-2.2428035043804755	24.186478821709652
-2.2327909887359194	25.169947265523497
-2.2227784730913642	26.222315449824034
-2.212765957446808	27.300257662404142
-2.202753441802253	28.360165434196606
-2.192740926157697	29.43997608779274
-2.1827284105131417	30.504719924837307
-2.1727158948685856	31.607317572347657
-2.1627033792240296	32.84895209331098
-2.1526908635794744	34.19972030076766
-2.1426783479349183	35.62746869805947
-2.132665832290363	37.05523869603637
-2.122653316645807	38.42454349332178
-2.112640801001252	39.54172835436906
-2.1026282853566958	40.300922420189536
-2.0926157697121397	40.79941421832775
-2.0826032540675845	41.142934127752
-2.0725907384230284	41.52936279800461
-2.0625782227784732	41.98002864037136
-2.052565707133917	42.49946384398032
-2.042553191489362	43.0602464828251
-2.032540675844806	43.503106683321455
-2.02252816020025	43.73177784980484
-2.0125156445556946	43.75739967995685
-2.0025031289111386	43.589698898064675
-1.9924906132665834	43.3612214768028
-1.9824780976220273	43.204174032872885
-1.9724655819774712	43.08946338808371
-1.962453066332916	42.896952949697635
-1.95244055068836	42.669924850929384
-1.9424280350438048	42.45259487327764
-1.9324155193992487	42.10202919051127
-1.9224030037546935	41.54371871259954
-1.9123904881101375	40.714416659251526
-1.9023779724655814	39.651562983415126
-1.8923654568210262	38.543282957822306
-1.8823529411764701	37.46310711700591
-1.872340425531915	36.34874677600722
-1.8623279098873589	35.23156221330816
-1.8523153942428037	34.343417640394605
-1.8423028785982476	33.57569408208904
-1.8322903629536915	32.89830911551735
-1.8222778473091363	32.31553936475627
-1.8122653316645803	31.64037138234028
-1.802252816020025	31.034597212121774
-1.792240300375469	30.333755750063716
-1.7822277847309138	29.803495848609828
-1.7722152690863577	29.504391165657026
-1.7622027534418017	29.118379841342968
-1.7521902377972465	28.629340269841638
-1.7421777221526904	28.384304026053986
-1.7321652065081352	28.24361317356204
-1.7221526908635791	28.05870211857575
-1.712140175219024	28.324515809831166
-1.7021276595744679	28.853708678154106
-1.6921151439299118	29.666034688783583
-1.6821026282853566	30.479627421001133
-1.6720901126408005	31.425453267037305
-1.6620775969962454	32.90566469021301
-1.6520650813516893	34.589899033334284
-1.642052565707134	36.33815224995693
-1.632040050062578	37.69947580566417
-1.622027534418022	39.02876403621628
-1.6120150187734668	39.98863620381025
-1.6020025031289107	40.94747296177266
-1.5919899874843555	41.81137521885046
-1.5819774718397994	42.487527128321496
-1.5719649561952442	43.205055735458714
-1.5619524405506882	44.37418233846828
-1.551939924906132	45.774398144449336
-1.541927409261577	47.27528239917037
-1.5319148936170208	48.975305508061
-1.5219023779724656	50.844548234312086
-1.5118898623279096	52.944417144206554
-1.5018773466833544	55.205828464739525
-1.4918648310387983	57.400995761281074
-1.4818523153942422	59.501234015188906
-1.471839799749687	61.404912339965584
-1.461827284105131	63.013078095313496
-1.4518147684605758	64.28660886722415
-1.4418022528160197	65.28890192227723
-1.4317897371714645	66.14244865221829
-1.4217772215269084	66.75135416770735
-1.4117647058823524	67.08639370180823
-1.4017521902377972	67.20099689959943
-1.391739674593241	67.15909277731157
-1.381727158948686	66.96617521037918
-1.3717146433041298	66.68259833192921
-1.3617021276595747	66.57490344429701
-1.3516896120150186	66.48695172497094
-1.3416770963704625	66.40901918898406
-1.3316645807259073	66.45876470878893
-1.3216520650813512	66.64222024783987
-1.311639549436796	66.94681874418484
-1.30162703379224	67.37663418600454
-1.2916145181476848	67.62688263397473
-1.2816020025031287	67.70797733799935
-1.2715894868585726	67.69483368457513
-1.2615769712140175	67.61088846980854
-1.2515644555694614	67.43724166556923
-1.2415519399249062	67.14844454562038
-1.2315394242803501	66.67804898375289
-1.221526908635795	66.20474943377313
-1.2115143929912389	65.86377370698168
-1.2015018773466828	65.62330853466761
-1.1914893617021276	65.30809466077892
-1.1814768460575715	64.87093575557125
-1.1714643304130163	64.37961325065179
-1.1614518147684603	63.89416666507992
-1.151439299123905	63.41575242686397
-1.141426783479349	62.78091238936552
-1.131414267834793	61.68189932608003
-1.1214017521902377	60.195699689680374
-1.1113892365456817	58.50692834258562
-1.1013767209011265	56.867994300236255
-1.0913642052565704	55.33051336284666
-1.0813516896120152	53.85204154530931
-1.0713391739674591	52.369480576162815
-1.061326658322903	50.91290661015476
-1.0513141426783479	49.58975172696377
-1.0413016270337918	48.46140444146939
-1.0312891113892366	47.64413172125867
-1.0212765957446805	47.14457920795976
-1.0112640801001254	46.88980404316984
-1.0012515644555693	46.76984944561435
-0.9912390488110132	46.67160494085675
-0.981226533166458	46.58961853222181
-0.971214017521902	46.228140544087815
-0.9612015018773468	45.8940503316054
-0.9511889862327907	45.48204952012166
-0.9411764705882355	44.866631980154565
-0.9311639549436794	43.95560586440965
-0.9211514392991234	43.378641230138946
-0.9111389236545682	42.42784102867779
-0.9011264080100121	40.88313133587023
-0.8911138923654569	39.34872012189073
-0.8811013767209008	37.63555380934732
-0.8710888610763456	36.30030516088152
-0.8610763454317896	35.2263820554375
-0.8510638297872335	34.52091482710087
-0.8410513141426783	34.38865006275185
-0.8310387984981222	34.39545585855706
-0.821026282853567	34.6476986164393
-0.811013767209011	34.75285446748345
-0.8010012515644558	34.7933227850107
-0.7909887359198997	34.927887936957354
-0.7809762202753436	35.103862137886274
-0.7709637046307884	35.37977248662149
-0.7609511889862324	35.72974362299917
-0.7509386733416772	36.148242590266655
-0.7409261576971211	36.83613726808967
-0.7309136420525659	37.60680442753201
-0.7209011264080099	38.45616121989362
-0.7108886107634538	39.55537067796941
-0.7008760951188986	40.780333357260716
-0.6908635794743425	42.191008332310595
-0.6808510638297873	43.772389303640175
-0.6708385481852313	45.426044638994995
-0.6608260325406761	46.886864813453016
-0.65081351689612	47.91076250380154
-0.6408010012515639	48.622644936881386
-0.6307884856070087	49.116149610372666
-0.6207759699624527	49.31545188175797
-0.6107634543178975	49.22948101529012
-0.6007509386733414	48.81978392447747
-0.5907384230287862	48.13783103524466
-0.5807259073842301	47.40108440113077
-0.5707133917396741	46.670351359402964
-0.5607008760951189	45.87746196611276
-0.5506883604505628	45.04510741370011
-0.5406758448060076	44.24552020870562
-0.5306633291614515	43.45927480976822
-0.5206508135168963	42.66397176332746
-0.5106382978723403	41.938974238101075
-0.5006257822277842	41.43204277530384
-0.490613266583229	41.241637499633846
-0.48060075093867294	41.270352543387695
-0.47058823529411775	41.3563203044341
-0.4605757196495617	41.44122410045112
-0.4505632040050065	41.5457112658638
-0.4405506883604504	41.677916933193075
-0.43053817271589434	41.82129078897417
-0.42052565707133915	42.00929636235162
-0.4105131414267831	42.28177634495377
-0.4005006257822279	42.61505320038885
-0.3904881101376718	42.94520576052309
-0.38047559449311663	43.15141330643641
-0.37046307884856056	43.149380703045644
-0.3604505632040045	42.91049421657542
-0.3504380475594493	42.3707951252674
-0.3404255319148932	41.43729853939179
-0.33041301627033803	40.20595495729954
-0.32040050062578196	38.9761429007833
-0.3103879849812259	37.88727027956563
-0.3003754693366707	36.98874812689713
-0.2903629536921146	36.26184388963631
-0.28035043804755944	35.50091545283841
-0.27033792240300336	34.486956266875026
-0.2603254067584482	33.17847642738747
-0.2503128911138921	31.688759007115323
-0.24030037546933602	30.09135528120508
-0.23028785982478084	28.407661802785757
-0.22027534418022476	26.774231346032675
-0.21026282853566958	25.469292934780974
-0.2002503128911135	24.496277249826864
-0.19023779724655832	23.789938061889693
-0.18022528160200224	23.303290724526125
-0.17021276595744617	22.971688027209314
-0.16020025031289098	22.67933735596313
-0.1501877346683349	22.32247270789194
-0.14017521902377972	21.877876820507087
-0.13016270337922364	21.361580237381517
-0.12015018773466846	20.812648885151532
-0.11013767209011238	20.232965349855007
-0.10012515644555631	19.552391016103144
-0.09011264080100112	18.780221441717455
-0.08010012515644505	18.016404174574014
-0.07008760951188986	17.264811653755135
-0.060075093867333784	16.59027954598279
-0.0500625782227786	16.1355586693865
-0.04005006257822252	15.972437072264674
-0.030037546933666448	15.954994792837645
-0.02002503128911126	15.889024096154754
-0.010012515644555187	15.791887452373157
0.0	15.718873467817799
