-8.0	34.255692738100706
-7.989987484355444	33.9581134944705
-7.979974968710889	33.79428308468303
-7.969962453066333	33.805151674376866
-7.9599499374217775	33.918915120654894
-7.949937421777221	34.01233321729231
-7.939924906132666	34.02437702636361
-7.92991239048811	33.94719805860356
-7.919899874843554	33.804735209616815
-7.909887359198999	33.64781141485087
-7.899874843554443	33.50147793230011
-7.889862327909888	33.34648596952795
-7.8798498122653315	33.14333510891572
-7.869837296620776	32.852383004825505
-7.85982478097622	32.445614990381785
-7.849812265331664	31.927659721118435
-7.839799749687109	31.36025905174408
-7.829787234042553	30.836463780148204
-7.819774718397998	30.41384045698723
-7.809762202753442	30.107179397569457
-7.7997496871088865	29.944755181351717
-7.78973717146433	29.971697473540093
-7.779724655819774	30.186954587757278
-7.769712140175219	30.510762108405096
-7.759699624530663	30.82132600463785
-7.749687108886108	31.047230820147213
-7.739674593241552	31.179529878229616
-7.729662077596997	31.236251853083942
-7.719649561952441	31.271631962632323
-7.7096370463078845	31.35614297107251
-7.699624530663329	31.52207648883866
-7.689612015018773	31.70966735859356
-7.679599499374218	31.86110449422483
-7.669586983729662	32.0022069499421
-7.659574468085107	32.133246340749295
-7.649561952440551	32.248329713589385
-7.639549436795995	32.41823803017144
-7.629536921151439	32.73288556223293
-7.619524405506883	33.15959426070629
-7.609511889862328	33.52550868546923
-7.599499374217772	33.75974424685152
-7.589486858573217	33.953598793237234
-7.579474342928661	34.19130747929925
-7.569461827284105	34.54442410801839
-7.55944931163955	35.04135060608147
-7.5494367959949935	35.64401870375878
-7.539424280350438	36.29497029459158
-7.529411764705882	36.923962822803304
-7.519399249061326	37.505330661656515
-7.509386733416771	38.050809233274784
-7.499374217772215	38.58639543670837
-7.48936170212766	39.201740758802636
-7.479349186483104	39.9349947812485
-7.4693366708385485	40.72293068549079
-7.459324155193992	41.489388008274744
-7.449311639549437	42.17254154777359
-7.439299123904881	42.70335465637264
-7.429286608260325	43.013824967772265
-7.41927409261577	43.05235529052312
-7.409261576971214	42.8876248238531
-7.399249061326659	42.688821399379464
-7.3892365456821025	42.6171354066078
-7.3792240300375465	42.753994637005
-7.369211514392991	43.0426828558775
-7.359198998748435	43.368531293361606
-7.34918648310388	43.655724295281075
-7.339173967459324	43.818729885287006
-7.329161451814769	43.8187454279511
-7.319148936170213	43.721680101798924
-7.3091364205256575	43.573452976176135
-7.299123904881101	43.37573273798746
-7.289111389236545	43.134439810523034
-7.27909887359199	42.853560626279304
-7.269086357947434	42.53633847077007
-7.259073842302879	42.1794564390667
-7.249061326658323	41.779477215185345
-7.239048811013767	41.39255559446511
-7.2290362953692116	41.08267318169166
-7.2190237797246555	40.86989362054752
-7.2090112640801	40.7321113768666
-7.198998748435544	40.61913259139288
-7.188986232790989	40.486635414705624
-7.178973717146433	40.267274323442194
-7.168961201501878	39.89181847853756
-7.158948685857322	39.34758104545562
-7.148936170212766	38.706005162584255
-7.13892365456821	38.03942988205269
-7.128911138923654	37.385072331857714
-7.118898623279099	36.75627463372426
-7.108886107634543	36.13053343878862
-7.098873591989987	35.525792093453745
-7.088861076345432	35.03915805283093
-7.078848560700876	34.64215342634705
-7.068836045056321	34.195542657076835
-7.0588235294117645	33.601574535217594
-7.048811013767209	32.85796155019899
-7.038798498122653	32.08189136073553
-7.028785982478098	31.317534555714364
-7.018773466833542	30.538769189552564
-7.008760951188986	29.757809851982337
-6.998748435544431	28.999894654437025
-6.988735919899875	28.25595427054852
-6.9787234042553195	27.500820581551693
-6.968710888610763	26.75220696954695
-6.958698372966207	26.12776223648451
-6.948685857321652	25.69365135859674
-6.938673341677096	25.390769447196302
-6.928660826032541	25.16040438629054
-6.918648310387985	24.96712249127368
-6.908635794743429	24.749586220500017
-6.8986232790988735	24.551328513441415
-6.888610763454318	24.36986681518436
-6.878598247809762	24.161036983157924
-6.868585732165206	23.812222016967755
-6.858573216520651	23.312191975907233
-6.848560700876095	22.842317633317208
-6.83854818523154	22.486707272824468
-6.828535669586984	22.282675297620507
-6.818523153942428	22.23043296997872
-6.808510638297872	22.282316390472932
-6.798498122653316	22.456852386745215
-6.788485607008761	22.77962582516209
-6.778473091364205	23.319666761174698
-6.768460575719649	23.91618224915661
-6.758448060075094	24.391343279449927
-6.748435544430539	24.78952041012323
-6.7384230287859825	25.301000519095503
-6.7284105131414265	25.91801941836969
-6.718397997496871	26.455277778152524
-6.708385481852315	26.90504339247018
-6.69837296620776	27.426458248106513
-6.688360450563204	28.03727815198862
-6.678347934918648	28.7532450538749
-6.668335419274093	29.601611101458598
-6.658322903629537	30.522109709504377
-6.648310387984981	31.425709565679924
-6.638297872340425	32.20902857120713
-6.628285356695869	32.870141626033146
-6.618272841051314	33.18545750352827
-6.608260325406759	33.318818310879365
-6.598247809762203	33.60407964795775
-6.588235294117647	34.081836713720605
-6.578222778473092	34.62483175639928
-6.5682102628285355	35.139030698484106
-6.55819774718398	35.62560299586898
-6.548185231539424	35.96178253575766
-6.538172715894868	36.08520243819407
-6.528160200250313	36.01313599496617
-6.518147684605757	35.7569716783042
-6.508135168961202	35.38239524203301
-6.498122653316646	35.02029773183775
-6.4881101376720896	34.754310252953545
-6.478097622027534	34.590161159693345
-6.468085106382979	34.49982727705203
-6.458072590738423	34.39584052983705
-6.448060075093867	34.20341222298445
-6.438047559449312	33.909953026290445
-6.428035043804756	33.59411673020121
-6.418022528160201	33.35653010500142
-6.4080100125156445	33.106057332115185
-6.397997496871088	32.76567432302519
-6.387984981226533	32.4326186662118
-6.377972465581977	32.096578182456255
-6.367959949937422	31.659704503731504
-6.357947434292866	31.10322018314947
-6.34793491864831	30.407040481384552
-6.337922403003755	29.602785914140522
-6.3279098873591995	28.870490061431873
-6.317897371714643	28.220740496396633
-6.307884856070087	27.546682358910807
-6.297872340425532	26.758778742670202
-6.287859824780976	25.932672907989097
-6.277847309136421	25.19977981498277
-6.267834793491865	24.583574374375782
-6.257822277847309	24.139801345933087
-6.2478097622027535	23.868047330637907
-6.2377972465581975	23.71386092241965
-6.227784730913642	23.602704976293715
-6.217772215269086	23.45204565551845
-6.20775969962453	23.20147682928334
-6.197747183979975	22.834767247560336
-6.18773466833542	22.408562875550608
-6.177722152690864	21.985685346762736
-6.167709637046308	21.62074763410403
-6.157697121401752	21.29656981338397
-6.147684605757196	20.997184107307575
-6.137672090112641	20.81420445822601
-6.127659574468085	20.806664927185107
-6.117647058823529	20.86523055945456
-6.107634543178974	20.90616155645697
-6.097622027534418	20.95466434215105
-6.0876095118898625	21.074978262452106
-6.0775969962453065	21.24208676533588
-6.06758448060075	21.36819188128916
-6.057571964956195	21.421843064113776
-6.04755944931164	21.37815302553287
-6.037546933667084	21.256471300129647
-6.027534418022528	21.0817934828869
-6.017521902377973	20.792911198230865
-6.007509386733417	20.404470460807925
-5.997496871088861	20.006307148523117
-5.987484355444305	19.596603415263917
-5.977471839799749	19.130957682784505
-5.967459324155194	18.6127010870756
-5.957446808510639	18.156420402957938
-5.947434292866083	17.68266810924251
-5.937421777221527	17.171721527691584
-5.927409261576971	16.679762780504348
-5.9173967459324155	16.264091932199655
-5.90738423028786	15.967234612338325
-5.897371714643304	15.742006639130098
-5.887359198998748	15.514988744712054
-5.877346683354192	15.34077974153439
-5.867334167709637	15.250553795884983
-5.857321652065082	15.20422734343501
-5.847309136420526	15.215672479150149
-5.83729662077597	15.163507363367717
-5.827284105131414	15.101613261546039
-5.817271589486858	14.979917556720343
-5.807259073842303	14.783273490762081
-5.797246558197747	14.737313151332385
-5.787234042553191	14.848221314130644
-5.777221526908636	15.111581972901538
-5.767209011264081	15.411430463388449
-5.7571964956195245	15.54702569359567
-5.747183979974968	15.906214348833291
-5.737171464330412	16.200268516239227
-5.727158948685857	16.558583052451045
-5.717146433041302	16.961399899819035
-5.707133917396746	17.18526974599007
-5.69712140175219	17.581985636811055
-5.687108886107635	17.849264076263754
-5.677096370463079	18.150534776151364
-5.667083854818523	18.725070839336944
-5.657071339173967	19.296228470152506
-5.647058823529411	19.84717704533304
-5.637046307884856	20.46160426831674
-5.627033792240301	21.0633167287894
-5.617021276595745	21.70346320771486
-5.607008760951189	22.26993415367178
-5.596996245306633	22.708901175587602
-5.5869837296620775	23.123324244188765
-5.576971214017522	23.547048642964437
-5.566958698372966	23.969396975513007
-5.55694618272841	24.419801909013263
-5.546933667083855	24.895083173584165
-5.536921151439299	25.340147956992723
-5.526908635794744	25.81349176176784
-5.516896120150188	26.334617004550335
-5.5068836045056315	26.707046149526896
-5.496871088861076	27.082433246491583
-5.486858573216521	27.237279522588352
-5.476846057571965	27.276155922131675
-5.466833541927409	27.35548272858632
-5.456821026282853	27.347498949681547
-5.446808510638298	27.264644782107975
-5.4367959949937426	27.24887935561168
-5.4267834793491865	27.329340609459553
-5.41677096370463	27.408946168798536
-5.406758448060075	27.534945148457695
-5.396745932415519	27.612853246059323
-5.386733416770964	27.500175372090744
-5.376720901126408	27.22656344285008
-5.366708385481852	26.883601021123454
-5.356695869837297	26.489848111181335
-5.346683354192741	26.14942331181833
-5.336670838548185	25.83711381832724
-5.326658322903629	25.469260120693193
-5.316645807259073	24.981265137546828
-5.306633291614518	24.539240864053532
-5.296620775969963	24.10113174239027
-5.286608260325407	23.606122623260127
-5.276595744680851	23.055402214866874
-5.2665832290362955	22.497832687868637
-5.256570713391739	21.93268630559158
-5.246558197747184	21.300947370148897
-5.236545682102628	20.790681929235998
-5.226533166458072	20.29327834743827
-5.216520650813517	19.608347666585793
-5.206508135168962	19.067234177429032
-5.196495619524406	18.71288868581982
-5.18648310387985	18.363690979162797
-5.1764705882352935	17.931033736976396
-5.166458072590738	17.516361596778836
-5.156445556946183	17.196073404927052
-5.146433041301627	16.88217228166841
-5.136420525657071	16.47168494179507
-5.126408010012516	16.171111210667686
-5.11639549436796	16.005528818551827
-5.1063829787234045	15.926580263522009
-5.0963704630788484	15.82488515409648
-5.086357947434292	15.728246871683943
-5.076345431789737	15.643036379069972
-5.066332916145182	15.587312269167802
-5.056320400500626	15.56156047706697
-5.04630788485607	15.536439905003915
-5.036295369211514	15.511356663348263
-5.026282853566959	15.495597333732686
-5.016270337922403	15.486379702180649
-5.006257822277847	15.486551888157754
-4.996245306633291	15.503536082784212
-4.986232790988735	15.49968626664361
-4.97622027534418	15.43599905051077
-4.966207759699625	15.355704847840453
-4.956195244055069	15.345795013375902
-4.946182728410513	15.34404439093774
-4.9361702127659575	15.343323262970793
-4.926157697121402	15.342770759602804
-4.916145181476846	15.342268674010443
-4.90613266583229	15.34176956010245
-4.896120150187734	15.341036219937118
-4.886107634543179	15.338326127965104
-4.876095118898624	15.326530998428925
-4.866082603254068	15.311000108529578
-4.8560700876095115	15.306296871112067
-4.8460575719649555	15.30535275839578
-4.8360450563204	15.304961206884522
-4.826032540675845	15.304649709871475
-4.816020025031289	15.304359047324365
-4.806007509386733	15.30408120643725
-4.795994993742178	15.30381442614657
-4.785982478097623	15.303557763362907
-4.7759699624530665	15.303310432876115
-4.76595744680851	15.303071722986845
-4.755944931163954	15.302840981376608
-4.745932415519399	15.302617610053234
-4.735919899874844	15.302401061762826
-4.725907384230288	15.30219083679522
-4.715894868585732	15.30198647996197
-4.705882352941176	15.301787577672759
-4.6958698372966206	15.301593755080988
-4.685857321652065	15.301404673292396
-4.675844806007509	15.301220026642092
-4.665832290362953	15.301039540051544
-4.655819774718398	15.300862966479094
-4.645807259073843	15.300690084476747
-4.635794743429287	15.300520695864883
-4.625782227784731	15.300354623533392
-4.615769712140175	15.300191709375499
-4.605757196495619	15.300031812357872
-4.595744680851064	15.299874806727992
-4.585732165206508	15.29972058035789
-4.575719649561952	15.2995690332216
-4.565707133917396	15.299420076002063
-4.555694618272841	15.299273628822311
-4.545682102628286	15.299129620094828
-4.53566958698373	15.298987985482524
-4.5256570713391735	15.298848666964247
-4.515644555694618	15.298711611997797
-4.505632040050063	15.298576772773162
-4.495619524405507	15.298444105549008
-4.485607008760951	15.298313570065451
-4.475594493116395	15.298185129026535
-4.46558197747184	15.298058747646042
-4.4555694618272845	15.297934393250705
-4.4455569461827285	15.297812034935163
-4.435544430538172	15.297691643263395
-4.425531914893616	15.297573144265632
-4.415519399249061	15.245606728909907
-4.405506883604506	14.983179644099291
-4.39549436795995	14.983069140999392
-4.385481852315394	14.868409286214062
-4.375469336670839	14.668551363678619
-4.365456821026283	14.493275493705063
-4.355444305381727	14.322938378131237
-4.345431789737171	13.971542041432855
-4.335419274092615	13.684539230446989
-4.32540675844806	13.506132273986115
-4.315394242803505	13.391851951109585
-4.305381727158949	13.137554132465237
-4.295369211514393	12.772946119301556
-4.285356695869837	12.258854698617105
-4.275344180225281	12.068303688034934
-4.265331664580726	11.761245974241765
-4.25531914893617	11.2648952391562
-4.245306633291614	10.763777547872497
-4.235294117647059	10.305875847866345
-4.225281602002504	9.272552036841498
-4.215269086357948	8.730312604231544
-4.2052565707133915	8.319189640932267
-4.1952440550688355	7.396062386504511
-4.18523153942428	6.418582767619264
-4.175219023779725	5.927725281698317
-4.165206508135169	5.177362538965063
-4.155193992490613	4.763254417141462
-4.145181476846057	4.260516894894827
-4.135168961201502	3.405827198433844
-4.1251564455569465	2.9285977466078568
-4.11514392991239	2.580830714726921
-4.105131414267834	2.0377613164490516
-4.095118898623279	1.9451164727043841
-4.085106382978723	1.7762702130680041
-4.075093867334168	1.5551540215629593
-4.065081351689612	1.2075095637741833
-4.055068836045056	0.9299707786678184
-4.045056320400501	0.6745978162656453
-4.035043804755945	0.6911658794830978
-4.025031289111389	0.613751176731274
-4.015018773466833	0.4006484479160869
-4.005006257822277	0.40064844790145554
-3.994993742177722	0.40063675210025984
-3.9849812265331668	0.30407412676701834
-3.9749687108886107	0.30407411422073455
-3.9649561952440546	0.20980830344066456
-3.9549436795994994	0.24159963577750304
-3.9449311639549434	0.28938445701546955
-3.934918648310388	0.22287818689756722
-3.924906132665832	0.25669758376359786
-3.914893617021277	0.3232771081597207
-3.904881101376721	0.42857542582893177
-3.8948685857321648	0.48486385531174825
-3.8848560700876096	0.4848793992095353
-3.8748435544430535	0.48487607174314484
-3.8648310387984983	0.5178645605435704
-3.8548185231539422	0.5916826073412316
-3.844806007509387	0.7183224526794298
-3.834793491864831	0.8190380001602544
-3.824780976220275	1.0022399389494756
-3.8147684605757197	1.0345183676841931
-3.8047559449311636	1.184881916856926
-3.7947434292866085	1.4445890571129478
-3.7847309136420524	1.5381147656847745
-3.774718397997497	1.6144874246362184
-3.764705882352941	1.8691632027033622
-3.754693366708385	1.9827639572714648
-3.74468085106383	2.1131582688673123
-3.734668335419274	2.3389967003357452
-3.7246558197747186	2.7520430987732047
-3.7146433041301625	2.8507692476877877
-3.7046307884856065	2.931491630654895
-3.6946182728410513	3.0081370945473043
-3.684605757196495	3.310697346293397
-3.67459324155194	3.580418068133165
-3.664580725907384	3.8160130088329205
-3.6545682102628287	4.02253243782221
-3.6445556946182727	4.125651459681914
-3.6345431789737166	4.220225355779221
-3.6245306633291614	4.417524751650095
-3.6145181476846053	4.444504713997057
-3.60450563204005	4.669585039494947
-3.594493116395494	4.936246687748653
-3.584480600750939	5.21322916474776
-3.574468085106383	5.344187498895544
-3.5644555694618267	5.491568489712893
-3.5544430538172715	5.654212996651278
-3.5444305381727155	5.7031981191786585
-3.5344180225281603	6.043902125549968
-3.524405506883604	6.136236953748441
-3.514392991239049	6.4075016895060894
-3.504380475594493	6.510012083566429
-3.494367959949937	6.569847734220085
-3.4843554443053817	6.728418059487981
-3.4743429286608256	6.7513570269802345
-3.4643304130162704	6.774855774753949
-3.4543178973717144	6.909174664067318
-3.444305381727159	6.959320894836285
-3.434292866082603	6.959372040108937
-3.424280350438047	6.9594260038119575
-3.414267834793492	7.032452617118403
-3.4042553191489358	7.03267241447939
-3.3942428035043806	7.032832639067115
-3.3842302878598245	7.032997447592739
-3.3742177722152693	7.033345799108779
-3.3642052565707132	7.033520311206458
-3.354192740926157	7.033699955825125
-3.344180225281602	7.033884928599933
-3.334167709637046	7.034075431553993
-3.3241551939924907	7.064976564932749
-3.3141426783479346	7.065178759503929
-3.3041301627033794	7.065387126969714
-3.2941176470588234	7.065601893626611
-3.2841051314142673	7.065823290845
-3.274092615769712	7.066051554987773
-3.264080100125156	7.066286926966326
-3.254067584480601	7.066529651724291
-3.2440550688360448	7.066779977647146
-3.2340425531914896	7.0670381558976825
-3.2240300375469335	7.06730443967977
-3.2140175219023774	7.067579083436681
-3.2040050062578223	7.067862341995542
-3.193992490613266	7.068154469677572
-3.183979974968711	7.068455719405766
-3.173967459324155	7.068766341860264
-3.1639549436795997	7.069086584760894
-3.1539424280350437	7.0694166924031325
-3.1439299123904876	7.069756905649866
-3.1339173967459324	7.070107462707794
-3.1239048811013763	7.070468601747115
-3.113892365456821	7.070841046715044
-3.103879849812265	7.071656159452873
-3.09386733416771	7.085101709883691
-3.083854818523154	7.085963938230738
-3.0738423028785977	7.08638265336736
-3.0638297872340425	7.086813565031579
-3.0538172715894865	7.087258065722839
-3.0438047559449313	7.087717536727862
-3.033792240300375	7.08819420987677
-3.02377972465582	7.0886917608158795
-3.013767209011264	7.089216296686899
-3.003754693366708	7.089777973244647
-2.9937421777221527	7.090393546577122
-2.9837296620775966	7.091090045646781
-2.9737171464330414	7.091908510763851
-2.9637046307884853	7.092899262205632
-2.95369211514393	7.094056548136079
-2.943679599499374	7.094909865267338
-2.933667083854818	7.093221971964779
-2.923654568210263	7.0877020761358605
-2.9136420525657067	7.081325549399793
-2.9036295369211516	7.077869076954497
-2.8936170212765955	7.0807061269820775
-2.8836045056320403	7.082934430463597
-2.873591989987484	7.085150156405259
-2.863579474342928	7.090625088691856
-2.853566958698373	7.08505637974428
-2.843554443053817	7.110298946000204
-2.8335419274092617	7.148005162556891
-2.8235294117647056	7.214107854406392
-2.8135168961201504	7.2444200367441995
-2.8035043804755944	7.26040162074428
-2.7934918648310383	7.266205475589431
-2.783479349186483	7.284077760445069
-2.773466833541927	7.315144028540374
-2.763454317897372	7.468769188766689
-2.7534418022528158	7.583151012681319
-2.7434292866082606	7.655189348274777
-2.7334167709637045	7.758954072111473
-2.7234042553191484	7.799410146568204
-2.7133917396745932	7.867811252958846
-2.703379224030037	7.989915242539405
-2.693366708385482	8.077321997966179
-2.683354192740926	8.18361506723919
-2.6733416770963707	8.341517358265756
-2.6633291614518146	8.470287505069441
-2.6533166458072586	8.65983678231906
-2.6433041301627034	8.963361342486085
-2.6332916145181473	9.241048239159591
-2.623279098873592	9.449336471961495
-2.613266583229036	9.668132611541576
-2.603254067584481	9.876200279757942
-2.593241551939925	10.071470030096792
-2.5832290362953687	10.329963380618807
-2.5732165206508135	10.678177974663406
-2.5632040050062574	10.932666077837366
-2.5531914893617023	11.104710169667579
-2.543178973717146	11.27871355833221
-2.533166458072591	11.579777019066983
-2.523153942428035	11.942406925042926
-2.513141426783479	12.290017273231612
-2.5031289111389237	12.667098189762104
-2.4931163954943676	13.036588675434695
-2.4831038798498124	13.423312204410447
-2.4730913642052563	13.861629633466434
-2.463078848560701	14.29360459586155
-2.453066332916145	14.64259626489545
-2.443053817271589	15.01087418443766
-2.433041301627034	15.485170438465031
-2.4230287859824777	16.04439831004079
-2.4130162703379225	16.68682587146311
-2.4030037546933665	17.321011234518537
-2.3929912390488113	17.942917525732764
-2.382978723404255	18.62313218281411
-2.372966207759699	19.405961900921326
-2.362953692115144	20.127536740030077
-2.352941176470588	20.851321436166344
-2.3429286608260327	21.571510265683944
-2.3329161451814766	22.203325145067982
-2.3229036295369214	22.751374377174688
-2.3128911138923653	23.262197198481793
-2.3028785982478093	23.814267502043965
-2.292866082603254	24.436251848972887
-2.282853566958698	25.096712069481136
-2.272841051314143	25.809808742733434
-2.2628285356695867	26.560215487594387
-2.2528160200250316	27.331425569419004
-2.2428035043804755	28.016750188319158
-2.2327909887359194	28.565374625258126
-2.2227784730913642	29.078373342582683
-2.212765957446808	29.55698742174386
-2.202753441802253	29.93759441220166
-2.192740926157697	30.154453698924584
-2.1827284105131417	30.400211729332508
-2.1727158948685856	30.70799047551052
-2.1627033792240296	31.022571840490645
-2.1526908635794744	31.4332558297821
-2.1426783479349183	31.993487096785017
-2.132665832290363	32.556217684237545
-2.122653316645807	33.04715923367718
-2.112640801001252	33.52674070796481
-2.1026282853566958	34.00452853269966
-2.0926157697121397	34.42270883027752
-2.0826032540675845	34.72962696371911
-2.0725907384230284	34.94125553783218
-2.0625782227784732	35.25900979438788
-2.052565707133917	35.60426324585341
-2.042553191489362	35.95867545006953
-2.032540675844806	36.22133758728873
-2.02252816020025	36.24661050796485
-2.0125156445556946	36.28811238422381
-2.0025031289111386	36.3977962964844
-1.9924906132665834	36.505137108593814
-1.9824780976220273	36.51986759879392
-1.9724655819774712	36.58094750112487
-1.962453066332916	36.515074208803505
-1.95244055068836	36.37341880901526
-1.9424280350438048	36.268132758697355
-1.9324155193992487	36.21344883181385
-1.9224030037546935	36.17144034051931
-1.9123904881101375	35.991614752215554
-1.9023779724655814	35.51472876298935
-1.8923654568210262	34.81339061102046
-1.8823529411764701	34.05667036012846
-1.872340425531915	33.48621413787723
-1.8623279098873589	32.88540511421581
-1.8523153942428037	32.43200404060988
-1.8423028785982476	32.36541243768297
-1.8322903629536915	32.1020623346128
-1.8222778473091363	31.821330750550775
-1.8122653316645803	31.737014633282357
-1.802252816020025	31.716404685398203
-1.792240300375469	31.6638271639622
-1.7822277847309138	31.558487840752584
-1.7722152690863577	31.68687019761639
-1.7622027534418017	32.254395931304884
-1.7521902377972465	32.75372945497209
-1.7421777221526904	33.39355503754605
-1.7321652065081352	34.01841169513202
-1.7221526908635791	34.42008728658589
-1.712140175219024	34.96716057792639
-1.7021276595744679	35.81957417389577
-1.6921151439299118	36.59624938922616
-1.6821026282853566	37.388053982714744
-1.6720901126408005	38.33957909799685
-1.6620775969962454	39.20564227135631
-1.6520650813516893	39.995832522379196
-1.642052565707134	40.8254731277679
-1.632040050062578	41.93789016758089
-1.622027534418022	42.90134364480819
-1.6120150187734668	43.895886739788786
-1.6020025031289107	44.78876797790106
-1.5919899874843555	45.67965745427185
-1.5819774718397994	46.61089573499948
-1.5719649561952442	47.68213586348244
-1.5619524405506882	48.43550762792135
-1.551939924906132	49.00381543739502
-1.541927409261577	49.554488792816215
-1.5319148936170208	50.20987808514987
-1.5219023779724656	50.95169259280344
-1.5118898623279096	51.88263956366995
-1.5018773466833544	52.99671856601647
-1.4918648310387983	53.8361381632264
-1.4818523153942422	54.294133136886884
-1.471839799749687	54.63073009509403
-1.461827284105131	55.15246006169039
-1.4518147684605758	55.82786373346549
-1.4418022528160197	56.41644422740894
-1.4317897371714645	57.0887507911698
-1.4217772215269084	57.87726407535781
-1.4117647058823524	58.58191465987301
-1.4017521902377972	59.13852122821689
-1.391739674593241	59.56128571509151
-1.381727158948686	60.055429359642076
-1.3717146433041298	60.610346681868464
-1.3617021276595747	61.15157529337339
-1.3516896120150186	61.54846953957779
-1.3416770963704625	61.80465808827639
-1.3316645807259073	62.08631921503113
-1.3216520650813512	62.35908927323949
-1.311639549436796	62.367961513525564
-1.30162703379224	62.1440946669911
-1.2916145181476848	61.78746718252838
-1.2816020025031287	61.27267156548125
-1.2715894868585726	60.83342693891538
-1.2615769712140175	60.35936105179805
-1.2515644555694614	59.778543100157044
-1.2415519399249062	59.08819039156004
-1.2315394242803501	58.24901179479777
-1.221526908635795	57.355520103698126
-1.2115143929912389	56.379056248862874
-1.2015018773466828	55.3052662192844
-1.1914893617021276	54.23226215126029
-1.1814768460575715	53.229287559679314
-1.1714643304130163	52.22783019746193
-1.1614518147684603	51.417631366450166
-1.151439299123905	50.61764877229494
-1.141426783479349	49.71071174879372
-1.131414267834793	48.695432582276815
-1.1214017521902377	47.70069210870401
-1.1113892365456817	46.583851835670266
-1.1013767209011265	45.41713499986578
-1.0913642052565704	44.140684068913984
-1.0813516896120152	43.24758044820515
-1.0713391739674591	42.57145554961433
-1.061326658322903	41.814087549506716
-1.0513141426783479	41.0178009771689
-1.0413016270337918	40.3566336608791
-1.0312891113892366	39.355446601546724
-1.0212765957446805	38.45141412206228
-1.0112640801001254	37.698946478889404
-1.0012515644555693	36.83772620258853
-0.9912390488110132	35.95117731484476
-0.981226533166458	35.274929521946554
-0.971214017521902	34.41855456522233
-0.9612015018773468	33.58444735290378
-0.9511889862327907	32.536190853754235
-0.9411764705882355	31.5284759584567
-0.9311639549436794	30.91139710749027
-0.9211514392991234	30.649942884519664
-0.9111389236545682	30.254568011470987
-0.9011264080100121	29.825798831340617
-0.8911138923654569	29.709728942600464
-0.8811013767209008	29.680204636511053
-0.8710888610763456	29.61559715446577
-0.8610763454317896	29.7122570318594
-0.8510638297872335	29.913789522103162
-0.8410513141426783	30.04908046481704
-0.8310387984981222	30.12053674286647
-0.821026282853567	30.368093273182787
-0.811013767209011	30.840505243877903
-0.8010012515644558	31.300528882201416
-0.7909887359198997	31.895941908389844
-0.7809762202753436	32.33338391983565
-0.7709637046307884	32.920828626484976
-0.7609511889862324	33.5345395722771
-0.7509386733416772	34.13030830496519
-0.7409261576971211	34.712924163884026
-0.7309136420525659	35.40556195103824
-0.7209011264080099	36.23745824565524
-0.7108886107634538	36.96303997071512
-0.7008760951188986	37.576936877984394
-0.6908635794743425	38.166129168279255
-0.6808510638297873	38.680976212106046
-0.6708385481852313	39.04974695749641
-0.6608260325406761	39.25643510417313
-0.65081351689612	39.21571262596121
-0.6408010012515639	38.83389554069429
-0.6307884856070087	38.22768136723332
-0.6207759699624527	37.58172652735931
-0.6107634543178975	37.05264267027002
-0.6007509386733414	36.701594045909296
-0.5907384230287862	36.64461512022397
-0.5807259073842301	36.95799220602169
-0.5707133917396741	37.44364259125505
-0.5607008760951189	37.92835300468435
-0.5506883604505628	38.427115594370704
-0.5406758448060076	38.882419109200946
-0.5306633291614515	39.10622039267053
-0.5206508135168963	38.94470311882683
-0.5106382978723403	38.515545742305825
-0.5006257822277842	38.055254659329066
-0.490613266583229	37.75446385147045
-0.48060075093867294	37.623720791194046
-0.47058823529411775	37.605222351469045
-0.4605757196495617	37.62836098154453
-0.4505632040050065	37.63621153169004
-0.4405506883604504	37.59507029459595
-0.43053817271589434	37.52826439811256
-0.42052565707133915	37.40609854297728
-0.4105131414267831	37.08936233453174
-0.4005006257822279	36.57104851891509
-0.3904881101376718	35.85047217939615
-0.38047559449311663	34.976397757852894
-0.37046307884856056	34.110231962411305
-0.3604505632040045	33.335531788652595
-0.3504380475594493	32.62292874801124
-0.3404255319148932	31.9273254229388
-0.33041301627033803	31.317834270850604
-0.32040050062578196	30.7570709804486
-0.3103879849812259	30.195063577306193
-0.3003754693366707	29.687216405724694
-0.2903629536921146	29.16011836440966
-0.28035043804755944	28.57478904342255
-0.27033792240300336	27.998524633920013
-0.2603254067584482	27.407214613388582
-0.2503128911138921	26.90012857146975
-0.24030037546933602	26.47434609610962
-0.23028785982478084	26.014580939384086
-0.22027534418022476	25.558273788495857
-0.21026282853566958	25.10174323599846
-0.2002503128911135	24.567159803638678
-0.19023779724655832	23.986466894210164
-0.18022528160200224	23.443072763348766
-0.17021276595744617	23.016512149191996
-0.16020025031289098	22.703100403424287
-0.1501877346683349	22.437995505047837
-0.14017521902377972	22.17555074350051
-0.13016270337922364	21.949119601418886
-0.12015018773466846	21.82447722859827
-0.11013767209011238	21.68376964821793
-0.10012515644555631	21.396060342458057
-0.09011264080100112	20.982463497735445
-0.08010012515644505	20.578874965395965
-0.07008760951188986	20.291869505961763
-0.060075093867333784	20.143382729267643
-0.0500625782227786	20.117174970984372
-0.04005006257822252	20.19153566043422
-0.030037546933666448	20.334959481356126
-0.02002503128911126	20.497136609766955
-0.010012515644555187	20.66401455527606
0.0	20.770003614137515
