-8.0	18.17596378467402
-7.989987484355444	18.322232136348948
-7.979974968710889	18.415707207789104
-7.969962453066333	18.45456408055681
-7.9599499374217775	18.463963539129292
-7.949937421777221	18.471862615579912
-7.939924906132666	18.483923299075137
-7.92991239048811	18.51786311208665
-7.919899874843554	18.626091685968458
-7.909887359198999	18.847208303042354
-7.899874843554443	19.171075617340254
-7.889862327909888	19.56284016381663
-7.8798498122653315	19.992370409158305
-7.869837296620776	20.44169428726244
-7.85982478097622	20.887033217485516
-7.849812265331664	21.290214834261715
-7.839799749687109	21.612743045441366
-7.829787234042553	21.830216011247426
-7.819774718397998	21.952239975053235
-7.809762202753442	22.026806585939823
-7.7997496871088865	22.122547593550372
-7.78973717146433	22.295741669345276
-7.779724655819774	22.547339516707
-7.769712140175219	22.828041869161385
-7.759699624530663	23.106318203527067
-7.749687108886108	23.400592096450655
-7.739674593241552	23.746697720276313
-7.729662077596997	24.146409814678545
-7.719649561952441	24.56799938285275
-7.7096370463078845	24.982275918040344
-7.699624530663329	25.368098248666975
-7.689612015018773	25.71213114438782
-7.679599499374218	26.012654204638153
-7.669586983729662	26.27799339180168
-7.659574468085107	26.526109960592787
-7.649561952440551	26.77567781494944
-7.639549436795995	27.051212622340767
-7.629536921151439	27.384494077212143
-7.619524405506883	27.77882011023868
-7.609511889862328	28.185534554589488
-7.599499374217772	28.536173924132708
-7.589486858573217	28.80924712428456
-7.579474342928661	29.033657177592435
-7.569461827284105	29.25845019919952
-7.55944931163955	29.515790133014555
-7.5494367959949935	29.808080850076713
-7.539424280350438	30.129240555460424
-7.529411764705882	30.477209727822522
-7.519399249061326	30.835107961699382
-7.509386733416771	31.16613669444032
-7.499374217772215	31.444702790699765
-7.48936170212766	31.67753291398872
-7.479349186483104	31.874046582677384
-7.4693366708385485	32.02529879234435
-7.459324155193992	32.11201942361046
-7.449311639549437	32.12499944256786
-7.439299123904881	32.07898078444607
-7.429286608260325	32.0029522797096
-7.41927409261577	31.93230508491044
-7.409261576971214	31.909073328854713
-7.399249061326659	31.970683570004788
-7.3892365456821025	32.126939827377676
-7.3792240300375465	32.3660456145692
-7.369211514392991	32.66318350533137
-7.359198998748435	32.982377219629655
-7.34918648310388	33.26711541901164
-7.339173967459324	33.44518218603633
-7.329161451814769	33.47060108217702
-7.319148936170213	33.34441842908755
-7.3091364205256575	33.107178499925666
-7.299123904881101	32.79452685716447
-7.289111389236545	32.42506055479494
-7.27909887359199	32.04592451897632
-7.269086357947434	31.701018610865553
-7.259073842302879	31.40265066700482
-7.249061326658323	31.15765149339525
-7.239048811013767	30.963934712318803
-7.2290362953692116	30.82657265035344
-7.2190237797246555	30.71069562573965
-7.2090112640801	30.52710682500586
-7.198998748435544	30.192278143944016
-7.188986232790989	29.729494953594276
-7.178973717146433	29.261191935470237
-7.168961201501878	28.885654897740164
-7.158948685857322	28.606012408483494
-7.148936170212766	28.387987619688722
-7.13892365456821	28.16078294723268
-7.128911138923654	27.897779848072354
-7.118898623279099	27.603267595627486
-7.108886107634543	27.275202005275936
-7.098873591989987	26.93199770015026
-7.088861076345432	26.56984298859474
-7.078848560700876	26.1712836366004
-7.068836045056321	25.767553059960544
-7.0588235294117645	25.439492366876102
-7.048811013767209	25.17311334071128
-7.038798498122653	24.91765692191214
-7.028785982478098	24.62016027733677
-7.018773466833542	24.258138599334963
-7.008760951188986	23.831484989926174
-6.998748435544431	23.3984675715228
-6.988735919899875	22.96419697017977
-6.9787234042553195	22.488759119328634
-6.968710888610763	22.014899892599495
-6.958698372966207	21.585197894832923
-6.948685857321652	21.19329687240805
-6.938673341677096	20.819224489955207
-6.928660826032541	20.48077521655905
-6.918648310387985	20.204289706194835
-6.908635794743429	19.998578265429078
-6.8986232790988735	19.905574381558687
-6.888610763454318	19.923599438888516
-6.878598247809762	19.938469978950113
-6.868585732165206	19.884478776418565
-6.858573216520651	19.780097719198082
-6.848560700876095	19.68121701874962
-6.83854818523154	19.603590192006845
-6.828535669586984	19.532106171925594
-6.818523153942428	19.467788809661048
-6.808510638297872	19.346389259163193
-6.798498122653316	19.260123972160677
-6.788485607008761	19.300034262728985
-6.778473091364205	19.31405447630039
-6.768460575719649	19.362065436663162
-6.758448060075094	19.475754537455582
-6.748435544430539	19.56190104330641
-6.7384230287859825	19.570953848010436
-6.7284105131414265	19.50861676809387
-6.718397997496871	19.39825901495144
-6.708385481852315	19.25373231233923
-6.69837296620776	19.072325222505974
-6.688360450563204	18.82266094930142
-6.678347934918648	18.57799432056755
-6.668335419274093	18.342355998667536
-6.658322903629537	18.144397903375907
-6.648310387984981	17.99811971920937
-6.638297872340425	17.898794365204374
-6.628285356695869	17.80716858971357
-6.618272841051314	17.750185338118698
-6.608260325406759	17.71759937155352
-6.598247809762203	17.674586599944284
-6.588235294117647	17.566365530352375
-6.578222778473092	17.391523484223125
-6.5682102628285355	17.152493471937262
-6.55819774718398	16.893161426088355
-6.548185231539424	16.64063741406782
-6.538172715894868	16.478268063292557
-6.528160200250313	16.326124984830578
-6.518147684605757	16.188147902325298
-6.508135168961202	16.132574069684956
-6.498122653316646	15.961882711195827
-6.4881101376720896	15.62548506735729
-6.478097622027534	15.453794121111503
-6.468085106382979	15.347011685388113
-6.458072590738423	15.262355438967845
-6.448060075093867	15.183296502477422
-6.438047559449312	15.085884043574678
-6.428035043804756	14.90077673392847
-6.418022528160201	14.76816955022303
-6.4080100125156445	14.712662511309619
-6.397997496871088	14.703444021078706
-6.387984981226533	14.782737478374495
-6.377972465581977	14.860656842490497
-6.367959949937422	14.941398339160251
-6.357947434292866	15.089159806653539
-6.34793491864831	15.242684488773566
-6.337922403003755	15.433966716063393
-6.3279098873591995	15.735221027263428
-6.317897371714643	16.078101162589853
-6.307884856070087	16.340459719772564
-6.297872340425532	16.600211009310527
-6.287859824780976	16.88546339696999
-6.277847309136421	17.140904878743527
-6.267834793491865	17.38152806762025
-6.257822277847309	17.529342075654355
-6.2478097622027535	17.597790887430666
-6.2377972465581975	17.62287442843396
-6.227784730913642	17.749252316637474
-6.217772215269086	17.95408528110481
-6.20775969962453	18.180157477048265
-6.197747183979975	18.357382263652525
-6.18773466833542	18.46176867815514
-6.177722152690864	18.490012907757198
-6.167709637046308	18.37728209808712
-6.157697121401752	18.26791316515065
-6.147684605757196	18.171617874979297
-6.137672090112641	18.24249857556325
-6.127659574468085	18.311265884300287
-6.117647058823529	18.277551649085556
-6.107634543178974	18.156186583848136
-6.097622027534418	18.028162791155903
-6.0876095118898625	17.936299527706087
-6.0775969962453065	17.875296405944077
-6.06758448060075	17.77002517490626
-6.057571964956195	17.676490913442134
-6.04755944931164	17.67704760298393
-6.037546933667084	17.660906494015723
-6.027534418022528	17.587885732409934
-6.017521902377973	17.515990027776517
-6.007509386733417	17.47564992788934
-5.997496871088861	17.246802195496908
-5.987484355444305	16.845487171494916
-5.977471839799749	16.55627319317864
-5.967459324155194	16.325379365891965
-5.957446808510639	16.17506524824074
-5.947434292866083	16.082561597756865
-5.937421777221527	15.890051683558973
-5.927409261576971	15.633973313916934
-5.9173967459324155	15.381647332898273
-5.90738423028786	15.12638767164878
-5.897371714643304	14.85710107164635
-5.887359198998748	14.56499912346063
-5.877346683354192	14.277559050418635
-5.867334167709637	13.98228403126436
-5.857321652065082	13.70238351837665
-5.847309136420526	13.540100453398871
-5.83729662077597	13.439200573073009
-5.827284105131414	13.348034991452591
-5.817271589486858	13.275079898895527
-5.807259073842303	13.234441077186881
-5.797246558197747	13.189287261008285
-5.787234042553191	13.168282421592261
-5.777221526908636	13.13042675717408
-5.767209011264081	13.081523127154211
-5.7571964956195245	13.006834853694151
-5.747183979974968	12.906331890685513
-5.737171464330412	12.819845114012528
-5.727158948685857	12.788015715926052
-5.717146433041302	12.712251292333905
-5.707133917396746	12.6885421714321
-5.69712140175219	12.681478988165845
-5.687108886107635	12.650541100374111
-5.677096370463079	12.611237093794523
-5.667083854818523	12.583987818487298
-5.657071339173967	12.577603771256845
-5.647058823529411	12.576632196583626
-5.637046307884856	12.568194539254497
-5.627033792240301	12.563205569110337
-5.617021276595745	12.563779191713907
-5.607008760951189	12.564483325064709
-5.596996245306633	12.56503267699874
-5.5869837296620775	12.563649897803792
-5.576971214017522	12.563993887279508
-5.566958698372966	12.564836243758789
-5.55694618272841	12.565704444422446
-5.546933667083855	12.566585075498569
-5.536921151439299	12.56747477828564
-5.526908635794744	12.568370724573604
-5.516896120150188	12.569270346682108
-5.5068836045056315	12.570171287486192
-5.496871088861076	12.571071383532733
-5.486858573216521	12.571968660599028
-5.476846057571965	12.572861332671039
-5.466833541927409	12.573747800245227
-5.456821026282853	12.574626646408968
-5.446808510638298	12.575496630426123
-5.4367959949937426	12.576356679135872
-5.4267834793491865	12.577205876690543
-5.41677096370463	12.578043453192397
-5.406758448060075	12.578868772737529
-5.396745932415519	12.579681321290137
-5.386733416770964	12.580480694718263
-5.376720901126408	12.581266587237135
-5.366708385481852	12.582038780432573
-5.356695869837297	12.582797132976154
-5.346683354192741	12.583541571096493
-5.336670838548185	12.584272079833811
-5.326658322903629	12.58498869507764
-5.316645807259073	12.585691496368096
-5.306633291614518	12.586380600427228
-5.296620775969963	12.587056155378287
-5.286608260325407	12.587718335605482
-5.276595744680851	12.588367337204396
-5.2665832290362955	12.589003373972732
-5.256570713391739	12.589626673891946
-5.246558197747184	12.590237476052376
-5.236545682102628	12.590836027976925
-5.226533166458072	12.591422583301396
-5.216520650813517	12.591997399772712
-5.206508135168962	12.592560737529354
-5.196495619524406	12.593112857631663
-5.18648310387985	12.593654020812515
-5.1764705882352935	12.594184486421973
-5.166458072590738	12.594704511542005
-5.156445556946183	12.595216776563474
-5.146433041301627	12.672319678668522
-5.136420525657071	12.672809892389512
-5.126408010012516	12.673290634266346
-5.11639549436796	12.587310673294557
-5.1063829787234045	12.587753517791858
-5.0963704630788484	12.587980386852148
-5.086357947434292	12.453763753522765
-5.076345431789737	12.454181873363222
-5.066332916145182	12.420245861723785
-5.056320400500626	12.402653782361215
-5.04630788485607	12.4107058670549
-5.036295369211514	12.454446099933593
-5.026282853566959	12.375821228548526
-5.016270337922403	12.220353324890272
-5.006257822277847	12.069658713105303
-4.996245306633291	11.825167199920575
-4.986232790988735	11.880441651310294
-4.97622027534418	11.497275624696629
-4.966207759699625	11.37421467327202
-4.956195244055069	11.309489801614978
-4.946182728410513	11.422063547652467
-4.9361702127659575	11.525239673245252
-4.926157697121402	11.571195101345813
-4.916145181476846	11.717269134796535
-4.90613266583229	11.926851197368794
-4.896120150187734	11.883770707705017
-4.886107634543179	12.124748618990338
-4.876095118898624	12.477693169290806
-4.866082603254068	12.787138382240006
-4.8560700876095115	13.02828508792928
-4.8460575719649555	13.422927592122084
-4.8360450563204	13.676753158399217
-4.826032540675845	13.928958290267357
-4.816020025031289	14.22263467313629
-4.806007509386733	14.424954054818174
-4.795994993742178	14.53519551215539
-4.785982478097623	14.837348510699032
-4.7759699624530665	14.94888595093959
-4.76595744680851	15.001456420409731
-4.755944931163954	14.991642841920667
-4.745932415519399	15.030078990042027
-4.735919899874844	15.244193934428166
-4.725907384230288	15.210043628313057
-4.715894868585732	15.323641475570824
-4.705882352941176	15.323680859500511
-4.6958698372966206	15.46152215773225
-4.685857321652065	15.572608139500602
-4.675844806007509	15.572647266684822
-4.665832290362953	15.572687918642146
-4.655819774718398	15.644264278011901
-4.645807259073843	15.644245866492277
-4.635794743429287	15.644291339925134
-4.625782227784731	15.64433850106022
-4.615769712140175	15.644387388408424
-4.605757196495619	15.644438039029723
-4.595744680851064	15.644490488189279
-4.585732165206508	15.644544768995122
-4.575719649561952	15.644600911998968
-4.565707133917396	15.644658944757529
-4.555694618272841	15.644718891351555
-4.545682102628286	15.644780771860423
-4.53566958698373	15.644844601789405
-4.5256570713391735	15.644910391447727
-4.515644555694618	15.644978145275251
-4.505632040050063	15.645047861116323
-4.495619524405507	15.645119529439814
-4.485607008760951	15.645193132505186
-4.475594493116395	15.645268643475351
-4.46558197747184	15.645346025478409
-4.4555694618272845	15.645425230621882
-4.4455569461827285	15.64550619896509
-4.435544430538172	15.645588857457714
-4.425531914893616	15.64567311885535
-4.415519399249061	15.6457588806268
-4.405506883604506	15.645846023871837
-4.39549436795995	15.64593441227437
-4.385481852315394	15.64602389112397
-4.375469336670839	15.646114286452956
-4.365456821026283	15.646205404363876
-4.355444305381727	15.646297030685727
-4.345431789737171	15.646388931253519
-4.335419274092615	15.646480853508908
-4.32540675844806	15.646572531176187
-4.315394242803505	15.646663696564076
-4.305381727158949	15.646754112467967
-4.295369211514393	15.646843655395266
-4.285356695869837	15.646932534399758
-4.275344180225281	15.64702186972201
-4.265331664580726	15.647115227468195
-4.25531914893617	15.647222692881899
-4.245306633291614	15.647371669621643
-4.235294117647059	15.647635854113407
-4.225281602002504	15.648233911466193
-4.215269086357948	15.650684992824678
-4.2052565707133915	15.681104574410623
-4.1952440550688355	15.73803447972507
-4.18523153942428	15.754293382749351
-4.175219023779725	15.771978100622768
-4.165206508135169	15.795744382211284
-4.155193992490613	15.809108116740141
-4.145181476846057	15.81299648196092
-4.135168961201502	15.814860678133597
-4.1251564455569465	15.81711151436079
-4.11514392991239	15.82265866991115
-4.105131414267834	15.840155817835138
-4.095118898623279	15.888807113456009
-4.085106382978723	15.983142476038266
-4.075093867334168	16.09162122350322
-4.065081351689612	16.175539163212022
-4.055068836045056	16.217395312072806
-4.045056320400501	16.259331424513846
-4.035043804755945	16.322227289936514
-4.025031289111389	16.363094452103674
-4.015018773466833	16.423284340740974
-4.005006257822277	16.44885701929834
-3.994993742177722	16.513813839639127
-3.9849812265331668	16.657830545425863
-3.9749687108886107	16.820864991503722
-3.9649561952440546	17.106398744237985
-3.9549436795994994	17.50169787175481
-3.9449311639549434	18.03919777540207
-3.934918648310388	18.43711279708502
-3.924906132665832	18.64705849140896
-3.914893617021277	19.01154665562716
-3.904881101376721	19.472573993190007
-3.8948685857321648	19.912936805814095
-3.8848560700876096	20.356591520552996
-3.8748435544430535	20.77170940913852
-3.8648310387984983	21.14141296196634
-3.8548185231539422	21.543922722584654
-3.844806007509387	21.915092896295818
-3.834793491864831	22.20473981528699
-3.824780976220275	22.445179455885885
-3.8147684605757197	22.729982854410014
-3.8047559449311636	23.041706250159205
-3.7947434292866085	23.30844798684656
-3.7847309136420524	23.484772121007254
-3.774718397997497	23.64202164614337
-3.764705882352941	23.75159605934397
-3.754693366708385	23.804184894491996
-3.74468085106383	23.833782424353974
-3.734668335419274	23.6757102186759
-3.7246558197747186	23.483781210586944
-3.7146433041301625	23.446989443835264
-3.7046307884856065	23.44744913500576
-3.6946182728410513	23.430231992034425
-3.684605757196495	23.43865998439766
-3.67459324155194	23.348445771713045
-3.664580725907384	23.214405104944646
-3.6545682102628287	23.071529798745534
-3.6445556946182727	22.877107880215515
-3.6345431789737166	22.55793239872943
-3.6245306633291614	22.109055508927145
-3.6145181476846053	21.549061217456984
-3.60450563204005	21.018091454834334
-3.594493116395494	20.565495654669792
-3.584480600750939	20.164195668882275
-3.574468085106383	19.767367706078595
-3.5644555694618267	19.32056491166093
-3.5544430538172715	18.80005906994606
-3.5444305381727155	18.334853724356392
-3.5344180225281603	18.002013200378276
-3.524405506883604	17.57706325727563
-3.514392991239049	17.19905600212705
-3.504380475594493	16.884152877289047
-3.494367959949937	16.539581065962487
-3.4843554443053817	16.110157118090076
-3.4743429286608256	15.732853479730236
-3.4643304130162704	15.541685454141263
-3.4543178973717144	15.414229174432256
-3.444305381727159	15.252596707361926
-3.434292866082603	15.095189287392527
-3.424280350438047	14.820923671565506
-3.414267834793492	14.52255420509794
-3.4042553191489358	14.260480792230634
-3.3942428035043806	14.073313388895297
-3.3842302878598245	13.888597038694147
-3.3742177722152693	13.743231489504533
-3.3642052565707132	13.598517946575498
-3.354192740926157	13.413393089203248
-3.344180225281602	13.304092098555678
-3.334167709637046	13.196263280550983
-3.3241551939924907	13.13512920675351
-3.3141426783479346	12.961812754134298
-3.3041301627033794	12.892594548191832
-3.2941176470588234	12.955690887593894
-3.2841051314142673	12.928205973456572
-3.274092615769712	12.900281157188937
-3.264080100125156	12.846544894534082
-3.254067584480601	12.832266859854398
-3.2440550688360448	12.851229230657584
-3.2340425531914896	12.909733167963413
-3.2240300375469335	12.825708595180586
-3.2140175219023774	12.746066646916024
-3.2040050062578223	12.861445827145943
-3.193992490613266	12.963529972139034
-3.183979974968711	12.99143517463242
-3.173967459324155	12.912959233818887
-3.1639549436795997	13.050058202348191
-3.1539424280350437	13.087453260575536
-3.1439299123904876	13.13468618422557
-3.1339173967459324	13.236251408633562
-3.1239048811013763	13.30005025365289
-3.113892365456821	13.268653927216866
-3.103879849812265	13.317179362407341
-3.09386733416771	13.378330441731027
-3.083854818523154	13.474280261674057
-3.0738423028785977	13.540971664887643
-3.0638297872340425	13.64592314855434
-3.0538172715894865	13.75321172455386
-3.0438047559449313	13.84976094350531
-3.033792240300375	13.903767384299323
-3.02377972465582	13.916226118100234
-3.013767209011264	13.936857647705576
-3.003754693366708	14.052373076893291
-2.9937421777221527	14.105965931164121
-2.9837296620775966	14.131324769265401
-2.9737171464330414	14.134966615219266
-2.9637046307884853	14.147503073759365
-2.95369211514393	14.201659976441826
-2.943679599499374	14.343525498668388
-2.933667083854818	14.45961577070707
-2.923654568210263	14.56022350337859
-2.9136420525657067	14.598806089769782
-2.9036295369211516	14.622279657557774
-2.8936170212765955	14.745258326148463
-2.8836045056320403	14.85973942481165
-2.873591989987484	14.918925120905296
-2.863579474342928	14.957585109953941
-2.853566958698373	14.948257287745667
-2.843554443053817	14.85004456342747
-2.8335419274092617	14.739296279090363
-2.8235294117647056	14.647699280735324
-2.8135168961201504	14.593456729056413
-2.8035043804755944	14.609257535666163
-2.7934918648310383	14.633124601797048
-2.783479349186483	14.570014239468746
-2.773466833541927	14.42960505616877
-2.763454317897372	14.299915529262762
-2.7534418022528158	14.235658092758326
-2.7434292866082606	14.089932307465958
-2.7334167709637045	13.857150709474594
-2.7234042553191484	13.59642383830834
-2.7133917396745932	13.374924436707014
-2.703379224030037	13.194856683965844
-2.693366708385482	13.03218623693575
-2.683354192740926	12.838542222834077
-2.6733416770963707	12.710287929988498
-2.6633291614518146	12.620956991085134
-2.6533166458072586	12.593521205669996
-2.6433041301627034	12.496389170026154
-2.6332916145181473	12.35751148754199
-2.623279098873592	12.191122087207534
-2.613266583229036	12.007265772501933
-2.603254067584481	11.867464860761277
-2.593241551939925	11.811412725788477
-2.5832290362953687	11.714357164635418
-2.5732165206508135	11.553277391433435
-2.5632040050062574	11.333759772205497
-2.5531914893617023	11.114309133704344
-2.543178973717146	11.001929524222215
-2.533166458072591	10.852007357804558
-2.523153942428035	10.696178532481136
-2.513141426783479	10.537944852290746
-2.5031289111389237	10.323568365069086
-2.4931163954943676	10.170408248713809
-2.4831038798498124	9.991753908714085
-2.4730913642052563	9.89530621516722
-2.463078848560701	9.824582093809614
-2.453066332916145	9.733807590929564
-2.443053817271589	9.58758838150963
-2.433041301627034	9.311431458418783
-2.4230287859824777	9.09769404443849
-2.4130162703379225	9.063584201398198
-2.4030037546933665	9.02265323667573
-2.3929912390488113	8.95175079678744
-2.382978723404255	8.87227034041434
-2.372966207759699	8.7269712639645
-2.362953692115144	8.491559009177553
-2.352941176470588	8.251324645164555
-2.3429286608260327	8.122812279289695
-2.3329161451814766	7.899119218209099
-2.3229036295369214	7.732378731458884
-2.3128911138923653	7.7510582231138025
-2.3028785982478093	7.698145597938933
-2.292866082603254	7.641258106050924
-2.282853566958698	7.487576749220244
-2.272841051314143	7.399480587193909
-2.2628285356695867	7.373906509450991
-2.2528160200250316	7.376966425065471
-2.2428035043804755	7.360289012497228
-2.2327909887359194	7.362936366333457
-2.2227784730913642	7.41372705096818
-2.212765957446808	7.490409043006684
-2.202753441802253	7.455797148575597
-2.192740926157697	7.459872420944225
-2.1827284105131417	7.418447433385099
-2.1727158948685856	7.407487893243069
-2.1627033792240296	7.469235917566078
-2.1526908635794744	7.538103714484784
-2.1426783479349183	7.602683610488449
-2.132665832290363	7.687915939727707
-2.122653316645807	7.766246418000163
-2.112640801001252	7.8319001121084835
-2.1026282853566958	7.930608230777302
-2.0926157697121397	8.003985874958726
-2.0826032540675845	8.085098927302278
-2.0725907384230284	8.26247447878626
-2.0625782227784732	8.496766696623643
-2.052565707133917	8.643310091894682
-2.042553191489362	8.650885289552209
-2.032540675844806	8.590066696312292
-2.02252816020025	8.517544257088334
-2.0125156445556946	8.44272898438127
-2.0025031289111386	8.373933874381184
-1.9924906132665834	8.32680790425799
-1.9824780976220273	8.307995447369974
-1.9724655819774712	8.316986203721173
-1.962453066332916	8.390418560949062
-1.95244055068836	8.511096372889522
-1.9424280350438048	8.630195838119043
-1.9324155193992487	8.735008081301133
-1.9224030037546935	8.841621531507272
-1.9123904881101375	8.936054629356686
-1.9023779724655814	9.038063988777472
-1.8923654568210262	9.079691774531838
-1.8823529411764701	9.092958623771905
-1.872340425531915	9.073628685163786
-1.8623279098873589	9.079911674494278
-1.8523153942428037	9.256878759387385
-1.8423028785982476	9.512610728684225
-1.8322903629536915	9.755658324705545
-1.8222778473091363	9.9234777846081
-1.8122653316645803	10.003137164224015
-1.802252816020025	10.174211402783104
-1.792240300375469	10.51790238568454
-1.7822277847309138	10.912988680961966
-1.7722152690863577	11.27765910182291
-1.7622027534418017	11.65873059486134
-1.7521902377972465	12.054446026541843
-1.7421777221526904	12.413530940085666
-1.7321652065081352	12.926242268546508
-1.7221526908635791	13.5350449879393
-1.712140175219024	14.211445288456105
-1.7021276595744679	14.930877163419037
-1.6921151439299118	15.541195832662947
-1.6821026282853566	16.002363978579144
-1.6720901126408005	16.355863167336246
-1.6620775969962454	16.625559513354087
-1.6520650813516893	16.855544144860218
-1.642052565707134	17.08883984755428
-1.632040050062578	17.34061438629031
-1.622027534418022	17.678918976300963
-1.6120150187734668	18.165156438753222
-1.6020025031289107	18.75419033887279
-1.5919899874843555	19.318770535594172
-1.5819774718397994	19.88318530018949
-1.5719649561952442	20.472884387615288
-1.5619524405506882	21.00020300767716
-1.551939924906132	21.440131481725494
-1.541927409261577	21.803016532422923
-1.5319148936170208	22.057673746117825
-1.5219023779724656	22.18849289203165
-1.5118898623279096	22.32031980634562
-1.5018773466833544	22.55683462488433
-1.4918648310387983	22.84179808482849
-1.4818523153942422	23.149020586597366
-1.471839799749687	23.470202245006682
-1.461827284105131	23.86026164578769
-1.4518147684605758	24.196759053447987
-1.4418022528160197	24.364646591526
-1.4317897371714645	24.413213984819222
-1.4217772215269084	24.355277448552012
-1.4117647058823524	24.23008641026309
-1.4017521902377972	24.156320232783486
-1.391739674593241	24.22828259516746
-1.381727158948686	24.386197038462537
-1.3717146433041298	24.55760974504421
-1.3617021276595747	24.748552478150497
-1.3516896120150186	24.924654148795945
-1.3416770963704625	25.084925582363194
-1.3316645807259073	25.22922088992854
-1.3216520650813512	25.33226807694114
-1.311639549436796	25.388829202904606
-1.30162703379224	25.349248861540694
-1.2916145181476848	25.130138106809888
-1.2816020025031287	24.76302570745799
-1.2715894868585726	24.348574189806534
-1.2615769712140175	23.901415074201697
-1.2515644555694614	23.385664868222783
-1.2415519399249062	22.93234396978326
-1.2315394242803501	22.59689439713269
-1.221526908635795	22.277622785749216
-1.2115143929912389	21.946181301736914
-1.2015018773466828	21.627974712206992
-1.1914893617021276	21.305268206148067
-1.1814768460575715	20.98017053833795
-1.1714643304130163	20.685451224939417
-1.1614518147684603	20.402310334400518
-1.151439299123905	20.082032259820817
-1.141426783479349	19.731123624121622
-1.131414267834793	19.41464596280153
-1.1214017521902377	19.11273765482217
-1.1113892365456817	18.767470307507747
-1.1013767209011265	18.38583735728856
-1.0913642052565704	17.932882576158477
-1.0813516896120152	17.403327923356926
-1.0713391739674591	16.86951741274401
-1.061326658322903	16.455008069711944
-1.0513141426783479	16.193253059461327
-1.0413016270337918	15.948636960732566
-1.0312891113892366	15.680160730415816
-1.0212765957446805	15.338481044105176
-1.0112640801001254	14.947471992198897
-1.0012515644555693	14.543569504774187
-0.9912390488110132	14.212874107680909
-0.981226533166458	13.965448142005012
-0.971214017521902	13.73582578712921
-0.9612015018773468	13.513892441047306
-0.9511889862327907	13.33868276908532
-0.9411764705882355	13.2737736978492
-0.9311639549436794	13.251220969051118
-0.9211514392991234	13.161354193662383
-0.9111389236545682	13.082151379089796
-0.9011264080100121	12.985803447418837
-0.8911138923654569	12.803836455409867
-0.8811013767209008	12.67506625512425
-0.8710888610763456	12.530423077238833
-0.8610763454317896	12.522364197209289
-0.8510638297872335	12.560542217039588
-0.8410513141426783	12.580556759590111
-0.8310387984981222	12.590139986227651
-0.821026282853567	12.611778414693896
-0.811013767209011	12.68617676567888
-0.8010012515644558	12.751230780350365
-0.7909887359198997	12.820953463065047
-0.7809762202753436	12.897392012184884
-0.7709637046307884	12.985717376143182
-0.7609511889862324	13.089509989356939
-0.7509386733416772	13.195802191213277
-0.7409261576971211	13.318769436339457
-0.7309136420525659	13.478891625444973
-0.7209011264080099	13.633992779157142
-0.7108886107634538	13.748407901443132
-0.7008760951188986	13.893503658379803
-0.6908635794743425	14.018784705063432
-0.6808510638297873	14.073459457613337
-0.6708385481852313	14.090053534391714
-0.6608260325406761	14.091739428289545
-0.65081351689612	14.102777353558935
-0.6408010012515639	14.120988396442602
-0.6307884856070087	14.085363091268649
-0.6207759699624527	14.048471206774467
-0.6107634543178975	14.086436535039187
-0.6007509386733414	14.189192379486515
-0.5907384230287862	14.275461059518431
-0.5807259073842301	14.324505997440493
-0.5707133917396741	14.308743827554522
-0.5607008760951189	14.182612638400752
-0.5506883604505628	13.958135026462408
-0.5406758448060076	13.7289121403959
-0.5306633291614515	13.561221408425151
-0.5206508135168963	13.443295421657727
-0.5106382978723403	13.343979108699505
-0.5006257822277842	13.27621871651721
-0.490613266583229	13.226979947769596
-0.48060075093867294	13.157137563808444
-0.47058823529411775	13.03236890866598
-0.4605757196495617	12.800844554494697
-0.4505632040050065	12.518389030562775
-0.4405506883604504	12.26486355899717
-0.43053817271589434	12.0534940255362
-0.42052565707133915	11.864772184668555
-0.4105131414267831	11.69664571728249
-0.4005006257822279	11.578348725051912
-0.3904881101376718	11.54246136382482
-0.38047559449311663	11.571224811904631
-0.37046307884856056	11.632137576612358
-0.3604505632040045	11.727032069149837
-0.3504380475594493	11.84941241247619
-0.3404255319148932	11.969869091975111
-0.33041301627033803	12.039012573439228
-0.32040050062578196	12.009557416466201
-0.3103879849812259	11.910825079555229
-0.3003754693366707	11.798096706299054
-0.2903629536921146	11.695160090841444
-0.28035043804755944	11.626843083185332
-0.27033792240300336	11.5984846793097
-0.2603254067584482	11.622442187522985
-0.2503128911138921	11.712357063264234
-0.24030037546933602	11.85282056923054
-0.23028785982478084	12.050927670649717
-0.22027534418022476	12.28530812999347
-0.21026282853566958	12.505446279368735
-0.2002503128911135	12.684866249107934
-0.19023779724655832	12.823767287741752
-0.18022528160200224	12.949915242488897
-0.17021276595744617	13.079167995293405
-0.16020025031289098	13.212522529319267
-0.1501877346683349	13.355124312406529
-0.14017521902377972	13.519778673945162
-0.13016270337922364	13.703607847349687
-0.12015018773466846	13.925017454473046
-0.11013767209011238	14.211422583719507
-0.10012515644555631	14.53663226874152
-0.09011264080100112	14.87762949064911
-0.08010012515644505	15.239900576031225
-0.07008760951188986	15.647236873760075
-0.060075093867333784	16.08609271464065
-0.0500625782227786	16.502179984084542
-0.04005006257822252	16.825692150832385
-0.030037546933666448	17.07238071297636
-0.02002503128911126	17.31447287409241
-0.010012515644555187	17.608236481853528
0.0	17.943069667382925
