-8.0	18.49785615562265
-7.989987484355444	18.94100047470187
-7.979974968710889	19.449473379425577
-7.969962453066333	19.965861018365853
-7.9599499374217775	20.42129797183151
-7.949937421777221	20.834179146631378
-7.939924906132666	21.208339407192973
-7.92991239048811	21.533491039412066
-7.919899874843554	21.7997154451845
-7.909887359198999	22.002691334158605
-7.899874843554443	22.130179171308182
-7.889862327909888	22.175370096384146
-7.8798498122653315	22.17339201755427
-7.869837296620776	22.129996641436755
-7.85982478097622	21.98986750026541
-7.849812265331664	21.718701236466398
-7.839799749687109	21.32942906844315
-7.829787234042553	20.883561428840807
-7.819774718397998	20.45008425668441
-7.809762202753442	20.050884635157676
-7.7997496871088865	19.673653087663357
-7.78973717146433	19.289291175090007
-7.779724655819774	18.874675728517385
-7.769712140175219	18.430705128520973
-7.759699624530663	17.871465795044394
-7.749687108886108	17.175386958974265
-7.739674593241552	16.439306409971064
-7.729662077596997	15.549261542452065
-7.719649561952441	14.853235639312938
-7.7096370463078845	13.885248826927436
-7.699624530663329	12.610214503435488
-7.689612015018773	11.286012935818839
-7.679599499374218	10.019936718213746
-7.669586983729662	8.867503832585385
-7.659574468085107	7.823370586394927
-7.649561952440551	7.10443645562725
-7.639549436795995	6.635034818660765
-7.629536921151439	6.275837786754329
-7.619524405506883	6.041714688984342
-7.609511889862328	5.90688772835192
-7.599499374217772	5.885615953754792
-7.589486858573217	5.9821866748174
-7.579474342928661	6.16058823661363
-7.569461827284105	6.373752401911668
-7.55944931163955	6.628673686419292
-7.5494367959949935	6.9421374901441535
-7.539424280350438	7.313815446925704
-7.529411764705882	7.716386234588196
-7.519399249061326	8.113279443435369
-7.509386733416771	8.485565494329208
-7.499374217772215	8.859852619492527
-7.48936170212766	9.24999893103382
-7.479349186483104	9.639256760965672
-7.4693366708385485	10.014293425561405
-7.459324155193992	10.378810582442481
-7.449311639549437	10.731086159908067
-7.439299123904881	11.071735446872944
-7.429286608260325	11.407371384176457
-7.41927409261577	11.72898024943583
-7.409261576971214	12.02059785315108
-7.399249061326659	12.284987603404108
-7.3892365456821025	12.536227387120931
-7.3792240300375465	12.787285746667973
-7.369211514392991	13.045729862160632
-7.359198998748435	13.310688666080429
-7.34918648310388	13.566085161664127
-7.339173967459324	13.785809577054907
-7.329161451814769	13.952101290746324
-7.319148936170213	14.061886106112006
-7.3091364205256575	14.137459877833734
-7.299123904881101	14.227230848468164
-7.289111389236545	14.366869940152597
-7.27909887359199	14.566867213410514
-7.269086357947434	14.820893455574184
-7.259073842302879	15.112144280337853
-7.249061326658323	15.428370819641131
-7.239048811013767	15.765409201095208
-7.2290362953692116	16.118030473930943
-7.2190237797246555	16.47860796622784
-7.2090112640801	16.83906090604259
-7.198998748435544	17.18012865071211
-7.188986232790989	17.465200451080765
-7.178973717146433	17.653390196532612
-7.168961201501878	17.72829411550106
-7.158948685857322	17.71751063992859
-7.148936170212766	17.67139535805846
-7.13892365456821	17.629610448588917
-7.128911138923654	17.606616567225498
-7.118898623279099	17.6023621681748
-7.108886107634543	17.615814314843234
-7.098873591989987	17.648582311452788
-7.088861076345432	17.714809276351115
-7.078848560700876	17.840434071683386
-7.068836045056321	18.03717878979427
-7.0588235294117645	18.283749586811723
-7.048811013767209	18.545707681241364
-7.038798498122653	18.78833651703678
-7.028785982478098	18.986143064146365
-7.018773466833542	19.11495787965972
-7.008760951188986	19.154706090061186
-6.998748435544431	19.112018773940328
-6.988735919899875	19.01636909537028
-6.9787234042553195	18.888786371979247
-6.968710888610763	18.73242235536601
-6.958698372966207	18.542515717292982
-6.948685857321652	18.31623035181531
-6.938673341677096	18.0670124490702
-6.928660826032541	17.805260219137338
-6.918648310387985	17.528596736685547
-6.908635794743429	17.238037890030075
-6.8986232790988735	16.91346205866424
-6.888610763454318	16.5159801203036
-6.878598247809762	16.037512121961168
-6.868585732165206	15.513487662253892
-6.858573216520651	14.999433123065845
-6.848560700876095	14.563864393402191
-6.83854818523154	14.239185415245403
-6.828535669586984	13.973551837981537
-6.818523153942428	13.686568476984577
-6.808510638297872	13.332040137998744
-6.798498122653316	12.89676449733082
-6.788485607008761	12.391822156786095
-6.778473091364205	11.846175087113865
-6.768460575719649	11.286105195329224
-6.758448060075094	10.732452664748912
-6.748435544430539	10.207054272362559
-6.7384230287859825	9.722326035837085
-6.7284105131414265	9.25776865789219
-6.718397997496871	8.783764747726474
-6.708385481852315	8.317245800704905
-6.69837296620776	7.8848802751837965
-6.688360450563204	7.482123770907432
-6.678347934918648	7.080652173793241
-6.668335419274093	6.680444952655545
-6.658322903629537	6.295031633967386
-6.648310387984981	5.92090925987389
-6.638297872340425	5.5512970991111
-6.628285356695869	5.201280245680042
-6.618272841051314	4.877648614213192
-6.608260325406759	4.569946622263431
-6.598247809762203	4.323872243910674
-6.588235294117647	4.115300461993028
-6.578222778473092	3.903710282816585
-6.5682102628285355	3.6809778742184283
-6.55819774718398	3.5080258737516394
-6.548185231539424	3.3855921152641626
-6.538172715894868	3.269889231570959
-6.528160200250313	3.1461860040052883
-6.518147684605757	3.012973048462971
-6.508135168961202	2.897187047758982
-6.498122653316646	2.8424673687899396
-6.4881101376720896	2.839736500600024
-6.478097622027534	2.847628084282389
-6.468085106382979	2.852718565561545
-6.458072590738423	2.7978341539634854
-6.448060075093867	2.7576623874357957
-6.438047559449312	2.763901167222005
-6.428035043804756	2.7819925599043906
-6.418022528160201	2.844035920786947
-6.4080100125156445	2.894469103369032
-6.397997496871088	2.907328924791655
-6.387984981226533	3.036664839727488
-6.377972465581977	3.096051076359409
-6.367959949937422	3.1666394355218808
-6.357947434292866	3.4623819006477388
-6.34793491864831	3.7277383861377302
-6.337922403003755	4.008746633375582
-6.3279098873591995	4.238204053627991
-6.317897371714643	4.537888897338182
-6.307884856070087	5.096211113690585
-6.297872340425532	5.882003437968203
-6.287859824780976	6.484112645869684
-6.277847309136421	7.321201291242459
-6.267834793491865	8.159960303409418
-6.257822277847309	8.869624289069804
-6.2478097622027535	9.83151808145465
-6.2377972465581975	10.719284813032344
-6.227784730913642	11.473654821699542
-6.217772215269086	12.019197239796826
-6.20775969962453	12.607910332143842
-6.197747183979975	12.8941445583156
-6.18773466833542	13.190266514104325
-6.177722152690864	13.528769410416665
-6.167709637046308	13.644929663781648
-6.157697121401752	13.775553134015409
-6.147684605757196	13.783780148460144
-6.137672090112641	13.841079283938717
-6.127659574468085	13.87158150318923
-6.117647058823529	13.959223982356423
-6.107634543178974	13.95771600532163
-6.097622027534418	13.953474755324494
-6.0876095118898625	13.982661612521303
-6.0775969962453065	14.078477450922147
-6.06758448060075	14.232892876987991
-6.057571964956195	14.357189782490494
-6.04755944931164	14.475922846126664
-6.037546933667084	14.625686461760123
-6.027534418022528	14.83187754170865
-6.017521902377973	15.104414391541708
-6.007509386733417	15.441480659466771
-5.997496871088861	15.915044518161368
-5.987484355444305	16.418969016403555
-5.977471839799749	16.89380779274626
-5.967459324155194	17.42909075112595
-5.957446808510639	18.05240488309257
-5.947434292866083	18.682476223742388
-5.937421777221527	19.27899507435202
-5.927409261576971	19.855320785762228
-5.9173967459324155	20.41678733405496
-5.90738423028786	20.946482119138764
-5.897371714643304	21.407700004990797
-5.887359198998748	21.845973705640265
-5.877346683354192	22.234886870370133
-5.867334167709637	22.575147070760078
-5.857321652065082	22.87940208768633
-5.847309136420526	23.10969400665099
-5.83729662077597	23.277158498380214
-5.827284105131414	23.360044093141607
-5.817271589486858	23.35452199111888
-5.807259073842303	23.29324215727779
-5.797246558197747	23.172373489692877
-5.787234042553191	22.97870474327084
-5.777221526908636	22.743328886763607
-5.767209011264081	22.510459391476054
-5.7571964956195245	22.298347651203198
-5.747183979974968	22.063976254535476
-5.737171464330412	21.73191711731137
-5.727158948685857	21.33441790129259
-5.717146433041302	20.977870072942387
-5.707133917396746	20.629946379804437
-5.69712140175219	20.378983124647657
-5.687108886107635	20.19210671359378
-5.677096370463079	19.987919143249094
-5.667083854818523	19.78711879678479
-5.657071339173967	19.510079848738503
-5.647058823529411	19.154349594065533
-5.637046307884856	19.097949777692932
-5.627033792240301	18.908598601814184
-5.617021276595745	18.62447463099457
-5.607008760951189	18.35977260043051
-5.596996245306633	18.139669905535385
-5.5869837296620775	17.822399541744968
-5.576971214017522	17.61586562948669
-5.566958698372966	17.590377155198524
-5.55694618272841	17.388508826086824
-5.546933667083855	17.229569322498378
-5.536921151439299	17.125816664528298
-5.526908635794744	17.07296538506684
-5.516896120150188	17.117277591252265
-5.5068836045056315	17.208401255364233
-5.496871088861076	17.3067748493157
-5.486858573216521	17.45065096752926
-5.476846057571965	17.64225043259437
-5.466833541927409	17.81363929452413
-5.456821026282853	18.0180479383515
-5.446808510638298	18.28246823348022
-5.4367959949937426	18.623658245749173
-5.4267834793491865	19.029037062304425
-5.41677096370463	19.493768888992893
-5.406758448060075	20.05473732107656
-5.396745932415519	20.688211753101623
-5.386733416770964	21.28297626777023
-5.376720901126408	21.81402710954474
-5.366708385481852	22.320234384888447
-5.356695869837297	22.836507958393923
-5.346683354192741	23.281746799607163
-5.336670838548185	23.584189526587195
-5.326658322903629	23.812379073868083
-5.316645807259073	24.001614367459446
-5.306633291614518	24.128981627290273
-5.296620775969963	24.17435798161088
-5.286608260325407	24.14323805117566
-5.276595744680851	24.0186379594827
-5.2665832290362955	23.71788312189511
-5.256570713391739	23.195072143035485
-5.246558197747184	22.463828526682907
-5.236545682102628	21.63420554312329
-5.226533166458072	20.82353824239705
-5.216520650813517	20.01806511209402
-5.206508135168962	19.201256309066068
-5.196495619524406	18.37069599830563
-5.18648310387985	17.540291421916432
-5.1764705882352935	16.736801963521557
-5.166458072590738	16.03840774122454
-5.156445556946183	15.449865180125672
-5.146433041301627	14.976203684179463
-5.136420525657071	14.647300512921591
-5.126408010012516	14.387370773673945
-5.11639549436796	14.183897874497857
-5.1063829787234045	14.009473907132591
-5.0963704630788484	13.81879224651069
-5.086357947434292	13.676930145947114
-5.076345431789737	13.558387051216467
-5.066332916145182	13.417229525789853
-5.056320400500626	13.332153310774908
-5.04630788485607	13.285419169627485
-5.036295369211514	13.25737772758194
-5.026282853566959	13.239246851043024
-5.016270337922403	13.226027707779469
-5.006257822277847	13.215967443485441
-4.996245306633291	13.207964712868817
-4.986232790988735	13.201405103383882
-4.97622027534418	13.195931138006832
-4.966207759699625	13.191309915356296
-4.956195244055069	13.187374469670104
-4.946182728410513	13.183997825182644
-4.9361702127659575	13.181080342808967
-4.926157697121402	13.178542577091374
-4.916145181476846	13.176320631872823
-4.90613266583229	13.174362829185453
-4.896120150187734	13.172627188034118
-4.886107634543179	13.17107946639652
-4.876095118898624	13.169691622250761
-4.866082603254068	13.168440596413618
-4.8560700876095115	13.167307346056036
-4.8460575719649555	13.166276074865356
-4.8360450563204	13.165333618167233
-4.826032540675845	13.164468950601469
-4.816020025031289	13.163672791034365
-4.806007509386733	13.162937284840316
-4.795994993742178	13.162255747898742
-4.785982478097623	13.161622459924208
-4.7759699624530665	13.16103249730435
-4.76595744680851	13.160481597626676
-4.755944931163954	13.159966049658173
-4.745932415519399	13.15948260379508
-4.735919899874844	13.159028398995725
-4.725907384230288	13.158600903002233
-4.715894868585732	13.158197863289274
-4.705882352941176	13.15781726668389
-4.6958698372966206	13.157457306004371
-4.685857321652065	13.15711635239035
-4.675844806007509	13.15679293225559
-4.665832290362953	13.156485708002958
-4.655819774718398	13.156193461808153
-4.645807259073843	13.155915081912779
-4.635794743429287	13.155649550974848
-4.625782227784731	13.155395936111558
-4.615769712140175	13.155153380338364
-4.605757196495619	13.154921095165074
-4.595744680851064	13.154698354153718
-4.585732165206508	13.15448448728029
-4.575719649561952	13.154278875971071
-4.565707133917396	13.15408094870807
-4.555694618272841	13.153890177117361
-4.545682102628286	13.153706072469188
-4.53566958698373	13.153528182531524
-4.5256570713391735	13.153356088728735
-4.515644555694618	13.153189403565184
-4.505632040050063	13.153027768280351
-4.495619524405507	13.15287085070758
-4.485607008760951	13.15271834331271
-4.475594493116395	13.152569961392809
-4.46558197747184	13.152425441418
-4.4555694618272845	13.152284539501817
-4.4455569461827285	13.15214702998774
-4.435544430538172	13.152012704140912
-4.425531914893616	13.151881368935749
-4.415519399249061	13.151752845931073
-4.405506883604506	13.151626970225573
-4.39549436795995	13.151503589486962
-4.385481852315394	13.151382563049202
-4.375469336670839	13.151263761072522
-4.365456821026283	13.151147063761545
-4.355444305381727	13.151032360637274
-4.345431789737171	13.15091954985921
-4.335419274092615	13.150808537593763
-4.32540675844806	13.150699237426101
-4.315394242803505	13.150591569812196
-4.305381727158949	13.150485461933858
-4.295369211514393	13.149800159090358
-4.285356695869837	12.92368494869656
-4.275344180225281	12.83699628964209
-4.265331664580726	12.670117560541552
-4.25531914893617	12.28563367313213
-4.245306633291614	12.12272543160103
-4.235294117647059	11.56451327829746
-4.225281602002504	10.660159431302487
-4.215269086357948	10.154045626463306
-4.2052565707133915	8.365588013740414
-4.1952440550688355	7.528625143739184
-4.18523153942428	7.171398399113064
-4.175219023779725	5.978626271800188
-4.165206508135169	4.60913113481835
-4.155193992490613	3.964002090294949
-4.145181476846057	3.1848959351520945
-4.135168961201502	2.2949787306117426
-4.1251564455569465	1.6499031835490428
-4.11514392991239	1.3425891791244413
-4.105131414267834	0.9943191465181804
-4.095118898623279	0.7359758996911326
-4.085106382978723	0.634099200233079
-4.075093867334168	0.46299836881110584
-4.065081351689612	0.35564258303538826
-4.055068836045056	0.13537568292316562
-4.045056320400501	0.0828376854618762
-4.035043804755945	0.0828376854618762
-4.025031289111389	0.0828376854618762
-4.015018773466833	0.08283768546187482
-4.005006257822277	0.08283766743037295
-3.994993742177722	0.0052889067694970315
-3.9849812265331668	0.0
-3.9749687108886107	0.0
-3.9649561952440546	0.0
-3.9549436795994994	0.0
-3.9449311639549434	0.0
-3.934918648310388	0.0
-3.924906132665832	0.0
-3.914893617021277	0.0
-3.904881101376721	0.0
-3.8948685857321648	0.0
-3.8848560700876096	0.0
-3.8748435544430535	0.05757840034166065
-3.8648310387984983	0.1824430344493937
-3.8548185231539422	0.31613362895080604
-3.844806007509387	0.3161336726559571
-3.834793491864831	0.3161336726558639
-3.824780976220275	0.434357093351882
-3.8147684605757197	0.43435709058628885
-3.8047559449311636	0.6028627214286568
-3.7947434292866085	1.3678240775244233
-3.7847309136420524	2.1738521376137476
-3.774718397997497	3.21071191775658
-3.764705882352941	4.37395687455051
-3.754693366708385	5.895237403056907
-3.74468085106383	7.558504904498992
-3.734668335419274	9.264887369100322
-3.7246558197747186	11.722650702668766
-3.7146433041301625	13.668668381774518
-3.7046307884856065	15.284382735353947
-3.6946182728410513	16.18587159704921
-3.684605757196495	17.497111181527544
-3.67459324155194	18.339985850556506
-3.664580725907384	19.92576852268462
-3.6545682102628287	20.33725118056685
-3.6445556946182727	20.729112610746277
-3.6345431789737166	20.728405702850434
-3.6245306633291614	20.84234888632097
-3.6145181476846053	20.842384321505676
-3.60450563204005	20.842416923277586
-3.594493116395494	20.84245067776402
-3.584480600750939	20.84248562906284
-3.574468085106383	21.1074193185057
-3.5644555694618267	21.10745718520886
-3.5544430538172715	21.10749617823677
-3.5444305381727155	21.107536570224752
-3.5344180225281603	21.10757841025054
-3.524405506883604	21.10762174766344
-3.514392991239049	21.1076666318412
-3.504380475594493	21.107713111905113
-3.494367959949937	21.107761236388512
-3.4843554443053817	21.107811052853208
-3.4743429286608256	21.107862607447128
-3.4643304130162704	21.107915944396538
-3.4543178973717144	21.107971105425253
-3.444305381727159	21.108028129092432
-3.434292866082603	21.108087050040098
-3.424280350438047	21.108147898140437
-3.414267834793492	21.108210697532662
-3.4042553191489358	21.108275465537833
-3.3942428035043806	21.108342211439936
-3.3842302878598245	21.108410935120418
-3.3742177722152693	21.10848162553321
-3.3642052565707132	21.108554259006514
-3.354192740926157	21.108628797358012
-3.344180225281602	21.108705185809878
-3.334167709637046	21.108783350691258
-3.3241551939924907	21.108863196916758
-3.3141426783479346	21.1089446052319
-3.3041301627033794	21.10902742922016
-3.2941176470588234	21.109111492070415
-3.2841051314142673	21.10919658311081
-3.274092615769712	21.10928245412396
-3.264080100125156	21.10936881547068
-3.254067584480601	21.10945533206555
-3.2440550688360448	21.109541619268626
-3.2340425531914896	21.10962723878531
-3.2240300375469335	21.109711694701613
-3.2140175219023774	21.109794429826948
-3.2040050062578223	21.109874822575232
-3.193992490613266	21.10995218468732
-3.183979974968711	21.110025760191498
-3.173967459324155	21.11009472611489
-3.1639549436795997	21.110158195605976
-3.1539424280350437	21.110215224312192
-3.1439299123904876	21.11026482108733
-3.1339173967459324	21.110305964389987
-3.1239048811013763	21.11033762609324
-3.113892365456821	21.110358804870902
-3.103879849812265	21.11036857188027
-3.09386733416771	21.110366132150247
-3.083854818523154	21.11035090594099
-3.0738423028785977	21.110322635408266
-3.0638297872340425	21.110281523236075
-3.0538172715894865	21.110228411565096
-3.0438047559449313	21.110165011632056
-3.033792240300375	21.11009419716938
-3.02377972465582	21.110020377959
-3.013767209011264	21.109949974222108
-3.003754693366708	21.109892018094474
-2.9937421777221527	21.10985891580525
-2.9837296620775966	21.109867414204263
-2.9737171464330414	21.109939829509084
-2.9637046307884853	21.110105617592563
-2.95369211514393	21.110403400282365
-2.943679599499374	21.11088362627334
-2.933667083854818	21.11161217856323
-2.923654568210263	21.112675563780932
-2.9136420525657067	21.114189254488164
-2.9036295369211516	21.116313990663205
-2.8936170212765955	21.119297845358297
-2.8836045056320403	21.123619640678765
-2.873591989987484	21.13057422710441
-2.863579474342928	21.14466175814245
-2.853566958698373	21.179185883940498
-2.843554443053817	21.249581871819522
-2.8335419274092617	21.383962608511467
-2.8235294117647056	21.497316451472116
-2.8135168961201504	21.57708984659236
-2.8035043804755944	21.679980595664382
-2.7934918648310383	21.854724190004262
-2.783479349186483	22.107291875378312
-2.773466833541927	22.473804921386677
-2.763454317897372	23.074043755817204
-2.7534418022528158	23.855674203557836
-2.7434292866082606	24.743005877804475
-2.7334167709637045	25.74846439325862
-2.7234042553191484	26.927976031432674
-2.7133917396745932	28.103955805343908
-2.703379224030037	29.157163800650533
-2.693366708385482	30.215827654292134
-2.683354192740926	31.419803067443688
-2.6733416770963707	32.60282256796729
-2.6633291614518146	33.5689090076724
-2.6533166458072586	34.42011689900862
-2.6433041301627034	35.313863891914444
-2.6332916145181473	36.24979033780765
-2.623279098873592	37.088824441849546
-2.613266583229036	37.840977869811596
-2.603254067584481	38.5656666691822
-2.593241551939925	39.273238361418635
-2.5832290362953687	39.894006661513814
-2.5732165206508135	40.241755017654945
-2.5632040050062574	40.3114171957367
-2.5531914893617023	40.172944073886946
-2.543178973717146	39.813612113349436
-2.533166458072591	39.31386097108044
-2.523153942428035	38.66878874582446
-2.513141426783479	37.85787594178619
-2.5031289111389237	36.913745821249
-2.4931163954943676	35.9127638157832
-2.4831038798498124	34.94726940241841
-2.4730913642052563	34.09376265292285
-2.463078848560701	33.314756084945905
-2.453066332916145	32.422146348036776
-2.443053817271589	31.25872760517421
-2.433041301627034	30.086805361953317
-2.4230287859824777	29.239939604857383
-2.4130162703379225	28.584719812328288
-2.4030037546933665	28.057835134769995
-2.3929912390488113	27.669031989487678
-2.382978723404255	27.422046831003094
-2.372966207759699	27.27225499613218
-2.362953692115144	27.193923102837708
-2.352941176470588	27.160202325300673
-2.3429286608260327	27.086602534563102
-2.3329161451814766	26.927640732885358
-2.3229036295369214	26.950122170084672
-2.3128911138923653	27.000785567663783
-2.3028785982478093	27.184529932732982
-2.292866082603254	27.426413227594704
-2.282853566958698	27.63328008131022
-2.272841051314143	28.110443406873692
-2.2628285356695867	29.59217892172401
-2.2528160200250316	30.762367994179808
-2.2428035043804755	31.651943949149093
-2.2327909887359194	32.29643409231333
-2.2227784730913642	33.175691640861814
-2.212765957446808	34.08661064701423
-2.202753441802253	34.91401108481297
-2.192740926157697	35.587583275607926
-2.1827284105131417	36.02303265604951
-2.1727158948685856	36.29824017392128
-2.1627033792240296	36.505685102382785
-2.1526908635794744	36.817627579156465
-2.1426783479349183	37.122729712764155
-2.132665832290363	37.44702141482857
-2.122653316645807	37.91658229459573
-2.112640801001252	38.47911152741531
-2.1026282853566958	39.12172433454974
-2.0926157697121397	39.92027313398073
-2.0826032540675845	40.83399991783223
-2.0725907384230284	41.9083015694794
-2.0625782227784732	43.055053413568324
-2.052565707133917	44.36411446564199
-2.042553191489362	45.645333155838316
-2.032540675844806	46.8222535908706
-2.02252816020025	47.96880963047739
-2.0125156445556946	48.944205613820785
-2.0025031289111386	49.82291739114316
-1.9924906132665834	50.806047691001176
-1.9824780976220273	51.845026550643674
-1.9724655819774712	52.74859242909342
-1.962453066332916	53.59778126097697
-1.95244055068836	54.317510232035325
-1.9424280350438048	54.922327765970785
-1.9324155193992487	55.39174259070415
-1.9224030037546935	55.70425032295854
-1.9123904881101375	55.859738544211986
-1.9023779724655814	55.958196570006756
-1.8923654568210262	56.15025588490035
-1.8823529411764701	56.39439188444761
-1.872340425531915	56.61795109609265
-1.8623279098873589	56.806996469638406
-1.8523153942428037	56.90277695387423
-1.8423028785982476	56.95818906150309
-1.8322903629536915	56.90482556538875
-1.8222778473091363	56.658349509275254
-1.8122653316645803	56.4551776244022
-1.802252816020025	56.39632459221219
-1.792240300375469	56.36794961525696
-1.7822277847309138	56.30749679562557
-1.7722152690863577	56.01443207900341
-1.7622027534418017	55.636796724937724
-1.7521902377972465	55.26158246049289
-1.7421777221526904	54.77690148688611
-1.7321652065081352	54.16780611063028
-1.7221526908635791	53.498596984369726
-1.712140175219024	52.800152439944746
-1.7021276595744679	52.00130989772562
-1.6921151439299118	51.052600104728114
-1.6821026282853566	50.0506928250734
-1.6720901126408005	49.015794409079156
-1.6620775969962454	47.85357117211387
-1.6520650813516893	46.74103992594888
-1.642052565707134	45.6978306056828
-1.632040050062578	44.521802731563234
-1.622027534418022	43.32589514716457
-1.6120150187734668	42.307658246222815
-1.6020025031289107	41.240691143209396
-1.5919899874843555	40.100688660415386
-1.5819774718397994	39.355489809291264
-1.5719649561952442	38.92738485238618
-1.5619524405506882	38.52905583251108
-1.551939924906132	38.190241940749736
-1.541927409261577	37.7911562804738
-1.5319148936170208	37.339207044354325
-1.5219023779724656	37.23664300105043
-1.5118898623279096	37.53713009957639
-1.5018773466833544	37.83759784952849
-1.4918648310387983	38.007315003348396
-1.4818523153942422	38.32263234726422
-1.471839799749687	38.93931619743034
-1.461827284105131	39.62481565366618
-1.4518147684605758	40.58932264615402
-1.4418022528160197	41.58775441253811
-1.4317897371714645	42.32100189510095
-1.4217772215269084	42.73358247547734
-1.4117647058823524	43.252078382240356
-1.4017521902377972	43.93949165501731
-1.391739674593241	44.77354990379523
-1.381727158948686	45.7552260718042
-1.3717146433041298	46.83077024943639
-1.3617021276595747	47.90856613826343
-1.3516896120150186	48.90335710635006
-1.3416770963704625	49.87004383732934
-1.3316645807259073	50.86036895235058
-1.3216520650813512	51.731014305895975
-1.311639549436796	52.41018278115822
-1.30162703379224	52.91625163511147
-1.2916145181476848	53.27374374697711
-1.2816020025031287	53.51767780999754
-1.2715894868585726	53.6380116007186
-1.2615769712140175	53.583530745484516
-1.2515644555694614	53.31779601032951
-1.2415519399249062	52.90925047667491
-1.2315394242803501	52.51651353483966
-1.221526908635795	52.20366778022573
-1.2115143929912389	51.88617517411607
-1.2015018773466828	51.45493874122806
-1.1914893617021276	50.85953470991981
-1.1814768460575715	50.13307696560137
-1.1714643304130163	49.318073064379895
-1.1614518147684603	48.441399429094076
-1.151439299123905	47.547629682290896
-1.141426783479349	46.599499382170166
-1.131414267834793	45.59421658469153
-1.1214017521902377	44.586656033285045
-1.1113892365456817	43.667239422177595
-1.1013767209011265	42.88730780123163
-1.0913642052565704	42.171251367911836
-1.0813516896120152	41.40690760908837
-1.0713391739674591	40.538064177618004
-1.061326658322903	39.61172959378689
-1.0513141426783479	38.704214593484934
-1.0413016270337918	37.843993352410486
-1.0312891113892366	37.03342596423285
-1.0212765957446805	36.284501822296406
-1.0112640801001254	35.62309194314815
-1.0012515644555693	35.0115736384083
-0.9912390488110132	34.40709517829222
-0.981226533166458	33.87351331258754
-0.971214017521902	33.457707224186706
-0.9612015018773468	33.10796557154726
-0.9511889862327907	32.7747993600678
-0.9411764705882355	32.444570209918645
-0.9311639549436794	32.14616375853945
-0.9211514392991234	31.94615038182767
-0.9111389236545682	31.874302950252503
-0.9011264080100121	31.928162942746095
-0.8911138923654569	32.10554899644166
-0.8811013767209008	32.383175594269375
-0.8710888610763456	32.727642034658864
-0.8610763454317896	33.098077112810515
-0.8510638297872335	33.41754361095415
-0.8410513141426783	33.60750205379606
-0.8310387984981222	33.60644308326585
-0.821026282853567	33.42987474450644
-0.811013767209011	33.181265212443165
-0.8010012515644558	32.92428052912287
-0.7909887359198997	32.675448531555915
-0.7809762202753436	32.42659676647516
-0.7709637046307884	32.14364424367873
-0.7609511889862324	31.824872866918618
-0.7509386733416772	31.46740371002349
-0.7409261576971211	31.111346154081584
-0.7309136420525659	30.825172265328856
-0.7209011264080099	30.677149599796746
-0.7108886107634538	30.635906252460504
-0.7008760951188986	30.67309209913783
-0.6908635794743425	30.779915710130076
-0.6808510638297873	30.953764992726928
-0.6708385481852313	31.135772604496296
-0.6608260325406761	31.233069610544042
-0.65081351689612	31.435173787880345
-0.6408010012515639	31.924172922700006
-0.6307884856070087	32.67576444192195
-0.6207759699624527	33.60673688383707
-0.6107634543178975	34.78595059425405
-0.6007509386733414	36.09149709295231
-0.5907384230287862	37.31165028719257
-0.5807259073842301	38.5820397098386
-0.5707133917396741	39.97131865453034
-0.5607008760951189	41.31613612291926
-0.5506883604505628	42.53584669968488
-0.5406758448060076	43.66612860775824
-0.5306633291614515	44.729379726949865
-0.5206508135168963	45.64973603273725
-0.5106382978723403	46.42194696967313
-0.5006257822277842	47.05317500540049
-0.490613266583229	47.589444976121285
-0.48060075093867294	48.03994831274711
-0.47058823529411775	48.47784152023734
-0.4605757196495617	49.001953786912594
-0.4505632040050065	49.591306619394146
-0.4405506883604504	50.18190301939387
-0.43053817271589434	50.67742627246948
-0.42052565707133915	51.04422808584217
-0.4105131414267831	51.35069709973188
-0.4005006257822279	51.60822143801435
-0.3904881101376718	51.656408786856396
-0.38047559449311663	51.57378193680565
-0.37046307884856056	51.487246549551145
-0.3604505632040045	51.402957889277026
-0.3504380475594493	51.22951372781078
-0.3404255319148932	51.09029903610605
-0.33041301627033803	50.90116698176043
-0.32040050062578196	50.54729637411084
-0.3103879849812259	50.13849139450727
-0.3003754693366707	49.84137759980475
-0.2903629536921146	49.58069106469785
-0.28035043804755944	49.24149629439857
-0.27033792240300336	48.912957349655805
-0.2603254067584482	48.582321028378715
-0.2503128911138921	48.23427459524857
-0.24030037546933602	47.89247449658623
-0.23028785982478084	47.543168062965215
-0.22027534418022476	47.11243398405519
-0.21026282853566958	46.61711418156267
-0.2002503128911135	46.19153711014565
-0.19023779724655832	45.78742949692997
-0.18022528160200224	45.20021147729143
-0.17021276595744617	44.45496456580706
-0.16020025031289098	43.613370179473165
-0.1501877346683349	42.70409167752136
-0.14017521902377972	41.82159310588879
-0.13016270337922364	40.98444199164398
-0.12015018773466846	40.12568324801561
-0.11013767209011238	39.116238121986754
-0.10012515644555631	38.02693532390236
-0.09011264080100112	36.95867179957052
-0.08010012515644505	36.10735019788504
-0.07008760951188986	35.33454251818184
-0.060075093867333784	34.43419219234019
-0.0500625782227786	33.76065475641412
-0.04005006257822252	33.60235909849596
-0.030037546933666448	33.784026864730286
-0.02002503128911126	34.106581546458735
-0.010012515644555187	34.505231473595046
0.0	34.71622859032261
