-8.0	4.42808262141313
-7.989987484355444	4.401356478354001
-7.979974968710889	4.423858028671671
-7.969962453066333	4.5035361442816875
-7.9599499374217775	4.625663822071117
-7.949937421777221	4.757042802134994
-7.939924906132666	4.8600759955316
-7.92991239048811	4.908199127781878
-7.919899874843554	4.894342817305449
-7.909887359198999	4.828952102157774
-7.899874843554443	4.731111386474852
-7.889862327909888	4.6198389104661
-7.8798498122653315	4.509173652510014
-7.869837296620776	4.405335650394053
-7.85982478097622	4.304321371338616
-7.849812265331664	4.192452864246203
-7.839799749687109	4.052522106359631
-7.829787234042553	3.872261994308054
-7.819774718397998	3.648278644436788
-7.809762202753442	3.3835983115078627
-7.7997496871088865	3.084309536811225
-7.78973717146433	2.7603236980451515
-7.779724655819774	2.42811016473439
-7.769712140175219	2.10950579269382
-7.759699624530663	1.8249041546282612
-7.749687108886108	1.5854152235314203
-7.739674593241552	1.3898175698933688
-7.729662077596997	1.2280703842736649
-7.719649561952441	1.0885211289142775
-7.7096370463078845	0.9642894777411808
-7.699624530663329	0.8557957232986357
-7.689612015018773	0.7692379011715813
-7.679599499374218	0.71281794780952
-7.669586983729662	0.6926248766041708
-7.659574468085107	0.7094762016869856
-7.649561952440551	0.7581504330183604
-7.639549436795995	0.8302638658091906
-7.629536921151439	0.9198002462933792
-7.619524405506883	1.0275059869773333
-7.609511889862328	1.1605623283770523
-7.599499374217772	1.3275849476745858
-7.589486858573217	1.5325718210739623
-7.579474342928661	1.7719342904873279
-7.569461827284105	2.036536990852012
-7.55944931163955	2.317523294853229
-7.5494367959949935	2.6119887034854603
-7.539424280350438	2.924106371189233
-7.529411764705882	3.2607393531379523
-7.519399249061326	3.62566428173869
-7.509386733416771	4.0176187936875705
-7.499374217772215	4.4327213670139525
-7.48936170212766	4.867132884492474
-7.479349186483104	5.316844659584628
-7.4693366708385485	5.775996048869937
-7.459324155193992	6.236835758029998
-7.449311639549437	6.6919487140746705
-7.439299123904881	7.136814431120151
-7.429286608260325	7.5708810728367
-7.41927409261577	7.9966538655833395
-7.409261576971214	8.41698923538812
-7.399249061326659	8.83122802454872
-7.3892365456821025	9.231685241713791
-7.3792240300375465	9.602826399244682
-7.369211514392991	9.92515086144297
-7.359198998748435	10.183438132653333
-7.34918648310388	10.374846627905033
-7.339173967459324	10.509884060566375
-7.329161451814769	10.603454438173053
-7.319148936170213	10.662918076848158
-7.3091364205256575	10.685411261475897
-7.299123904881101	10.669262247949257
-7.289111389236545	10.629623513979377
-7.27909887359199	10.601645779090042
-7.269086357947434	10.624195022953518
-7.259073842302879	10.715136281020925
-7.249061326658323	10.858107051518305
-7.239048811013767	11.01127251401405
-7.2290362953692116	11.130028453840255
-7.2190237797246555	11.186190136578434
-7.2090112640801	11.173120912472427
-7.198998748435544	11.099260477200914
-7.188986232790989	10.978466122398943
-7.178973717146433	10.823203632778654
-7.168961201501878	10.642419549444353
-7.158948685857322	10.443116258534573
-7.148936170212766	10.23325350446518
-7.13892365456821	10.02414408597952
-7.128911138923654	9.83145183723397
-7.118898623279099	9.672862894544053
-7.108886107634543	9.560664882736305
-7.098873591989987	9.493030735880902
-7.088861076345432	9.453040671113571
-7.078848560700876	9.419381397146118
-7.068836045056321	9.38025041048967
-7.0588235294117645	9.337549619852455
-7.048811013767209	9.298418592998555
-7.038798498122653	9.263632316502742
-7.028785982478098	9.223587466707494
-7.018773466833542	9.163744525471312
-7.008760951188986	9.073489194024216
-6.998748435544431	8.95165108013941
-6.988735919899875	8.806194198135488
-6.9787234042553195	8.64998716389158
-6.968710888610763	8.496069459940404
-6.958698372966207	8.354530433921791
-6.948685857321652	8.231268268797049
-6.938673341677096	8.128415340809697
-6.928660826032541	8.046394678208145
-6.918648310387985	7.986408689890201
-6.908635794743429	7.950817299499036
-6.8986232790988735	7.940861080869632
-6.888610763454318	7.954751774325352
-6.878598247809762	7.98802208323817
-6.868585732165206	8.033502661807175
-6.858573216520651	8.079121174758376
-6.848560700876095	8.107775639464698
-6.83854818523154	8.103682113556683
-6.828535669586984	8.060936074299203
-6.818523153942428	7.984947146200653
-6.808510638297872	7.884539953781181
-6.798498122653316	7.762893640859308
-6.788485607008761	7.615928331082918
-6.778473091364205	7.438052182693397
-6.768460575719649	7.228723504855046
-6.758448060075094	6.994978633736192
-6.748435544430539	6.750256845127266
-6.7384230287859825	6.511820358974058
-6.7284105131414265	6.297284195743976
-6.718397997496871	6.119508456070623
-6.708385481852315	5.980767585598461
-6.69837296620776	5.869609827722639
-6.688360450563204	5.763737481645689
-6.678347934918648	5.63843354191395
-6.668335419274093	5.4752525207390255
-6.658322903629537	5.265164220785199
-6.648310387984981	5.006018177680017
-6.638297872340425	4.700170945889514
-6.628285356695869	4.356680537395149
-6.618272841051314	3.994734222589841
-6.608260325406759	3.640689318029928
-6.598247809762203	3.3166433632700167
-6.588235294117647	3.0283246766721534
-6.578222778473092	2.7630009219086467
-6.5682102628285355	2.500141600807175
-6.55819774718398	2.226657020872454
-6.548185231539424	1.9453610980676608
-6.538172715894868	1.6720434156510442
-6.528160200250313	1.425672500985293
-6.518147684605757	1.2194539864479548
-6.508135168961202	1.0568590255629424
-6.498122653316646	0.9320336645550116
-6.4881101376720896	0.8328413450593347
-6.478097622027534	0.7458384967369838
-6.468085106382979	0.6618825678086805
-6.458072590738423	0.5790823089204028
-6.448060075093867	0.5006234364732528
-6.438047559449312	0.42956361022699624
-6.428035043804756	0.3657643078458184
-6.418022528160201	0.30741146707436834
-6.4080100125156445	0.25431683989803583
-6.397997496871088	0.20885422030422054
-6.387984981226533	0.17382996333412673
-6.377972465581977	0.14983784924845797
-6.367959949937422	0.13438409069292895
-6.357947434292866	0.12299696585260848
-6.34793491864831	0.11133871925790147
-6.337922403003755	0.09720911500518788
-6.3279098873591995	0.08142658614504777
-6.317897371714643	0.06700239899604592
-6.307884856070087	0.05707586832820222
-6.297872340425532	0.053041613571596834
-6.287859824780976	0.05414895435874118
-6.277847309136421	0.05859640642809676
-6.267834793491865	0.06494083017766465
-6.257822277847309	0.07263491185001672
-6.2478097622027535	0.08158605970861348
-6.2377972465581975	0.09153130380796778
-6.227784730913642	0.10189634263794728
-6.217772215269086	0.11216598131350798
-6.20775969962453	0.12244395805942394
-6.197747183979975	0.13380336500092138
-6.18773466833542	0.14803755384201078
-6.177722152690864	0.16678894413105058
-6.167709637046308	0.19066969579860896
-6.157697121401752	0.21914518053029056
-6.147684605757196	0.2513615348252668
-6.137672090112641	0.2873725388055047
-6.127659574468085	0.3288698500449511
-6.117647058823529	0.3786398162241736
-6.107634543178974	0.43879506464594265
-6.097622027534418	0.5092019519926305
-6.0876095118898625	0.5879436160689058
-6.0775969962453065	0.6738185478783918
-6.06758448060075	0.7683129077795287
-6.057571964956195	0.8744361854712136
-6.04755944931164	0.9929809331226814
-6.037546933667084	1.1200202666297332
-6.027534418022528	1.249023278918382
-6.017521902377973	1.3764960355070308
-6.007509386733417	1.5058762489181934
-5.997496871088861	1.645645754330283
-5.987484355444305	1.8035124723897717
-5.977471839799749	1.9820955780962421
-5.967459324155194	2.178629616350693
-5.957446808510639	2.3862703056875207
-5.947434292866083	2.594206771756097
-5.937421777221527	2.787548455509402
-5.927409261576971	2.9501177291233573
-5.9173967459324155	3.070838458168821
-5.90738423028786	3.1499715115824074
-5.897371714643304	3.199785512699957
-5.887359198998748	3.2377947806850753
-5.877346683354192	3.276811469452764
-5.867334167709637	3.318814683275804
-5.857321652065082	3.356172368379261
-5.847309136420526	3.3777969356849913
-5.83729662077597	3.375151212175987
-5.827284105131414	3.3450185083954764
-5.817271589486858	3.2892127951840444
-5.807259073842303	3.2125454836205547
-5.797246558197747	3.119645938705172
-5.787234042553191	3.0112259205611585
-5.777221526908636	2.8818486399519316
-5.767209011264081	2.7219182234991774
-5.7571964956195245	2.524248530254535
-5.747183979974968	2.2913565404136076
-5.737171464330412	2.0376345351039378
-5.727158948685857	1.783809426760122
-5.717146433041302	1.5474566418851903
-5.707133917396746	1.3366367805139543
-5.69712140175219	1.1506053022422378
-5.687108886107635	0.9854369260643451
-5.677096370463079	0.8391162649884859
-5.667083854818523	0.712299419127835
-5.657071339173967	0.6053678801877187
-5.647058823529411	0.5157092405472831
-5.637046307884856	0.43847824600397467
-5.627033792240301	0.37010368472512645
-5.617021276595745	0.31078777202855934
-5.607008760951189	0.26351634909324373
-5.596996245306633	0.23093100975611805
-5.5869837296620775	0.21329388709616345
-5.576971214017522	0.20908826631875108
-5.566958698372966	0.21708154647990602
-5.55694618272841	0.23767128494827275
-5.546933667083855	0.272293094800379
-5.536921151439299	0.3214806491454572
-5.526908635794744	0.3836091549814112
-5.516896120150188	0.4560839657909924
-5.5068836045056315	0.538428175854832
-5.496871088861076	0.6344737366144821
-5.486858573216521	0.7513345735549443
-5.476846057571965	0.8956854035168701
-5.466833541927409	1.0699671115990128
-5.456821026282853	1.2707002413968285
-5.446808510638298	1.4894070780661783
-5.4367959949937426	1.7153970633569229
-5.4267834793491865	1.9389208291657407
-5.41677096370463	2.1529664124305197
-5.406758448060075	2.3531316385432075
-5.396745932415519	2.5369260073018407
-5.386733416770964	2.7038604857057282
-5.376720901126408	2.855405811025696
-5.366708385481852	2.993152503690196
-5.356695869837297	3.1162208803941955
-5.346683354192741	3.2209346997097144
-5.336670838548185	3.303377475737115
-5.326658322903629	3.3622103395949794
-5.316645807259073	3.399569378893809
-5.306633291614518	3.420177212054696
-5.296620775969963	3.429482861161452
-5.286608260325407	3.431453143421837
-5.276595744680851	3.4270717813662475
-5.2665832290362955	3.4142619567986903
-5.256570713391739	3.38829303911407
-5.246558197747184	3.3414567034927067
-5.236545682102628	3.2632472670799264
-5.226533166458072	3.143848168404348
-5.216520650813517	2.980555952699481
-5.206508135168962	2.7818363814923694
-5.196495619524406	2.564263521379408
-5.18648310387985	2.344425980249315
-5.1764705882352935	2.132723291393805
-5.166458072590738	1.9328627333688333
-5.156445556946183	1.7445743512853993
-5.146433041301627	1.5655568839937422
-5.136420525657071	1.3920374684751389
-5.126408010012516	1.219760181857446
-5.11639549436796	1.0462680758867058
-5.1063829787234045	0.873403228168759
-5.0963704630788484	0.708102320824252
-5.086357947434292	0.5601456345041268
-5.076345431789737	0.43759707211585613
-5.066332916145182	0.34293543154201706
-5.056320400500626	0.272569656100337
-5.04630788485607	0.21944994048410638
-5.036295369211514	0.17636919867703807
-5.026282853566959	0.1382657773335939
-5.016270337922403	0.10327955805005189
-5.006257822277847	0.07251281412493651
-4.996245306633291	0.048403648172090405
-4.986232790988735	0.0324693045515735
-4.97622027534418	0.023909510382137886
-4.966207759699625	0.01995938995242996
-4.956195244055069	0.017490499410444116
-4.946182728410513	0.014543037878331359
-4.9361702127659575	0.010797394487764842
-4.926157697121402	0.0069710224035438445
-4.916145181476846	0.0038738859516316898
-4.90613266583229	0.0018458249105990975
-4.896120150187734	0.0007529377002188481
-4.886107634543179	0.0002627511853216427
-4.876095118898624	7.840901723855023e-05
-4.866082603254068	2.0002534395250547e-05
-4.8560700876095115	4.360926132322997e-06
-4.8460575719649555	8.123257373007245e-07
-4.8360450563204	1.2924882155909832e-07
-4.826032540675845	1.756140273138596e-08
-4.816020025031289	2.037156419139252e-09
-4.806007509386733	2.0170850674985248e-10
-4.795994993742178	1.7043828757342393e-11
-4.785982478097623	1.2287636652118416e-12
-4.7759699624530665	7.557006142396264e-14
-4.76595744680851	3.964059330679624e-15
-4.755944931163954	1.773269721954429e-16
-4.745932415519399	6.7638715374332425e-18
-4.735919899874844	2.199628546331574e-19
-4.725907384230288	6.098034171046643e-21
-4.715894868585732	1.441036648313898e-22
-4.705882352941176	2.9024695751274487e-24
-4.6958698372966206	4.98235702648479e-26
-4.685857321652065	7.2886549801666825e-28
-4.675844806007509	9.08614386234617e-30
-4.665832290362953	9.651811936644655e-32
-4.655819774718398	8.736052025206798e-34
-4.645807259073843	6.737227462533533e-36
-4.635794743429287	4.4268164754506084e-38
-4.625782227784731	2.4781791843215905e-40
-4.615769712140175	1.1819334353122262e-42
-4.605757196495619	4.802442571093768e-45
-4.595744680851064	1.6623834537403766e-47
-4.585732165206508	4.902213884834648e-50
-4.575719649561952	1.2315115143104411e-52
-4.565707133917396	2.6355053117885723e-55
-4.555694618272841	4.8046671002637604e-58
-4.545682102628286	7.461603245665227e-61
-4.53566958698373	9.871121275336372e-64
-4.5256570713391735	1.1124048069328082e-66
-4.515644555694618	1.0678696775475476e-69
-4.505632040050063	8.732328470520983e-73
-4.495619524405507	6.082694481823357e-76
-4.485607008760951	3.609226104948003e-79
-4.475594493116395	1.8242426063608067e-82
-4.46558197747184	7.85416487843967e-86
-4.4555694618272845	2.8804811557049533e-89
-4.4455569461827285	8.998632767493434e-93
-4.435544430538172	2.394602840780354e-96
-4.425531914893616	5.427940391023799e-100
-4.415519399249061	1.0480463908857404e-103
-4.405506883604506	1.723729647895796e-107
-4.39549436795995	2.414907139935725e-111
-4.385481852315394	2.881866538785622e-115
-4.375469336670839	2.9294696845229707e-119
-4.365456821026283	2.5365620592705538e-123
-4.355444305381727	1.8708673300535806e-127
-4.345431789737171	1.1753879172272379e-131
-4.335419274092615	6.2901345880890444e-136
-4.32540675844806	2.8673382297857106e-140
-4.315394242803505	1.113366108145251e-144
-4.305381727158949	3.682451121850351e-149
-4.295369211514393	1.0374705239631488e-153
-4.285356695869837	2.48974117056884e-158
-4.275344180225281	5.0894656450148237e-163
-4.265331664580726	8.86195687901312e-168
-4.25531914893617	1.314396688352322e-172
-4.245306633291614	1.6605906491767247e-177
-4.235294117647059	1.787055197574897e-182
-4.225281602002504	1.6381457511617637e-187
-4.215269086357948	1.279105187280002e-192
-4.2052565707133915	8.507443784953044e-198
-4.1952440550688355	4.8198218752711695e-203
-4.18523153942428	2.3259583347559656e-208
-4.175219023779725	9.561188686498279e-214
-4.165206508135169	3.3478102872487295e-219
-4.155193992490613	9.985015945227764e-225
-4.145181476846057	2.5367381545756594e-230
-4.135168961201502	5.4896095907597035e-236
-4.1251564455569465	1.0119200584753113e-241
-4.11514392991239	1.5888754884918005e-247
-4.105131414267834	2.1250660411038033e-253
-4.095118898623279	2.4209950083286287e-259
-4.085106382978723	2.3493852940269247e-265
-4.075093867334168	1.9420190268087356e-271
-4.065081351689612	1.3673874579523796e-277
-4.055068836045056	8.201033305896802e-284
-4.045056320400501	4.1897144713900406e-290
-4.035043804755945	1.823220275938947e-296
-4.025031289111389	6.75822610774338e-303
-4.015018773466833	2.13385621089108e-309
-4.005006257822277	5.73900286e-316
-3.994993742177722	1.33e-322
-3.9849812265331668	0.0
-3.9749687108886107	0.0
-3.9649561952440546	0.0
-3.9549436795994994	0.0
-3.9449311639549434	0.0
-3.934918648310388	0.0
-3.924906132665832	0.0
-3.914893617021277	0.0
-3.904881101376721	0.0
-3.8948685857321648	0.0
-3.8848560700876096	0.0
-3.8748435544430535	1.24e-322
-3.8648310387984983	5.46150175e-316
-3.8548185231539422	2.031737858993266e-309
-3.844806007509387	6.438165081105627e-303
-3.834793491864831	1.737782351299514e-296
-3.824780976220275	3.9954665153118324e-290
-3.8147684605757197	7.824893719247186e-284
-3.8047559449311636	1.3053538031265787e-277
-3.7947434292866085	1.8548844881274221e-271
-3.7847309136420524	2.2451447134128412e-265
-3.774718397997497	2.314784941481248e-259
-3.764705882352941	2.032898976737124e-253
-3.754693366708385	1.5207568655015583e-247
-3.74468085106383	9.690420304255393e-242
-3.734668335419274	5.259740074479049e-236
-3.7246558197747186	2.431782852462807e-230
-3.7146433041301625	9.57688211409406e-225
-3.7046307884856065	3.212641998786652e-219
-3.6946182728410513	9.179929912078724e-214
-3.684605757196495	2.2343707669858126e-208
-3.67459324155194	4.6324416672236954e-203
-3.664580725907384	8.180945927195983e-198
-3.6545682102628287	1.230653894942341e-192
-3.6445556946182727	1.5769110120216488e-187
-3.6345431789737166	1.7211443293694602e-182
-3.6245306633291614	1.6001704490085949e-177
-3.6145181476846053	1.2672259431279442e-172
-3.60450563204005	8.548319036319263e-168
-3.594493116395494	4.911863065844731e-163
-3.584480600750939	2.404089581482883e-158
-3.574468085106383	1.0022911946351702e-153
-3.5644555694618267	3.559394004884615e-149
-3.5544430538172715	1.0767059296723787e-144
-3.5444305381727155	2.7743231598999344e-140
-3.5344180225281603	6.089139261256096e-136
-3.524405506883604	1.1383968896203523e-131
-3.514392991239049	1.8128858138026043e-127
-3.504380475594493	2.4591565881958268e-123
-3.494367959949937	2.8414559802935206e-119
-3.4843554443053817	2.796628229756101e-115
-3.4743429286608256	2.3445939906851346e-111
-3.4643304130162704	1.6743248542408357e-107
-3.4543178973717144	1.0184765675467255e-103
-3.444305381727159	5.2771773688471e-100
-3.434292866082603	2.3291195785402836e-96
-3.424280350438047	8.756316764681082e-93
-3.414267834793492	2.804083196929778e-89
-3.4042553191489358	7.648922974057648e-86
-3.3942428035043806	1.7772556274423764e-82
-3.3842302878598245	3.517548073193591e-79
-3.3742177722152693	5.93022409512158e-76
-3.3642052565707132	8.51615514240251e-73
-3.354192740926157	1.0417367970408411e-69
-3.344180225281602	1.0854633023877808e-66
-3.334167709637046	9.634204709002998e-64
-3.3241551939924907	7.283854580738211e-61
-3.3141426783479346	4.690862177834136e-58
-3.3041301627033794	2.5733077937986825e-55
-3.2941176470588234	1.2024872464855497e-52
-3.2841051314142673	4.786536745950503e-50
-3.274092615769712	1.6229964142435041e-47
-3.264080100125156	4.687839659744483e-45
-3.254067584480601	1.1534310041726654e-42
-3.2440550688360448	2.417574784361057e-40
-3.2340425531914896	4.316628906099351e-38
-3.2240300375469335	6.565907215960124e-36
-3.2140175219023774	8.508260260922863e-34
-3.2040050062578223	9.392821756349119e-32
-3.193992490613266	8.834400807818046e-30
-3.183979974968711	7.079524598919023e-28
-3.173967459324155	4.833949687316988e-26
-3.1639549436795997	2.8125623955326453e-24
-3.1539424280350437	1.3945770583118504e-22
-3.1439299123904876	5.8934627870031315e-21
-3.1339173967459324	2.1229747645995806e-19
-3.1239048811013763	6.519852907289647e-18
-3.113892365456821	1.7074143514671815e-16
-3.103879849812265	3.813806609498876e-15
-3.09386733416771	7.268304409452512e-14
-3.083854818523154	1.1823050088568756e-12
-3.0738423028785977	1.642301271804696e-11
-3.0638297872340425	1.9491837537719905e-10
-3.0538172715894865	1.978025646198174e-09
-3.0438047559449313	1.7177246927322788e-08
-3.033792240300375	1.2777599837683155e-07
-3.02377972465582	8.151258548986162e-07
-3.013767209011264	4.465415483664233e-06
-3.003754693366708	2.1038633478133865e-05
-2.9937421777221527	8.539156390993236e-05
-2.9837296620775966	0.0002991104816582299
-2.9737171464330414	0.0009059123493713089
-2.9637046307884853	0.0023770414434387322
-2.95369211514393	0.0054151905090124635
-2.943679599499374	0.01073822478658699
-2.933667083854818	0.01860277639238591
-2.923654568210263	0.028330599178643636
-2.9136420525657067	0.03839062038232163
-2.9036295369211516	0.04744406516685211
-2.8936170212765955	0.05605419354523777
-2.8836045056320403	0.06802485545065942
-2.873591989987484	0.0902679459955174
-2.863579474342928	0.13082695775879385
-2.853566958698373	0.1957900062626374
-2.843554443053817	0.28680560341118616
-2.8335419274092617	0.4009890062903096
-2.8235294117647056	0.5334087135532812
-2.8135168961201504	0.6799249944940418
-2.8035043804755944	0.8375626699123018
-2.7934918648310383	1.0021580704046602
-2.783479349186483	1.1663173810467462
-2.773466833541927	1.3209919704263395
-2.763454317897372	1.4604688020589747
-2.7534418022528158	1.5866506637035618
-2.7434292866082606	1.7083455892111679
-2.7334167709637045	1.8355444734744426
-2.7234042553191484	1.9733246180334512
-2.7133917396745932	2.1201548702033675
-2.703379224030037	2.270624952541781
-2.693366708385482	2.4183829762281457
-2.683354192740926	2.556522278620469
-2.6733416770963707	2.67742932258231
-2.6633291614518146	2.774803850285282
-2.6533166458072586	2.846167889996125
-2.6433041301627034	2.8923879977398856
-2.6332916145181473	2.9152254747867477
-2.623279098873592	2.9173523673509516
-2.613266583229036	2.905260052929262
-2.603254067584481	2.889888630179089
-2.593241551939925	2.8817326939780683
-2.5832290362953687	2.8844801527191963
-2.5732165206508135	2.8936588047017042
-2.5632040050062574	2.9011023057144922
-2.5531914893617023	2.900085579660565
-2.543178973717146	2.886821968872919
-2.533166458072591	2.8590685570278813
-2.523153942428035	2.8148383617968333
-2.513141426783479	2.7521270361704326
-2.5031289111389237	2.6686920606758724
-2.4931163954943676	2.562133779149644
-2.4831038798498124	2.431800099403246
-2.4730913642052563	2.2819207162257342
-2.463078848560701	2.122367871920158
-2.453066332916145	1.9646444638211211
-2.443053817271589	1.8155582668958343
-2.433041301627034	1.6736053236794886
-2.4230287859824777	1.5306310656361701
-2.4130162703379225	1.3773977559628743
-2.4030037546933665	1.2097913478605269
-2.3929912390488113	1.0323159588152508
-2.382978723404255	0.8566650520054153
-2.372966207759699	0.6960332824025454
-2.362953692115144	0.5589536220584194
-2.352941176470588	0.44670586263513984
-2.3429286608260327	0.3553075854393266
-2.3329161451814766	0.27969650655076145
-2.3229036295369214	0.21677201085501485
-2.3128911138923653	0.16573831872099234
-2.3028785982478093	0.12666304089649313
-2.292866082603254	0.0991093336346286
-2.282853566958698	0.0818149025833379
-2.272841051314143	0.07315937043994422
-2.2628285356695867	0.07176810040140116
-2.2528160200250316	0.07689777615831112
-2.2428035043804755	0.08858909485091147
-2.2327909887359194	0.10766659745917918
-2.2227784730913642	0.1355983436292969
-2.212765957446808	0.17417356865876013
-2.202753441802253	0.22497016592076524
-2.192740926157697	0.2886373814412123
-2.1827284105131417	0.36424120790604525
-2.1727158948685856	0.44931134983391263
-2.1627033792240296	0.5410638630018613
-2.1526908635794744	0.6380010922672598
-2.1426783479349183	0.7400746424357045
-2.132665832290363	0.8468710166919575
-2.122653316645807	0.9559247782108349
-2.112640801001252	1.063719922103686
-2.1026282853566958	1.1689672250211312
-2.0926157697121397	1.2745471440638008
-2.0826032540675845	1.3849485955751555
-2.0725907384230284	1.5003523347068946
-2.0625782227784732	1.612772519266898
-2.052565707133917	1.7089842972948313
-2.042553191489362	1.7788124554856186
-2.032540675844806	1.8217286485379187
-2.02252816020025	1.8460579589379755
-2.0125156445556946	1.8621720519753056
-2.0025031289111386	1.8760339686939516
-1.9924906132665834	1.8876631245534474
-1.9824780976220273	1.8939937038417596
-1.9724655819774712	1.8929630970089866
-1.962453066332916	1.8861473072681534
-1.95244055068836	1.878245384987453
-1.9424280350438048	1.8732782868496323
-1.9324155193992487	1.870647575810446
-1.9224030037546935	1.8658074581505384
-1.9123904881101375	1.8558995704545376
-1.9023779724655814	1.8440663224894738
-1.8923654568210262	1.8365747818676623
-1.8823529411764701	1.8354323592524482
-1.872340425531915	1.8351675634211015
-1.8623279098873589	1.8276338898055413
-1.8523153942428037	1.8092317771487556
-1.8423028785982476	1.7830222033927245
-1.8322903629536915	1.755191635685714
-1.8222778473091363	1.7311138924326586
-1.8122653316645803	1.714442020067171
-1.802252816020025	1.7078250694070074
-1.792240300375469	1.712573221050026
-1.7822277847309138	1.7270309162762674
-1.7722152690863577	1.7457045188149911
-1.7622027534418017	1.7608613634768375
-1.7521902377972465	1.7658621349432124
-1.7421777221526904	1.7576840531002584
-1.7321652065081352	1.7372698388570635
-1.7221526908635791	1.7087880922480863
-1.712140175219024	1.6788241495546008
-1.7021276595744679	1.6544896310555453
-1.6921151439299118	1.639805826912012
-1.6821026282853566	1.6327581448033022
-1.6720901126408005	1.6261981284547973
-1.6620775969962454	1.6122337109135907
-1.6520650813516893	1.5861161710906857
-1.642052565707134	1.5462930396044738
-1.632040050062578	1.491443872946763
-1.622027534418022	1.418466590198639
-1.6120150187734668	1.3242441611470053
-1.6020025031289107	1.2098237515642243
-1.5919899874843555	1.08285284839134
-1.5819774718397994	0.9555574363162177
-1.5719649561952442	0.839559622465472
-1.5619524405506882	0.7414168716646545
-1.551939924906132	0.6616153250905051
-1.541927409261577	0.5964805160082401
-1.5319148936170208	0.5408310668463927
-1.5219023779724656	0.4903807536804904
-1.5118898623279096	0.4441196897955362
-1.5018773466833544	0.4060368528623181
-1.4918648310387983	0.38445875773254834
-1.4818523153942422	0.38855674175822
-1.471839799749687	0.4241655625804403
-1.461827284105131	0.49174041527032897
-1.4518147684605758	0.5872716013689616
-1.4418022528160197	0.7047040457510104
-1.4317897371714645	0.8379781031185262
-1.4217772215269084	0.9818076636351672
-1.4117647058823524	1.131379005529758
-1.4017521902377972	1.2817079842414145
-1.391739674593241	1.4273567074837372
-1.381727158948686	1.5627205539798554
-1.3717146433041298	1.68271746022562
-1.3617021276595747	1.7837084722723022
-1.3516896120150186	1.8643773211245416
-1.3416770963704625	1.9260449789834928
-1.3316645807259073	1.972143155606642
-1.3216520650813512	2.0072268345123487
-1.311639549436796	2.0361508920568356
-1.30162703379224	2.063772678506331
-1.2916145181476848	2.0951359567462253
-1.2816020025031287	2.135535851442373
-1.2715894868585726	2.189647079083956
-1.2615769712140175	2.259920995478739
-1.2515644555694614	2.345817217375415
-1.2415519399249062	2.4448095037923916
-1.2315394242803501	2.5537901320177965
-1.221526908635795	2.668955068177538
-1.2115143929912389	2.7847746205663384
-1.2015018773466828	2.8947903141200504
-1.1914893617021276	2.9954199190699238
-1.1814768460575715	3.0901527231821957
-1.1714643304130163	3.189757085953178
-1.1614518147684603	3.306784335308416
-1.151439299123905	3.4477797008829194
-1.141426783479349	3.6092110482594064
-1.131414267834793	3.7800860062052304
-1.1214017521902377	3.948407726151443
-1.1113892365456817	4.105996036840908
-1.1013767209011265	4.248907238709942
-1.0913642052565704	4.375149643757292
-1.0813516896120152	4.483115394955608
-1.0713391739674591	4.572325670209006
-1.061326658322903	4.645389344185766
-1.0513141426783479	4.709164751280832
-1.0413016270337918	4.7741311827873325
-1.0312891113892366	4.852209775539441
-1.0212765957446805	4.9535125128256405
-1.0112640801001254	5.082359349662626
-1.0012515644555693	5.233689554002389
-0.9912390488110132	5.3923755856968025
-0.981226533166458	5.537729988440672
-0.971214017521902	5.65233222779809
-0.9612015018773468	5.730205360926142
-0.9511889862327907	5.778551643579227
-0.9411764705882355	5.811465446112356
-0.9311639549436794	5.839801432962801
-0.9211514392991234	5.863866936722754
-0.9111389236545682	5.8738244999244
-0.9011264080100121	5.858020881682111
-0.8911138923654569	5.813343004363061
-0.8811013767209008	5.748658301575198
-0.8710888610763456	5.677927899228326
-0.8610763454317896	5.609728818165429
-0.8510638297872335	5.542628225818801
-0.8410513141426783	5.468231250572902
-0.8310387984981222	5.376781112381565
-0.821026282853567	5.261475319984257
-0.811013767209011	5.121446600658718
-0.8010012515644558	4.96305893734469
-0.7909887359198997	4.797597515411199
-0.7809762202753436	4.635129455956127
-0.7709637046307884	4.477636121097955
-0.7609511889862324	4.316005283963553
-0.7509386733416772	4.134219763545189
-0.7409261576971211	3.9198355904364224
-0.7309136420525659	3.6741083181235843
-0.7209011264080099	3.4136025687809273
-0.7108886107634538	3.1614833247986684
-0.7008760951188986	2.935363961781432
-0.6908635794743425	2.7405424062149244
-0.6808510638297873	2.5716588646516496
-0.6708385481852313	2.419411312945429
-0.6608260325406761	2.277378307095357
-0.65081351689612	2.1457384181739845
-0.6408010012515639	2.030450678168651
-0.6307884856070087	1.9385416427041617
-0.6207759699624527	1.8732259212465037
-0.6107634543178975	1.8333147705359087
-0.6007509386733414	1.8170366714241706
-0.5907384230287862	1.8252741482569061
-0.5807259073842301	1.8597314466516943
-0.5707133917396741	1.9173659060860568
-0.5607008760951189	1.9871966657325209
-0.5506883604505628	2.0542288111200904
-0.5406758448060076	2.108384137580631
-0.5306633291614515	2.1504894580538276
-0.5206508135168963	2.189243681430553
-0.5106382978723403	2.231404280206061
-0.5006257822277842	2.273556752894731
-0.490613266583229	2.3022109744998267
-0.48060075093867294	2.302310000648846
-0.47058823529411775	2.2680653299317584
-0.4605757196495617	2.2080936985143436
-0.4505632040050065	2.1409191327590245
-0.4405506883604504	2.084775925554568
-0.43053817271589434	2.0500831779781796
-0.42052565707133915	2.03893509117841
-0.4105131414267831	2.048211973510943
-0.4005006257822279	2.0709500544101234
-0.3904881101376718	2.095950892374087
-0.38047559449311663	2.1099132639577514
-0.37046307884856056	2.1035435423809736
-0.3604505632040045	2.0773907872477655
-0.3504380475594493	2.0420538102987797
-0.3404255319148932	2.011901058179183
-0.33041301627033803	1.996757200083064
-0.32040050062578196	1.997659645356082
-0.3103879849812259	2.009407357942931
-0.3003754693366707	2.026743888312502
-0.2903629536921146	2.0481451706211127
-0.28035043804755944	2.0744063219253857
-0.27033792240300336	2.104785291352122
-0.2603254067584482	2.1351692258611994
-0.2503128911138921	2.1597336581712243
-0.24030037546933602	2.174252940870155
-0.23028785982478084	2.178599801378673
-0.22027534418022476	2.1769793166122624
-0.21026282853566958	2.1754926997943342
-0.2002503128911135	2.1781024380555425
-0.19023779724655832	2.183874231305352
-0.18022528160200224	2.188009460631527
-0.17021276595744617	2.185551198124045
-0.16020025031289098	2.1736711174661663
-0.1501877346683349	2.1503967437729385
-0.14017521902377972	2.112247496111915
-0.13016270337922364	2.0545887149514117
-0.12015018773466846	1.9754328682501496
-0.11013767209011238	1.8799022757287998
-0.10012515644555631	1.7815185936958464
-0.09011264080100112	1.6981654551561407
-0.08010012515644505	1.6445426845766273
-0.07008760951188986	1.6265769754336326
-0.060075093867333784	1.6419731230087389
-0.0500625782227786	1.6849100218948228
-0.04005006257822252	1.7489694824093842
-0.030037546933666448	1.8259366894454776
-0.02002503128911126	1.9044084225631925
-0.010012515644555187	1.9728321945137526
0.0	2.026059376567556
