-8.0	1.8873918567905457
-7.989987484355444	1.9736607076989088
-7.979974968710889	2.0619721530293758
-7.969962453066333	2.158749620048609
-7.9599499374217775	2.2709521341068575
-7.949937421777221	2.401610004012499
-7.939924906132666	2.544895354068006
-7.92991239048811	2.687939316479696
-7.919899874843554	2.8204709601248457
-7.909887359198999	2.944163388277609
-7.899874843554443	3.072043463634845
-7.889862327909888	3.217263486872002
-7.8798498122653315	3.381107967279117
-7.869837296620776	3.550981427661533
-7.85982478097622	3.7090701984559677
-7.849812265331664	3.8425703556368065
-7.839799749687109	3.947514357750847
-7.829787234042553	4.026930415581912
-7.819774718397998	4.088323983039482
-7.809762202753442	4.14198729191427
-7.7997496871088865	4.1983094109662735
-7.78973717146433	4.263974000259045
-7.779724655819774	4.339546103693386
-7.769712140175219	4.420171080622321
-7.759699624530663	4.49854448993668
-7.749687108886108	4.568180284195475
-7.739674593241552	4.62574547112791
-7.729662077596997	4.672359052267672
-7.719649561952441	4.713894389776008
-7.7096370463078845	4.759454355606943
-7.699624530663329	4.817214845604612
-7.689612015018773	4.889305653614505
-7.679599499374218	4.969861482433587
-7.669586983729662	5.048501722571091
-7.659574468085107	5.1164321027025395
-7.649561952440551	5.17069739713619
-7.639549436795995	5.215700660460616
-7.629536921151439	5.263526234181425
-7.619524405506883	5.332025621289392
-7.609511889862328	5.437892171008784
-7.599499374217772	5.586828455196137
-7.589486858573217	5.769036928343296
-7.579474342928661	5.965661598970978
-7.569461827284105	6.161258800278137
-7.55944931163955	6.351081703074466
-7.5494367959949935	6.537485489356499
-7.539424280350438	6.720640133247795
-7.529411764705882	6.893728610597057
-7.519399249061326	7.047893025376389
-7.509386733416771	7.182078780187457
-7.499374217772215	7.3070113821794465
-7.48936170212766	7.438066581944484
-7.479349186483104	7.584236469805998
-7.4693366708385485	7.744843126352569
-7.459324155193992	7.915646178973447
-7.449311639549437	8.094669986370208
-7.439299123904881	8.280599133230568
-7.429286608260325	8.468010439387395
-7.41927409261577	8.647213281430503
-7.409261576971214	8.808988404724195
-7.399249061326659	8.948819759216551
-7.3892365456821025	9.067951341953107
-7.3792240300375465	9.172496569008686
-7.369211514392991	9.2714282369373
-7.359198998748435	9.37371149546299
-7.34918648310388	9.486236518523237
-7.339173967459324	9.613150337554682
-7.329161451814769	9.754164893217771
-7.319148936170213	9.901281289840526
-7.3091364205256575	10.03882033623395
-7.299123904881101	10.150446361506141
-7.289111389236545	10.228390779655946
-7.27909887359199	10.276787035529162
-7.269086357947434	10.308086151193663
-7.259073842302879	10.338296943274502
-7.249061326658323	10.384322348191947
-7.239048811013767	10.460607751394104
-7.2290362953692116	10.572561152057698
-7.2190237797246555	10.710262574874887
-7.2090112640801	10.848969460016395
-7.198998748435544	10.95846178997216
-7.188986232790989	11.0164034015445
-7.178973717146433	11.018098435210819
-7.168961201501878	10.977271845419027
-7.158948685857322	10.91772217883661
-7.148936170212766	10.86145190759147
-7.13892365456821	10.821123505215539
-7.128911138923654	10.800433040526336
-7.118898623279099	10.798727778890214
-7.108886107634543	10.813443876049929
-7.098873591989987	10.838339114594293
-7.088861076345432	10.861466643796403
-7.078848560700876	10.867231788077628
-7.068836045056321	10.84175038493339
-7.0588235294117645	10.777336113699043
-7.048811013767209	10.674446704817557
-7.038798498122653	10.54253433038242
-7.028785982478098	10.399465938275831
-7.018773466833542	10.266890664687367
-7.008760951188986	10.162302741324536
-6.998748435544431	10.093369630960872
-6.988735919899875	10.058643539956323
-6.9787234042553195	10.052753155871633
-6.968710888610763	10.070758936727588
-6.958698372966207	10.107704561918624
-6.948685857321652	10.153598465925928
-6.938673341677096	10.189237614518303
-6.928660826032541	10.190106344245637
-6.918648310387985	10.138982393835127
-6.908635794743429	10.03721851155335
-6.8986232790988735	9.903672919648285
-6.888610763454318	9.76337537974809
-6.878598247809762	9.639134787449125
-6.868585732165206	9.552012809843376
-6.858573216520651	9.520997728505066
-6.848560700876095	9.553008752494755
-6.83854818523154	9.631961957030407
-6.828535669586984	9.722720499527394
-6.818523153942428	9.789594778933685
-6.808510638297872	9.812166269124777
-6.798498122653316	9.786630968132007
-6.788485607008761	9.718670352433923
-6.778473091364205	9.619238690516685
-6.768460575719649	9.504281165933271
-6.758448060075094	9.391571607275216
-6.748435544430539	9.293052488504886
-6.7384230287859825	9.209285272197391
-6.7284105131414265	9.131436673026808
-6.718397997496871	9.04837068918039
-6.708385481852315	8.953018810346194
-6.69837296620776	8.84588156953739
-6.688360450563204	8.736656920964728
-6.678347934918648	8.64301884008846
-6.668335419274093	8.583748987429415
-6.658322903629537	8.56746661171725
-6.648310387984981	8.584269117101744
-6.638297872340425	8.607325559895944
-6.628285356695869	8.603969481428283
-6.618272841051314	8.549142703828501
-6.608260325406759	8.434479759469538
-6.598247809762203	8.270868671982925
-6.588235294117647	8.084569001186098
-6.578222778473092	7.907211329637314
-6.5682102628285355	7.76295668394028
-6.55819774718398	7.660305312489951
-6.548185231539424	7.5941329989516735
-6.538172715894868	7.55448171050333
-6.528160200250313	7.532486580465744
-6.518147684605757	7.519241601031218
-6.508135168961202	7.503985142912596
-6.498122653316646	7.478689808706128
-6.4881101376720896	7.444925322089205
-6.478097622027534	7.412109977122652
-6.468085106382979	7.3856295030220735
-6.458072590738423	7.3570002989629115
-6.448060075093867	7.307197675038865
-6.438047559449312	7.2196112713515435
-6.428035043804756	7.089801597753043
-6.418022528160201	6.925301691388095
-6.4080100125156445	6.7398280088971925
-6.397997496871088	6.548483603734847
-6.387984981226533	6.364421848362766
-6.377972465581977	6.194378875397277
-6.367959949937422	6.034975911066703
-6.357947434292866	5.875139668354921
-6.34793491864831	5.704838707536401
-6.337922403003755	5.5228125881015995
-6.3279098873591995	5.336844311386275
-6.317897371714643	5.158057052564392
-6.307884856070087	4.994970549094465
-6.297872340425532	4.85014618955721
-6.287859824780976	4.719110567876986
-6.277847309136421	4.591980490749665
-6.267834793491865	4.458443978728191
-6.257822277847309	4.313463519712279
-6.2478097622027535	4.158827154536875
-6.2377972465581975	3.9990984265022345
-6.227784730913642	3.83644455267864
-6.217772215269086	3.669863919612965
-6.20775969962453	3.498581334248313
-6.197747183979975	3.323989054241116
-6.18773466833542	3.147031079081035
-6.177722152690864	2.9650895869317595
-6.167709637046308	2.773832324429057
-6.157697121401752	2.5729052187971084
-6.147684605757196	2.3690014018933288
-6.137672090112641	2.1725744207901063
-6.127659574468085	1.991312065590714
-6.117647058823529	1.8266415921147723
-6.107634543178974	1.6762925285943233
-6.097622027534418	1.539841373880297
-6.0876095118898625	1.4212394601236003
-6.0775969962453065	1.3255673982925331
-6.06758448060075	1.25320726351998
-6.057571964956195	1.1970755801927337
-6.04755944931164	1.1454526584138482
-6.037546933667084	1.087822259214145
-6.027534418022528	1.0189030892176834
-6.017521902377973	0.9384827477129966
-6.007509386733417	0.8489420882329797
-5.997496871088861	0.7538468305735867
-5.987484355444305	0.6584012023652855
-5.977471839799749	0.5695374236422179
-5.967459324155194	0.4937805431927754
-5.957446808510639	0.433997697641448
-5.947434292866083	0.3878883822003271
-5.937421777221527	0.34975896700629305
-5.927409261576971	0.31438585707399697
-5.9173967459324155	0.28011814908459226
-5.90738423028786	0.24899163809709404
-5.897371714643304	0.2240331376753107
-5.887359198998748	0.2061921838406759
-5.877346683354192	0.19336079383827617
-5.867334167709637	0.18177850764674036
-5.857321652065082	0.16817219464248928
-5.847309136420526	0.15108768998075175
-5.83729662077597	0.13116392482834813
-5.827284105131414	0.11069739149234988
-5.817271589486858	0.09258991476043683
-5.807259073842303	0.07886874287549793
-5.797246558197747	0.06960472791281822
-5.787234042553191	0.06311731493263921
-5.777221526908636	0.05737358635392372
-5.767209011264081	0.05145647893116927
-5.7571964956195245	0.04600924700648034
-5.747183979974968	0.042544414767450967
-5.737171464330412	0.042359810857549904
-5.727158948685857	0.04581691616068139
-5.717146433041302	0.05225133560244454
-5.707133917396746	0.060451692265734734
-5.69712140175219	0.0694714845077174
-5.687108886107635	0.0792829838382444
-5.677096370463079	0.09075763759808654
-5.667083854818523	0.10500509578274095
-5.657071339173967	0.12264820703848604
-5.647058823529411	0.14342995538641498
-5.637046307884856	0.1660790827417535
-5.627033792240301	0.18842177371087546
-5.617021276595745	0.2079759630053351
-5.607008760951189	0.22297571360370935
-5.596996245306633	0.233361802859678
-5.5869837296620775	0.24138954152580258
-5.576971214017522	0.2516487635223841
-5.566958698372966	0.2700432319965268
-5.55694618272841	0.3015400654825634
-5.546933667083855	0.347788038253217
-5.536921151439299	0.40653655019956453
-5.526908635794744	0.4736084427718638
-5.516896120150188	0.5459705812276624
-5.5068836045056315	0.6236531311686423
-5.496871088861076	0.709510711448155
-5.486858573216521	0.8073696593889487
-5.476846057571965	0.9195686177197795
-5.466833541927409	1.0446734512860552
-5.456821026282853	1.1761277483913428
-5.446808510638298	1.302858022575674
-5.4367959949937426	1.4126884537498214
-5.4267834793491865	1.4980271189377508
-5.41677096370463	1.5609007498145782
-5.406758448060075	1.613158105676059
-5.396745932415519	1.6699540557083847
-5.386733416770964	1.7398677289254845
-5.376720901126408	1.8188523950919153
-5.366708385481852	1.893432853263785
-5.356695869837297	1.951623076889511
-5.346683354192741	1.9933878479654632
-5.336670838548185	2.0321159279048535
-5.326658322903629	2.0855723974994826
-5.316645807259073	2.163474958838694
-5.306633291614518	2.261353275029525
-5.296620775969963	2.364501458002983
-5.286608260325407	2.457558025728857
-5.276595744680851	2.532102106767862
-5.2665832290362955	2.5881026738587916
-5.256570713391739	2.6304953754686884
-5.246558197747184	2.6647693572939173
-5.236545682102628	2.694334868376985
-5.226533166458072	2.7200815536724012
-5.216520650813517	2.7414032098090444
-5.206508135168962	2.758127427197585
-5.196495619524406	2.772793008712081
-5.18648310387985	2.791917941147506
-5.1764705882352935	2.8242904090386176
-5.166458072590738	2.875593253877785
-5.156445556946183	2.942136528165515
-5.146433041301627	3.0092151365885487
-5.136420525657071	3.057522352037114
-5.126408010012516	3.074353824401121
-5.11639549436796	3.061225016057275
-5.1063829787234045	3.0317408260836127
-5.0963704630788484	3.0014507993072166
-5.086357947434292	2.9777221962531786
-5.076345431789737	2.9571946434402077
-5.066332916145182	2.9322217130770163
-5.056320400500626	2.900868036420679
-5.04630788485607	2.8722328730572837
-5.036295369211514	2.8621191413662888
-5.026282853566959	2.881609033159388
-5.016270337922403	2.927385051876407
-5.006257822277847	2.9818009173188784
-4.996245306633291	3.0228447740416238
-4.986232790988735	3.036330629222988
-4.97622027534418	3.021731308622078
-4.966207759699625	2.9888707533497807
-4.956195244055069	2.9495595640501064
-4.946182728410513	2.9108271716221368
-4.9361702127659575	2.8733696547676146
-4.926157697121402	2.833634548529926
-4.916145181476846	2.7860332661240736
-4.90613266583229	2.724471214908473
-4.896120150187734	2.644862510859846
-4.886107634543179	2.548500477200912
-4.876095118898624	2.4431766358288964
-4.866082603254068	2.339986679564688
-4.8560700876095115	2.24792571994776
-4.8460575719649555	2.170305934122951
-4.8360450563204	2.104789186618526
-4.826032540675845	2.0457994026675905
-4.816020025031289	1.9874780771985896
-4.806007509386733	1.9262531298586791
-4.795994993742178	1.8622572938469673
-4.785982478097623	1.798632809386238
-4.7759699624530665	1.7386962015909455
-4.76595744680851	1.682472880602823
-4.755944931163954	1.6248291337023346
-4.745932415519399	1.557027832149379
-4.735919899874844	1.4717906926550404
-4.725907384230288	1.3689419652263548
-4.715894868585732	1.2570590607887047
-4.705882352941176	1.149229630303484
-4.6958698372966206	1.056111946214726
-4.685857321652065	0.9815088799606663
-4.675844806007509	0.9226664843698397
-4.665832290362953	0.8734213561551825
-4.655819774718398	0.8273130784639232
-4.645807259073843	0.7794461368429738
-4.635794743429287	0.7272426958179274
-4.625782227784731	0.670221171795228
-4.615769712140175	0.6089555333649955
-4.605757196495619	0.5441174513319612
-4.595744680851064	0.47670569125276957
-4.585732165206508	0.40931240682277104
-4.575719649561952	0.3467915623448973
-4.565707133917396	0.29483503348480616
-4.555694618272841	0.2568814303297947
-4.545682102628286	0.23166969244834562
-4.53566958698373	0.2136224617823329
-4.5256570713391735	0.19605304395492493
-4.515644555694618	0.17496178399512827
-4.505632040050063	0.1508477790573054
-4.495619524405507	0.12753118275755576
-4.485607008760951	0.10906289157840686
-4.475594493116395	0.09695783735203649
-4.46558197747184	0.08951851409698842
-4.4555694618272845	0.08332620472701198
-4.4455569461827285	0.07547570806826488
-4.435544430538172	0.06499104184527998
-4.425531914893616	0.052842165902603225
-4.415519399249061	0.04096221897066556
-4.405506883604506	0.031033210226983278
-4.39549436795995	0.023715267171108258
-4.385481852315394	0.018648454889621215
-4.375469336670839	0.015051823932328711
-4.365456821026283	0.012361179844368405
-4.355444305381727	0.010415065666371424
-4.345431789737171	0.009172172406487312
-4.335419274092615	0.008375206749663704
-4.32540675844806	0.007554754796457919
-4.315394242803505	0.006346870957730115
-4.305381727158949	0.004757511235024836
-4.295369211514393	0.0031061327165884424
-4.285356695869837	0.0017454096685838897
-4.275344180225281	0.0008394192093279318
-4.265331664580726	0.0003446237737380511
-4.25531914893617	0.00012063802068968876
-4.245306633291614	3.59883048831374e-05
-4.235294117647059	9.146801679399723e-06
-4.225281602002504	1.980424835558867e-06
-4.215269086357948	3.652631827558893e-07
-4.2052565707133915	5.738539052421866e-08
-4.1952440550688355	7.679621632187272e-09
-4.18523153942428	8.75425294283153e-10
-4.175219023779725	8.500375288229859e-11
-4.165206508135169	7.030664384089317e-12
-4.155193992490613	4.953288992143045e-13
-4.145181476846057	2.972554980049213e-14
-4.135168961201502	1.5195150495752893e-15
-4.1251564455569465	6.616357659737959e-17
-4.11514392991239	2.453984355219484e-18
-4.105131414267834	7.752886901419737e-20
-4.095118898623279	2.086382581244824e-21
-4.085106382978723	4.7825915000467034e-23
-4.075093867334168	9.338378364621158e-25
-4.065081351689612	1.553168178339894e-26
-4.055068836045056	2.2004137021866434e-28
-4.045056320400501	2.6553944071337858e-30
-4.035043804755945	2.7295595308439313e-32
-4.025031289111389	2.3899837263155683e-34
-4.015018773466833	1.782527160123013e-36
-4.005006257822277	1.1324426223240789e-38
-3.994993742177722	6.128230564053283e-41
-3.9849812265331668	2.824833305920407e-43
-3.9749687108886107	1.1091477243950651e-45
-3.9649561952440546	3.709580489886194e-48
-3.9549436795994994	1.0568151825555983e-50
-3.9449311639549434	2.5645556515083847e-53
-3.934918648310388	5.301076243541145e-56
-3.924906132665832	9.333720940048431e-59
-3.914893617021277	1.3998593830016959e-61
-3.904881101376721	1.788351380926755e-64
-3.8948685857321648	1.9583949850361168e-67
-3.8848560700876096	1.272136746997639e-66
-3.8748435544430535	1.1188219832486422e-63
-3.8648310387984983	8.382790446239675e-61
-3.8548185231539422	5.350015834002156e-58
-3.844806007509387	2.9084417071534918e-55
-3.834793491864831	1.3468043148513643e-52
-3.824780976220275	5.312359697244493e-50
-3.8147684605757197	1.784881080807863e-47
-3.8047559449311636	5.108224056266042e-45
-3.7947434292866085	1.2452869261614017e-42
-3.7847309136420524	2.5858763732211586e-40
-3.774718397997497	4.5738816861394264e-38
-3.764705882352941	6.891296461769499e-36
-3.754693366708385	8.84414347888929e-34
-3.74468085106383	9.66828545385339e-32
-3.734668335419274	9.00289091617031e-30
-3.7246558197747186	7.140906563999e-28
-3.7146433041301625	4.824624877454503e-26
-3.7046307884856065	2.7765953503735565e-24
-3.6946182728410513	1.3611327107933925e-22
-3.684605757196495	5.683648204648932e-21
-3.67459324155194	2.021588441089757e-19
-3.664580725907384	6.124873753885394e-18
-3.6545682102628287	1.5806669625338956e-16
-3.6445556946182727	3.4747410936174664e-15
-3.6345431789737166	6.506439036493751e-14
-3.6245306633291614	1.0377748028736807e-12
-3.6145181476846053	1.4099435539851987e-11
-3.60450563204005	1.6316957833863853e-10
-3.594493116395494	1.6084795651214163e-09
-3.584480600750939	1.3506128360610189e-08
-3.574468085106383	9.660183034364321e-08
-3.5644555694618267	5.885447065044209e-07
-3.5544430538172715	3.054318467888977e-06
-3.5444305381727155	1.3501832857796914e-05
-3.5344180225281603	5.0841872864598807e-05
-3.524405506883604	0.00016308634110951631
-3.514392991239049	0.0004456790514837257
-3.504380475594493	0.001037855825999394
-3.494367959949937	0.0020606853018015144
-3.4843554443053817	0.0034934891327523224
-3.4743429286608256	0.0050743664238847765
-3.4643304130162704	0.006368197396150527
-3.4543178973717144	0.0070420409236459395
-3.444305381727159	0.007158542993312961
-3.434292866082603	0.007206788884863078
-3.424280350438047	0.007816933944362559
-3.414267834793492	0.00942475338769025
-3.4042553191489358	0.012158422651332294
-3.3942428035043806	0.015894609030622592
-3.3842302878598245	0.02024167682272032
-3.3742177722152693	0.024463182797076027
-3.3642052565707132	0.02766829926390473
-3.354192740926157	0.029377534805745936
-3.344180225281602	0.029997513921615065
-3.334167709637046	0.030645068309003903
-3.3241551939924907	0.03242308515601024
-3.3141426783479346	0.03587487298140536
-3.3041301627033794	0.04111568393923865
-3.2941176470588234	0.04832363643652233
-3.2841051314142673	0.05787930512465109
-3.274092615769712	0.0699587078597694
-3.264080100125156	0.08414380513232422
-3.254067584480601	0.09961814822378529
-3.2440550688360448	0.11573270724995835
-3.2340425531914896	0.13222994306359978
-3.2240300375469335	0.14900477389182695
-3.2140175219023774	0.16623235885106896
-3.2040050062578223	0.18544475445389894
-3.193992490613266	0.21052308178604176
-3.183979974968711	0.24662797644272963
-3.173967459324155	0.2966885368109175
-3.1639549436795997	0.3580168402317882
-3.1539424280350437	0.4224717297058596
-3.1439299123904876	0.48083804254842405
-3.1339173967459324	0.5283437117598271
-3.1239048811013763	0.5673196682542807
-3.113892365456821	0.6054946389888297
-3.103879849812265	0.651590529378022
-3.09386733416771	0.7112735105505289
-3.083854818523154	0.785678435656244
-3.0738423028785977	0.8724685612342127
-3.0638297872340425	0.9674326200710103
-3.0538172715894865	1.064934367174173
-3.0438047559449313	1.1578781959528257
-3.033792240300375	1.2391757321973038
-3.02377972465582	1.3049664245862036
-3.013767209011264	1.3571829124195582
-3.003754693366708	1.4029787010449486
-2.9937421777221527	1.4511924578765398
-2.9837296620775966	1.5082499076470663
-2.9737171464330414	1.5756739652680916
-2.9637046307884853	1.649953786957909
-2.95369211514393	1.7246820250312755
-2.943679599499374	1.7941979645874506
-2.933667083854818	1.8567110108121172
-2.923654568210263	1.91446955384765
-2.9136420525657067	1.9706549433041392
-2.9036295369211516	2.0257163653403154
-2.8936170212765955	2.0763549416990927
-2.8836045056320403	2.117680339022317
-2.873591989987484	2.146237737495441
-2.863579474342928	2.1614401709395765
-2.853566958698373	2.165015243419714
-2.843554443053817	2.159755250935626
-2.8335419274092617	2.1485424122359027
-2.8235294117647056	2.133599478558014
-2.8135168961201504	2.11619882716577
-2.8035043804755944	2.09777360250683
-2.7934918648310383	2.0820900447019786
-2.783479349186483	2.0758174264918505
-2.773466833541927	2.085370511302358
-2.763454317897372	2.111893178882038
-2.7534418022528158	2.149037902120497
-2.7434292866082606	2.1859139672950203
-2.7334167709637045	2.212637111523649
-2.7234042553191484	2.22405887737569
-2.7133917396745932	2.220070342242265
-2.703379224030037	2.204067008777089
-2.693366708385482	2.1811026197640575
-2.683354192740926	2.155905158087429
-2.6733416770963707	2.1314240595918554
-2.6633291614518146	2.1093893114479787
-2.6533166458072586	2.0925231063485517
-2.6433041301627034	2.085477201963792
-2.6332916145181473	2.09244524489606
-2.623279098873592	2.113067317159579
-2.613266583229036	2.1402289509746484
-2.603254067584481	2.1619503636951314
-2.593241551939925	2.1668059650516165
-2.5832290362953687	2.150044916662461
-2.5732165206508135	2.116614041135902
-2.5632040050062574	2.078727866843191
-2.5531914893617023	2.049256073911557
-2.543178973717146	2.0351091117014968
-2.533166458072591	2.0345318736739824
-2.523153942428035	2.0394944957728445
-2.513141426783479	2.041408242576845
-2.5031289111389237	2.036557124789317
-2.4931163954943676	2.027763983067466
-2.4831038798498124	2.0214615202522124
-2.4730913642052563	2.0230030483924146
-2.463078848560701	2.0340765332997788
-2.453066332916145	2.05316910381557
-2.443053817271589	2.076981693835955
-2.433041301627034	2.1012131411908825
-2.4230287859824777	2.12124333010596
-2.4130162703379225	2.1332534781676884
-2.4030037546933665	2.1350662668626423
-2.3929912390488113	2.1262789624283367
-2.382978723404255	2.1083397634295133
-2.372966207759699	2.0847408450011167
-2.362953692115144	2.0604452614221835
-2.352941176470588	2.040344957827996
-2.3429286608260327	2.027803568520583
-2.3329161451814766	2.0237486340682684
-2.3229036295369214	2.025814132661247
-2.3128911138923653	2.0282703354299887
-2.3028785982478093	2.0246064912690422
-2.292866082603254	2.0119896163831896
-2.282853566958698	1.9931702249679795
-2.272841051314143	1.9728787491589863
-2.2628285356695867	1.9518897751347584
-2.2528160200250316	1.9252289416081807
-2.2428035043804755	1.8868187731753605
-2.2327909887359194	1.8356449532872516
-2.2227784730913642	1.7768218493811379
-2.212765957446808	1.7169995631300807
-2.202753441802253	1.6598033269901147
-2.192740926157697	1.6055259713674859
-2.1827284105131417	1.5529784319289912
-2.1727158948685856	1.49965627047479
-2.1627033792240296	1.4408811007658169
-2.1526908635794744	1.3712958303879368
-2.1426783479349183	1.2885922506279988
-2.132665832290363	1.1955090200421779
-2.122653316645807	1.0981106021767268
-2.112640801001252	1.0029320199759837
-2.1026282853566958	0.9159342184756478
-2.0926157697121397	0.8425608368333237
-2.0826032540675845	0.7864566123699991
-2.0725907384230284	0.7468226896797185
-2.0625782227784732	0.7171371553918264
-2.052565707133917	0.6875143703480737
-2.042553191489362	0.6499430742348485
-2.032540675844806	0.602858789327525
-2.02252816020025	0.5514200186963878
-2.0125156445556946	0.5030689373583165
-2.0025031289111386	0.46197428389416284
-1.9924906132665834	0.4268192764600625
-1.9824780976220273	0.39318782498168314
-1.9724655819774712	0.35789920420696547
-1.962453066332916	0.3216614431884658
-1.95244055068836	0.28858772383443565
-1.9424280350438048	0.26389435387378307
-1.9324155193992487	0.2518703990050095
-1.9224030037546935	0.25476793385272906
-1.9123904881101375	0.2720274852781581
-1.9023779724655814	0.30001226657738517
-1.8923654568210262	0.3334689234043874
-1.8823529411764701	0.36868751846857595
-1.872340425531915	0.4058965671331872
-1.8623279098873589	0.44841705129692283
-1.8523153942428037	0.4992077365735321
-1.8423028785982476	0.5580573627446533
-1.8322903629536915	0.6217169729561642
-1.8222778473091363	0.6861656485840931
-1.8122653316645803	0.7486672657957723
-1.802252816020025	0.8083397430592942
-1.792240300375469	0.8655511023028869
-1.7822277847309138	0.9210095367732614
-1.7722152690863577	0.9752318394926863
-1.7622027534418017	1.0285574872880872
-1.7521902377972465	1.081171292583638
-1.7421777221526904	1.1326602651239066
-1.7321652065081352	1.181867024907366
-1.7221526908635791	1.228282365271952
-1.712140175219024	1.2742814261261424
-1.7021276595744679	1.3253594649862455
-1.6921151439299118	1.3867499546252449
-1.6821026282853566	1.458732351464953
-1.6720901126408005	1.534917465858048
-1.6620775969962454	1.6052927949791163
-1.6520650813516893	1.6614939144534822
-1.642052565707134	1.7001606699321583
-1.632040050062578	1.722718575726275
-1.622027534418022	1.7334708392936533
-1.6120150187734668	1.7384494868727467
-1.6020025031289107	1.7448179955383407
-1.5919899874843555	1.7588917689397674
-1.5819774718397994	1.7829030389761016
-1.5719649561952442	1.8135106076931544
-1.5619524405506882	1.8441910519635645
-1.551939924906132	1.869817521486336
-1.541927409261577	1.8895879335801917
-1.5319148936170208	1.9060187166668612
-1.5219023779724656	1.9210728230137837
-1.5118898623279096	1.9329266970353807
-1.5018773466833544	1.9364403282665283
-1.4918648310387983	1.9270276347845554
-1.4818523153942422	1.9044475105026202
-1.471839799749687	1.8734905809888769
-1.461827284105131	1.8417440862250685
-1.4518147684605758	1.816630890786556
-1.4418022528160197	1.803276340647493
-1.4317897371714645	1.8034727140416056
-1.4217772215269084	1.8156328297775326
-1.4117647058823524	1.8356074151884822
-1.4017521902377972	1.8579781204314476
-1.391739674593241	1.8773622953932005
-1.381727158948686	1.889709187748984
-1.3717146433041298	1.8937676259902598
-1.3617021276595747	1.8919926635138407
-1.3516896120150186	1.8892442611548632
-1.3416770963704625	1.8890626299903188
-1.3316645807259073	1.8904082929737782
-1.3216520650813512	1.8882647173046831
-1.311639549436796	1.8778419196087497
-1.30162703379224	1.8586344191337356
-1.2916145181476848	1.8353282741214814
-1.2816020025031287	1.815690652133653
-1.2715894868585726	1.807117007820812
-1.2615769712140175	1.8130367807655585
-1.2515644555694614	1.830234064751216
-1.2415519399249062	1.849027050914071
-1.2315394242803501	1.8578713056966438
-1.221526908635795	1.8505262099285693
-1.2115143929912389	1.8303454009895057
-1.2015018773466828	1.8077059012349561
-1.1914893617021276	1.792714204146252
-1.1814768460575715	1.7892240373766002
-1.1714643304130163	1.793849516475942
-1.1614518147684603	1.7991168521114091
-1.151439299123905	1.7981845643011043
-1.141426783479349	1.7890558187289254
-1.131414267834793	1.7763523095115825
-1.1214017521902377	1.769036301623511
-1.1113892365456817	1.7746307788883438
-1.1013767209011265	1.7936254138976253
-1.0913642052565704	1.8186630542061288
-1.0813516896120152	1.8396755201618236
-1.0713391739674591	1.8508842535403391
-1.061326658322903	1.8540710619989031
-1.0513141426783479	1.8563683138236362
-1.0413016270337918	1.8652324039081414
-1.0312891113892366	1.8840054652761336
-1.0212765957446805	1.9099032020454199
-1.0112640801001254	1.935165709319754
-1.0012515644555693	1.951139826632109
-0.9912390488110132	1.9531475324287524
-0.981226533166458	1.9427300772444602
-0.971214017521902	1.925649228311065
-0.9612015018773468	1.9078434089369816
-0.9511889862327907	1.8931229802844964
-0.9411764705882355	1.8837570182729961
-0.9311639549436794	1.8816558435498105
-0.9211514392991234	1.887878242245661
-0.9111389236545682	1.9010252313172278
-0.9011264080100121	1.9166072691181948
-0.8911138923654569	1.9283004168080027
-0.8811013767209008	1.9306142497446672
-0.8710888610763456	1.9222329475855713
-0.8610763454317896	1.9085330397449107
-0.8510638297872335	1.9004963397883234
-0.8410513141426783	1.908715259362745
-0.8310387984981222	1.9360166370435405
-0.821026282853567	1.974906017963295
-0.811013767209011	2.012134265212551
-0.8010012515644558	2.036202060141749
-0.7909887359198997	2.042045236096413
-0.7809762202753436	2.0312741396036653
-0.7709637046307884	2.010136082636502
-0.7609511889862324	1.9871446012379939
-0.7509386733416772	1.9706417915369796
-0.7409261576971211	1.966565671218385
-0.7309136420525659	1.9774755753698032
-0.7209011264080099	2.00326994682078
-0.7108886107634538	2.0424743919002064
-0.7008760951188986	2.0926615593007494
-0.6908635794743425	2.1500397896510495
-0.6808510638297873	2.209517524981365
-0.6708385481852313	2.265776442513223
-0.6608260325406761	2.314314860538137
-0.65081351689612	2.351801628314748
-0.6408010012515639	2.376977574434564
-0.6307884856070087	2.3930979036350952
-0.6207759699624527	2.409625411768219
-0.6107634543178975	2.439085469544551
-0.6007509386733414	2.4887306062743004
-0.5907384230287862	2.5530732694075704
-0.5807259073842301	2.6149001611617058
-0.5707133917396741	2.6557274590595865
-0.5607008760951189	2.6677434389209806
-0.5506883604505628	2.6576356391097735
-0.5406758448060076	2.640255724247706
-0.5306633291614515	2.6286890615812872
-0.5206508135168963	2.6286495937831025
-0.5106382978723403	2.6396769686958423
-0.5006257822277842	2.6598943498966188
-0.490613266583229	2.6896226707358695
-0.48060075093867294	2.7314567893676487
-0.47058823529411775	2.7874993988130496
-0.4605757196495617	2.8560472352604545
-0.4505632040050065	2.929894839763783
-0.4405506883604504	2.9975653002046667
-0.43053817271589434	3.047686124715226
-0.42052565707133915	3.074886314545363
-0.4105131414267831	3.08341681513407
-0.4005006257822279	3.084950282798416
-0.3904881101376718	3.0913500978100625
-0.38047559449311663	3.1078218851286543
-0.37046307884856056	3.1313579386860844
-0.3604505632040045	3.1545849527458922
-0.3504380475594493	3.171551956945233
-0.3404255319148932	3.1817635904725976
-0.33041301627033803	3.1901727339510555
-0.32040050062578196	3.203250993087578
-0.3103879849812259	3.224105410215654
-0.3003754693366707	3.250236872567989
-0.2903629536921146	3.275047383971993
-0.28035043804755944	3.2916669956520193
-0.27033792240300336	3.2971274975354317
-0.2603254067584482	3.294800382449317
-0.2503128911138921	3.2928958523614678
-0.24030037546933602	3.2991284547483173
-0.23028785982478084	3.3158005442101692
-0.22027534418022476	3.3399909404507815
-0.21026282853566958	3.3681250224306165
-0.2002503128911135	3.3993812379289627
-0.19023779724655832	3.4345522761150447
-0.18022528160200224	3.472784063891561
-0.17021276595744617	3.510216456487308
-0.16020025031289098	3.5413837957832293
-0.1501877346683349	3.562069570077284
-0.14017521902377972	3.572697681280055
-0.13016270337922364	3.5807270373361
-0.12015018773466846	3.598977513936665
-0.11013767209011238	3.638701193784597
-0.10012515644555631	3.701417033096919
-0.09011264080100112	3.7759572551666327
-0.08010012515644505	3.8434283882148623
-0.07008760951188986	3.886647554218887
-0.060075093867333784	3.8977671338493036
-0.0500625782227786	3.880030059052552
-0.04005006257822252	3.8443433135573506
-0.030037546933666448	3.8044676879184034
-0.02002503128911126	3.773885937118032
-0.010012515644555187	3.7644634803327923
0.0	3.7851363260509028
