-8.0	28.35044435877712
-7.989987484355444	28.97116345018094
-7.979974968710889	29.482549564281914
-7.969962453066333	29.903399296826468
-7.9599499374217775	30.258117869858047
-7.949937421777221	30.5504850154682
-7.939924906132666	30.76369711489642
-7.92991239048811	30.854223416066443
-7.919899874843554	30.771868318554496
-7.909887359198999	30.546595432454726
-7.899874843554443	30.242493399677443
-7.889862327909888	29.89222531443896
-7.8798498122653315	29.50104642268424
-7.869837296620776	29.055785124883613
-7.85982478097622	28.516574554715746
-7.849812265331664	27.860544537464897
-7.839799749687109	27.12117133031487
-7.829787234042553	26.361980006501064
-7.819774718397998	25.60635097088651
-7.809762202753442	24.827508630009024
-7.7997496871088865	24.032933747792935
-7.78973717146433	23.22904098029825
-7.779724655819774	22.390774611588366
-7.769712140175219	21.525669870714708
-7.759699624530663	20.624812890579097
-7.749687108886108	19.757535782916232
-7.739674593241552	18.892699869243764
-7.729662077596997	17.99240758219268
-7.719649561952441	17.008864925911357
-7.7096370463078845	15.970978518762735
-7.699624530663329	15.048826813116992
-7.689612015018773	14.232191514766924
-7.679599499374218	13.48755781624778
-7.669586983729662	12.809994948476401
-7.659574468085107	12.257748371014404
-7.649561952440551	11.840304200167076
-7.639549436795995	11.512386593693796
-7.629536921151439	11.237235190441487
-7.619524405506883	11.003621966416953
-7.609511889862328	10.843496852382902
-7.599499374217772	10.786218324009228
-7.589486858573217	10.842294783933054
-7.579474342928661	11.001356821564976
-7.569461827284105	11.226204954519954
-7.55944931163955	11.478093134145233
-7.5494367959949935	11.730997771837066
-7.539424280350438	11.967289922817091
-7.529411764705882	12.17378440101296
-7.519399249061326	12.347450798947067
-7.509386733416771	12.494274203080415
-7.499374217772215	12.623072933668105
-7.48936170212766	12.740549602914772
-7.479349186483104	12.857564809741415
-7.4693366708385485	12.993862295775612
-7.459324155193992	13.16662804547128
-7.449311639549437	13.373375360266463
-7.439299123904881	13.600083090537913
-7.429286608260325	13.829368091605543
-7.41927409261577	14.047364642856914
-7.409261576971214	14.243759194537065
-7.399249061326659	14.403810993884978
-7.3892365456821025	14.514512879383284
-7.3792240300375465	14.57204234862703
-7.369211514392991	14.584534542559844
-7.359198998748435	14.57002629054021
-7.34918648310388	14.546215495189626
-7.339173967459324	14.518519207520136
-7.329161451814769	14.47981463072654
-7.319148936170213	14.421140052128347
-7.3091364205256575	14.338163733241483
-7.299123904881101	14.23807397862908
-7.289111389236545	14.131605090840054
-7.27909887359199	14.017559490458401
-7.269086357947434	13.892378104378556
-7.259073842302879	13.758059046093646
-7.249061326658323	13.604561491339899
-7.239048811013767	13.40233344777169
-7.2290362953692116	13.129771824405461
-7.2190237797246555	12.799760712542794
-7.2090112640801	12.44639470745129
-7.198998748435544	12.09672622261275
-7.188986232790989	11.751275142799841
-7.178973717146433	11.398296954809002
-7.168961201501878	11.049552186003789
-7.158948685857322	10.727367259947897
-7.148936170212766	10.428838399637312
-7.13892365456821	10.138684797430763
-7.128911138923654	9.855937198035432
-7.118898623279099	9.589171468520954
-7.108886107634543	9.340678293555463
-7.098873591989987	9.109842460791604
-7.088861076345432	8.906260540320028
-7.078848560700876	8.745478572801995
-7.068836045056321	8.630909219636685
-7.0588235294117645	8.54423861947381
-7.048811013767209	8.466331136326758
-7.038798498122653	8.392478202812836
-7.028785982478098	8.31795875060465
-7.018773466833542	8.241574417858178
-7.008760951188986	8.177860013039616
-6.998748435544431	8.143939328884418
-6.988735919899875	8.15027637127161
-6.9787234042553195	8.18507714956823
-6.968710888610763	8.238879515312949
-6.958698372966207	8.305189056036964
-6.948685857321652	8.367903388714337
-6.938673341677096	8.408844074038074
-6.928660826032541	8.41830056400552
-6.918648310387985	8.386897992725162
-6.908635794743429	8.309508194815976
-6.8986232790988735	8.203421400140735
-6.888610763454318	8.098561494082137
-6.878598247809762	8.018148676351766
-6.868585732165206	7.964627010523293
-6.858573216520651	7.925872835872313
-6.848560700876095	7.89226623294132
-6.83854818523154	7.872107084223256
-6.828535669586984	7.886780575199153
-6.818523153942428	7.931571018244226
-6.808510638297872	7.9839661691686965
-6.798498122653316	8.030291470912681
-6.788485607008761	8.070970417640716
-6.778473091364205	8.111111049334426
-6.768460575719649	8.142670999007732
-6.758448060075094	8.154017210840507
-6.748435544430539	8.154234483194339
-6.7384230287859825	8.166160003184268
-6.7284105131414265	8.218583865628764
-6.718397997496871	8.345542061696348
-6.708385481852315	8.56945598148465
-6.69837296620776	8.89405138888783
-6.688360450563204	9.310926105769314
-6.678347934918648	9.798460305763394
-6.668335419274093	10.342096753714989
-6.658322903629537	10.946939564887685
-6.648310387984981	11.59959431541562
-6.638297872340425	12.260377698472832
-6.628285356695869	12.902334272345508
-6.618272841051314	13.524543020369583
-6.608260325406759	14.144731946329566
-6.598247809762203	14.77075682633143
-6.588235294117647	15.388464444873899
-6.578222778473092	15.997800358771759
-6.5682102628285355	16.574624578106008
-6.55819774718398	17.079144716287075
-6.548185231539424	17.51313717292542
-6.538172715894868	17.877615842098617
-6.528160200250313	18.168030226305795
-6.518147684605757	18.37744944212652
-6.508135168961202	18.507511960143688
-6.498122653316646	18.56549180134636
-6.4881101376720896	18.565107403894523
-6.478097622027534	18.53376077125685
-6.468085106382979	18.489666518253156
-6.458072590738423	18.43382539996836
-6.448060075093867	18.340343013639483
-6.438047559449312	18.17003465057685
-6.428035043804756	17.925381317182964
-6.418022528160201	17.657413406496513
-6.4080100125156445	17.392325374915
-6.397997496871088	17.132515254155408
-6.387984981226533	16.872072904347334
-6.377972465581977	16.619011414311423
-6.367959949937422	16.40572931007897
-6.357947434292866	16.258599963501137
-6.34793491864831	16.15273927642656
-6.337922403003755	16.03888326838918
-6.3279098873591995	15.919296440336591
-6.317897371714643	15.769500119293683
-6.307884856070087	15.54417308454982
-6.297872340425532	15.306474593081967
-6.287859824780976	15.116085674499564
-6.277847309136421	14.951068590787225
-6.267834793491865	14.832182422915032
-6.257822277847309	14.741486107987544
-6.2478097622027535	14.580602427056677
-6.2377972465581975	14.427637167086726
-6.227784730913642	14.358617121738607
-6.217772215269086	14.31989028162664
-6.20775969962453	14.322760474960395
-6.197747183979975	14.330874008640874
-6.18773466833542	14.328945485046335
-6.177722152690864	14.29569582211628
-6.167709637046308	14.272688816548555
-6.157697121401752	14.289655878410981
-6.147684605757196	14.310606223662074
-6.137672090112641	14.32305356263056
-6.127659574468085	14.328460414948763
-6.117647058823529	14.330219199967154
-6.107634543178974	14.330230891208169
-6.097622027534418	14.329348776278906
-6.0876095118898625	14.327961881615353
-6.0775969962453065	14.32626783232949
-6.06758448060075	14.324381109353894
-6.057571964956195	14.322375644000516
-6.04755944931164	14.320302616145788
-6.037546933667084	14.31819875156204
-6.027534418022528	14.31609076865843
-6.017521902377973	14.313998105650226
-6.007509386733417	14.31193477146773
-5.997496871088861	14.309910744258897
-5.987484355444305	14.311821718144511
-5.977471839799749	14.357746732829664
-5.967459324155194	14.34251499798544
-5.957446808510639	14.46806623607747
-5.947434292866083	14.47065716061316
-5.937421777221527	14.880965212060275
-5.927409261576971	15.777467052481898
-5.9173967459324155	16.7275826812067
-5.90738423028786	17.643368571813685
-5.897371714643304	19.00460652374257
-5.887359198998748	19.79360000512989
-5.877346683354192	20.409111536701424
-5.867334167709637	21.25517502242207
-5.857321652065082	22.241890452786432
-5.847309136420526	22.95137544709377
-5.83729662077597	23.000208624291265
-5.827284105131414	23.23349851113482
-5.817271589486858	23.489376321183205
-5.807259073842303	23.63920230341408
-5.797246558197747	23.90250540502395
-5.787234042553191	24.06101893042746
-5.777221526908636	24.12069405582452
-5.767209011264081	24.14406344577952
-5.7571964956195245	24.144306106456558
-5.747183979974968	24.14462191986891
-5.737171464330412	24.14503309566126
-5.727158948685857	24.145565207975423
-5.717146433041302	24.14625043597444
-5.707133917396746	24.147129556394777
-5.69712140175219	24.148254749644323
-5.687108886107635	24.14969369106432
-5.677096370463079	24.151535761869834
-5.667083854818523	24.15390195501016
-5.657071339173967	24.156961953467338
-5.647058823529411	24.160969469158495
-5.637046307884856	24.166373032384396
-5.627033792240301	24.174385546069846
-5.617021276595745	24.190175469514394
-5.607008760951189	24.225737606590926
-5.596996245306633	24.265652448424465
-5.5869837296620775	24.303700842041685
-5.576971214017522	24.352504493635426
-5.566958698372966	24.419052170049863
-5.55694618272841	24.538506517016618
-5.546933667083855	24.767967429265315
-5.536921151439299	25.027434946240597
-5.526908635794744	25.379280986060383
-5.516896120150188	25.862743838299586
-5.5068836045056315	26.509695613122318
-5.496871088861076	27.39212753118304
-5.486858573216521	28.49840742066593
-5.476846057571965	29.79478140316257
-5.466833541927409	31.178717514882063
-5.456821026282853	32.660845741413105
-5.446808510638298	34.20531383176261
-5.4367959949937426	35.779703816514164
-5.4267834793491865	37.36438451771614
-5.41677096370463	38.938463090490245
-5.406758448060075	40.501002241788804
-5.396745932415519	42.008570153649835
-5.386733416770964	43.44278688299567
-5.376720901126408	44.78129237845906
-5.366708385481852	46.01675619499465
-5.356695869837297	47.165683539220765
-5.346683354192741	48.190100331750926
-5.336670838548185	49.119155158559046
-5.326658322903629	50.00782006231008
-5.316645807259073	50.89079607014687
-5.306633291614518	51.685037915559775
-5.296620775969963	52.3595578871411
-5.286608260325407	52.958927131208334
-5.276595744680851	53.47247990511964
-5.2665832290362955	53.904009847424675
-5.256570713391739	54.266276046331186
-5.246558197747184	54.60034919525867
-5.236545682102628	54.89465314990801
-5.226533166458072	55.12071921940022
-5.216520650813517	55.25169218020101
-5.206508135168962	55.286297011812856
-5.196495619524406	55.242739956171874
-5.18648310387985	55.10532846026582
-5.1764705882352935	54.88904821218852
-5.166458072590738	54.63496456109068
-5.156445556946183	54.39317224168892
-5.146433041301627	54.131547511894354
-5.136420525657071	53.75353137812713
-5.126408010012516	53.1815404380887
-5.11639549436796	52.35396566340884
-5.1063829787234045	51.25953206990146
-5.0963704630788484	50.006448571992074
-5.086357947434292	48.7930637904839
-5.076345431789737	47.6810465024313
-5.066332916145182	46.61315769668681
-5.056320400500626	45.50890058044025
-5.04630788485607	44.386998295124776
-5.036295369211514	43.28004765831256
-5.026282853566959	42.159785560220826
-5.016270337922403	40.971027581438236
-5.006257822277847	39.62443520095591
-4.996245306633291	38.064947942714014
-4.986232790988735	36.415962818841614
-4.97622027534418	34.805241983517554
-4.966207759699625	33.19891425822195
-4.956195244055069	31.59801360223871
-4.946182728410513	30.059044728488175
-4.9361702127659575	28.808456749316914
-4.926157697121402	27.843152825450858
-4.916145181476846	27.09939067621516
-4.90613266583229	26.518273046811853
-4.896120150187734	26.058776820981716
-4.886107634543179	25.64817298804814
-4.876095118898624	25.23140673154106
-4.866082603254068	24.87694751099993
-4.8560700876095115	24.689146623362948
-4.8460575719649555	24.620805583330046
-4.8360450563204	24.594474895710825
-4.826032540675845	24.582904705212087
-4.816020025031289	24.57734469159182
-4.806007509386733	24.574635867834193
-4.795994993742178	24.57354337341275
-4.785982478097623	24.57348120135822
-4.7759699624530665	24.574111300147106
-4.76595744680851	24.57521324013969
-4.755944931163954	24.576633573986662
-4.745932415519399	24.578261679449547
-4.735919899874844	24.580016268790608
-4.725907384230288	24.581837042559847
-4.715894868585732	24.583679167083556
-4.705882352941176	24.585509440607012
-4.6958698372966206	24.587303533011916
-4.685857321652065	24.58904394200181
-4.675844806007509	24.59071844712163
-4.665832290362953	24.592318921440864
-4.655819774718398	24.59384040724127
-4.645807259073843	24.59528039082395
-4.635794743429287	24.59663823008885
-4.625782227784731	24.597914700932932
-4.615769712140175	24.599111637067942
-4.605757196495619	24.60023164392352
-4.595744680851064	24.601277871698972
-4.585732165206508	24.602253835877935
-4.575719649561952	24.603163275964807
-4.565707133917396	24.604010045067476
-4.555694618272841	24.604798024397212
-4.545682102628286	24.605531057889447
-4.53566958698373	24.60621290304897
-4.5256570713391735	24.60684719484403
-4.515644555694618	24.607437420054776
-4.505632040050063	24.607986899956767
-4.495619524405507	24.60849877960567
-4.485607008760951	24.608976022308298
-4.475594493116395	24.609421408125865
-4.46558197747184	24.60983753547128
-4.4555694618272845	24.6102268250393
-4.4455569461827285	24.61059152545592
-4.435544430538172	24.610933720153046
-4.425531914893616	24.61125533507436
-4.415519399249061	24.611558146899736
-4.405506883604506	24.61184379154232
-4.39549436795995	24.612113772726833
-4.385481852315394	24.612369470502326
-4.375469336670839	24.612612149578386
-4.365456821026283	24.612842967403086
-4.355444305381727	24.613062981924372
-4.345431789737171	24.613273158994737
-4.335419274092615	24.613474379394777
-4.32540675844806	24.6136674454618
-4.315394242803505	24.61385308731959
-4.305381727158949	24.61403196871166
-4.295369211514393	24.6142046924461
-4.285356695869837	24.614371805463804
-4.275344180225281	24.614533803544443
-4.265331664580726	24.61469113566682
-4.25531914893617	24.614844208040974
-4.245306633291614	24.61499338783067
-4.235294117647059	24.615139006584318
-4.225281602002504	24.615281363393013
-4.215269086357948	24.615420727793698
-4.2052565707133915	24.61555734243469
-4.1952440550688355	24.615691425520694
-4.18523153942428	24.6158231730532
-4.175219023779725	24.615952760881648
-4.165206508135169	24.616080346579526
-4.155193992490613	24.616206071159255
-4.145181476846057	24.61633006063841
-4.135168961201502	24.616452427469216
-4.1251564455569465	24.61657327184224
-4.11514392991239	24.61669268287477
-4.105131414267834	24.616810739693452
-4.095118898623279	24.61629959646051
-4.085106382978723	24.53012276782891
-4.075093867334168	24.454085063590977
-4.065081351689612	24.53184990602986
-4.055068836045056	24.278721013358872
-4.045056320400501	24.022111686829525
-4.035043804755945	24.281141462096283
-4.025031289111389	24.352600564221653
-4.015018773466833	24.925685038444797
-4.005006257822277	25.9630734774665
-3.994993742177722	26.361569911616435
-3.9849812265331668	26.829234833105062
-3.9749687108886107	27.56949266711774
-3.9649561952440546	27.976327275913803
-3.9549436795994994	28.21195893798941
-3.9449311639549434	28.296028112457257
-3.934918648310388	28.296364279307564
-3.924906132665832	28.308210929387492
-3.914893617021277	28.429938883579307
-3.904881101376721	28.430312011186036
-3.8948685857321648	28.430698172526736
-3.8848560700876096	28.431097729186074
-3.8748435544430535	28.431511047712316
-3.8648310387984983	28.431938499358292
-3.8548185231539422	28.43238045979987
-3.844806007509387	28.43283730883867
-3.834793491864831	28.433309430090922
-3.824780976220275	28.43379721066623
-3.8147684605757197	28.434301040840673
-3.8047559449311636	28.434821313729042
-3.7947434292866085	28.435358424963564
-3.7847309136420524	28.435912772386597
-3.774718397997497	28.43648475576744
-3.764705882352941	28.437074776554894
-3.754693366708385	28.437683237679583
-3.74468085106383	28.438310543422634
-3.734668335419274	28.438957099370334
-3.7246558197747186	28.43962331247792
-3.7146433041301625	28.440309591269354
-3.7046307884856065	28.441016346204606
-3.6946182728410513	28.441743990251346
-3.684605757196495	28.44249293970325
-3.67459324155194	28.44326361529436
-3.664580725907384	28.444056443666383
-3.6545682102628287	28.444871859254174
-3.6445556946182727	28.445710306664786
-3.6345431789737166	28.446572243636194
-3.6245306633291614	28.447458144674435
-3.6145181476846053	28.448368505481852
-3.60450563204005	28.449303848304396
-3.594493116395494	28.450264728344443
-3.584480600750939	28.451251741404374
-3.574468085106383	28.45226553294838
-3.5644555694618267	28.45330680879509
-3.5544430538172715	28.454376347679997
-3.5444305381727155	28.455475015958868
-3.5344180225281603	28.456603784756805
-3.524405506883604	28.457763749908988
-3.514392991239049	28.45895615508491
-3.504380475594493	28.46018241854444
-3.494367959949937	28.461444164043957
-3.4843554443053817	28.462743256500623
-3.4743429286608256	28.464081843145703
-3.4643304130162704	28.46546240106909
-3.4543178973717144	28.466887792308167
-3.444305381727159	28.468361328008747
-3.434292866082603	28.469886843757703
-3.424280350438047	28.471468789067682
-3.414267834793492	28.473112335364313
-3.4042553191489358	28.474823508955343
-3.3942428035043806	28.476609358785502
-3.3842302878598245	28.478478173954734
-3.3742177722152693	28.480439774041944
-3.3642052565707132	28.482505907849063
-3.354192740926157	28.48469081584073
-3.344180225281602	28.487012042479098
-3.334167709637046	28.489491633807173
-3.3241551939924907	28.49215793500778
-3.3141426783479346	28.495048333717218
-3.3041301627033794	28.498213517586503
-3.2941176470588234	28.50172420657613
-3.2841051314142673	28.505682039137273
-3.274092615769712	28.510237672893634
-3.264080100125156	28.515621975520922
-3.254067584480601	28.522202390494705
-3.2440550688360448	28.530591881919165
-3.2340425531914896	28.541881643064478
-3.2240300375469335	28.558215459991786
-3.2140175219023774	28.584480718257787
-3.2040050062578223	28.633920353332638
-3.193992490613266	28.741702368361693
-3.183979974968711	28.94894024723804
-3.173967459324155	29.235612182879695
-3.1639549436795997	29.547524558234514
-3.1539424280350437	29.8679385264776
-3.1439299123904876	30.265174063468404
-3.1339173967459324	30.808217323294198
-3.1239048811013763	31.61790084286711
-3.113892365456821	32.558273840240986
-3.103879849812265	33.65826295298993
-3.09386733416771	34.87345988712888
-3.083854818523154	36.03505163848621
-3.0738423028785977	37.11842001067037
-3.0638297872340425	38.1732291841564
-3.0538172715894865	39.21591048060074
-3.0438047559449313	40.249463603969545
-3.033792240300375	41.35493837864449
-3.02377972465582	42.57978444148406
-3.013767209011264	44.03611223757993
-3.003754693366708	45.644009671011545
-2.9937421777221527	47.227950882232875
-2.9837296620775966	48.64044143673767
-2.9737171464330414	49.79570836415172
-2.9637046307884853	50.757076201384116
-2.95369211514393	51.671740455966464
-2.943679599499374	52.65371108330081
-2.933667083854818	53.651220596732195
-2.923654568210263	54.5921259490539
-2.9136420525657067	55.48182854898506
-2.9036295369211516	56.384708239251005
-2.8936170212765955	57.265219911070425
-2.8836045056320403	58.02348037564262
-2.873591989987484	58.69566600780588
-2.863579474342928	59.454140312569194
-2.853566958698373	60.34645406605162
-2.843554443053817	61.168235866674515
-2.8335419274092617	61.83629959569842
-2.8235294117647056	62.31262274581532
-2.8135168961201504	62.57436765783142
-2.8035043804755944	62.7740393987007
-2.7934918648310383	63.00040197202592
-2.783479349186483	63.27744240634073
-2.773466833541927	63.61478717535356
-2.763454317897372	63.917860211683525
-2.7534418022528158	64.13116421712826
-2.7434292866082606	64.32934936715513
-2.7334167709637045	64.5827075660406
-2.7234042553191484	64.91622719288301
-2.7133917396745932	65.23071257206213
-2.703379224030037	65.52065977501032
-2.693366708385482	65.89899486652486
-2.683354192740926	66.37899266644729
-2.6733416770963707	66.90716975328263
-2.6633291614518146	67.4002542008358
-2.6533166458072586	67.7641939282355
-2.6433041301627034	67.98457397645633
-2.6332916145181473	68.13244505198946
-2.623279098873592	68.26586246692634
-2.613266583229036	68.38600803206832
-2.603254067584481	68.488286489129
-2.593241551939925	68.62036901063749
-2.5832290362953687	68.76863905246097
-2.5732165206508135	68.90607329516297
-2.5632040050062574	69.12811943887085
-2.5531914893617023	69.46613136564832
-2.543178973717146	69.84626889836343
-2.533166458072591	70.11705089611462
-2.523153942428035	70.16833305538937
-2.513141426783479	70.00657500628306
-2.5031289111389237	69.6626782987586
-2.4931163954943676	69.20271619055113
-2.4831038798498124	68.6819692301062
-2.4730913642052563	68.11763738635814
-2.463078848560701	67.42626633534785
-2.453066332916145	66.63917812292692
-2.443053817271589	65.77710452643174
-2.433041301627034	64.81507269309832
-2.4230287859824777	63.71057110377415
-2.4130162703379225	62.431698617752154
-2.4030037546933665	61.001635075802206
-2.3929912390488113	59.455527819366374
-2.382978723404255	57.84119773684483
-2.372966207759699	56.18994280121926
-2.362953692115144	54.497161794055444
-2.352941176470588	52.76349413373929
-2.3429286608260327	50.98713616538925
-2.3329161451814766	49.261691253787184
-2.3229036295369214	47.64013939822171
-2.3128911138923653	46.20153209629906
-2.3028785982478093	44.99391816872945
-2.292866082603254	44.052272465931686
-2.282853566958698	43.35096593547527
-2.272841051314143	42.85892487987059
-2.2628285356695867	42.51413507217069
-2.2528160200250316	42.248799614397505
-2.2428035043804755	42.03646509430544
-2.2327909887359194	41.90656768968336
-2.2227784730913642	41.83403491998659
-2.212765957446808	41.785867621915344
-2.202753441802253	41.75038268769082
-2.192740926157697	41.723134523967104
-2.1827284105131417	41.701729457631075
-2.1727158948685856	41.68462503041379
-2.1627033792240296	41.66819726525063
-2.1526908635794744	41.621685103176
-2.1426783479349183	41.524615293171706
-2.132665832290363	41.383166545644166
-2.122653316645807	41.113868643452875
-2.112640801001252	40.428962360247894
-2.1026282853566958	39.84885668853181
-2.0926157697121397	39.61956926282352
-2.0826032540675845	39.666565851293655
-2.0725907384230284	40.195275494138684
-2.0625782227784732	40.335429875980246
-2.052565707133917	40.86369126595994
-2.042553191489362	41.231069716827264
-2.032540675844806	41.74786127473331
-2.02252816020025	42.260422250457104
-2.0125156445556946	42.26935619241655
-2.0025031289111386	42.27465783964311
-1.9924906132665834	42.281154419377174
-1.9824780976220273	42.28943966864653
-1.9724655819774712	42.30040365716338
-1.962453066332916	42.31542950003509
-1.95244055068836	42.33642888656679
-1.9424280350438048	42.365868463468836
-1.9324155193992487	42.4081921418539
-1.9224030037546935	42.4758875084262
-1.9123904881101375	42.607987805738546
-1.9023779724655814	42.8503457333824
-1.8923654568210262	43.14896509431446
-1.8823529411764701	43.56313426259137
-1.872340425531915	44.169140579530314
-1.8623279098873589	44.94270857631555
-1.8523153942428037	45.835097564230146
-1.8423028785982476	46.86582353210853
-1.8322903629536915	48.059457298874825
-1.8222778473091363	49.30230751701371
-1.8122653316645803	50.54533894680197
-1.802252816020025	51.827009471393566
-1.792240300375469	53.11569658355855
-1.7822277847309138	54.36223893512149
-1.7722152690863577	55.45537919398286
-1.7622027534418017	56.41512014074639
-1.7521902377972465	57.27062895112
-1.7421777221526904	58.04877411167415
-1.7321652065081352	58.777897209386595
-1.7221526908635791	59.46536142628078
-1.712140175219024	60.123962491667776
-1.7021276595744679	60.80254866789968
-1.6921151439299118	61.46259414922529
-1.6821026282853566	62.08783307157646
-1.6720901126408005	62.71548846447408
-1.6620775969962454	63.36188915023472
-1.6520650813516893	64.05137511027326
-1.642052565707134	64.75527824136664
-1.632040050062578	65.30951278041755
-1.622027534418022	65.69661208612503
-1.6120150187734668	66.0249215506192
-1.6020025031289107	66.27782002361887
-1.5919899874843555	66.4565410543647
-1.5819774718397994	66.57587218416545
-1.5719649561952442	66.65338379887511
-1.5619524405506882	66.71637094260285
-1.551939924906132	66.7774769650906
-1.541927409261577	66.83444642133936
-1.5319148936170208	66.84949111195297
-1.5219023779724656	66.7258168980081
-1.5118898623279096	66.46464845141409
-1.5018773466833544	66.24262342825185
-1.4918648310387983	66.09427412924326
-1.4818523153942422	65.95726018374705
-1.471839799749687	65.86109669594039
-1.461827284105131	65.838930083769
-1.4518147684605758	65.87363703087796
-1.4418022528160197	65.88627983002652
-1.4317897371714645	65.82914826182676
-1.4217772215269084	65.80475279184938
-1.4117647058823524	65.82167492991071
-1.4017521902377972	65.88106271882083
-1.391739674593241	65.90944282060934
-1.381727158948686	65.88987166161264
-1.3717146433041298	65.87730000635585
-1.3617021276595747	65.83390404708281
-1.3516896120150186	65.69029229823923
-1.3416770963704625	65.51063279160641
-1.3316645807259073	65.344329621925
-1.3216520650813512	65.18890457541218
-1.311639549436796	65.08085077063407
-1.30162703379224	64.99723824451851
-1.2916145181476848	64.88622570756333
-1.2816020025031287	64.69490753824141
-1.2715894868585726	64.51120751877812
-1.2615769712140175	64.44504803004992
-1.2515644555694614	64.43255952919017
-1.2415519399249062	64.29199259376922
-1.2315394242803501	64.06902313628257
-1.221526908635795	63.89330535830362
-1.2115143929912389	63.75318437790846
-1.2015018773466828	63.69548400628905
-1.1914893617021276	63.82992254635198
-1.1814768460575715	64.14474187154231
-1.1714643304130163	64.2976955751065
-1.1614518147684603	64.35262759545427
-1.151439299123905	64.48494012691063
-1.141426783479349	64.63286393907374
-1.131414267834793	64.66817841860899
-1.1214017521902377	64.58246925843406
-1.1113892365456817	64.42665169542987
-1.1013767209011265	64.25548849350027
-1.0913642052565704	64.06800302095839
-1.0813516896120152	63.82042329175503
-1.0713391739674591	63.53617999134163
-1.061326658322903	63.19753326412364
-1.0513141426783479	62.75758620975782
-1.0413016270337918	62.22090026998299
-1.0312891113892366	61.625455261822076
-1.0212765957446805	60.952032885960264
-1.0112640801001254	60.26573155183153
-1.0012515644555693	59.650940516288095
-0.9912390488110132	59.185900175215664
-0.981226533166458	58.88617060435635
-0.971214017521902	58.6899931518609
-0.9612015018773468	58.39636453624374
-0.9511889862327907	57.80596394758087
-0.9411764705882355	57.01835289372483
-0.9311639549436794	56.11790724944784
-0.9211514392991234	55.196711416087865
-0.9111389236545682	54.29778245549974
-0.9011264080100121	53.48324836032725
-0.8911138923654569	52.70573982227863
-0.8811013767209008	51.9972130878055
-0.8710888610763456	51.43145993316239
-0.8610763454317896	51.045643579368914
-0.8510638297872335	50.810360661907495
-0.8410513141426783	50.70901497897131
-0.8310387984981222	50.68091881681484
-0.821026282853567	50.60253012878092
-0.811013767209011	50.525324250203674
-0.8010012515644558	50.570410138262076
-0.7909887359198997	50.705422588654976
-0.7809762202753436	50.89525539106308
-0.7709637046307884	51.15261657312154
-0.7609511889862324	51.42714029391946
-0.7509386733416772	51.574110920624705
-0.7409261576971211	51.5500786131802
-0.7309136420525659	51.48676452819677
-0.7209011264080099	51.37954956403481
-0.7108886107634538	51.132212071342806
-0.7008760951188986	50.85886085886708
-0.6908635794743425	50.59946340910858
-0.6808510638297873	50.375732720672964
-0.6708385481852313	50.27524869341541
-0.6608260325406761	50.30901689181043
-0.65081351689612	50.401462411172126
-0.6408010012515639	50.48633902369338
-0.6307884856070087	50.54837031343345
-0.6207759699624527	50.55798973207444
-0.6107634543178975	50.58965516048102
-0.6007509386733414	50.63895210585603
-0.5907384230287862	50.591868827124394
-0.5807259073842301	50.31943077209746
-0.5707133917396741	49.765173752303504
-0.5607008760951189	49.08910555489775
-0.5506883604505628	48.50779002145882
-0.5406758448060076	48.0188014214783
-0.5306633291614515	47.532035566055
-0.5206508135168963	47.02379763725549
-0.5106382978723403	46.5578848801047
-0.5006257822277842	46.17594380902739
-0.490613266583229	45.885410294774395
-0.48060075093867294	45.63640398866742
-0.47058823529411775	45.406628981797446
-0.4605757196495617	45.19956661154732
-0.4505632040050065	45.02051578538929
-0.4405506883604504	44.892681629260416
-0.43053817271589434	44.79127122194216
-0.42052565707133915	44.73441747297349
-0.4105131414267831	44.73525418230342
-0.4005006257822279	44.770160718710954
-0.3904881101376718	44.77731030874852
-0.38047559449311663	44.604233840861895
-0.37046307884856056	44.259569400468415
-0.3604505632040045	43.90877143954135
-0.3504380475594493	43.72331517651663
-0.3404255319148932	43.67660573775376
-0.33041301627033803	43.68079130760538
-0.32040050062578196	43.67257727067256
-0.3103879849812259	43.61784317051673
-0.3003754693366707	43.54221991819698
-0.2903629536921146	43.525401271342176
-0.28035043804755944	43.56807607300581
-0.27033792240300336	43.57234341737449
-0.2603254067584482	43.48128784251106
-0.2503128911138921	43.418215055398285
-0.24030037546933602	43.47657546583985
-0.23028785982478084	43.54309228377318
-0.22027534418022476	43.52333787072919
-0.21026282853566958	43.43625433373882
-0.2002503128911135	43.32631424715898
-0.19023779724655832	43.2069817708656
-0.18022528160200224	43.08429210832568
-0.17021276595744617	42.93871502013182
-0.16020025031289098	42.7121113753066
-0.1501877346683349	42.379100042410016
-0.14017521902377972	41.85913111430618
-0.13016270337922364	41.29189555504992
-0.12015018773466846	40.76380308061581
-0.11013767209011238	40.2068772905382
-0.10012515644555631	39.60146275849039
-0.09011264080100112	38.97313900461249
-0.08010012515644505	38.319143450424896
-0.07008760951188986	37.639306287717304
-0.060075093867333784	36.967310443168344
-0.0500625782227786	36.32655560789985
-0.04005006257822252	35.72090614545248
-0.030037546933666448	35.15317653347664
-0.02002503128911126	34.650670583143174
-0.010012515644555187	34.21624073213016
0.0	33.81318378570449
