-8.0	33.65004621973491
-7.989987484355444	33.35192510066832
-7.979974968710889	32.92217674778848
-7.969962453066333	32.36245877161413
-7.9599499374217775	31.71506181662008
-7.949937421777221	31.023427070265782
-7.939924906132666	30.2688618565553
-7.92991239048811	29.429769105182544
-7.919899874843554	28.49227184434705
-7.909887359198999	27.456935419983733
-7.899874843554443	26.506358984641558
-7.889862327909888	25.581386932875134
-7.8798498122653315	24.723454867981317
-7.869837296620776	23.999925143949277
-7.85982478097622	23.27981872145547
-7.849812265331664	22.597180170933488
-7.839799749687109	21.797166617256078
-7.829787234042553	20.949782355500936
-7.819774718397998	19.944238057059827
-7.809762202753442	18.926177316513478
-7.7997496871088865	18.016029899963705
-7.78973717146433	16.968473576601518
-7.779724655819774	15.33168614880538
-7.769712140175219	13.829919061562114
-7.759699624530663	12.737874976932519
-7.749687108886108	12.062193834535059
-7.739674593241552	11.076891646033156
-7.729662077596997	10.440126961170844
-7.719649561952441	10.024620655203842
-7.7096370463078845	9.663801257836198
-7.699624530663329	9.212421462880192
-7.689612015018773	8.996852827373127
-7.679599499374218	8.901428783806223
-7.669586983729662	8.911865510383349
-7.659574468085107	8.963030388611712
-7.649561952440551	9.036648819423776
-7.639549436795995	9.171393908459628
-7.629536921151439	9.374743364590556
-7.619524405506883	9.699252407292137
-7.609511889862328	9.978718935978213
-7.599499374217772	10.259130026672986
-7.589486858573217	10.56069478258347
-7.579474342928661	10.798976954696762
-7.569461827284105	10.96244524741955
-7.55944931163955	11.187843587110972
-7.5494367959949935	11.46606898116292
-7.539424280350438	11.795398262442983
-7.529411764705882	12.195711456003568
-7.519399249061326	12.642447121538705
-7.509386733416771	13.09520968118519
-7.499374217772215	13.582907808616053
-7.48936170212766	14.125876421630636
-7.479349186483104	14.718172453922435
-7.4693366708385485	15.372010240717422
-7.459324155193992	16.0998187568844
-7.449311639549437	16.885200478605995
-7.439299123904881	17.66830240877666
-7.429286608260325	18.39267533510989
-7.41927409261577	19.050206538711404
-7.409261576971214	19.662773035655825
-7.399249061326659	20.244772561616625
-7.3892365456821025	20.803384563140785
-7.3792240300375465	21.35119583514681
-7.369211514392991	21.90681428195182
-7.359198998748435	22.488476337880137
-7.34918648310388	23.08791259107246
-7.339173967459324	23.6669976562313
-7.329161451814769	24.18731596723395
-7.319148936170213	24.621018665475543
-7.3091364205256575	24.94185517794867
-7.299123904881101	25.1325284670141
-7.289111389236545	25.206487152497367
-7.27909887359199	25.21050901958462
-7.269086357947434	25.19379068411748
-7.259073842302879	25.168163951796906
-7.249061326658323	25.101646035452188
-7.239048811013767	24.949790568886268
-7.2290362953692116	24.694288695268725
-7.2190237797246555	24.352092740836877
-7.2090112640801	23.963319171453374
-7.198998748435544	23.570725422774398
-7.188986232790989	23.191868071890497
-7.178973717146433	22.815578412974872
-7.168961201501878	22.43267811444459
-7.158948685857322	22.050336240388496
-7.148936170212766	21.68516090881749
-7.13892365456821	21.34683999055172
-7.128911138923654	21.018536217943442
-7.118898623279099	20.667986350619366
-7.108886107634543	20.268611982134328
-7.098873591989987	19.80734735090469
-7.088861076345432	19.29337640335478
-7.078848560700876	18.75159082473992
-7.068836045056321	18.199333040561935
-7.0588235294117645	17.650205876828934
-7.048811013767209	17.12282767288591
-7.038798498122653	16.620654090812874
-7.028785982478098	16.132615170843685
-7.018773466833542	15.6507126639577
-7.008760951188986	15.154118907277912
-6.998748435544431	14.624508021304761
-6.988735919899875	14.094513429491034
-6.9787234042553195	13.617410314198768
-6.968710888610763	13.196567922164
-6.958698372966207	12.794509638780614
-6.948685857321652	12.418281237662493
-6.938673341677096	12.074448663022505
-6.928660826032541	11.733282140580032
-6.918648310387985	11.411702692027749
-6.908635794743429	11.187972227049071
-6.8986232790988735	11.074006966348087
-6.888610763454318	11.052602013420772
-6.878598247809762	11.099826799347872
-6.868585732165206	11.178794557833596
-6.858573216520651	11.266886458619819
-6.848560700876095	11.350510326413747
-6.83854818523154	11.422361492489744
-6.828535669586984	11.483902183792944
-6.818523153942428	11.509548225319785
-6.808510638297872	11.489649907233739
-6.798498122653316	11.451133757699523
-6.788485607008761	11.40745688280907
-6.778473091364205	11.355410891784313
-6.768460575719649	11.300225023638156
-6.758448060075094	11.221551430704917
-6.748435544430539	11.11317196734811
-6.7384230287859825	11.023596243026018
-6.7284105131414265	10.996951179422428
-6.718397997496871	11.013617653974086
-6.708385481852315	11.04292911185815
-6.69837296620776	11.089395509119466
-6.688360450563204	11.161087789273541
-6.678347934918648	11.233319997502
-6.668335419274093	11.288736249677081
-6.658322903629537	11.331649365767685
-6.648310387984981	11.38827794432751
-6.638297872340425	11.491976821307013
-6.628285356695869	11.649193359850303
-6.618272841051314	11.860979077488132
-6.608260325406759	12.167286107507545
-6.598247809762203	12.619768174897544
-6.588235294117647	13.21198987827217
-6.578222778473092	13.908542405877126
-6.5682102628285355	14.641728959859138
-6.55819774718398	15.377261712306261
-6.548185231539424	16.17684283710989
-6.538172715894868	17.067999333376175
-6.528160200250313	17.978440665713475
-6.518147684605757	18.910311914693303
-6.508135168961202	19.84285032379876
-6.498122653316646	20.729170673119956
-6.4881101376720896	21.515352129054204
-6.478097622027534	22.13302802398025
-6.468085106382979	22.585827329530094
-6.458072590738423	22.906698389901592
-6.448060075093867	23.10105967734162
-6.438047559449312	23.187276917220224
-6.428035043804756	23.230529414054875
-6.418022528160201	23.252029553236707
-6.4080100125156445	23.223831131243333
-6.397997496871088	23.144927326007476
-6.387984981226533	23.047794307584425
-6.377972465581977	22.95577907723216
-6.367959949937422	22.827261894633757
-6.357947434292866	22.62874444593948
-6.34793491864831	22.39969987573035
-6.337922403003755	22.16084498606059
-6.3279098873591995	21.90251499339992
-6.317897371714643	21.639668083882544
-6.307884856070087	21.407874809932228
-6.297872340425532	21.227667354710892
-6.287859824780976	21.081605950750827
-6.277847309136421	20.969675650149387
-6.267834793491865	20.87091958652542
-6.257822277847309	20.78400492897153
-6.2478097622027535	20.703076140182997
-6.2377972465581975	20.646248744516946
-6.227784730913642	20.608225187258647
-6.217772215269086	20.58316419537839
-6.20775969962453	20.56313448640161
-6.197747183979975	20.502720944296883
-6.18773466833542	20.425146239906148
-6.177722152690864	20.40222226110346
-6.167709637046308	20.399104345949894
-6.157697121401752	20.39997089740278
-6.147684605757196	20.40172174505151
-6.137672090112641	20.40370278455017
-6.127659574468085	20.405717228915673
-6.117647058823529	20.407681098237298
-6.107634543178974	20.40955159987646
-6.097622027534418	20.410758368149175
-6.0876095118898625	20.411486823418095
-6.0775969962453065	20.511162496008442
-6.06758448060075	20.584180831198754
-6.057571964956195	20.828012525356957
-6.04755944931164	20.873273806054208
-6.037546933667084	20.99370394988948
-6.027534418022528	21.558746202898938
-6.017521902377973	22.34934919121044
-6.007509386733417	23.62795708249641
-5.997496871088861	24.68796232721632
-5.987484355444305	25.85090341095561
-5.977471839799749	27.211759422837098
-5.967459324155194	27.997055126531006
-5.957446808510639	29.33581988876242
-5.947434292866083	29.580964771920375
-5.937421777221527	29.920136972245125
-5.927409261576971	30.549210519461763
-5.9173967459324155	30.675467769465577
-5.90738423028786	30.76940706856293
-5.897371714643304	30.80593042107195
-5.887359198998748	30.814887032528993
-5.877346683354192	30.898115255709886
-5.867334167709637	30.922728961782298
-5.857321652065082	30.936321478141014
-5.847309136420526	30.952286118992003
-5.83729662077597	30.9712096376509
-5.827284105131414	30.99389012693298
-5.817271589486858	31.021510731504154
-5.807259073842303	31.056079941500304
-5.797246558197747	31.101770613060076
-5.787234042553191	31.168334194902425
-5.777221526908636	31.269657462659808
-5.767209011264081	31.40804710403393
-5.7571964956195245	31.603693269491515
-5.747183979974968	31.939294331580214
-5.737171464330412	32.50279379050097
-5.727158948685857	33.14390620109168
-5.717146433041302	33.86674358796159
-5.707133917396746	34.78380003439365
-5.69712140175219	35.92031038310543
-5.687108886107635	37.249123210817324
-5.677096370463079	38.803103942449404
-5.667083854818523	40.44740389192312
-5.657071339173967	42.049813012907606
-5.647058823529411	43.697949007077305
-5.637046307884856	45.45527972446152
-5.627033792240301	47.28474269669587
-5.617021276595745	49.10744562243917
-5.607008760951189	50.88997457341802
-5.596996245306633	52.483134214003776
-5.5869837296620775	53.759729909169536
-5.576971214017522	54.69502232079268
-5.566958698372966	55.32512668011523
-5.55694618272841	55.753838378181975
-5.546933667083855	56.12658557150913
-5.536921151439299	56.56268735451314
-5.526908635794744	57.02535907397329
-5.516896120150188	57.41877703600348
-5.5068836045056315	57.730473506390915
-5.496871088861076	57.906996599097646
-5.486858573216521	57.87594116156282
-5.476846057571965	57.524218390593994
-5.466833541927409	56.80839370442583
-5.456821026282853	55.771107910724766
-5.446808510638298	54.47000597666534
-5.4367959949937426	52.96736718678729
-5.4267834793491865	51.38393699807638
-5.41677096370463	49.75052593693583
-5.406758448060075	48.12437859847033
-5.396745932415519	46.664174073375854
-5.386733416770964	45.37723470276097
-5.376720901126408	44.10671127722217
-5.366708385481852	42.83704702979633
-5.356695869837297	41.70725408763201
-5.346683354192741	40.764713624007484
-5.336670838548185	39.93254778932184
-5.326658322903629	39.311070164954984
-5.316645807259073	38.56190539968634
-5.306633291614518	37.670357601861845
-5.296620775969963	36.91013316843396
-5.286608260325407	36.18096240935205
-5.276595744680851	35.40471980961862
-5.2665832290362955	34.80908895018865
-5.256570713391739	34.10282969223587
-5.246558197747184	34.24647002840192
-5.236545682102628	34.825644698368045
-5.226533166458072	35.56420221040976
-5.216520650813517	35.72780674677452
-5.206508135168962	36.115916612125915
-5.196495619524406	36.743180713080704
-5.18648310387985	37.36363890756752
-5.1764705882352935	38.084709372796006
-5.166458072590738	39.102683241613455
-5.156445556946183	40.45839236316532
-5.146433041301627	42.01083263904394
-5.136420525657071	43.55735172634319
-5.126408010012516	44.96304387127623
-5.11639549436796	46.23061303760625
-5.1063829787234045	47.44189001321797
-5.0963704630788484	48.66427264204377
-5.086357947434292	49.859824620042744
-5.076345431789737	51.1372500154747
-5.066332916145182	52.293016512404854
-5.056320400500626	53.15914102581215
-5.04630788485607	53.72803180534003
-5.036295369211514	54.051936494287574
-5.026282853566959	54.16002186311564
-5.016270337922403	54.076799201667
-5.006257822277847	53.92360997732733
-4.996245306633291	53.74936320358897
-4.986232790988735	53.475278595948794
-4.97622027534418	53.01258172559871
-4.966207759699625	52.27963277558606
-4.956195244055069	51.306968289539
-4.946182728410513	50.13358516813657
-4.9361702127659575	48.82175245681851
-4.926157697121402	47.4324843645545
-4.916145181476846	45.94164198927129
-4.90613266583229	44.357035713103755
-4.896120150187734	42.74471066307789
-4.886107634543179	41.06685268191541
-4.876095118898624	39.260938988527975
-4.866082603254068	37.55488731462358
-4.8560700876095115	36.092601645064065
-4.8460575719649555	34.771335048596214
-4.8360450563204	33.489490819188056
-4.826032540675845	32.30996269632849
-4.816020025031289	31.118335857023617
-4.806007509386733	29.891085600836405
-4.795994993742178	28.887001009895943
-4.785982478097623	28.070262999654645
-4.7759699624530665	27.475223354735157
-4.76595744680851	27.006489908112503
-4.755944931163954	26.670905464631
-4.745932415519399	26.406867333301573
-4.735919899874844	26.18685884289468
-4.725907384230288	26.06582464133222
-4.715894868585732	26.013548739142305
-4.705882352941176	25.98729517255817
-4.6958698372966206	25.971771226286354
-4.685857321652065	25.961291065070405
-4.675844806007509	25.953729661964985
-4.665832290362953	25.94813404872861
-4.655819774718398	25.943960513556267
-4.645807259073843	25.940843368377692
-4.635794743429287	25.93851693002294
-4.625782227784731	25.93678259538209
-4.615769712140175	25.93549073210748
-4.605757196495619	25.93452857613189
-4.595744680851064	25.933811335515333
-4.585732165206508	25.933275430121665
-4.575719649561952	25.932873321019482
-4.565707133917396	25.93256956631119
-4.555694618272841	25.93233782647525
-4.545682102628286	25.932158599946167
-4.53566958698373	25.932017515706804
-4.5256570713391735	25.931904047868205
-4.515644555694618	25.931810548429013
-4.505632040050063	25.931731519287037
-4.495619524405507	25.931663063964557
-4.485607008760951	25.931602474358655
-4.475594493116395	25.931547919061472
-4.46558197747184	25.93149820822449
-4.4555694618272845	25.93145261623222
-4.4455569461827285	25.93141074813684
-4.435544430538172	25.931372439291867
-4.425531914893616	25.931337680221677
-4.415519399249061	25.931306560702005
-4.405506883604506	25.931279228478846
-4.39549436795995	25.931255859143313
-4.385481852315394	25.931236634502437
-4.375469336670839	25.93122172740789
-4.365456821026283	25.931211291478387
-4.355444305381727	25.93120545451197
-4.345431789737171	25.931204314661137
-4.335419274092615	25.93120793865666
-4.32540675844806	25.931216361529668
-4.315394242803505	25.931229587408556
-4.305381727158949	25.931247591065734
-4.295369211514393	25.931270319965844
-4.285356695869837	25.931297696626206
-4.275344180225281	25.931329621146833
-4.265331664580726	25.931365973803604
-4.25531914893617	25.9314066176258
-4.245306633291614	25.93145140090154
-4.235294117647059	25.931500159571122
-4.225281602002504	25.93155271948169
-4.215269086357948	25.93160889848642
-4.2052565707133915	25.93166850837912
-4.1952440550688355	25.931731356660958
-4.18523153942428	25.931797248140377
-4.175219023779725	25.931865986370024
-4.165206508135169	25.93193737492725
-4.155193992490613	25.932011218545995
-4.145181476846057	25.93208732410889
-4.135168961201502	25.93216550150887
-4.1251564455569465	25.93224556439009
-4.11514392991239	25.932327330777756
-4.105131414267834	25.932410623606224
-4.095118898623279	25.932495271154785
-4.085106382978723	25.932581107399667
-4.075093867334168	25.932667972290606
-4.065081351689612	25.932755711960052
-4.055068836045056	25.932844178871868
-4.045056320400501	25.932933231916806
-4.035043804755945	25.933022736460543
-4.025031289111389	25.933112564350555
-4.015018773466833	25.933202593886612
-4.005006257822277	25.933292709760085
-3.994993742177722	25.933382802966243
-3.9849812265331668	25.933472770693605
-3.9749687108886107	25.93356251619392
-3.9649561952440546	25.93365194863595
-3.9549436795994994	25.93374098294603
-3.9449311639549434	25.93382953963788
-3.934918648310388	25.933917544634078
-3.924906132665832	25.934004928436405
-3.914893617021277	25.899952277546095
-3.904881101376721	25.173422211289886
-3.8948685857321648	24.272609998462663
-3.8848560700876096	23.128914474525725
-3.8748435544430535	22.718282157632814
-3.8648310387984983	22.03803995800426
-3.8548185231539422	21.43598156154138
-3.844806007509387	21.769598579517762
-3.834793491864831	22.414635689723738
-3.824780976220275	24.076576877861523
-3.8147684605757197	25.784657785370637
-3.8047559449311636	26.923181732911715
-3.7947434292866085	27.782539848852576
-3.7847309136420524	28.75886605116881
-3.774718397997497	28.917444465376
-3.764705882352941	29.68367008695907
-3.754693366708385	30.2446520562902
-3.74468085106383	30.330956292641105
-3.734668335419274	30.331024615289017
-3.7246558197747186	30.331095369853777
-3.7146433041301625	30.331168666632646
-3.7046307884856065	30.331244622332093
-3.6946182728410513	30.331323360515484
-3.684605757196495	30.331405012086183
-3.67459324155194	30.33148971580962
-3.664580725907384	30.331577618877898
-3.6545682102628287	30.33166887752101
-3.6445556946182727	30.331763657668983
-3.6345431789737166	30.331862135670118
-3.6245306633291614	30.331964499070747
-3.6145181476846053	30.3320709474626
-3.60450563204005	30.332181693405037
-3.594493116395494	30.33229696342955
-3.584480600750939	30.33241699913571
-3.574468085106383	30.33254205838828
-3.5644555694618267	30.332672416626753
-3.5544430538172715	30.332808368300196
-3.5444305381727155	30.332950228441714
-3.5344180225281603	30.333098334399097
-3.524405506883604	30.333253047740904
-3.514392991239049	30.333414756358984
-3.504380475594493	30.33358387679291
-3.494367959949937	30.333760856804677
-3.4843554443053817	30.333946178236687
-3.4743429286608256	30.334140360191494
-3.4643304130162704	30.33434396257765
-3.4543178973717144	30.334557590073175
-3.444305381727159	30.334781896567296
-3.434292866082603	30.335017590150766
-3.424280350438047	30.33526543873748
-3.414267834793492	30.33552627641506
-3.4042553191489358	30.33580101063881
-3.3942428035043806	30.336090630405234
-3.3842302878598245	30.336396215566115
-3.3742177722152693	30.33671894747504
-3.3642052565707132	30.33706012119534
-3.354192740926157	30.337421159543595
-3.344180225281602	30.337803629298524
-3.334167709637046	30.33820925997242
-3.3241551939924907	30.338639965626207
-3.3141426783479346	30.339097870312237
-3.3041301627033794	30.339585337857436
-3.2941176470588234	30.340105006859073
-3.2841051314142673	30.34065983196602
-3.274092615769712	30.341253132770436
-3.264080100125156	30.341888651954367
-3.254067584480601	30.342570624741068
-3.2440550688360448	30.34330386222064
-3.2340425531914896	30.34409385178658
-3.2240300375469335	30.34494687878356
-3.2140175219023774	30.345870174590335
-3.2040050062578223	30.34687209783396
-3.193992490613266	30.347962357371852
-3.183979974968711	30.349152288256633
-3.173967459324155	30.35045519534672
-3.1639549436795997	30.351886783876793
-3.1539424280350437	30.353465702626952
-3.1439299123904876	30.35521423401418
-3.1339173967459324	30.357159177474212
-3.1239048811013763	30.35933298941747
-3.113892365456821	30.36177526713688
-3.103879849812265	30.364534698997854
-3.09386733416771	30.36767165512488
-3.083854818523154	30.37126167217048
-3.0738423028785977	30.375400211942413
-3.0638297872340425	30.380209284119747
-3.0538172715894865	30.38584689433516
-3.0438047559449313	30.392520972899646
-3.033792240300375	30.400510811690808
-3.02377972465582	30.410201868628963
-3.013767209011264	30.422145739828142
-3.003754693366708	30.43716910854168
-2.9937421777221527	30.456576104401595
-2.9837296620775966	30.482509078621177
-2.9737171464330414	30.518612391071674
-2.9637046307884853	30.574201981176042
-2.95369211514393	30.690953694043834
-2.943679599499374	30.934248669926447
-2.933667083854818	31.31932607396526
-2.923654568210263	31.819613882393053
-2.9136420525657067	32.41201217938352
-2.9036295369211516	33.10395651696062
-2.8936170212765955	33.90828081375213
-2.8836045056320403	34.950653292148864
-2.873591989987484	36.21563100097641
-2.863579474342928	37.73278228294413
-2.853566958698373	39.371201544690365
-2.843554443053817	41.16006690649954
-2.8335419274092617	43.06343311709812
-2.8235294117647056	44.83953914559444
-2.8135168961201504	46.50952761273883
-2.8035043804755944	48.18325699479583
-2.7934918648310383	49.91006540429873
-2.783479349186483	51.6884105601954
-2.773466833541927	53.48539232817157
-2.763454317897372	55.2426041572934
-2.7534418022528158	56.75406861926111
-2.7434292866082606	57.989292288793386
-2.7334167709637045	59.03503950277834
-2.7234042553191484	60.04396646851544
-2.7133917396745932	61.03080514565687
-2.703379224030037	61.86950628386811
-2.693366708385482	62.4912462045558
-2.683354192740926	62.97914610413199
-2.6733416770963707	63.467933872479435
-2.6633291614518146	63.9956658936106
-2.6533166458072586	64.46384236692
-2.6433041301627034	64.66565656426125
-2.6332916145181473	64.55756281739745
-2.623279098873592	64.34865052462459
-2.613266583229036	64.0419346537425
-2.603254067584481	63.56482834663247
-2.593241551939925	62.80390749963725
-2.5832290362953687	61.6828859492641
-2.5732165206508135	60.330729181075874
-2.5632040050062574	58.72036635422928
-2.5531914893617023	56.87266929440574
-2.543178973717146	55.04686080974501
-2.533166458072591	53.48057931869539
-2.523153942428035	52.22854330535669
-2.513141426783479	51.1726745954721
-2.5031289111389237	50.253279324537985
-2.4931163954943676	49.38441677102027
-2.4831038798498124	48.494528058493785
-2.4730913642052563	47.615329025319745
-2.463078848560701	46.972762344444924
-2.453066332916145	46.629407055181275
-2.443053817271589	46.56682614139538
-2.433041301627034	46.515233355027526
-2.4230287859824777	46.74590174898782
-2.4130162703379225	47.75038205453504
-2.4030037546933665	49.04813247829237
-2.3929912390488113	49.99190311166542
-2.382978723404255	50.936263080938
-2.372966207759699	52.12678835318162
-2.362953692115144	53.12766496443741
-2.352941176470588	53.912720464796784
-2.3429286608260327	54.48086527897773
-2.3329161451814766	55.2129641322917
-2.3229036295369214	56.016353015631104
-2.3128911138923653	56.95425311853189
-2.3028785982478093	57.87858227225131
-2.292866082603254	58.97637729311554
-2.282853566958698	60.433855265729896
-2.272841051314143	62.150817890159026
-2.2628285356695867	63.91256305775669
-2.2528160200250316	65.60822795415406
-2.2428035043804755	67.18287264209721
-2.2327909887359194	68.69187944422188
-2.2227784730913642	70.18137776935247
-2.212765957446808	71.59162676527875
-2.202753441802253	72.84607834375973
-2.192740926157697	73.82258836018458
-2.1827284105131417	74.52026344568014
-2.1727158948685856	75.03820795458773
-2.1627033792240296	75.49060895909703
-2.1526908635794744	75.79608559428924
-2.1426783479349183	75.92810881658805
-2.132665832290363	75.94776312101506
-2.122653316645807	75.93827868192135
-2.112640801001252	75.85994492766824
-2.1026282853566958	75.78548268415584
-2.0926157697121397	75.77602945664417
-2.0826032540675845	75.81457083525014
-2.0725907384230284	75.86035340453469
-2.0625782227784732	75.86000009935802
-2.052565707133917	75.79017506127053
-2.042553191489362	75.80724877178298
-2.032540675844806	75.94249919168908
-2.02252816020025	76.06017251499719
-2.0125156445556946	76.13466683391212
-2.0025031289111386	76.18205829519601
-1.9924906132665834	76.101352356568
-1.9824780976220273	75.78464129249765
-1.9724655819774712	75.2273003831393
-1.962453066332916	74.50722965167357
-1.95244055068836	73.68049146368041
-1.9424280350438048	72.70943399362288
-1.9324155193992487	71.4854249341785
-1.9224030037546935	69.90464164091544
-1.9123904881101375	68.08538129471735
-1.9023779724655814	66.09842710585303
-1.8923654568210262	63.88849820437388
-1.8823529411764701	61.564169235224576
-1.872340425531915	59.256812426658676
-1.8623279098873589	57.09345732087278
-1.8523153942428037	54.98327527115171
-1.8423028785982476	52.85239516716482
-1.8322903629536915	50.81214926496781
-1.8222778473091363	49.08113927474731
-1.8122653316645803	47.62548143698324
-1.802252816020025	46.41900897252092
-1.792240300375469	45.46005495688839
-1.7822277847309138	44.73584396929081
-1.7722152690863577	44.23686397829055
-1.7622027534418017	43.92555160695847
-1.7521902377972465	43.79331010485746
-1.7421777221526904	43.71439515334742
-1.7321652065081352	43.661662994884075
-1.7221526908635791	43.605573163666634
-1.712140175219024	43.43916110942334
-1.7021276595744679	43.116432904775756
-1.6921151439299118	42.960452730714735
-1.6821026282853566	42.63416467767896
-1.6720901126408005	42.49888442840544
-1.6620775969962454	42.16602842204495
-1.6520650813516893	42.41041098769541
-1.642052565707134	43.18861914962565
-1.632040050062578	44.069056673980334
-1.622027534418022	45.75681567791155
-1.6120150187734668	46.47526185369982
-1.6020025031289107	47.15632893388818
-1.5919899874843555	47.6300504491018
-1.5819774718397994	48.01018621366386
-1.5719649561952442	48.31159411609054
-1.5619524405506882	48.46402789677197
-1.551939924906132	48.52853893445618
-1.541927409261577	48.58486305626682
-1.5319148936170208	48.67596434043165
-1.5219023779724656	48.826484424359315
-1.5118898623279096	49.07409938176472
-1.5018773466833544	49.50392363238834
-1.4918648310387983	50.09783129205544
-1.4818523153942422	50.735078512704426
-1.471839799749687	51.55888594053425
-1.461827284105131	52.691399881821525
-1.4518147684605758	54.1090052676713
-1.4418022528160197	55.68758131716579
-1.4317897371714645	57.28178560087559
-1.4217772215269084	58.86562228827946
-1.4117647058823524	60.50877134139359
-1.4017521902377972	62.2321196339924
-1.391739674593241	63.746796970371996
-1.381727158948686	65.08747949752632
-1.3717146433041298	66.3017058485279
-1.3617021276595747	67.453490487708
-1.3516896120150186	68.5504500024185
-1.3416770963704625	69.6922845980698
-1.3316645807259073	70.75400530775416
-1.3216520650813512	71.61510566148591
-1.311639549436796	72.26922168788748
-1.30162703379224	72.77237870924901
-1.2916145181476848	73.23638350513964
-1.2816020025031287	73.61729707404265
-1.2715894868585726	73.975032373003
-1.2615769712140175	74.29444912964871
-1.2515644555694614	74.45460181213782
-1.2415519399249062	74.54199787216407
-1.2315394242803501	74.72113605297007
-1.221526908635795	74.96305934948366
-1.2115143929912389	75.28309638147009
-1.2015018773466828	75.58987172619953
-1.1914893617021276	75.79824189176767
-1.1814768460575715	75.87354500126128
-1.1714643304130163	75.70267855307571
-1.1614518147684603	75.47171492252168
-1.151439299123905	75.40030273787734
-1.141426783479349	75.38476234649089
-1.131414267834793	75.33753077896512
-1.1214017521902377	75.20385300262706
-1.1113892365456817	75.04920714562157
-1.1013767209011265	74.90661147964776
-1.0913642052565704	74.82030732772012
-1.0813516896120152	74.83558440287455
-1.0713391739674591	75.03280271822169
-1.061326658322903	75.28094914864171
-1.0513141426783479	75.40417154812508
-1.0413016270337918	75.44259672708357
-1.0312891113892366	75.36742375721886
-1.0212765957446805	75.1214322189651
-1.0112640801001254	74.79719521370149
-1.0012515644555693	74.5513391960793
-0.9912390488110132	74.28525887875742
-0.981226533166458	73.86483760400307
-0.971214017521902	73.250228327272
-0.9612015018773468	72.61545226426911
-0.9511889862327907	72.0695226771115
-0.9411764705882355	71.70441799497051
-0.9311639549436794	71.4259380338105
-0.9211514392991234	71.1408084079076
-0.9111389236545682	70.94347843919572
-0.9011264080100121	70.7844875264229
-0.8911138923654569	70.56455596935002
-0.8811013767209008	70.42897092467028
-0.8710888610763456	70.48509036638613
-0.8610763454317896	70.65852445979158
-0.8510638297872335	70.87459468427691
-0.8410513141426783	71.04977446862925
-0.8310387984981222	71.09791840460608
-0.821026282853567	70.91947008290951
-0.811013767209011	70.5369244551046
-0.8010012515644558	70.08966754814575
-0.7909887359198997	69.47332642242961
-0.7809762202753436	68.81610899422067
-0.7709637046307884	68.18922686598846
-0.7609511889862324	67.56715036708411
-0.7509386733416772	67.12648571188866
-0.7409261576971211	66.9321255478496
-0.7309136420525659	66.78657718229613
-0.7209011264080099	66.67630871521634
-0.7108886107634538	66.60276557438314
-0.7008760951188986	66.52382416465476
-0.6908635794743425	66.31281416729102
-0.6808510638297873	65.90477044046708
-0.6708385481852313	65.34566526575887
-0.6608260325406761	64.692793495459
-0.65081351689612	64.04291148500424
-0.6408010012515639	63.32528863473162
-0.6307884856070087	62.515727209301595
-0.6207759699624527	61.60466883294657
-0.6107634543178975	60.61095164428032
-0.6007509386733414	59.66030079568185
-0.5907384230287862	58.90724935223795
-0.5807259073842301	58.39853155475864
-0.5707133917396741	58.10312062625239
-0.5607008760951189	57.920841767469895
-0.5506883604505628	57.792353334049636
-0.5406758448060076	57.54266334078092
-0.5306633291614515	57.08028720945309
-0.5206508135168963	56.4822299801062
-0.5106382978723403	55.83733833166789
-0.5006257822277842	55.270060656774206
-0.490613266583229	54.728449260653164
-0.48060075093867294	54.10458741983303
-0.47058823529411775	53.41136390064973
-0.4605757196495617	52.695242192467376
-0.4505632040050065	52.008896814122636
-0.4405506883604504	51.36536349809323
-0.43053817271589434	50.708598088733304
-0.42052565707133915	50.1072379259123
-0.4105131414267831	49.65497814514567
-0.4005006257822279	49.28824097189853
-0.3904881101376718	48.895312320501716
-0.38047559449311663	48.38192180819171
-0.37046307884856056	47.79129498014912
-0.3604505632040045	47.16479786930001
-0.3504380475594493	46.408414107272144
-0.3404255319148932	45.5710438382852
-0.33041301627033803	44.78514670812173
-0.32040050062578196	44.141020408080145
-0.3103879849812259	43.662786039641006
-0.3003754693366707	43.33563459148421
-0.2903629536921146	43.251158550874266
-0.28035043804755944	43.41078821958048
-0.27033792240300336	43.698442533796616
-0.2603254067584482	44.13067692885552
-0.2503128911138921	44.64284003395405
-0.24030037546933602	45.01793022295402
-0.23028785982478084	45.295182077599684
-0.22027534418022476	45.59365914724386
-0.21026282853566958	45.897146353110024
-0.2002503128911135	46.13195757349973
-0.19023779724655832	46.219178295462925
-0.18022528160200224	46.133684137282835
-0.17021276595744617	45.90779033874037
-0.16020025031289098	45.6293056478401
-0.1501877346683349	45.41259372201488
-0.14017521902377972	45.29432827582033
-0.13016270337922364	45.19264337532192
-0.12015018773466846	45.01853637213424
-0.11013767209011238	44.87850137253627
-0.10012515644555631	44.887190395389524
-0.09011264080100112	44.9239054346726
-0.08010012515644505	44.749733913125326
-0.07008760951188986	44.362268811045105
-0.060075093867333784	43.88904571437683
-0.0500625782227786	43.45858171300461
-0.04005006257822252	43.09809614920299
-0.030037546933666448	42.7458219782146
-0.02002503128911126	42.27827164847073
-0.010012515644555187	41.54929201919779
0.0	40.63955138477183
