-8.0	26.73347558635955
-7.989987484355444	26.635533301072044
-7.979974968710889	26.651839671360253
-7.969962453066333	26.809653902628508
-7.9599499374217775	27.112529974429304
-7.949937421777221	27.544546944479563
-7.939924906132666	28.054143868274558
-7.92991239048811	28.563922968824098
-7.919899874843554	29.0213204364616
-7.909887359198999	29.412546377315316
-7.899874843554443	29.736155958107336
-7.889862327909888	29.98803338023068
-7.8798498122653315	30.15212619635801
-7.869837296620776	30.207735059280928
-7.85982478097622	30.14755468053109
-7.849812265331664	29.983310317719035
-7.839799749687109	29.736331008750923
-7.829787234042553	29.42808228940367
-7.819774718397998	29.089909022666276
-7.809762202753442	28.779329838419805
-7.7997496871088865	28.57538719892893
-7.78973717146433	28.53608779657236
-7.779724655819774	28.667413715841572
-7.769712140175219	28.939963928256443
-7.759699624530663	29.30216143698597
-7.749687108886108	29.691788343443335
-7.739674593241552	30.089998835579365
-7.729662077596997	30.523626438738052
-7.719649561952441	31.01935017001753
-7.7096370463078845	31.5411077448986
-7.699624530663329	32.0568875827366
-7.689612015018773	32.57562319098484
-7.679599499374218	33.107892328458796
-7.669586983729662	33.64823050722326
-7.659574468085107	34.179303507277154
-7.649561952440551	34.69144219369213
-7.639549436795995	35.19028780522858
-7.629536921151439	35.67883295596093
-7.619524405506883	36.13531215429
-7.609511889862328	36.51048714031939
-7.599499374217772	36.757462937487546
-7.589486858573217	36.85756048378439
-7.579474342928661	36.83213796869397
-7.569461827284105	36.730623982151776
-7.55944931163955	36.59152694037447
-7.5494367959949935	36.43310500627089
-7.539424280350438	36.25616078212363
-7.529411764705882	36.04463107772359
-7.519399249061326	35.786222539874004
-7.509386733416771	35.497844800960664
-7.499374217772215	35.21646765960238
-7.48936170212766	34.976953300506395
-7.479349186483104	34.80628502125955
-7.4693366708385485	34.7073459842727
-7.459324155193992	34.65081733083011
-7.449311639549437	34.599364907685434
-7.439299123904881	34.529934506226425
-7.429286608260325	34.425649110297556
-7.41927409261577	34.27222528549358
-7.409261576971214	34.080114087703954
-7.399249061326659	33.88711514524912
-7.3892365456821025	33.72414760933418
-7.3792240300375465	33.59539409060331
-7.369211514392991	33.494186475950144
-7.359198998748435	33.41842667642466
-7.34918648310388	33.374173847103606
-7.339173967459324	33.37308410162851
-7.329161451814769	33.413897452546685
-7.319148936170213	33.472751319966484
-7.3091364205256575	33.52566329278816
-7.299123904881101	33.56081629920641
-7.289111389236545	33.56757544014574
-7.27909887359199	33.53999603331657
-7.269086357947434	33.4914353359544
-7.259073842302879	33.45677412294692
-7.249061326658323	33.48658276798862
-7.239048811013767	33.60841652932429
-7.2290362953692116	33.789553780119306
-7.2190237797246555	33.957896646809424
-7.2090112640801	34.04684987707117
-7.198998748435544	34.02784142134689
-7.188986232790989	33.919881089606186
-7.178973717146433	33.76211624878865
-7.168961201501878	33.57054905754151
-7.158948685857322	33.34580797391651
-7.148936170212766	33.10877525385159
-7.13892365456821	32.90207384869049
-7.128911138923654	32.775394063977366
-7.118898623279099	32.77112707610486
-7.108886107634543	32.88767685954886
-7.098873591989987	33.07206807045305
-7.088861076345432	33.27416057792238
-7.078848560700876	33.4676098993551
-7.068836045056321	33.653487288748074
-7.0588235294117645	33.83536065843352
-7.048811013767209	33.997154589013114
-7.038798498122653	34.13093167504917
-7.028785982478098	34.2535859982186
-7.018773466833542	34.394576266266256
-7.008760951188986	34.573907490429285
-6.998748435544431	34.76689070036304
-6.988735919899875	34.90912496194634
-6.9787234042553195	34.94758620241848
-6.968710888610763	34.87631210499983
-6.958698372966207	34.710271065554934
-6.948685857321652	34.45689794143377
-6.938673341677096	34.09355189575128
-6.928660826032541	33.57328803538376
-6.918648310387985	32.852402667795815
-6.908635794743429	31.9012718102401
-6.8986232790988735	30.731408467075934
-6.888610763454318	29.401334730044564
-6.878598247809762	27.997573505977556
-6.868585732165206	26.589193098785852
-6.858573216520651	25.218962383143545
-6.848560700876095	23.94033443990916
-6.83854818523154	22.81687264196913
-6.828535669586984	21.853446569949323
-6.818523153942428	21.01510669088677
-6.808510638297872	20.268537074282996
-6.798498122653316	19.654363649913993
-6.788485607008761	19.238248397386172
-6.778473091364205	18.93681339573607
-6.768460575719649	18.71314612695186
-6.758448060075094	18.59204922737475
-6.748435544430539	18.52793221592567
-6.7384230287859825	18.57764456761731
-6.7284105131414265	19.037715949533403
-6.718397997496871	19.493975846102767
-6.708385481852315	20.104412383740318
-6.69837296620776	21.177432065260625
-6.688360450563204	22.126816968717385
-6.678347934918648	23.022437509768388
-6.668335419274093	23.71405947928124
-6.658322903629537	24.107288925651922
-6.648310387984981	24.267428958852292
-6.638297872340425	24.394675069862835
-6.628285356695869	24.493010016699966
-6.618272841051314	24.59501814191769
-6.608260325406759	24.756577798423532
-6.598247809762203	24.99895104797143
-6.588235294117647	25.3282192902245
-6.578222778473092	25.728820532721556
-6.5682102628285355	26.16732982529919
-6.55819774718398	26.595890464477318
-6.548185231539424	26.938251675456257
-6.538172715894868	27.19583017357084
-6.528160200250313	27.378102387911014
-6.518147684605757	27.46560643321206
-6.508135168961202	27.440407373209922
-6.498122653316646	27.293375101512023
-6.4881101376720896	27.04051205369884
-6.478097622027534	26.700148805474317
-6.468085106382979	26.274586382554418
-6.458072590738423	25.762597881860724
-6.448060075093867	25.170603218250957
-6.438047559449312	24.50472114686865
-6.428035043804756	23.743081574992306
-6.418022528160201	22.846499048909063
-6.4080100125156445	21.80745834413667
-6.397997496871088	20.57853949639277
-6.387984981226533	19.1927702071774
-6.377972465581977	17.73635483991989
-6.367959949937422	16.256755406617234
-6.357947434292866	14.781361118480318
-6.34793491864831	13.37333324316899
-6.337922403003755	12.266830446291088
-6.3279098873591995	11.436999133209964
-6.317897371714643	10.812966368162543
-6.307884856070087	10.821968653847833
-6.297872340425532	11.384187048424783
-6.287859824780976	12.388647374114093
-6.277847309136421	13.970049647159293
-6.267834793491865	16.596679495530537
-6.257822277847309	19.252436637648692
-6.2478097622027535	21.530759333551874
-6.2377972465581975	23.715167296954952
-6.227784730913642	25.47681260155448
-6.217772215269086	26.907201776362168
-6.20775969962453	27.87351286800045
-6.197747183979975	28.71569638504966
-6.18773466833542	29.62880125611699
-6.177722152690864	30.67993005209933
-6.167709637046308	31.832829804033718
-6.157697121401752	33.036025576619394
-6.147684605757196	34.24459149010075
-6.137672090112641	35.4539981312639
-6.127659574468085	36.66792687743497
-6.117647058823529	37.849218089042445
-6.107634543178974	38.96297431675787
-6.097622027534418	39.98431055143958
-6.0876095118898625	40.8719416243922
-6.0775969962453065	41.61634612127675
-6.06758448060075	42.24506626795348
-6.057571964956195	42.79618847215821
-6.04755944931164	43.29791743550987
-6.037546933667084	43.730204849957055
-6.027534418022528	44.06728029710515
-6.017521902377973	44.315752498171534
-6.007509386733417	44.467700764099035
-5.997496871088861	44.49826179074009
-5.987484355444305	44.424587328780156
-5.977471839799749	44.27966851169281
-5.967459324155194	44.07873636519068
-5.957446808510639	43.83346244804571
-5.947434292866083	43.55291138461922
-5.937421777221527	43.22693988616453
-5.927409261576971	42.82988033204592
-5.9173967459324155	42.36186468232019
-5.90738423028786	41.84644246315235
-5.897371714643304	41.29346197503707
-5.887359198998748	40.6928999891722
-5.877346683354192	40.00075347900359
-5.867334167709637	39.22412077715249
-5.857321652065082	38.43296059294358
-5.847309136420526	37.63508256634232
-5.83729662077597	36.85437057788391
-5.827284105131414	36.18221798932749
-5.817271589486858	35.58287464773692
-5.807259073842303	35.01271874731257
-5.797246558197747	34.490586329616974
-5.787234042553191	34.248950364115
-5.777221526908636	34.33695155977491
-5.767209011264081	34.76189236764353
-5.7571964956195245	35.13525140846219
-5.747183979974968	35.650689932902154
-5.737171464330412	36.2666632897868
-5.727158948685857	36.79943272151298
-5.717146433041302	37.273223443946506
-5.707133917396746	37.721416915026495
-5.69712140175219	38.161606457943115
-5.687108886107635	38.638196170594476
-5.677096370463079	39.2627430449706
-5.667083854818523	40.09720193811447
-5.657071339173967	40.90127683210312
-5.647058823529411	41.50015752441547
-5.637046307884856	41.95220176025511
-5.627033792240301	42.25797309621978
-5.617021276595745	42.43613241134076
-5.607008760951189	42.522747180339145
-5.596996245306633	42.5491086060314
-5.5869837296620775	42.53647507712929
-5.576971214017522	42.494628239434206
-5.566958698372966	42.52984391337977
-5.55694618272841	42.628280337183774
-5.546933667083855	42.72021075032415
-5.536921151439299	42.7731008061107
-5.526908635794744	42.74640865162347
-5.516896120150188	42.66593571960054
-5.5068836045056315	42.57712988238676
-5.496871088861076	42.48889221035442
-5.486858573216521	42.39905030379711
-5.476846057571965	42.29868849783418
-5.466833541927409	42.16522542588465
-5.456821026282853	41.97574941249145
-5.446808510638298	41.68350755747348
-5.4367959949937426	41.32898078337531
-5.4267834793491865	40.930453736092815
-5.41677096370463	40.42890239773509
-5.406758448060075	39.85252678789017
-5.396745932415519	39.23751454799903
-5.386733416770964	38.58165485091243
-5.376720901126408	37.8237904036514
-5.366708385481852	36.95814974102647
-5.356695869837297	36.074240653281926
-5.346683354192741	35.20493303208617
-5.336670838548185	34.33207801982842
-5.326658322903629	33.46548708701356
-5.316645807259073	32.62082165922256
-5.306633291614518	31.797441999209514
-5.296620775969963	30.99132774095585
-5.286608260325407	30.212912022154203
-5.276595744680851	29.492294619181276
-5.2665832290362955	28.883467315776713
-5.256570713391739	28.35655421466457
-5.246558197747184	27.956647671686287
-5.236545682102628	27.655010262474526
-5.226533166458072	27.47633641132609
-5.216520650813517	27.350296919798897
-5.206508135168962	27.283098226152024
-5.196495619524406	27.25000325188288
-5.18648310387985	27.231868644958173
-5.1764705882352935	27.22074337578264
-5.166458072590738	27.21329388564564
-5.156445556946183	27.207983814365733
-5.146433041301627	27.20402416601594
-5.136420525657071	27.200968580709688
-5.126408010012516	27.198544376719674
-5.11639549436796	27.196575045813535
-5.1063829787234045	27.194941282780395
-5.0963704630788484	27.193559753121672
-5.086357947434292	27.192370739272828
-5.076345431789737	27.191330567161458
-5.066332916145182	27.1904067661446
-5.056320400500626	27.189574869421303
-5.04630788485607	27.18881623831696
-5.036295369211514	27.18811654666483
-5.026282853566959	27.187464702710574
-5.016270337922403	27.186852068149417
-5.006257822277847	27.186271883378655
-4.996245306633291	27.185718838686306
-4.986232790988735	27.18518875054164
-4.97622027534418	27.18467831476961
-4.966207759699625	27.18418491674713
-4.956195244055069	27.183706484401853
-4.946182728410513	27.183241373675376
-4.9361702127659575	27.18278827882938
-4.926157697121402	27.182346161907663
-4.916145181476846	27.181914197064003
-4.90613266583229	27.18149172649034
-4.896120150187734	27.18107822543939
-4.886107634543179	27.180673274406036
-4.876095118898624	27.180276536964328
-4.866082603254068	27.179887742085366
-4.8560700876095115	27.179506670016593
-4.8460575719649555	27.179133140997696
-4.8360450563204	27.178767006241653
-4.826032540675845	27.178408140728457
-4.816020025031289	27.178056437451914
-4.806007509386733	27.17771180283343
-4.795994993742178	27.177374153074847
-4.785982478097623	27.177043411267604
-4.7759699624530665	27.176719505111716
-4.76595744680851	27.176402365127434
-4.755944931163954	27.176091923264433
-4.745932415519399	27.17578811183251
-4.735919899874844	27.175490862691717
-4.725907384230288	27.175200106652007
-4.715894868585732	27.174915773041775
-4.705882352941176	27.174637789412
-4.6958698372966206	27.17436608134934
-4.685857321652065	27.174100572376037
-4.675844806007509	27.17384118391856
-4.665832290362953	27.173587835330654
-4.655819774718398	27.17334044395844
-4.645807259073843	27.17309892523791
-4.635794743429287	27.172863192816852
-4.625782227784731	27.172633158694445
-4.615769712140175	27.17240873337339
-4.605757196495619	27.172189826020094
-4.595744680851064	27.171976344629375
-4.585732165206508	27.171768196191003
-4.575719649561952	27.17156528685549
-4.565707133917396	27.17136752209768
-4.555694618272841	27.171174806876458
-4.545682102628286	27.170987045789428
-4.53566958698373	27.170804143222032
-4.5256570713391735	27.170626003490092
-4.515644555694618	27.17045253097534
-4.505632040050063	27.149248977630087
-4.495619524405507	26.896292258470403
-4.485607008760951	26.726231886012197
-4.475594493116395	26.316319645075904
-4.46558197747184	25.679042623864092
-4.4555694618272845	24.79333314987628
-4.4455569461827285	23.552738866393156
-4.435544430538172	22.044488137132884
-4.425531914893616	20.382534242249434
-4.415519399249061	19.49151849982267
-4.405506883604506	18.408768467801586
-4.39549436795995	17.276389423239312
-4.385481852315394	17.067097724989072
-4.375469336670839	16.93348275423165
-4.365456821026283	16.771897917628703
-4.355444305381727	16.778104547232132
-4.345431789737171	16.77825643410469
-4.335419274092615	16.77840889320848
-4.32540675844806	16.795722040501808
-4.315394242803505	16.796051234345637
-4.305381727158949	16.796182271064374
-4.295369211514393	16.79631238343244
-4.285356695869837	16.796441445434496
-4.275344180225281	16.79656932289078
-4.265331664580726	16.79669587289915
-4.25531914893617	16.796820943238405
-4.245306633291614	16.79694437173111
-4.235294117647059	16.797065985564746
-4.225281602002504	16.797185600570163
-4.215269086357948	16.797303020457214
-4.2052565707133915	16.79741803600808
-4.1952440550688355	16.797530424230107
-4.18523153942428	16.797639947471367
-4.175219023779725	16.79774635250411
-4.165206508135169	16.797849369583925
-4.155193992490613	16.797948711495437
-4.145181476846057	16.798044072599684
-4.135168961201502	16.798135127903297
-4.1251564455569465	16.79822153217638
-4.11514392991239	16.798302919154057
-4.105131414267834	16.79837890086685
-4.095118898623279	16.79844906715816
-4.085106382978723	16.798512985462732
-4.075093867334168	16.79857020094017
-4.065081351689612	16.798620237081952
-4.055068836045056	16.79866259694068
-4.045056320400501	16.798696765168437
-4.035043804755945	16.798722211096752
-4.025031289111389	16.79873839314865
-4.015018773466833	16.798744764942963
-4.005006257822277	16.798740783538154
-3.994993742177722	16.79872592036903
-3.9849812265331668	16.798699675560474
-3.9749687108886107	16.79866159646256
-3.9649561952440546	16.798611301448215
-3.9549436795994994	16.798548510255696
-3.9449311639549434	16.79847308245417
-3.934918648310388	16.79838506597354
-3.924906132665832	16.7982847580851
-3.914893617021277	16.79817278176814
-3.904881101376721	16.798050181070913
-3.8948685857321648	16.79791853990819
-3.8848560700876096	16.797780129769677
-3.8748435544430535	16.797638093098488
-3.8648310387984983	16.79749667071375
-3.8548185231539422	16.797361483693287
-3.844806007509387	16.79723988275354
-3.834793491864831	16.797141381578484
-3.824780976220275	16.797078195091196
-3.8147684605757197	16.79706590986117
-3.8047559449311636	16.797124322565775
-3.7947434292866085	16.797278495168815
-3.7847309136420524	16.79756009488387
-3.774718397997497	16.798009117931244
-3.764705882352941	16.798676147880723
-3.754693366708385	16.799625390429732
-3.74468085106383	16.80093889456814
-3.734668335419274	16.802722695385675
-3.7246558197747186	16.80511627247367
-3.7146433041301625	16.808308111210167
-3.7046307884856065	16.81256322530971
-3.6946182728410513	16.818275494558833
-3.684605757196495	16.826073704571918
-3.67459324155194	16.837044150065058
-3.664580725907384	16.853178285648333
-3.6545682102628287	16.878156520353816
-3.6445556946182727	16.92064260091446
-3.6345431789737166	16.99440301281489
-3.6245306633291614	17.101651168770964
-3.6145181476846053	17.253194349221435
-3.60450563204005	17.496109142211996
-3.594493116395494	17.894732915670172
-3.584480600750939	18.373394535541227
-3.574468085106383	18.95319504994856
-3.5644555694618267	19.685414045497698
-3.5544430538172715	20.427777420626104
-3.5444305381727155	21.200855424933923
-3.5344180225281603	22.01594119454855
-3.524405506883604	22.844191752089944
-3.514392991239049	23.648809706114555
-3.504380475594493	24.410537331053735
-3.494367959949937	25.111117666599057
-3.4843554443053817	25.754620948434912
-3.4743429286608256	26.301761794969746
-3.4643304130162704	26.700855578020665
-3.4543178973717144	26.911504879854572
-3.444305381727159	26.923226464802017
-3.434292866082603	26.758912215524692
-3.424280350438047	26.437990143446623
-3.414267834793492	25.975192040080884
-3.4042553191489358	25.36701540526264
-3.3942428035043806	24.63311209058453
-3.3842302878598245	23.825332989431285
-3.3742177722152693	22.93926177853687
-3.3642052565707132	21.987078453991586
-3.354192740926157	21.04156683914789
-3.344180225281602	20.186245588210934
-3.334167709637046	19.39959717722434
-3.3241551939924907	18.639239352058997
-3.3141426783479346	17.955221355892515
-3.3041301627033794	17.37384657509805
-3.2941176470588234	16.870315619182858
-3.2841051314142673	16.53095295445349
-3.274092615769712	16.27245680806856
-3.264080100125156	16.082309945510488
-3.254067584480601	15.928245343011511
-3.2440550688360448	15.844562742512359
-3.2340425531914896	15.798528780915706
-3.2240300375469335	15.769683285563156
-3.2140175219023774	15.748187929308779
-3.2040050062578223	15.730738580372314
-3.193992490613266	15.716137731380307
-3.183979974968711	15.703734791485564
-3.173967459324155	15.693087963325327
-3.1639549436795997	15.683869785267698
-3.1539424280350437	15.675828157718211
-3.1439299123904876	15.668765069127955
-3.1339173967459324	15.662522954643414
-3.1239048811013763	15.65697515235601
-3.113892365456821	15.65201891910192
-3.103879849812265	15.647570201015967
-3.09386733416771	15.643559668436108
-3.083854818523154	15.639929684420537
-3.0738423028785977	15.63663197121127
-3.0638297872340425	15.633625802230382
-3.0538172715894865	15.630876591903455
-3.0438047559449313	15.628354788111436
-3.033792240300375	15.626034996011766
-3.02377972465582	15.623895279700934
-3.013767209011264	15.621916601369024
-3.003754693366708	15.620082367414259
-2.9937421777221527	15.618378058315953
-2.9837296620775966	15.616790924551788
-2.9737171464330414	15.615309734965434
-2.9637046307884853	15.613924567093028
-2.95369211514393	15.612626631304172
-2.943679599499374	15.611408122393627
-2.933667083854818	15.610262093619687
-2.923654568210263	15.609182349226643
-2.9136420525657067	15.608163352292308
-2.9036295369211516	15.607200145363885
-2.8936170212765955	15.606288281831677
-2.8836045056320403	15.605423766370858
-2.873591989987484	15.604603003082838
-2.863579474342928	15.603822750207126
-2.853566958698373	15.60308008046594
-2.843554443053817	15.602372346258592
-2.8335419274092617	15.601715315572697
-2.8235294117647056	15.607259652538682
-2.8135168961201504	15.607014804424786
-2.8035043804755944	15.608957971178556
-2.7934918648310383	15.550366403749225
-2.783479349186483	15.548807100249256
-2.773466833541927	15.642269118081321
-2.763454317897372	15.610699174612284
-2.7534418022528158	15.762495015909964
-2.7434292866082606	15.996098518109822
-2.7334167709637045	16.698213333767157
-2.7234042553191484	17.388412461233724
-2.7133917396745932	18.250079746963294
-2.703379224030037	19.31169974939867
-2.693366708385482	20.01277375416391
-2.683354192740926	21.077889568423252
-2.6733416770963707	21.487219246481832
-2.6633291614518146	22.11862181529853
-2.6533166458072586	22.16234840270408
-2.6433041301627034	22.162921595207006
-2.6332916145181473	22.24339671994626
-2.623279098873592	22.375879122377665
-2.613266583229036	22.375809361339854
-2.603254067584481	22.3757322749041
-2.593241551939925	22.375647761829242
-2.5832290362953687	22.375555244432828
-2.5732165206508135	22.375454134514257
-2.5632040050062574	22.3753438406993
-2.5531914893617023	22.37522377796918
-2.543178973717146	22.375093379857567
-2.533166458072591	22.37495211389854
-2.523153942428035	22.374799501028114
-2.513141426783479	22.374635139786413
-2.5031289111389237	22.374458736340287
-2.4931163954943676	22.374270141553964
-2.4831038798498124	22.374069396584243
-2.4730913642052563	22.373856788773676
-2.463078848560701	22.37363291997006
-2.453066332916145	22.37339878982299
-2.443053817271589	22.37315589711
-2.433041301627034	22.372906362741528
-2.4230287859824777	22.37265307880381
-2.4130162703379225	22.37239988885186
-2.4030037546933665	22.37215180570455
-2.3929912390488113	22.3719152742981
-2.382978723404255	22.371698488869207
-2.372966207759699	22.371511776128575
-2.362953692115144	22.37136805965951
-2.352941176470588	22.371283426486553
-2.3429286608260327	22.371277826382443
-2.3329161451814766	22.37137595130946
-2.3229036295369214	22.371608372484285
-2.3128911138923653	22.372013067137452
-2.3028785982478093	22.372637567395124
-2.292866082603254	22.373542152657524
-2.282853566958698	22.374804881188957
-2.272841051314143	22.37653008082848
-2.2628285356695867	22.37886410509611
-2.2528160200250316	22.382029581616745
-2.2428035043804755	22.38642063868094
-2.2327909887359194	22.392942757929173
-2.2227784730913642	22.40416753638146
-2.212765957446808	22.424501631193746
-2.202753441802253	22.45248270631071
-2.192740926157697	22.4905134326562
-2.1827284105131417	22.552222600053113
-2.1727158948685856	22.6316351106995
-2.1627033792240296	22.74529881725542
-2.1526908635794744	22.894016975060563
-2.1426783479349183	23.089534963643846
-2.132665832290363	23.407463936949
-2.122653316645807	23.88551479225152
-2.112640801001252	24.459983772374745
-2.1026282853566958	25.11460864981905
-2.0926157697121397	25.831049939641623
-2.0826032540675845	26.587820543995736
-2.0725907384230284	27.338346820244293
-2.0625782227784732	28.054610562370378
-2.052565707133917	28.826225293609294
-2.042553191489362	29.69967571114391
-2.032540675844806	30.622351024380443
-2.02252816020025	31.508400129708956
-2.0125156445556946	32.33819479625897
-2.0025031289111386	33.14379476860665
-1.9924906132665834	33.91748844394256
-1.9824780976220273	34.64699785452999
-1.9724655819774712	35.2992289630097
-1.962453066332916	35.842436866555
-1.95244055068836	36.28226138636311
-1.9424280350438048	36.64303135660506
-1.9324155193992487	36.952725757807194
-1.9224030037546935	37.24131833042026
-1.9123904881101375	37.51123502417885
-1.9023779724655814	37.779139354807704
-1.8923654568210262	38.05991180368233
-1.8823529411764701	38.32091613950229
-1.872340425531915	38.514710189119185
-1.8623279098873589	38.63413752008528
-1.8523153942428037	38.734057957989414
-1.8423028785982476	38.87658016470587
-1.8322903629536915	39.10916833048195
-1.8222778473091363	39.40990404900942
-1.8122653316645803	39.72104949196913
-1.802252816020025	40.01716508548823
-1.792240300375469	40.30294274476352
-1.7822277847309138	40.57816863001268
-1.7722152690863577	40.85044512573381
-1.7622027534418017	41.11353453753324
-1.7521902377972465	41.34117380606218
-1.7421777221526904	41.50363197510105
-1.7321652065081352	41.58115764194799
-1.7221526908635791	41.594179440413555
-1.712140175219024	41.58686125177341
-1.7021276595744679	41.61103711147032
-1.6921151439299118	41.65084650187595
-1.6821026282853566	41.65700835557232
-1.6720901126408005	41.64161367078522
-1.6620775969962454	41.64164508308026
-1.6520650813516893	41.65553705627213
-1.642052565707134	41.65311690871061
-1.632040050062578	41.65174958521106
-1.622027534418022	41.67727176658481
-1.6120150187734668	41.71221401557982
-1.6020025031289107	41.724912941429956
-1.5919899874843555	41.67806422360145
-1.5819774718397994	41.545312086874056
-1.5719649561952442	41.30528680862224
-1.5619524405506882	40.95686918120767
-1.551939924906132	40.52143155421283
-1.541927409261577	40.031456187635484
-1.5319148936170208	39.51893504272088
-1.5219023779724656	38.98820887302195
-1.5118898623279096	38.441748195030456
-1.5018773466833544	37.8982480712224
-1.4918648310387983	37.363717292244885
-1.4818523153942422	36.844454534701214
-1.471839799749687	36.410411224999535
-1.461827284105131	36.103392672835895
-1.4518147684605758	35.94264866261767
-1.4418022528160197	36.005277286219695
-1.4317897371714645	36.23534200957792
-1.4217772215269084	36.5790513672258
-1.4117647058823524	36.93587069567491
-1.4017521902377972	37.25450377151926
-1.391739674593241	37.60636113939127
-1.381727158948686	37.97455431892495
-1.3717146433041298	38.276691015369735
-1.3617021276595747	38.497525524464855
-1.3516896120150186	38.66187763790606
-1.3416770963704625	38.76353414734028
-1.3316645807259073	38.79050561540818
-1.3216520650813512	38.75233781861986
-1.311639549436796	38.678098619123475
-1.30162703379224	38.62285849380958
-1.2916145181476848	38.634436627203364
-1.2816020025031287	38.68825537303386
-1.2715894868585726	38.72339680373527
-1.2615769712140175	38.70611399538088
-1.2515644555694614	38.627592156893606
-1.2415519399249062	38.49664615557264
-1.2315394242803501	38.31221516436237
-1.221526908635795	38.04318140833253
-1.2115143929912389	37.67710229866369
-1.2015018773466828	37.21543726221413
-1.1914893617021276	36.67807285804674
-1.1814768460575715	36.05198297227027
-1.1714643304130163	35.317008121387055
-1.1614518147684603	34.52851972188508
-1.151439299123905	33.78317129000731
-1.141426783479349	33.109758827269594
-1.131414267834793	32.45860277447909
-1.1214017521902377	31.750919311865157
-1.1113892365456817	30.915662734073628
-1.1013767209011265	30.11752052830679
-1.0913642052565704	29.451382132951185
-1.0813516896120152	28.81040993619593
-1.0713391739674591	28.181980331242233
-1.061326658322903	27.685912413360377
-1.0513141426783479	27.367577288965304
-1.0413016270337918	27.22745494358231
-1.0312891113892366	27.156822780074243
-1.0212765957446805	27.123084571825636
-1.0112640801001254	27.25194678126437
-1.0012515644555693	27.52810069447711
-0.9912390488110132	27.908726880611326
-0.981226533166458	28.31756603011029
-0.971214017521902	28.658164761396304
-0.9612015018773468	28.946846154551565
-0.9511889862327907	29.24214697168419
-0.9411764705882355	29.526794136204103
-0.9311639549436794	29.735437418694424
-0.9211514392991234	29.830857059289833
-0.9111389236545682	29.825312904235496
-0.9011264080100121	29.764635439036038
-0.8911138923654569	29.653790847126885
-0.8811013767209008	29.43157568767893
-0.8710888610763456	29.08483415986442
-0.8610763454317896	28.663801540059126
-0.8510638297872335	28.177241576742556
-0.8410513141426783	27.632607032718656
-0.8310387984981222	27.00546789674364
-0.821026282853567	26.280890324251136
-0.811013767209011	25.506355355687234
-0.8010012515644558	24.692521355379366
-0.7909887359198997	23.826348876169696
-0.7809762202753436	22.947748830758073
-0.7709637046307884	22.09346304395269
-0.7609511889862324	21.205311713669794
-0.7509386733416772	20.174332251193054
-0.7409261576971211	19.109343962234746
-0.7309136420525659	18.104598156097673
-0.7209011264080099	17.169540052083
-0.7108886107634538	16.149709973857536
-0.7008760951188986	15.424224283745128
-0.6908635794743425	14.78167670606419
-0.6808510638297873	14.145371533567044
-0.6708385481852313	13.534145484071757
-0.6608260325406761	12.930979439737188
-0.65081351689612	12.607787696347746
-0.6408010012515639	12.466147681913416
-0.6307884856070087	12.6369665068126
-0.6207759699624527	13.029187621510479
-0.6107634543178975	13.704722673778384
-0.6007509386733414	14.246359478821448
-0.5907384230287862	14.848183138989393
-0.5807259073842301	15.559564544869323
-0.5707133917396741	16.34694905309687
-0.5607008760951189	17.227860020847814
-0.5506883604505628	17.956057060810267
-0.5406758448060076	18.692175713849892
-0.5306633291614515	19.356212717973573
-0.5206508135168963	19.986226696038504
-0.5106382978723403	20.585707490033904
-0.5006257822277842	21.04987187616211
-0.490613266583229	21.502510326193743
-0.48060075093867294	21.90593960931889
-0.47058823529411775	22.260957419839446
-0.4605757196495617	22.585328333424354
-0.4505632040050065	22.87107205743853
-0.4405506883604504	23.144584946655137
-0.43053817271589434	23.442800259124265
-0.42052565707133915	23.745813492957968
-0.4105131414267831	24.023908016058186
-0.4005006257822279	24.24827772142215
-0.3904881101376718	24.399221275761278
-0.38047559449311663	24.488192916574203
-0.37046307884856056	24.533129600513014
-0.3604505632040045	24.531132186539107
-0.3504380475594493	24.474053320079406
-0.3404255319148932	24.366555802171543
-0.33041301627033803	24.223193091703006
-0.32040050062578196	24.03662941136034
-0.3103879849812259	23.762502444086252
-0.3003754693366707	23.399925291407655
-0.2903629536921146	22.98705615973556
-0.28035043804755944	22.526915864482287
-0.27033792240300336	22.018394427640967
-0.2603254067584482	21.477151347905835
-0.2503128911138921	20.9547688063596
-0.24030037546933602	20.57680188231495
-0.23028785982478084	20.243572487516865
-0.22027534418022476	19.893462004430614
-0.21026282853566958	19.590012110226066
-0.2002503128911135	19.444594577972545
-0.19023779724655832	19.42596535287638
-0.18022528160200224	19.57250187255868
-0.17021276595744617	19.869466713201856
-0.16020025031289098	20.220419052163184
-0.1501877346683349	20.479666524633547
-0.14017521902377972	20.747510046291126
-0.13016270337922364	21.09415054199191
-0.12015018773466846	21.40137530166556
-0.11013767209011238	21.61819877010847
-0.10012515644555631	21.78110826354264
-0.09011264080100112	21.940162711117356
-0.08010012515644505	22.127600727547666
-0.07008760951188986	22.326559359668707
-0.060075093867333784	22.482616588993537
-0.0500625782227786	22.545354476867384
-0.04005006257822252	22.48823112132701
-0.030037546933666448	22.3247266293213
-0.02002503128911126	22.105135151918184
-0.010012515644555187	21.879934852663137
0.0	21.660048193128464
