-8.0	8.192742017308014
-7.989987484355444	8.273479643910784
-7.979974968710889	8.370673860900627
-7.969962453066333	8.476313347089986
-7.9599499374217775	8.570953712545528
-7.949937421777221	8.636558286156474
-7.939924906132666	8.668368063477542
-7.92991239048811	8.678301534009124
-7.919899874843554	8.687683968896375
-7.909887359198999	8.714065918779125
-7.899874843554443	8.761411704286271
-7.889862327909888	8.82032282757614
-7.8798498122653315	8.876282099435537
-7.869837296620776	8.91747427883603
-7.85982478097622	8.93627649606007
-7.849812265331664	8.926679434223262
-7.839799749687109	8.884006073386002
-7.829787234042553	8.808958002970865
-7.819774718397998	8.711201880404102
-7.809762202753442	8.606935924894147
-7.7997496871088865	8.510886958598224
-7.78973717146433	8.429118757082927
-7.779724655819774	8.358904113814798
-7.769712140175219	8.295672580336069
-7.759699624530663	8.239876824657498
-7.749687108886108	8.195987852839211
-7.739674593241552	8.164391653911286
-7.729662077596997	8.136177539229747
-7.719649561952441	8.098740784237323
-7.7096370463078845	8.047882706788583
-7.699624530663329	7.9940892616077495
-7.689612015018773	7.955889124549729
-7.679599499374218	7.944921022035371
-7.669586983729662	7.954109538226934
-7.659574468085107	7.958260490819687
-7.649561952440551	7.92799587591928
-7.639549436795995	7.848110559231363
-7.629536921151439	7.727231411896017
-7.619524405506883	7.591887158830587
-7.609511889862328	7.46999154473286
-7.599499374217772	7.375709574409555
-7.589486858573217	7.305083944210411
-7.579474342928661	7.243873391722058
-7.569461827284105	7.181498867197639
-7.55944931163955	7.120925636786584
-7.5494367959949935	7.076486459834266
-7.539424280350438	7.061043806026273
-7.529411764705882	7.074082541562335
-7.519399249061326	7.102434967392029
-7.509386733416771	7.133136004637086
-7.499374217772215	7.165446579831333
-7.48936170212766	7.210132317352414
-7.479349186483104	7.277687560054569
-7.4693366708385485	7.368207131567352
-7.459324155193992	7.4721836859845565
-7.449311639549437	7.578770839260838
-7.439299123904881	7.681514648584786
-7.429286608260325	7.777824802363078
-7.41927409261577	7.867199141365629
-7.409261576971214	7.952101660284197
-7.399249061326659	8.038091421274887
-7.3892365456821025	8.129418267840828
-7.3792240300375465	8.223649165111539
-7.369211514392991	8.311474168459492
-7.359198998748435	8.381437477484125
-7.34918648310388	8.424537742346363
-7.339173967459324	8.436895029006294
-7.329161451814769	8.422381884233982
-7.319148936170213	8.39447491599041
-7.3091364205256575	8.373015481046522
-7.299123904881101	8.37452091779449
-7.289111389236545	8.401601314359722
-7.27909887359199	8.439644128566265
-7.269086357947434	8.464350237503647
-7.259073842302879	8.456324098372512
-7.249061326658323	8.41394526531115
-7.239048811013767	8.355784079259903
-7.2290362953692116	8.309903551215646
-7.2190237797246555	8.296829907820987
-7.2090112640801	8.317631289505096
-7.198998748435544	8.353316151577129
-7.188986232790989	8.37316257054955
-7.178973717146433	8.346939429901157
-7.168961201501878	8.257664626247179
-7.158948685857322	8.110556606991997
-7.148936170212766	7.932075041840523
-7.13892365456821	7.757542747449681
-7.128911138923654	7.614662878411211
-7.118898623279099	7.513102786081105
-7.108886107634543	7.444017350446611
-7.098873591989987	7.386235064106893
-7.088861076345432	7.3152967053709865
-7.078848560700876	7.2142397835511085
-7.068836045056321	7.083542870949892
-7.0588235294117645	6.9432630799243995
-7.048811013767209	6.822056253462354
-7.038798498122653	6.738187701003041
-7.028785982478098	6.686914360002369
-7.018773466833542	6.6451570537337945
-7.008760951188986	6.589553193689508
-6.998748435544431	6.512135521600636
-6.988735919899875	6.4210245113267685
-6.9787234042553195	6.328086540424664
-6.968710888610763	6.236609213391746
-6.958698372966207	6.13958949156142
-6.948685857321652	6.027385059706039
-6.938673341677096	5.895067863482052
-6.928660826032541	5.742876297725639
-6.918648310387985	5.572598512416151
-6.908635794743429	5.386459508795357
-6.8986232790988735	5.18937000051073
-6.888610763454318	4.989477745913484
-6.878598247809762	4.794348141424646
-6.868585732165206	4.606504118378609
-6.858573216520651	4.423199474961351
-6.848560700876095	4.240540881697106
-6.83854818523154	4.057925331713687
-6.828535669586984	3.878982740433244
-6.818523153942428	3.708569924922349
-6.808510638297872	3.548797838686564
-6.798498122653316	3.3974073795455655
-6.788485607008761	3.2485888770768585
-6.778473091364205	3.0939659353783164
-6.768460575719649	2.923511952011692
-6.758448060075094	2.728858500768546
-6.748435544430539	2.5091220001407746
-6.7384230287859825	2.2745158713705447
-6.7284105131414265	2.0432599088980696
-6.718397997496871	1.8334424766325315
-6.708385481852315	1.656151117643906
-6.69837296620776	1.514373733451532
-6.688360450563204	1.4068392673977017
-6.678347934918648	1.3326009181995777
-6.668335419274093	1.2927833600094025
-6.658322903629537	1.288979423520977
-6.648310387984981	1.320487890787673
-6.638297872340425	1.382834883445004
-6.628285356695869	1.468281498537783
-6.618272841051314	1.5676775053315364
-6.608260325406759	1.672909660953969
-6.598247809762203	1.7790406153400797
-6.588235294117647	1.885023821779063
-6.578222778473092	1.9928752411936597
-6.5682102628285355	2.1063982152223346
-6.55819774718398	2.2299157545775232
-6.548185231539424	2.366200105449047
-6.538172715894868	2.5137178606299218
-6.528160200250313	2.665390626269016
-6.518147684605757	2.8106735698225664
-6.508135168961202	2.9397491792470327
-6.498122653316646	3.046748765561196
-6.4881101376720896	3.1301934469939128
-6.478097622027534	3.1914199526898592
-6.468085106382979	3.233051444599461
-6.458072590738423	3.258832324591909
-6.448060075093867	3.2741212096145325
-6.438047559449312	3.284872764369472
-6.428035043804756	3.294013638493526
-6.418022528160201	3.297302398925115
-6.4080100125156445	3.2827354655945093
-6.397997496871088	3.2356129959286744
-6.387984981226533	3.14666762437448
-6.377972465581977	3.0174569031837835
-6.367959949937422	2.859061001172865
-6.357947434292866	2.685883412465812
-6.34793491864831	2.5103171505676753
-6.337922403003755	2.341830588068942
-6.3279098873591995	2.188338697763732
-6.317897371714643	2.055586340598689
-6.307884856070087	1.9441138539954395
-6.297872340425532	1.847800766953262
-6.287859824780976	1.7570702179918465
-6.277847309136421	1.6649136003573852
-6.267834793491865	1.5710633181012208
-6.257822277847309	1.481616644970613
-6.2478097622027535	1.405351882733273
-6.2377972465581975	1.3500416271360391
-6.227784730913642	1.321012190881884
-6.217772215269086	1.3214780696221726
-6.20775969962453	1.3525809607534458
-6.197747183979975	1.4120935290511456
-6.18773466833542	1.4928068884540209
-6.177722152690864	1.5824003383575378
-6.167709637046308	1.6661823339873902
-6.157697121401752	1.7331002384587149
-6.147684605757196	1.7828143573473911
-6.137672090112641	1.8283966136528305
-6.127659574468085	1.8901904601379678
-6.117647058823529	1.9832071678792276
-6.107634543178974	2.1066148591253073
-6.097622027534418	2.2424843401903156
-6.0876095118898625	2.363943342270985
-6.0775969962453065	2.447455244622266
-6.06758448060075	2.483035460631544
-6.057571964956195	2.477805465464769
-6.04755944931164	2.451213543193122
-6.037546933667084	2.42486108372437
-6.027534418022528	2.4134809239102166
-6.017521902377973	2.4218969206341896
-6.007509386733417	2.447029130220733
-5.997496871088861	2.4809466865604097
-5.987484355444305	2.5132673696704564
-5.977471839799749	2.5338725081268794
-5.967459324155194	2.5359326803715403
-5.957446808510639	2.5174554795593984
-5.947434292866083	2.480504585988638
-5.937421777221527	2.4292227133929174
-5.927409261576971	2.3679903094595836
-5.9173967459324155	2.3002308191377683
-5.90738423028786	2.228252586016846
-5.897371714643304	2.1544428415583097
-5.887359198998748	2.0829626935719925
-5.877346683354192	2.0199294821152267
-5.867334167709637	1.9709356819218578
-5.857321652065082	1.9372910378763524
-5.847309136420526	1.9138444616976658
-5.83729662077597	1.890233972509021
-5.827284105131414	1.855320784194507
-5.817271589486858	1.8028121795896834
-5.807259073842303	1.7349926899057873
-5.797246558197747	1.6619538090063117
-5.787234042553191	1.596316542976915
-5.777221526908636	1.5464357245518334
-5.767209011264081	1.5121317011541016
-5.7571964956195245	1.4855409506880115
-5.747183979974968	1.456461403284633
-5.737171464330412	1.418508335579143
-5.727158948685857	1.3722679296576836
-5.717146433041302	1.3246291143517643
-5.707133917396746	1.2858658081844094
-5.69712140175219	1.2654847914171863
-5.687108886107635	1.2671376381683777
-5.677096370463079	1.28491126624961
-5.667083854818523	1.305165516409234
-5.657071339173967	1.3148268952409121
-5.647058823529411	1.3103620476554636
-5.637046307884856	1.2996366730153988
-5.627033792240301	1.2952103650599356
-5.617021276595745	1.3056234851533424
-5.607008760951189	1.3321351449747922
-5.596996245306633	1.372046060715038
-5.5869837296620775	1.4234727888782077
-5.576971214017522	1.4860306559667298
-5.566958698372966	1.5568848579221115
-5.55694618272841	1.6270199448746472
-5.546933667083855	1.6831455277092968
-5.536921151439299	1.7154735620884476
-5.526908635794744	1.7253856553645885
-5.516896120150188	1.7259882810698561
-5.5068836045056315	1.734216039657419
-5.496871088861076	1.76041120583131
-5.486858573216521	1.8033601536721908
-5.476846057571965	1.853762561877198
-5.466833541927409	1.9019814694673365
-5.456821026282853	1.943304645120941
-5.446808510638298	1.9775763175534267
-5.4367959949937426	2.005617464244044
-5.4267834793491865	2.0269045516839523
-5.41677096370463	2.040317054449598
-5.406758448060075	2.0460561689637142
-5.396745932415519	2.0462108583415213
-5.386733416770964	2.0437494475965834
-5.376720901126408	2.041275027958164
-5.366708385481852	2.0400471326388505
-5.356695869837297	2.0390244859131044
-5.346683354192741	2.0347920197203866
-5.336670838548185	2.0235675236878627
-5.326658322903629	2.003808457288607
-5.316645807259073	1.9760356473588276
-5.306633291614518	1.9398914085528787
-5.296620775969963	1.8932527046923977
-5.286608260325407	1.8362817148578687
-5.276595744680851	1.7757713434189835
-5.2665832290362955	1.7227502844111793
-5.256570713391739	1.6837529453702766
-5.246558197747184	1.6544351296863178
-5.236545682102628	1.6225135620270723
-5.226533166458072	1.5769364798825825
-5.216520650813517	1.5138125527982815
-5.206508135168962	1.4345588301774457
-5.196495619524406	1.341408439045692
-5.18648310387985	1.237185377853126
-5.1764705882352935	1.128431296765015
-5.166458072590738	1.0252843235803972
-5.156445556946183	0.9359854072324982
-5.146433041301627	0.8615178834657243
-5.136420525657071	0.7959730055372728
-5.126408010012516	0.7316772362801058
-5.11639549436796	0.6640253020989612
-5.1063829787234045	0.5929956028526135
-5.0963704630788484	0.5219400084935808
-5.086357947434292	0.45526212412068634
-5.076345431789737	0.39598147429690495
-5.066332916145182	0.3441475130439846
-5.056320400500626	0.29720550683440744
-5.04630788485607	0.2522968667166153
-5.036295369211514	0.2087046995259502
-5.026282853566959	0.16834060288845565
-5.016270337922403	0.13396558414217372
-5.006257822277847	0.1069166536526726
-4.996245306633291	0.08632884534717869
-4.986232790988735	0.07016792127837546
-4.97622027534418	0.05672846190150674
-4.966207759699625	0.0452342146107384
-4.956195244055069	0.03547867864302748
-4.946182728410513	0.027374080099265567
-4.9361702127659575	0.020903252006122745
-4.926157697121402	0.016149385618882083
-4.916145181476846	0.013045352877782372
-4.90613266583229	0.011094396449155799
-4.896120150187734	0.009507311928953653
-4.886107634543179	0.0076918185237746855
-4.876095118898624	0.0055876086938041365
-4.866082603254068	0.0035432444225920114
-4.8560700876095115	0.0019348281523313552
-4.8460575719649555	0.0009042393095988192
-4.8360450563204	0.000360707364027133
-4.826032540675845	0.0001226733950213104
-4.816020025031289	3.555090085464965e-05
-4.806007509386733	8.777306620477392e-06
-4.795994993742178	1.8460423080464993e-06
-4.785982478097623	3.3073045749174504e-07
-4.7759699624530665	5.047209368335032e-08
-4.76595744680851	6.560995939544207e-09
-4.755944931163954	7.264874678579503e-10
-4.745932415519399	6.852133030523954e-11
-4.735919899874844	5.505065407182414e-12
-4.725907384230288	3.767368529621386e-13
-4.715894868585732	2.1961024879350935e-14
-4.705882352941176	1.090450503055153e-15
-4.6958698372966206	4.612094063997685e-17
-4.685857321652065	1.661610381770892e-18
-4.675844806007509	5.099165150066082e-20
-4.665832290362953	1.3329313985964957e-21
-4.655819774718398	2.9679416456424685e-23
-4.645807259073843	5.6291361921103e-25
-4.635794743429287	9.094252192283991e-27
-4.625782227784731	1.251500621339648e-28
-4.615769712140175	1.4670130748290631e-30
-4.605757196495619	1.4647912544619522e-32
-4.595744680851064	1.2458229614909536e-34
-4.585732165206508	9.025593351959617e-37
-4.575719649561952	5.569728590987976e-39
-4.565707133917396	2.9277308028666155e-41
-4.555694618272841	1.3108925339589646e-43
-4.545682102628286	4.9996761807257035e-46
-4.53566958698373	1.624259825262012e-48
-4.5256570713391735	4.4947751076098413e-51
-4.515644555694618	1.059495875533576e-53
-4.505632040050063	2.1273032941358735e-56
-4.495619524405507	3.6382990550752966e-59
-4.485607008760951	5.300370320932283e-62
-4.475594493116395	6.577379073289829e-65
-4.46558197747184	6.952457932975182e-68
-4.4555694618272845	6.259832407814637e-71
-4.4455569461827285	4.800935611349083e-74
-4.435544430538172	3.1363743645376704e-77
-4.425531914893616	1.745294613609953e-80
-4.415519399249061	8.272722185414976e-84
-4.405506883604506	3.3401576914160587e-87
-4.39549436795995	1.1487468674055048e-90
-4.385481852315394	3.36527491629626e-94
-4.375469336670839	8.431330434661362e-98
-4.365456821026283	1.50193452284717e-96
-4.355444305381727	5.698152400482995e-93
-4.345431789737171	1.841563140109856e-89
-4.335419274092615	5.069978898718123e-86
-4.32540675844806	1.1890376339327674e-82
-4.315394242803505	2.3755172323607124e-79
-4.305381727158949	4.042941521779047e-76
-4.295369211514393	5.861615660884641e-73
-4.285356695869837	7.239726071336439e-70
-4.275344180225281	7.617572409470007e-67
-4.265331664580726	6.828195253589827e-64
-4.25531914893617	5.214298595225924e-61
-4.245306633291614	3.3922886632323455e-58
-4.235294117647059	1.8801979580519125e-55
-4.225281602002504	8.878423099766817e-53
-4.215269086357948	3.571888848214101e-50
-4.2052565707133915	1.2243315176893936e-47
-4.1952440550688355	3.57560183113768e-45
-4.18523153942428	8.897321458364235e-43
-4.175219023779725	1.8864332056310954e-40
-4.165206508135169	3.4080717278441937e-38
-4.155193992490613	5.2465702388217315e-36
-4.145181476846057	6.882676441571089e-34
-4.135168961201502	7.694339458422998e-32
-4.1251564455569465	7.330540573387709e-30
-4.11514392991239	5.952117714746334e-28
-4.105131414267834	4.119076197883135e-26
-4.095118898623279	2.4296562309355982e-24
-4.085106382978723	1.2216098574544655e-22
-4.075093867334168	5.235899175220264e-21
-4.065081351689612	1.9131634222519548e-19
-4.055068836045056	5.960036866133045e-18
-4.045056320400501	1.5831406865257796e-16
-4.035043804755945	3.5859619338276044e-15
-4.025031289111389	6.927151875219948e-14
-4.015018773466833	1.1413549659705437e-12
-4.005006257822277	1.6042308296087676e-11
-3.994993742177722	1.9238370255512465e-10
-3.9849812265331668	1.968868484329544e-09
-3.9749687108886107	1.7199933170748492e-08
-3.9649561952440546	1.2830545110817257e-07
-3.9549436795994994	8.176427130011647e-07
-3.9449311639549434	4.453872266292662e-06
-3.934918648310388	2.0754559779568766e-05
-3.924906132665832	8.282554945584621e-05
-3.914893617021277	0.00028349382380657635
-3.904881101376721	0.0008339840519365025
-3.8948685857321648	0.0021147863956384135
-3.8848560700876096	0.0046410773631928364
-3.8748435544430535	0.008864026012643307
-3.8648310387984983	0.014845967290101963
-3.8548185231539422	0.022028841462353763
-3.844806007509387	0.02934699221383919
-3.834793491864831	0.035684625144465215
-3.824780976220275	0.04035773601593119
-3.8147684605757197	0.043278745885402946
-3.8047559449311636	0.04478233561873493
-3.7947434292866085	0.04539612720007015
-3.7847309136420524	0.045815288851243245
-3.774718397997497	0.04704699863636868
-3.764705882352941	0.05045716817218255
-3.754693366708385	0.05755108069549224
-3.74468085106383	0.06967346852011433
-3.734668335419274	0.08796186557346157
-3.7246558197747186	0.1135113813178232
-3.7146433041301625	0.1472538301193338
-3.7046307884856065	0.1893037720723806
-3.6946182728410513	0.2383533620508748
-3.684605757196495	0.29200524593377625
-3.67459324155194	0.3481902164950853
-3.664580725907384	0.4068151055223441
-3.6545682102628287	0.47046891387261214
-3.6445556946182727	0.5434709774633736
-3.6345431789737166	0.6294205334933576
-3.6245306633291614	0.7284355045619326
-3.6145181476846053	0.8360199011118256
-3.60450563204005	0.945108909924832
-3.594493116395494	1.0507100098456816
-3.584480600750939	1.1537731787895034
-3.574468085106383	1.2603633679773563
-3.5644555694618267	1.3758176601571175
-3.5544430538172715	1.4989350920187574
-3.5444305381727155	1.6224206527995053
-3.5344180225281603	1.7399876256427576
-3.524405506883604	1.8532738129223214
-3.514392991239049	1.971443594272069
-3.504380475594493	2.1034243091133993
-3.494367959949937	2.2492629750790822
-3.4843554443053817	2.3973756221172775
-3.4743429286608256	2.529921655893568
-3.4643304130162704	2.6329089241290173
-3.4543178973717144	2.7038845199913255
-3.444305381727159	2.7513141666103538
-3.434292866082603	2.786414686539955
-3.424280350438047	2.814600908670494
-3.414267834793492	2.833395825985773
-3.4042553191489358	2.837459706069472
-3.3942428035043806	2.8257492324939912
-3.3842302878598245	2.8048104146326307
-3.3742177722152693	2.7852078645195637
-3.3642052565707132	2.772985522593728
-3.354192740926157	2.762473836675135
-3.344180225281602	2.7371982333198654
-3.334167709637046	2.6798872658823627
-3.3241551939924907	2.5843314505301853
-3.3141426783479346	2.4594168427013012
-3.3041301627033794	2.322643462324071
-3.2941176470588234	2.1897806080720676
-3.2841051314142673	2.069025556765056
-3.274092615769712	1.961526312083237
-3.264080100125156	1.864057016195989
-3.254067584480601	1.7702519961108545
-3.2440550688360448	1.6712552580011877
-3.2340425531914896	1.558402351666062
-3.2240300375469335	1.427846797967421
-3.2140175219023774	1.2837843403561071
-3.2040050062578223	1.1370688238449285
-3.193992490613266	0.9995079558537525
-3.183979974968711	0.8778648272511554
-3.173967459324155	0.7721752957854577
-3.1639549436795997	0.6793554107610164
-3.1539424280350437	0.5982097636322642
-3.1439299123904876	0.5308221224596924
-3.1339173967459324	0.47931083203629143
-3.1239048811013763	0.44173745409653553
-3.113892365456821	0.4114424373277905
-3.103879849812265	0.3802966295512689
-3.09386733416771	0.3428766662120232
-3.083854818523154	0.29857575299443156
-3.0738423028785977	0.2509028233853004
-3.0638297872340425	0.2049902803099343
-3.0538172715894865	0.16486162172315785
-3.0438047559449313	0.13188131706352776
-3.033792240300375	0.1050814498993064
-3.02377972465582	0.08273984495487878
-3.013767209011264	0.06371270138749444
-3.003754693366708	0.04761793118807696
-2.9937421777221527	0.034322144911489015
-2.9837296620775966	0.02365129622690948
-2.9737171464330414	0.015519255126290802
-2.9637046307884853	0.010007320275751337
-2.95369211514393	0.007123170634331868
-2.943679599499374	0.006465620674825193
-2.933667083854818	0.0071304222186362445
-2.923654568210263	0.007966370358358427
-2.9136420525657067	0.008043633201349846
-2.9036295369211516	0.007040519133370704
-2.8936170212765955	0.005275512834895841
-2.8836045056320403	0.003371902044194978
-2.873591989987484	0.0018365226043813268
-2.863579474342928	0.0008521283167489033
-2.853566958698373	0.0003367954809972544
-2.843554443053817	0.00011338881622862331
-2.8335419274092617	3.251727311990196e-05
-2.8235294117647056	7.943230475518943e-06
-2.8135168961201504	1.6527955514732343e-06
-2.8035043804755944	2.9294087208961404e-07
-2.7934918648310383	4.422620257137475e-08
-2.783479349186483	5.6874576037920335e-09
-2.773466833541927	6.230107396016874e-10
-2.763454317897372	5.813152725649708e-11
-2.7534418022528158	4.620263789062006e-12
-2.7434292866082606	3.1279561017251195e-13
-2.7334167709637045	1.8038206979333585e-14
-2.7234042553191484	8.860636517650285e-16
-2.7133917396745932	3.7074501082456896e-17
-2.703379224030037	1.3213703220788686e-18
-2.693366708385482	4.0115537921233744e-20
-2.683354192740926	1.0373839651468397e-21
-2.6733416770963707	2.2851003682899213e-23
-2.6633291614518146	4.287556658023412e-25
-2.6533166458072586	6.852925171772073e-27
-2.6433041301627034	1.2539496321251478e-28
-2.6332916145181473	2.4529153267404062e-27
-2.623279098873592	1.5949610432674538e-25
-2.613266583229036	8.837879831460223e-24
-2.603254067584481	4.1714321365360184e-22
-2.593241551939925	1.6771096613190107e-20
-2.5832290362953687	5.743507028684987e-19
-2.5732165206508135	1.675454557217013e-17
-2.5632040050062574	4.1632125546436174e-16
-2.5531914893617023	8.811827906945453e-15
-2.543178973717146	1.5887174885986863e-13
-2.533166458072591	2.439908369281715e-12
-2.523153942428035	3.1919156210754836e-11
-2.513141426783479	3.557037704948051e-10
-2.5031289111389237	3.376745451212757e-09
-2.4931163954943676	2.7308872920697588e-08
-2.4831038798498124	1.881668784828177e-07
-2.4730913642052563	1.1047938918078612e-06
-2.463078848560701	5.528760655336588e-06
-2.453066332916145	2.359228193147886e-05
-2.443053817271589	8.590712500898564e-05
-2.433041301627034	0.00026727706457882396
-2.4230287859824777	0.00071209389585654
-2.4130162703379225	0.001631009254570294
-2.4030037546933665	0.0032336974246568325
-2.3929912390488113	0.005615788511043145
-2.382978723404255	0.008711295424184147
-2.372966207759699	0.01242796866949256
-2.362953692115144	0.016902246696461967
-2.352941176470588	0.022593416104354825
-2.3429286608260327	0.029995617849459384
-2.3329161451814766	0.03912612031113832
-2.3229036295369214	0.049264712233815774
-2.3128911138923653	0.059281151554271314
-2.3028785982478093	0.06837156096816717
-2.292866082603254	0.07665140741178914
-2.282853566958698	0.08527526183888584
-2.272841051314143	0.09634294311561892
-2.2628285356695867	0.1129603193363035
-2.2528160200250316	0.13909820634897874
-2.2428035043804755	0.17832266593632967
-2.2327909887359194	0.23133327208710738
-2.2227784730913642	0.29410683196463605
-2.212765957446808	0.3590338489969474
-2.202753441802253	0.41926070946876753
-2.192740926157697	0.47322069966351893
-2.1827284105131417	0.5256343288312584
-2.1727158948685856	0.5842563400736972
-2.1627033792240296	0.6552509517094128
-2.1526908635794744	0.7405324090250647
-2.1426783479349183	0.8378989467951762
-2.132665832290363	0.942729163725557
-2.122653316645807	1.05013483748252
-2.112640801001252	1.1570488741593286
-2.1026282853566958	1.2633115757594966
-2.0926157697121397	1.370801780527721
-2.0826032540675845	1.4812965013736996
-2.0725907384230284	1.59518434025515
-2.0625782227784732	1.7120569983961869
-2.052565707133917	1.8316057941291328
-2.042553191489362	1.9526536092612705
-2.032540675844806	2.070929728922841
-2.02252816020025	2.179046170847953
-2.0125156445556946	2.2705679482256396
-2.0025031289111386	2.3449370594996255
-1.9924906132665834	2.4077391735293765
-1.9824780976220273	2.465150480336135
-1.9724655819774712	2.517920963347303
-1.962453066332916	2.5614015163575106
-1.95244055068836	2.59212624894821
-1.9424280350438048	2.614379631525555
-1.9324155193992487	2.6395466765224667
-1.9224030037546935	2.6778773221888548
-1.9123904881101375	2.7298111426725775
-1.9023779724655814	2.784621749750609
-1.8923654568210262	2.8274015898606084
-1.8823529411764701	2.848367237837729
-1.872340425531915	2.8477731089468827
-1.8623279098873589	2.834485910335685
-1.8523153942428037	2.8207024113372166
-1.8423028785982476	2.8164937529095986
-1.8322903629536915	2.826924543233366
-1.8222778473091363	2.8523471067233546
-1.8122653316645803	2.8900009949387577
-1.802252816020025	2.934739585787611
-1.792240300375469	2.979201991654769
-1.7822277847309138	3.0155369180407994
-1.7722152690863577	3.038890253316949
-1.7622027534418017	3.0495708263752217
-1.7521902377972465	3.051026716468695
-1.7421777221526904	3.0452693562895665
-1.7321652065081352	3.0307758826171938
-1.7221526908635791	3.005320161668257
-1.712140175219024	2.9704989493634772
-1.7021276595744679	2.9330336926780554
-1.6921151439299118	2.90178144300841
-1.6821026282853566	2.883476212463874
-1.6720901126408005	2.880399892755597
-1.6620775969962454	2.890661652827344
-1.6520650813516893	2.90969494311278
-1.642052565707134	2.931542171124311
-1.632040050062578	2.949881315782925
-1.622027534418022	2.9595552852555276
-1.6120150187734668	2.958563530326761
-1.6020025031289107	2.9493527140662494
-1.5919899874843555	2.938171517541769
-1.5819774718397994	2.9320331108021174
-1.5719649561952442	2.934177845702747
-1.5619524405506882	2.9407744759928853
-1.551939924906132	2.9421839399319762
-1.541927409261577	2.9291010195959766
-1.5319148936170208	2.8988423048364464
-1.5219023779724656	2.855856733555111
-1.5118898623279096	2.8062179740197717
-1.5018773466833544	2.752596009552886
-1.4918648310387983	2.695407379167936
-1.4818523153942422	2.6380802120130404
-1.471839799749687	2.5893606651285843
-1.461827284105131	2.559047405944927
-1.4518147684605758	2.550451685703528
-1.4418022528160197	2.555840661256521
-1.4317897371714645	2.558882519139335
-1.4217772215269084	2.543554865105465
-1.4117647058823524	2.504619676027758
-1.4017521902377972	2.452769544581396
-1.391739674593241	2.409921850581675
-1.381727158948686	2.3964657223202375
-1.3717146433041298	2.4185238594944103
-1.3617021276595747	2.46421474729444
-1.3516896120150186	2.5117271952606384
-1.3416770963704625	2.5433238697713874
-1.3316645807259073	2.555440137920882
-1.3216520650813512	2.558558372849524
-1.311639549436796	2.567911921046692
-1.30162703379224	2.5920533055148387
-1.2916145181476848	2.627390860592976
-1.2816020025031287	2.6619555786550286
-1.2715894868585726	2.6842898923007987
-1.2615769712140175	2.6901612267203725
-1.2515644555694614	2.683545646887348
-1.2415519399249062	2.673806276328986
-1.2315394242803501	2.6719138200304355
-1.221526908635795	2.685934390635209
-1.2115143929912389	2.7158294211077108
-1.2015018773466828	2.751043714561927
-1.1914893617021276	2.7750915092480257
-1.1814768460575715	2.7753542732654646
-1.1714643304130163	2.749970679148687
-1.1614518147684603	2.706104779029507
-1.151439299123905	2.6529632354199983
-1.141426783479349	2.5973027918239024
-1.131414267834793	2.5441272951836353
-1.1214017521902377	2.498737853476699
-1.1113892365456817	2.466254447653475
-1.1013767209011265	2.4489161513379463
-1.0913642052565704	2.4436467020723396
-1.0813516896120152	2.4416335397915523
-1.0713391739674591	2.4306090030397995
-1.061326658322903	2.3995277016440357
-1.0513141426783479	2.3436479659684166
-1.0413016270337918	2.267151538739149
-1.0312891113892366	2.1819719567396576
-1.0212765957446805	2.10374404339671
-1.0112640801001254	2.046521382438114
-1.0012515644555693	2.018123538241824
-0.9912390488110132	2.0186467581785683
-0.981226533166458	2.043508196767246
-0.971214017521902	2.0886147432081135
-0.9612015018773468	2.1531765565700134
-0.9511889862327907	2.238279923721808
-0.9411764705882355	2.342924898932251
-0.9311639549436794	2.459941941430908
-0.9211514392991234	2.5740940441139584
-0.9111389236545682	2.6657012099093818
-0.9011264080100121	2.721068831740823
-0.8911138923654569	2.7433519437592553
-0.8811013767209008	2.752572253698524
-0.8710888610763456	2.771355915589274
-0.8610763454317896	2.8081088938406578
-0.8510638297872335	2.853757651344355
-0.8410513141426783	2.894651489341852
-0.8310387984981222	2.9274855465329654
-0.821026282853567	2.9608190013174944
-0.811013767209011	3.00238783780602
-0.8010012515644558	3.0458960506931647
-0.7909887359198997	3.0712448687239586
-0.7809762202753436	3.0586398739070626
-0.7709637046307884	3.0031306582895327
-0.7609511889862324	2.9161695320742673
-0.7509386733416772	2.8147541873749486
-0.7409261576971211	2.710708927849921
-0.7309136420525659	2.6093294118553763
-0.7209011264080099	2.513898039019773
-0.7108886107634538	2.4270317086851687
-0.7008760951188986	2.346873661414778
-0.6908635794743425	2.264733004646831
-0.6808510638297873	2.169441206816049
-0.6708385481852313	2.0551439199109502
-0.6608260325406761	1.9250735315632355
-0.65081351689612	1.7885282169207337
-0.6408010012515639	1.6549098930919715
-0.6307884856070087	1.5299394271201199
-0.6207759699624527	1.4157718063040827
-0.6107634543178975	1.3134480705910772
-0.6007509386733414	1.2252047155240613
-0.5907384230287862	1.1550629253983182
-0.5807259073842301	1.1077285878072904
-0.5707133917396741	1.0868463239057473
-0.5607008760951189	1.0932956616854939
-0.5506883604505628	1.1236732083954768
-0.5406758448060076	1.1698559182362014
-0.5306633291614515	1.221385557832693
-0.5206508135168963	1.2709312808546767
-0.5106382978723403	1.3198144206505775
-0.5006257822277842	1.3790208582461554
-0.490613266583229	1.4635242778788846
-0.48060075093867294	1.5825648403185701
-0.47058823529411775	1.7321259799999613
-0.4605757196495617	1.8953646502860362
-0.4505632040050065	2.0516739578942333
-0.4405506883604504	2.18832083872584
-0.43053817271589434	2.306169818503728
-0.42052565707133915	2.416277703676751
-0.4105131414267831	2.5318753589279983
-0.4005006257822279	2.6617463506506236
-0.3904881101376718	2.8063984109241513
-0.38047559449311663	2.9560970875984234
-0.37046307884856056	3.0924567428542966
-0.3604505632040045	3.195860384774257
-0.3504380475594493	3.2555612951441515
-0.3404255319148932	3.2746135358553436
-0.33041301627033803	3.2654358346986188
-0.32040050062578196	3.2408390272843257
-0.3103879849812259	3.209294375592895
-0.3003754693366707	3.1773727969706145
-0.2903629536921146	3.1536045195402056
-0.28035043804755944	3.146591486791695
-0.27033792240300336	3.157304818073833
-0.2603254067584482	3.172849554600175
-0.2503128911138921	3.1689505705393177
-0.24030037546933602	3.121570703108439
-0.23028785982478084	3.020740774824952
-0.22027534418022476	2.877440026715716
-0.21026282853566958	2.7186873950752948
-0.2002503128911135	2.5740764114095063
-0.19023779724655832	2.462958335183266
-0.18022528160200224	2.390208754807611
-0.17021276595744617	2.350816837834208
-0.16020025031289098	2.336787203499381
-0.1501877346683349	2.340662018026622
-0.14017521902377972	2.3562869589997297
-0.13016270337922364	2.3806092933632943
-0.12015018773466846	2.416323610416384
-0.11013767209011238	2.470702016841116
-0.10012515644555631	2.5490365297287236
-0.09011264080100112	2.648655174752265
-0.08010012515644505	2.7604586822703325
-0.07008760951188986	2.876475552092883
-0.060075093867333784	2.9943347203166777
-0.0500625782227786	3.112869564074852
-0.04005006257822252	3.2240961020158885
-0.030037546933666448	3.312520861925404
-0.02002503128911126	3.3652354733739798
-0.010012515644555187	3.383153841660122
0.0	3.3810292614045347
