-8.0	1.7575447923944532
-7.989987484355444	1.7504028771046738
-7.979974968710889	1.7440153180492755
-7.969962453066333	1.736858485736875
-7.9599499374217775	1.7322959866833996
-7.949937421777221	1.7395984040196668
-7.939924906132666	1.7690555636820229
-7.92991239048811	1.824994511655385
-7.919899874843554	1.9034476022075661
-7.909887359198999	1.997099895672046
-7.899874843554443	2.1027670778260945
-7.889862327909888	2.2241520821016953
-7.8798498122653315	2.3678052376071133
-7.869837296620776	2.5368326430107935
-7.85982478097622	2.7279530548646633
-7.849812265331664	2.9336495999095566
-7.839799749687109	3.1473300008692053
-7.829787234042553	3.3675484274646625
-7.819774718397998	3.5975675773434035
-7.809762202753442	3.8401392979646887
-7.7997496871088865	4.092543422263658
-7.78973717146433	4.347229720049356
-7.779724655819774	4.596999710733102
-7.769712140175219	4.838240422873035
-7.759699624530663	5.068450090971361
-7.749687108886108	5.281632122980258
-7.739674593241552	5.4679201241637685
-7.729662077596997	5.619107254784897
-7.719649561952441	5.7351801406111615
-7.7096370463078845	5.825203640304335
-7.699624530663329	5.900699149777815
-7.689612015018773	5.967006905163864
-7.679599499374218	6.020839024901426
-7.669586983729662	6.056444737381004
-7.659574468085107	6.0739796435685145
-7.649561952440551	6.081645192379516
-7.639549436795995	6.0899386221938085
-7.629536921151439	6.103958818738149
-7.619524405506883	6.1207721482184
-7.609511889862328	6.1337792456206826
-7.599499374217772	6.139934809363538
-7.589486858573217	6.1433044276401825
-7.579474342928661	6.151866667588772
-7.569461827284105	6.171054262590802
-7.55944931163955	6.20077090742291
-7.5494367959949935	6.238794011880891
-7.539424280350438	6.286652853486863
-7.529411764705882	6.351497535853235
-7.519399249061326	6.441214187841634
-7.509386733416771	6.5560692125250775
-7.499374217772215	6.6837431824115665
-7.48936170212766	6.8031440276737225
-7.479349186483104	6.895742820871624
-7.4693366708385485	6.955997018897791
-7.459324155193992	6.992529436485051
-7.449311639549437	7.020277585593813
-7.439299123904881	7.051360539810341
-7.429286608260325	7.090904444220669
-7.41927409261577	7.1376839096232905
-7.409261576971214	7.186786698645134
-7.399249061326659	7.232908269865655
-7.3892365456821025	7.273002795220856
-7.3792240300375465	7.3059438735122875
-7.369211514392991	7.329112329345981
-7.359198998748435	7.33594439045778
-7.34918648310388	7.317845635749498
-7.339173967459324	7.2686178762000075
-7.329161451814769	7.186954859628151
-7.319148936170213	7.075268701180744
-7.3091364205256575	6.936476576648808
-7.299123904881101	6.771182571484239
-7.289111389236545	6.577042362392567
-7.27909887359199	6.351001201301854
-7.269086357947434	6.093314983732642
-7.259073842302879	5.810593388515226
-7.249061326658323	5.51522959634531
-7.239048811013767	5.220950175283076
-7.2290362953692116	4.9371401118634495
-7.2190237797246555	4.665715479462414
-7.2090112640801	4.402855301708626
-7.198998748435544	4.144968827650362
-7.188986232790989	3.895488734210768
-7.178973717146433	3.6678865657038457
-7.168961201501878	3.4817946332239904
-7.158948685857322	3.353283925375194
-7.148936170212766	3.2851128501628444
-7.13892365456821	3.264143699896821
-7.128911138923654	3.26841419600287
-7.118898623279099	3.2784576475975284
-7.108886107634543	3.2837678600476954
-7.098873591989987	3.2800323951809185
-7.088861076345432	3.2617070321681805
-7.078848560700876	3.218783651746968
-7.068836045056321	3.141777238240239
-7.0588235294117645	3.0301686036457376
-7.048811013767209	2.8961341026207164
-7.038798498122653	2.760204894692007
-7.028785982478098	2.642355534786133
-7.018773466833542	2.5543946847704175
-7.008760951188986	2.4972873716637474
-6.998748435544431	2.46355246033344
-6.988735919899875	2.4423733156002685
-6.9787234042553195	2.4244809767564774
-6.968710888610763	2.4051491097094666
-6.958698372966207	2.3849328683193787
-6.948685857321652	2.3678358962851984
-6.938673341677096	2.3572299884022416
-6.928660826032541	2.352228834384671
-6.918648310387985	2.3478351789582113
-6.908635794743429	2.338369537787508
-6.8986232790988735	2.320176022370517
-6.888610763454318	2.2919309066073494
-6.878598247809762	2.255079380197569
-6.868585732165206	2.215377391115197
-6.858573216520651	2.181750011449745
-6.848560700876095	2.1599289739446323
-6.83854818523154	2.1455005763466097
-6.828535669586984	2.12394341454704
-6.818523153942428	2.0792969549065825
-6.808510638297872	2.0048677366502337
-6.798498122653316	1.906928678462941
-6.788485607008761	1.7977447517172653
-6.778473091364205	1.6836678453072775
-6.768460575719649	1.5593569463279295
-6.758448060075094	1.4138617236829416
-6.748435544430539	1.2427542307077089
-6.7384230287859825	1.055245112129608
-6.7284105131414265	0.8713254907470241
-6.718397997496871	0.7131600558328639
-6.708385481852315	0.5977769719493367
-6.69837296620776	0.5345717787779822
-6.688360450563204	0.5268534058867081
-6.678347934918648	0.5747818296374606
-6.668335419274093	0.677333651570064
-6.658322903629537	0.8323981739480437
-6.648310387984981	1.0356499909011365
-6.638297872340425	1.2792748705569095
-6.628285356695869	1.5510754368210369
-6.618272841051314	1.8344720589742942
-6.608260325406759	2.1105895632641984
-6.598247809762203	2.3627255475043607
-6.588235294117647	2.5804844564643976
-6.578222778473092	2.759818763531165
-6.5682102628285355	2.8992820420927363
-6.55819774718398	2.997520825428335
-6.548185231539424	3.055536887013633
-6.538172715894868	3.081017469546545
-6.528160200250313	3.089412008736797
-6.518147684605757	3.100421257506566
-6.508135168961202	3.132984601322038
-6.498122653316646	3.2010471875236184
-6.4881101376720896	3.3091086399429814
-6.478097622027534	3.4472045409984666
-6.468085106382979	3.5895429218877517
-6.458072590738423	3.7019917185411098
-6.448060075093867	3.756658247837507
-6.438047559449312	3.7438472989185816
-6.428035043804756	3.6729384815208803
-6.418022528160201	3.563375997581394
-6.4080100125156445	3.4338599279197055
-6.397997496871088	3.2956825732089063
-6.387984981226533	3.1506802922969426
-6.377972465581977	2.9928515312249804
-6.367959949937422	2.8140017865461524
-6.357947434292866	2.6123435887231867
-6.34793491864831	2.399057767923198
-6.337922403003755	2.197112014116481
-6.3279098873591995	2.0319249344528627
-6.317897371714643	1.9203921819544254
-6.307884856070087	1.8663821348143674
-6.297872340425532	1.8652257329243949
-6.287859824780976	1.9123611648211498
-6.277847309136421	2.008823480495087
-6.267834793491865	2.160098125584013
-6.257822277847309	2.370723364725926
-6.2478097622027535	2.639449750213242
-6.2377972465581975	2.9573221983901483
-6.227784730913642	3.3078689150858795
-6.217772215269086	3.6687192300063876
-6.20775969962453	4.0154782453695175
-6.197747183979975	4.3273706816553235
-6.18773466833542	4.591179880521092
-6.177722152690864	4.800108753957105
-6.167709637046308	4.948344278691683
-6.157697121401752	5.026470068045845
-6.147684605757196	5.023176832749448
-6.137672090112641	4.933566568425196
-6.127659574468085	4.76732169780027
-6.117647058823529	4.54849699820668
-6.107634543178974	4.3058051651238065
-6.097622027534418	4.061121110065566
-6.0876095118898625	3.825162381478875
-6.0775969962453065	3.602365385894924
-6.06758448060075	3.3993439636086995
-6.057571964956195	3.2293605678486115
-6.04755944931164	3.109443417192242
-6.037546933667084	3.0528603915439243
-6.027534418022528	3.062429459050158
-6.017521902377973	3.128433762008582
-6.007509386733417	3.2319495735058608
-5.997496871088861	3.3523921074254335
-5.987484355444305	3.476184979937795
-5.977471839799749	3.6018634240004377
-5.967459324155194	3.7378718601246588
-5.957446808510639	3.8933214529105933
-5.947434292866083	4.066805700732809
-5.937421777221527	4.240947203699621
-5.927409261576971	4.387841708262826
-5.9173967459324155	4.482873196055872
-5.90738423028786	4.516851703367011
-5.897371714643304	4.4966138679175085
-5.887359198998748	4.4338294780115435
-5.877346683354192	4.332861775754269
-5.867334167709637	4.189645334330844
-5.857321652065082	4.00200478772351
-5.847309136420526	3.7793548345154586
-5.83729662077597	3.540432854527609
-5.827284105131414	3.3007477267798846
-5.817271589486858	3.061910228702676
-5.807259073842303	2.812589751309605
-5.797246558197747	2.540049870812411
-5.787234042553191	2.242911122588746
-5.777221526908636	1.935577271435473
-5.767209011264081	1.6413586158745594
-5.7571964956195245	1.3797893624190807
-5.747183979974968	1.1576558157045678
-5.737171464330412	0.9693765397351768
-5.727158948685857	0.8044186887003129
-5.717146433041302	0.6550196429839777
-5.707133917396746	0.5194129169852281
-5.69712140175219	0.40027063507608435
-5.687108886107635	0.30092393115191474
-5.677096370463079	0.22223756717059626
-5.667083854818523	0.16180466904399163
-5.657071339173967	0.11538783707950184
-5.647058823529411	0.07914331761720417
-5.637046307884856	0.050923208463341814
-5.627033792240301	0.029986124215231728
-5.617021276595745	0.015835177128980676
-5.607008760951189	0.007388563061595219
-5.596996245306633	0.003014734590721347
-5.5869837296620775	0.0010681958954867712
-5.576971214017522	0.00032712012994194655
-5.566958698372966	8.629951448637993e-05
-5.55694618272841	1.9569059935518654e-05
-5.546933667083855	3.807929700069684e-06
-5.536921151439299	6.351114025018939e-07
-5.526908635794744	9.071211446493379e-08
-5.516896120150188	1.1087556650225453e-08
-5.5068836045056315	1.15911055630874e-09
-5.496871088861076	1.0359544255379484e-10
-5.486858573216521	7.912700714258954e-12
-5.476846057571965	5.163493123299066e-13
-5.466833541927409	2.8779474420328736e-14
-5.456821026282853	1.3697556649438562e-15
-5.446808510638298	5.56591911441642e-17
-5.4367959949937426	1.9305740577855342e-18
-5.4267834793491865	5.715077169173545e-20
-5.41677096370463	1.4437127339152592e-21
-5.406758448060075	3.111754033194797e-23
-5.396745932415519	5.7219387050544095e-25
-5.386733416770964	8.975251191372128e-27
-5.376720901126408	1.2008017635367443e-28
-5.366708385481852	1.3701765892345822e-30
-5.356695869837297	1.3332898532549514e-32
-5.346683354192741	1.106319228117703e-34
-5.336670838548185	7.827296217303775e-37
-5.326658322903629	4.721591052082034e-39
-5.316645807259073	2.4281876159992747e-41
-5.306633291614518	1.0645530508205883e-43
-5.296620775969963	3.978499443189024e-46
-5.286608260325407	1.2674055612061067e-48
-5.276595744680851	3.44140008073812e-51
-5.2665832290362955	7.964496773521085e-54
-5.256570713391739	1.5709662057570457e-56
-5.246558197747184	2.6408493070317117e-59
-5.236545682102628	3.783317426890331e-62
-5.226533166458072	4.618910144920423e-65
-5.216520650813517	4.805405208489385e-68
-5.206508135168962	4.260214054772594e-71
-5.196495619524406	3.2183386880764447e-74
-5.18648310387985	2.0716664055940535e-77
-5.1764705882352935	1.1362797083333428e-80
-5.166458072590738	5.310291234688307e-84
-5.156445556946183	2.114511575876986e-87
-5.146433041301627	7.173845691113528e-91
-5.136420525657071	2.0736545520007891e-94
-5.126408010012516	5.106883160730301e-98
-5.11639549436796	1.0715286600194745e-101
-5.1063829787234045	1.915462757407107e-105
-5.0963704630788484	2.9171570901875613e-109
-5.086357947434292	3.7849194888833165e-113
-5.076345431789737	4.183686386915684e-117
-5.066332916145182	3.939694284145841e-121
-5.056320400500626	3.160548469955838e-125
-5.04630788485607	2.1600053951622843e-129
-5.036295369211514	1.25758071212719e-133
-5.026282853566959	6.237377376124018e-138
-5.016270337922403	2.6354210646150805e-142
-5.006257822277847	9.485861823859106e-147
-4.996245306633291	2.9085700626331567e-151
-4.986232790988735	7.597235426388742e-156
-4.97622027534418	1.690450705100658e-160
-4.966207759699625	3.2041883216800055e-165
-4.956195244055069	5.173685649890043e-170
-4.946182728410513	7.116174027669266e-175
-4.9361702127659575	8.337882608635411e-180
-4.926157697121402	8.321967020133392e-185
-4.916145181476846	7.075475437788895e-190
-4.90613266583229	5.1244023919604585e-195
-4.896120150187734	3.161458054463047e-200
-4.886107634543179	1.6614487976001367e-205
-4.876095118898624	7.437734400513277e-211
-4.866082603254068	2.8362691871612463e-216
-4.8560700876095115	9.213110784624477e-222
-4.8460575719649555	2.5492725276212544e-227
-4.8360450563204	6.008644241675797e-233
-4.826032540675845	1.2063856397449151e-238
-4.816020025031289	2.0632151403543184e-244
-4.806007509386733	3.005736210690134e-250
-4.795994993742178	3.729963236030977e-256
-4.785982478097623	3.94280207466906e-262
-4.7759699624530665	3.550189853918941e-268
-4.76595744680851	2.72297614752805e-274
-4.755944931163954	1.7790217949976742e-280
-4.745932415519399	9.900643536324842e-287
-4.735919899874844	4.693425051990999e-293
-4.725907384230288	1.8952227871081553e-299
-4.715894868585732	6.518898387545599e-306
-4.705882352941176	1.90999125698e-312
-4.6958698372966206	4.76684e-319
-4.685857321652065	0.0
-4.675844806007509	0.0
-4.665832290362953	0.0
-4.655819774718398	0.0
-4.645807259073843	0.0
-4.635794743429287	0.0
-4.625782227784731	0.0
-4.615769712140175	0.0
-4.605757196495619	0.0
-4.595744680851064	0.0
-4.585732165206508	0.0
-4.575719649561952	0.0
-4.565707133917396	0.0
-4.555694618272841	2.5e-323
-4.545682102628286	1.0096323e-316
-4.53566958698373	3.82336861394734e-310
-4.5256570713391735	1.2332978006075599e-303
-4.515644555694618	3.38866457159436e-297
-4.505632040050063	7.931001757464588e-291
-4.495619524405507	1.5811255218724867e-284
-4.485607008760951	2.684995057419222e-278
-4.475594493116395	3.883823373542414e-272
-4.46558197747184	4.785356422493649e-266
-4.4555694618272845	5.022361261535236e-260
-4.4455569461827285	4.489939049940647e-254
-4.435544430538172	3.419099830224482e-248
-4.425531914893616	2.217797839786011e-242
-4.415519399249061	1.2253805133025975e-236
-4.405506883604506	5.76711779422115e-231
-4.39549436795995	2.3119876679848385e-225
-4.385481852315394	7.89498016642259e-220
-4.375469336670839	2.2964416356281516e-214
-4.365456821026283	5.689821211927314e-209
-4.355444305381727	1.200827614967946e-203
-4.345431789737171	2.158746031290893e-198
-4.335419274092615	3.305683549351657e-193
-4.32540675844806	4.311812227900419e-188
-4.315394242803505	4.790680876329844e-183
-4.305381727158949	4.533916139923018e-178
-4.295369211514393	3.655009946376922e-173
-4.285356695869837	2.5098194594048877e-168
-4.275344180225281	1.4680310464664555e-163
-4.265331664580726	7.314200100566059e-159
-4.25531914893617	3.104111222441458e-154
-4.245306633291614	1.1221387238409706e-149
-4.235294117647059	3.455370847942634e-145
-4.225281602002504	9.063201169108893e-141
-4.215269086357948	2.0249178775371273e-136
-4.2052565707133915	3.853648062912918e-132
-4.1952440550688355	6.247057824253523e-128
-4.18523153942428	8.626166635704896e-124
-4.175219023779725	1.0146096839381e-119
-4.165206508135169	1.016527205677693e-115
-4.155193992490613	8.67516721041378e-112
-4.145181476846057	6.3063133944628795e-108
-4.135168961201502	3.9049195764319766e-104
-4.1251564455569465	2.0596218533442264e-100
-4.11514392991239	9.253408738472763e-97
-4.105131414267834	3.5412359509469533e-93
-4.095118898623279	1.1543748453980045e-89
-4.085106382978723	3.2053667448937516e-86
-4.075093867334168	7.581366561767698e-83
-4.065081351689612	1.5274119318756622e-79
-4.055068836045056	2.6212219857671203e-76
-4.045056320400501	3.831690280558094e-73
-4.035043804755945	4.77107241520435e-70
-4.025031289111389	5.0603515879290684e-67
-4.015018773466833	4.571771595145734e-64
-4.005006257822277	3.5182573793738436e-61
-3.994993742177722	2.306269588389434e-58
-3.9849812265331668	1.2877515946382736e-55
-3.9749687108886107	6.1248282282274695e-53
-3.9649561952440546	2.481394599921216e-50
-3.9549436795994994	8.563242928118557e-48
-3.9449311639549434	2.5172233504153905e-45
-3.934918648310388	6.3029957363825485e-43
-3.924906132665832	1.3443582040839454e-40
-3.914893617021277	2.4424572920195964e-38
-3.904881101376721	3.779937454453456e-36
-3.8948685857321648	4.982991191366576e-34
-3.8848560700876096	5.595596947317463e-32
-3.8748435544430535	5.352509010718603e-30
-3.8648310387984983	4.361422913207567e-28
-3.8548185231539422	3.027370685615921e-26
-3.844806007509387	1.7901053931710605e-24
-3.834793491864831	9.017353531659116e-23
-3.824780976220275	3.869749222656577e-21
-3.8147684605757197	1.4148505587869022e-19
-3.8047559449311636	4.407474530718558e-18
-3.7947434292866085	1.169921688651519e-16
-3.7847309136420524	2.6464231914001393e-15
-3.774718397997497	5.102231970315465e-14
-3.764705882352941	8.38575374343649e-13
-3.754693366708385	1.1752038554788875e-11
-3.74468085106383	1.404800862421642e-10
-3.734668335419274	1.4329478444593613e-09
-3.7246558197747186	1.2479505449170722e-08
-3.7146433041301625	9.285820764559489e-08
-3.7046307884856065	5.908626951734263e-07
-3.6946182728410513	3.218724481902308e-06
-3.684605757196495	1.503204747978484e-05
-3.67459324155194	6.028830964478225e-05
-3.664580725907384	0.00020807963279018273
-3.6545682102628287	0.0006195709377573908
-3.6445556946182727	0.001596344700835487
-3.6345431789737166	0.0035723948322081743
-3.6245306633291614	0.006977658481421755
-3.6145181476846053	0.011977070575081964
-3.60450563204005	0.018252323035115293
-3.594493116395494	0.025082839972705856
-3.584480600750939	0.031800619834677225
-3.574468085106383	0.03831927094898047
-3.5644555694618267	0.045289854463931724
-3.5544430538172715	0.053782311999576456
-3.5444305381727155	0.06488512887809679
-3.5344180225281603	0.07969973725560255
-3.524405506883604	0.09985994116223698
-3.514392991239049	0.12827777329480913
-3.504380475594493	0.16938739543874468
-3.494367959949937	0.227938227966873
-3.4843554443053817	0.3062534511588441
-3.4743429286608256	0.4019515470601927
-3.4643304130162704	0.5091611007063186
-3.4543178973717144	0.6236913857228406
-3.444305381727159	0.747966934831344
-3.434292866082603	0.8901175947500147
-3.424280350438047	1.056346295221455
-3.414267834793492	1.2426421186243584
-3.4042553191489358	1.4338046214143294
-3.3942428035043806	1.6117582448312806
-3.3842302878598245	1.766495338033361
-3.3742177722152693	1.9003582783342896
-3.3642052565707132	2.022703037234734
-3.354192740926157	2.1406717630517726
-3.344180225281602	2.2540267408200942
-3.334167709637046	2.3569430458643037
-3.3241551939924907	2.4439162913243666
-3.3141426783479346	2.5150901400565724
-3.3041301627033794	2.577485979613834
-3.2941176470588234	2.64142437627429
-3.2841051314142673	2.7150713946291116
-3.274092615769712	2.8012430055701416
-3.264080100125156	2.8971885402397115
-3.254067584480601	2.9947009322729072
-3.2440550688360448	3.080013371141321
-3.2340425531914896	3.1368181808056135
-3.2240300375469335	3.153564534648306
-3.2140175219023774	3.1296601578130567
-3.2040050062578223	3.074276006753224
-3.193992490613266	2.9988610009788337
-3.183979974968711	2.9108351516809843
-3.173967459324155	2.8132491864085014
-3.1639549436795997	2.707809008236465
-3.1539424280350437	2.596238144064169
-3.1439299123904876	2.479329767760507
-3.1339173967459324	2.3570929455395913
-3.1239048811013763	2.2314494396714535
-3.113892365456821	2.1080054605489704
-3.103879849812265	1.9929079359740358
-3.09386733416771	1.8865919983581387
-3.083854818523154	1.781312323966289
-3.0738423028785977	1.6663017075435795
-3.0638297872340425	1.5360737555961868
-3.0538172715894865	1.394012413642374
-3.0438047559449313	1.2487265344509761
-3.033792240300375	1.1076038296768755
-3.02377972465582	0.9731972778519908
-3.013767209011264	0.8441732748185096
-3.003754693366708	0.7186448788128785
-2.9937421777221527	0.5968322992089458
-2.9837296620775966	0.4816174807406204
-2.9737171464330414	0.37750396933560965
-2.9637046307884853	0.2891035176957893
-2.95369211514393	0.21972190525278407
-2.943679599499374	0.17023270388101966
-2.933667083854818	0.13872379406750196
-2.923654568210263	0.12148986412642675
-2.9136420525657067	0.11510793204282076
-2.9036295369211516	0.11828048421832098
-2.8936170212765955	0.13209414336660813
-2.8836045056320403	0.15853636101451932
-2.873591989987484	0.19851392553819933
-2.863579474342928	0.2509215286604905
-2.853566958698373	0.31323592068289163
-2.843554443053817	0.38291810464367393
-2.8335419274092617	0.4588794303435559
-2.8235294117647056	0.5428353177531013
-2.8135168961201504	0.640129364570772
-2.8035043804755944	0.7588842961411071
-2.7934918648310383	0.9067348664696343
-2.783479349186483	1.0861495855068313
-2.773466833541927	1.2909877994926369
-2.763454317897372	1.507097283639932
-2.7534418022528158	1.717782866495337
-2.7434292866082606	1.9113371823049692
-2.7334167709637045	2.0854788974651433
-2.7234042553191484	2.2459740506904162
-2.7133917396745932	2.4020806929361047
-2.703379224030037	2.5629028725029404
-2.693366708385482	2.73452798180802
-2.683354192740926	2.9156245714632996
-2.6733416770963707	3.0939876317779333
-2.6633291614518146	3.250506838231762
-2.6533166458072586	3.3709454229104643
-2.6433041301627034	3.4556182386747776
-2.6332916145181473	3.5169600315906338
-2.623279098873592	3.5669059893525694
-2.613266583229036	3.606114945152534
-2.603254067584481	3.624361396288209
-2.593241551939925	3.610110879659721
-2.5832290362953687	3.559407414658065
-2.5732165206508135	3.4765177947530823
-2.5632040050062574	3.3677204599442754
-2.5531914893617023	3.2356725844228738
-2.543178973717146	3.0793734825223202
-2.533166458072591	2.8980588595353636
-2.523153942428035	2.6943756771583987
-2.513141426783479	2.474806977774204
-2.5031289111389237	2.2486939208339667
-2.4931163954943676	2.027084584420756
-2.4831038798498124	1.820421160924166
-2.4730913642052563	1.63428894063765
-2.463078848560701	1.4659482690242343
-2.453066332916145	1.3061110159983385
-2.443053817271589	1.1463369274624458
-2.433041301627034	0.9863220919802351
-2.4230287859824777	0.8346871091312831
-2.4130162703379225	0.7027402971625744
-2.4030037546933665	0.5966038494960545
-2.3929912390488113	0.5135278571305976
-2.382978723404255	0.44419378802254383
-2.372966207759699	0.3786189900330505
-2.362953692115144	0.31153619352340867
-2.352941176470588	0.24409078031901182
-2.3429286608260327	0.18146419214989945
-2.3329161451814766	0.12877010155492047
-2.3229036295369214	0.08825523937695504
-2.3128911138923653	0.059132811730653954
-2.3028785982478093	0.039126462884730616
-2.292866082603254	0.02597429727709906
-2.282853566958698	0.01792520390457121
-2.272841051314143	0.013465347574320111
-2.2628285356695867	0.01105368869243469
-2.2528160200250316	0.00930794929716894
-2.2428035043804755	0.00741820096883836
-2.2327909887359194	0.005296623454233795
-2.2227784730913642	0.0032942386186651067
-2.212765957446808	0.0017621587697770945
-2.202753441802253	0.000806264197175398
-2.192740926157697	0.00031479424932865047
-2.1827284105131417	0.00010477383578276494
-2.1727158948685856	2.971428089748801e-05
-2.1627033792240296	7.179284678605959e-06
-2.1526908635794744	1.4776259112776971e-06
-2.1426783479349183	2.590593584159514e-07
-2.132665832290363	3.868819918507176e-08
-2.122653316645807	4.921517988172554e-09
-2.112640801001252	5.332852713479901e-10
-2.1026282853566958	4.922202053173378e-11
-2.0926157697121397	3.8698875575142185e-12
-2.0826032540675845	2.5916490694373663e-13
-2.0725907384230284	1.478403307133051e-14
-2.0625782227784732	7.183705428102127e-16
-2.052565707133917	2.9733289099064323e-17
-2.042553191489362	1.0482774280330338e-18
-2.032540675844806	3.148098816385143e-20
-2.02252816020025	8.053030006400107e-22
-2.0125156445556946	1.7547252188046014e-23
-2.0025031289111386	3.2568500031909465e-25
-1.9924906132665834	5.1490277882203035e-27
-1.9824780976220273	6.934123188722771e-29
-1.9724655819774712	7.954203705595848e-31
-1.962453066332916	7.77214159222779e-33
-1.95244055068836	6.468797225719305e-35
-1.9424280350438048	4.586117846969166e-37
-1.9324155193992487	2.7695277551424354e-39
-1.9224030037546935	1.4246397971559777e-41
-1.9123904881101375	6.242280231024603e-44
-1.9023779724655814	2.3298088426972715e-46
-1.8923654568210262	7.406894453551397e-49
-1.8823529411764701	2.00581494001835e-51
-1.872340425531915	4.626839198574046e-54
-1.8623279098873589	9.091107424449312e-57
-1.8523153942428037	1.521556248169175e-59
-1.8423028785982476	2.1691923931553654e-62
-1.8322903629536915	2.634189247366601e-65
-1.8222778473091363	2.7248005064686783e-68
-1.8122653316645803	2.4008293345075656e-71
-1.802252816020025	1.8018834867686205e-74
-1.792240300375469	1.1519429215364097e-77
-1.7822277847309138	6.272982189766444e-81
-1.7722152690863577	2.909865163314806e-84
-1.7622027534418017	3.0108178420224076e-85
-1.7521902377972465	6.776224131795497e-82
-1.7421777221526904	1.304041488767996e-78
-1.7321652065081352	2.1376366950670047e-75
-1.7221526908635791	2.9847999181738195e-72
-1.712140175219024	3.5500575554699034e-69
-1.7021276595744679	3.5966187780444945e-66
-1.6921151439299118	3.103789545337979e-63
-1.6821026282853566	2.281544650874985e-60
-1.6720901126408005	1.428579886653916e-57
-1.6620775969962454	7.619367973070034e-55
-1.6520650813516893	3.461562930674777e-52
-1.642052565707134	1.3395668560286874e-49
-1.632040050062578	4.4156582332595285e-47
-1.622027534418022	1.2398393979614677e-44
-1.6120150187734668	2.965339153164255e-42
-1.6020025031289107	6.041187606446702e-40
-1.5919899874843555	1.0483573920160226e-37
-1.5819774718397994	1.5496570597857422e-35
-1.5719649561952442	1.95119733350598e-33
-1.5619524405506882	2.0926971125398848e-31
-1.551939924906132	1.91183969109482e-29
-1.541927409261577	1.4877740050105164e-27
-1.5319148936170208	9.861966904476552e-26
-1.5219023779724656	5.568422618254548e-24
-1.5118898623279096	2.6782082330695326e-22
-1.5018773466833544	1.0972410799986167e-20
-1.4918648310387983	3.829202354725024e-19
-1.4818523153942422	1.138327961434141e-17
-1.471839799749687	2.8826074210148407e-16
-1.461827284105131	6.218297811206292e-15
-1.4518147684605758	1.1427159716646607e-13
-1.4418022528160197	1.7889752796506845e-12
-1.4317897371714645	2.3861419816423404e-11
-1.4217772215269084	2.7117675182486154e-10
-1.4117647058823524	2.6262009564121703e-09
-1.4017521902377972	2.1677134353731748e-08
-1.391739674593241	1.5254131157661033e-07
-1.381727158948686	9.154751212732217e-07
-1.3717146433041298	4.688232155733704e-06
-1.3617021276595747	2.0502189959020103e-05
-1.3516896120150186	7.664351820369464e-05
-1.3416770963704625	0.0002452816198749055
-1.3316645807259073	0.0006733282481094684
-1.3216520650813512	0.001589653132720891
-1.311639549436796	0.0032386792365325817
-1.30162703379224	0.005718408195347166
-1.2916145181476848	0.008796340822023845
-1.2816020025031287	0.011866866813820645
-1.2715894868585726	0.014176569575702885
-1.2615769712140175	0.015262396783179187
-1.2515644555694614	0.015360779447647594
-1.2415519399249062	0.015509653503909017
-1.2315394242803501	0.017234067981606843
-1.221526908635795	0.022015643936763054
-1.2115143929912389	0.030972060219146842
-1.2015018773466828	0.04502059755870654
-1.1914893617021276	0.06530550085789645
-1.1814768460575715	0.09335069525844106
-1.1714643304130163	0.1306340689868761
-1.1614518147684603	0.17774037103784754
-1.151439299123905	0.23345876816485742
-1.141426783479349	0.29429036410758136
-1.131414267834793	0.3550752461390879
-1.1214017521902377	0.4113076093757203
-1.1113892365456817	0.4624809244989291
-1.1013767209011265	0.5141171298874527
-1.0913642052565704	0.5759689104502957
-1.0813516896120152	0.6565042874601822
-1.0713391739674591	0.7574721296872138
-1.061326658322903	0.8731260599548146
-1.0513141426783479	0.9947872479552826
-1.0413016270337918	1.116578482062675
-1.0312891113892366	1.237788934848729
-1.0212765957446805	1.361384946721679
-1.0112640801001254	1.4912185430066904
-1.0012515644555693	1.6296310420705487
-0.9912390488110132	1.775571458706257
-0.981226533166458	1.923920595976967
-0.971214017521902	2.067240651173634
-0.9612015018773468	2.19914867887632
-0.9511889862327907	2.3162156377246648
-0.9411764705882355	2.416404232880591
-0.9311639549436794	2.4960048772209014
-0.9211514392991234	2.5494197855004312
-0.9111389236545682	2.57369833442335
-0.9011264080100121	2.574187005266649
-0.8911138923654569	2.565065684722822
-0.8811013767209008	2.562831396551149
-0.8710888610763456	2.5778750581415575
-0.8610763454317896	2.6109932146831016
-0.8510638297872335	2.656224053890968
-0.8410513141426783	2.7057199533092624
-0.8310387984981222	2.7524665197612275
-0.821026282853567	2.790444343866825
-0.811013767209011	2.81391483754479
-0.8010012515644558	2.816835648660339
-0.7909887359198997	2.792705642081049
-0.7809762202753436	2.7355903343616643
-0.7709637046307884	2.643097157219028
-0.7609511889862324	2.520396247459906
-0.7509386733416772	2.382151927017926
-0.7409261576971211	2.2490661764205
-0.7309136420525659	2.1391017106348356
-0.7209011264080099	2.058301914535836
-0.7108886107634538	1.9978666383625008
-0.7008760951188986	1.940257229529259
-0.6908635794743425	1.870429705292388
-0.6808510638297873	1.784585352298979
-0.6708385481852313	1.691092697442266
-0.6608260325406761	1.6042206863611927
-0.65081351689612	1.5361672677067417
-0.6408010012515639	1.493086878697528
-0.6307884856070087	1.4764567271421178
-0.6207759699624527	1.4860318885596924
-0.6107634543178975	1.5199509868903678
-0.6007509386733414	1.572220221964798
-0.5907384230287862	1.6323537453394517
-0.5807259073842301	1.6904201819374167
-0.5707133917396741	1.7443840712365721
-0.5607008760951189	1.8030158493136512
-0.5506883604505628	1.8815302884751512
-0.5406758448060076	1.9941691251031743
-0.5306633291614515	2.1498906856776867
-0.5206508135168963	2.352440963175759
-0.5106382978723403	2.6009745064880425
-0.5006257822277842	2.888146144222688
-0.490613266583229	3.1977298473485467
-0.48060075093867294	3.506890494923797
-0.47058823529411775	3.795072012117802
-0.4605757196495617	4.054691065290795
-0.4505632040050065	4.295548595334854
-0.4405506883604504	4.538914161461916
-0.43053817271589434	4.804779787867892
-0.42052565707133915	5.100287515559967
-0.4105131414267831	5.416084554961209
-0.4005006257822279	5.731816578865602
-0.3904881101376718	6.026041598739111
-0.38047559449311663	6.284197264656542
-0.37046307884856056	6.501623407931805
-0.3604505632040045	6.6824341183789056
-0.3504380475594493	6.836141467181578
-0.3404255319148932	6.9739279942265595
-0.33041301627033803	7.105986011245945
-0.32040050062578196	7.239436191268874
-0.3103879849812259	7.375530726048575
-0.3003754693366707	7.507433671478426
-0.2903629536921146	7.621704910800256
-0.28035043804755944	7.703832145893247
-0.27033792240300336	7.744729409228453
-0.2603254067584482	7.74544518634442
-0.2503128911138921	7.718759640979687
-0.24030037546933602	7.6861084066559515
-0.23028785982478084	7.6692154705510385
-0.22027534418022476	7.679651742187142
-0.21026282853566958	7.7123435277589305
-0.2002503128911135	7.747567033865961
-0.19023779724655832	7.761266603611873
-0.18022528160200224	7.738059059906163
-0.17021276595744617	7.6785294222734155
-0.16020025031289098	7.596310835711613
-0.1501877346683349	7.508768468811574
-0.14017521902377972	7.4292457342203235
-0.13016270337922364	7.364901650241546
-0.12015018773466846	7.3179946161216245
-0.11013767209011238	7.286610438479633
-0.10012515644555631	7.263388573999786
-0.09011264080100112	7.234473913108934
-0.08010012515644505	7.182777613931326
-0.07008760951188986	7.096993635247956
-0.060075093867333784	6.980972977337193
-0.0500625782227786	6.854028545963755
-0.04005006257822252	6.7389296188662
-0.030037546933666448	6.64637339083916
-0.02002503128911126	6.56885869097104
-0.010012515644555187	6.487863854792519
0.0	6.3866028738034535
