-8.0	7.942922025567079
-7.989987484355444	8.18368611120176
-7.979974968710889	8.4186324351539
-7.969962453066333	8.64692535389297
-7.9599499374217775	8.945344552437257
-7.949937421777221	9.338805272605336
-7.939924906132666	9.817156009871281
-7.92991239048811	10.325394081315002
-7.919899874843554	10.90912920557621
-7.909887359198999	11.716894255789347
-7.899874843554443	12.555888571533998
-7.889862327909888	13.31532340890364
-7.8798498122653315	14.047952517189865
-7.869837296620776	14.833257347600831
-7.85982478097622	15.613424724662602
-7.849812265331664	16.390700697373315
-7.839799749687109	17.181758911850405
-7.829787234042553	17.961383439503503
-7.819774718397998	18.756044753516154
-7.809762202753442	19.5569376007148
-7.7997496871088865	20.289724185636125
-7.78973717146433	20.98949783742815
-7.779724655819774	21.712754779297384
-7.769712140175219	22.407670629592555
-7.759699624530663	23.036284175094533
-7.749687108886108	23.59708488055839
-7.739674593241552	24.08812990459812
-7.729662077596997	24.482910954125494
-7.719649561952441	24.747383172607062
-7.7096370463078845	24.868760439680557
-7.699624530663329	24.855821075677884
-7.689612015018773	24.708806029978135
-7.679599499374218	24.411586944525943
-7.669586983729662	23.9867217424837
-7.659574468085107	23.45289363444611
-7.649561952440551	22.788232025375738
-7.639549436795995	21.9973876771065
-7.629536921151439	21.14452262772792
-7.619524405506883	20.256581375121645
-7.609511889862328	19.34979255394488
-7.599499374217772	18.46923010049045
-7.589486858573217	17.657657302189257
-7.579474342928661	16.927484213792912
-7.569461827284105	16.291812284875714
-7.55944931163955	15.783492196323765
-7.5494367959949935	15.43519430520895
-7.539424280350438	15.265628262374706
-7.529411764705882	15.258973055204843
-7.519399249061326	15.354953984600073
-7.509386733416771	15.4835050165627
-7.499374217772215	15.623693050403784
-7.48936170212766	15.773551331164457
-7.479349186483104	15.914801053965085
-7.4693366708385485	16.038864369257862
-7.459324155193992	16.165960973212123
-7.449311639549437	16.321389193578906
-7.439299123904881	16.509844062959846
-7.429286608260325	16.7419544084618
-7.41927409261577	17.03306571025437
-7.409261576971214	17.36557544543752
-7.399249061326659	17.70705302964978
-7.3892365456821025	18.0245108224099
-7.3792240300375465	18.278891645181545
-7.369211514392991	18.448557752287865
-7.359198998748435	18.545572898749608
-7.34918648310388	18.601757164047044
-7.339173967459324	18.65092848593222
-7.329161451814769	18.698771379264684
-7.319148936170213	18.733824510289644
-7.3091364205256575	18.73952406547375
-7.299123904881101	18.695427158019413
-7.289111389236545	18.589477216268552
-7.27909887359199	18.438368438429627
-7.269086357947434	18.239157542639383
-7.259073842302879	17.986524652335515
-7.249061326658323	17.777881047905062
-7.239048811013767	17.69292276592128
-7.2290362953692116	17.77261185360308
-7.2190237797246555	18.031331201278043
-7.2090112640801	18.454688607742792
-7.198998748435544	19.03981821659546
-7.188986232790989	19.817018707863756
-7.178973717146433	20.872914973861683
-7.168961201501878	22.223319469119815
-7.158948685857322	23.68449087717136
-7.148936170212766	25.154735084586594
-7.13892365456821	26.660950046188315
-7.128911138923654	28.196830856819023
-7.118898623279099	29.747070762447994
-7.108886107634543	31.221221335077274
-7.098873591989987	32.51808092400566
-7.088861076345432	33.68106100137762
-7.078848560700876	34.83080697345288
-7.068836045056321	36.00985138993725
-7.0588235294117645	37.15873646361972
-7.048811013767209	38.23329653298517
-7.038798498122653	39.22420221515994
-7.028785982478098	40.14128378296607
-7.018773466833542	41.00612424869029
-7.008760951188986	41.81115102049852
-6.998748435544431	42.575234128106615
-6.988735919899875	43.32398910138201
-6.9787234042553195	44.00050901760019
-6.968710888610763	44.51781710017256
-6.958698372966207	44.90629929491333
-6.948685857321652	45.1580823825002
-6.938673341677096	45.18154317144282
-6.928660826032541	45.03480942410497
-6.918648310387985	44.84111784984586
-6.908635794743429	44.62640548397959
-6.8986232790988735	44.39353748736274
-6.888610763454318	44.15371158280373
-6.878598247809762	43.90638727255738
-6.868585732165206	43.62540651041947
-6.858573216520651	43.23633029365507
-6.848560700876095	42.707078802070235
-6.83854818523154	42.119498161282344
-6.828535669586984	41.51350438421319
-6.818523153942428	40.91146996914793
-6.808510638297872	40.31386524852303
-6.798498122653316	39.74380704698627
-6.788485607008761	39.172164535447386
-6.778473091364205	38.52056069288955
-6.768460575719649	37.8258311157442
-6.758448060075094	37.37396543232815
-6.748435544430539	37.05660857170761
-6.7384230287859825	36.678140289281124
-6.7284105131414265	36.144401197683415
-6.718397997496871	35.50036505798908
-6.708385481852315	34.72587805577806
-6.69837296620776	33.99265692719176
-6.688360450563204	33.310444513905104
-6.678347934918648	33.075471430248996
-6.668335419274093	32.89131766655966
-6.658322903629537	32.87361931240223
-6.648310387984981	33.00339519026338
-6.638297872340425	33.27761074640234
-6.628285356695869	33.586800405226505
-6.618272841051314	33.960031680795126
-6.608260325406759	34.389386093193465
-6.598247809762203	34.84175977808169
-6.588235294117647	35.32930477449678
-6.578222778473092	35.793797039735004
-6.5682102628285355	36.15226266526774
-6.55819774718398	36.3630870167973
-6.548185231539424	36.45076063269532
-6.538172715894868	36.40250822351594
-6.528160200250313	36.14254976020159
-6.518147684605757	35.660083711384765
-6.508135168961202	35.017540782677806
-6.498122653316646	34.23505483766258
-6.4881101376720896	33.28076714333527
-6.478097622027534	32.245354452168804
-6.468085106382979	31.207089040112635
-6.458072590738423	30.179044653703738
-6.448060075093867	29.14029046924194
-6.438047559449312	28.05968431333212
-6.428035043804756	26.94472525960043
-6.418022528160201	25.80721346195806
-6.4080100125156445	24.64291755482991
-6.397997496871088	23.48512616289393
-6.387984981226533	22.34007061036018
-6.377972465581977	21.194118438106994
-6.367959949937422	20.066585760865607
-6.357947434292866	18.90537141298176
-6.34793491864831	17.7252621733164
-6.337922403003755	16.62338846758185
-6.3279098873591995	15.476497713822516
-6.317897371714643	14.250026816875762
-6.307884856070087	13.021426835820924
-6.297872340425532	11.872537686634157
-6.287859824780976	10.63655374866291
-6.277847309136421	9.454809839125806
-6.267834793491865	8.517756226177564
-6.257822277847309	7.831576523718185
-6.2478097622027535	7.391779609351385
-6.2377972465581975	7.129727480968087
-6.227784730913642	6.959598595374573
-6.217772215269086	6.835629186179841
-6.20775969962453	6.75120460543876
-6.197747183979975	6.712430718910107
-6.18773466833542	6.756291672115164
-6.177722152690864	6.850922071969623
-6.167709637046308	6.969428456326926
-6.157697121401752	7.085128633391477
-6.147684605757196	7.183296073783371
-6.137672090112641	7.276034501928269
-6.127659574468085	7.359848244822664
-6.117647058823529	7.411017082672229
-6.107634543178974	7.426964088920129
-6.097622027534418	7.460066708545815
-6.0876095118898625	7.544989264049604
-6.0775969962453065	7.716014030901007
-6.06758448060075	8.013414144223718
-6.057571964956195	8.420645411758638
-6.04755944931164	8.946209170798713
-6.037546933667084	9.613052722140267
-6.027534418022528	10.407200459991728
-6.017521902377973	11.31000454773854
-6.007509386733417	12.242923327747123
-5.997496871088861	13.140404260853288
-5.987484355444305	14.008049385483217
-5.977471839799749	14.898396676985328
-5.967459324155194	15.83494604851615
-5.957446808510639	16.83610174020768
-5.947434292866083	17.805904782805047
-5.937421777221527	18.65118179109073
-5.927409261576971	19.32301690447882
-5.9173967459324155	19.79626800028502
-5.90738423028786	20.104015704862707
-5.897371714643304	20.228612019049283
-5.887359198998748	20.17558608640742
-5.877346683354192	19.989496597696707
-5.867334167709637	19.674505155771264
-5.857321652065082	19.212485673734168
-5.847309136420526	18.592428474747436
-5.83729662077597	17.850525238951583
-5.827284105131414	17.037727513057504
-5.817271589486858	16.24648236198282
-5.807259073842303	15.528134700063069
-5.797246558197747	14.875414341069531
-5.787234042553191	14.269760275714683
-5.777221526908636	13.67592412221243
-5.767209011264081	13.074522596014015
-5.7571964956195245	12.539292030576387
-5.747183979974968	12.106076513443975
-5.737171464330412	11.778357886946825
-5.727158948685857	11.542103429669126
-5.717146433041302	11.370480277402578
-5.707133917396746	11.271461787421062
-5.69712140175219	11.21445032252865
-5.687108886107635	11.178669756478957
-5.677096370463079	11.154030050694132
-5.667083854818523	11.136424496060911
-5.657071339173967	11.124133291223291
-5.647058823529411	11.115744628169683
-5.637046307884856	11.110099775965628
-5.627033792240301	11.10631551551611
-5.617021276595745	11.10375147809108
-5.607008760951189	11.101967614192846
-5.596996245306633	11.100675313587097
-5.5869837296620775	11.099691468973546
-5.576971214017522	11.098902289605512
-5.566958698372966	11.098237864131127
-5.55694618272841	11.097655459090202
-5.546933667083855	11.097128979471538
-5.536921151439299	11.096642464522096
-5.526908635794744	11.096186120708856
-5.516896120150188	11.095753914704433
-5.5068836045056315	11.095342114343971
-5.496871088861076	11.094948402457735
-5.486858573216521	11.094571336350963
-5.476846057571965	11.09421001605544
-5.466833541927409	11.093863879075107
-5.456821026282853	11.093532572156082
-5.446808510638298	11.093215870280664
-5.4367959949937426	11.092913624874582
-5.4267834793491865	11.092625730289901
-5.41677096370463	11.0923521018797
-5.406758448060075	11.092092661546003
-5.396745932415519	11.0918473281959
-5.386733416770964	11.091616011487154
-5.376720901126408	11.091398607824223
-5.366708385481852	11.091194997924788
-5.356695869837297	11.091005045501198
-5.346683354192741	11.090828596744249
-5.336670838548185	11.090665480388612
-5.326658322903629	11.090515508200703
-5.316645807259073	11.090378475770917
-5.306633291614518	11.090254163521113
-5.296620775969963	11.090142337859218
-5.286608260325407	11.090042752427777
-5.276595744680851	11.089955149405421
-5.2665832290362955	11.089879260828688
-5.256570713391739	11.089814809909347
-5.246558197747184	11.089761512327536
-5.236545682102628	11.089719077485954
-5.226533166458072	11.08968720971418
-5.216520650813517	11.089665609414752
-5.206508135168962	11.089653974145683
-5.196495619524406	11.089651999635711
-5.18648310387985	11.08965938073055
-5.1764705882352935	11.089675812269185
-5.166458072590738	11.089700989891014
-5.156445556946183	11.089734610774796
-5.146433041301627	11.089776374311379
-5.136420525657071	11.08982598271262
-5.126408010012516	11.089883141558984
-5.11639549436796	11.089947560289092
-5.1063829787234045	11.090018952633974
-5.0963704630788484	11.090097036999438
-5.086357947434292	11.090181536799767
-5.076345431789737	11.090272180745812
-5.066332916145182	11.090368703090807
-5.056320400500626	11.090470843836874
-5.04630788485607	11.090578348905293
-5.036295369211514	11.090690970273302
-5.026282853566959	11.090808466080306
-5.016270337922403	11.090930600705942
-5.006257822277847	11.091057144822672
-4.996245306633291	11.091187875425101
-4.986232790988735	11.091322575838236
-4.97622027534418	11.09146103570679
-4.966207759699625	11.091603050967464
-4.956195244055069	11.09174842380596
-4.946182728410513	11.091896962600416
-4.9361702127659575	11.09204848181973
-4.926157697121402	11.09214490545695
-4.916145181476846	10.819662732523861
-4.90613266583229	10.819771030220958
-4.896120150187734	10.819882171194072
-4.886107634543179	10.73540209071005
-4.876095118898624	10.30433757863303
-4.866082603254068	10.103123617723671
-4.8560700876095115	9.42670983373088
-4.8460575719649555	8.60473294242423
-4.8360450563204	7.81026127000088
-4.826032540675845	6.836187398058001
-4.816020025031289	5.857835680368206
-4.806007509386733	4.930511643949449
-4.795994993742178	4.210761331563013
-4.785982478097623	3.07827018495304
-4.7759699624530665	2.72452117492608
-4.76595744680851	2.0770126176296424
-4.755944931163954	1.339836039230479
-4.745932415519399	0.8557853265318388
-4.735919899874844	0.6307526119233599
-4.725907384230288	0.4310274749475561
-4.715894868585732	0.29614505244924305
-4.705882352941176	0.2200512198376332
-4.6958698372966206	0.16941782934868557
-4.685857321652065	0.01909547738693467
-4.675844806007509	0.0
-4.665832290362953	0.0
-4.655819774718398	0.0
-4.645807259073843	0.0
-4.635794743429287	0.0
-4.625782227784731	0.0
-4.615769712140175	0.0
-4.605757196495619	0.0
-4.595744680851064	0.0
-4.585732165206508	0.0
-4.575719649561952	0.0
-4.565707133917396	0.0
-4.555694618272841	0.026857482159154632
-4.545682102628286	0.02685635630650619
-4.53566958698373	0.12449879687883769
-4.5256570713391735	0.12449882227136218
-4.515644555694618	0.12449882227136656
-4.505632040050063	0.31400171266922283
-4.495619524405507	0.3139452673816094
-4.485607008760951	0.426759208448117
-4.475594493116395	0.4276791484493722
-4.46558197747184	0.5638177049271251
-4.4555694618272845	0.7257576998211054
-4.4455569461827285	0.7921883725096248
-4.435544430538172	1.2645247091362892
-4.425531914893616	2.089010839468425
-4.415519399249061	2.8358440331060533
-4.405506883604506	3.819196078827963
-4.39549436795995	4.441528506869384
-4.385481852315394	4.946660591405713
-4.375469336670839	6.068179191771798
-4.365456821026283	7.53900744198588
-4.355444305381727	10.0815317721641
-4.345431789737171	11.785028923988738
-4.335419274092615	12.76627880926116
-4.32540675844806	13.223996064563595
-4.315394242803505	14.028685700818771
-4.305381727158949	15.0601880699605
-4.295369211514393	15.331033352505845
-4.285356695869837	15.693216776356744
-4.275344180225281	16.370222820718148
-4.265331664580726	16.58078622783213
-4.25531914893617	16.99784826471499
-4.245306633291614	16.997658503480523
-4.235294117647059	17.120231772962956
-4.225281602002504	17.120013459352514
-4.215269086357948	17.11978800958088
-4.2052565707133915	17.119555238774
-4.1952440550688355	17.119314925673212
-4.18523153942428	17.11906684281104
-4.175219023779725	17.118810756330316
-4.165206508135169	17.118546425790722
-4.155193992490613	17.118273603960525
-4.145181476846057	17.11799203659144
-4.135168961201502	17.11770146217365
-4.1251564455569465	17.117401611668186
-4.11514392991239	17.117092208212576
-4.105131414267834	17.116772966796173
-4.095118898623279	17.116443593899767
-4.085106382978723	17.116103787094442
-4.075093867334168	17.115753234592862
-4.065081351689612	17.115391614745903
-4.055068836045056	17.115018595476208
-4.045056320400501	17.114633833638624
-4.035043804755945	17.114236974296798
-4.025031289111389	17.113827649902827
-4.015018773466833	17.113405479365312
-4.005006257822277	17.11297006698921
-3.994993742177722	17.112521001267705
-3.9849812265331668	17.11205785350448
-3.9749687108886107	17.111580176240636
-3.9649561952440546	17.11108750145756
-3.9549436795994994	17.1105793385223
-3.9449311639549434	17.110055171837782
-3.934918648310388	17.109514458154365
-3.924906132665832	17.10895662349354
-3.914893617021277	17.10838105962741
-3.904881101376721	17.10778712005
-3.8948685857321648	17.107174115367815
-3.8848560700876096	17.10654130802757
-3.8748435544430535	17.105887906287872
-3.8648310387984983	17.10521305733104
-3.8548185231539422	17.104515839397806
-3.844806007509387	17.103795252815054
-3.834793491864831	17.10305020977317
-3.824780976220275	17.10227952269613
-3.8147684605757197	17.10148189103541
-3.8047559449311636	17.10065588630919
-3.7947434292866085	17.099799935202874
-3.7847309136420524	17.09891230054993
-3.774718397997497	17.09799106002629
-3.764705882352941	17.097034082424873
-3.754693366708385	17.0960390014383
-3.74468085106383	17.095003186980946
-3.734668335419274	17.093923714246042
-3.7246558197747186	17.0927973309492
-3.7146433041301625	17.091620423596634
-3.7046307884856065	17.090388984196494
-3.6946182728410513	17.08909857969524
-3.684605757196495	17.08774432769872
-3.67459324155194	17.086320883932352
-3.664580725907384	17.0848224497116
-3.6545682102628287	17.083242811910438
-3.6445556946182727	17.081575434304128
-3.6345431789737166	17.079813628991165
-3.6245306633291614	17.0779508520607
-3.6145181476846053	17.07598119267413
-3.60450563204005	17.07390016663489
-3.594493116395494	17.071705999018945
-3.584480600750939	17.0694017176512
-3.574468085106383	17.066998661437122
-3.5644555694618267	17.06452269405792
-3.5544430538172715	17.06202659873543
-3.5444305381727155	17.05962162283342
-3.5344180225281603	17.05759123903148
-3.524405506883604	17.056852225320284
-3.514392991239049	17.05935645228242
-3.504380475594493	17.066472527943265
-3.494367959949937	17.08696068483605
-3.4843554443053817	17.146675965852708
-3.4743429286608256	17.2527257509047
-3.4643304130162704	17.334427718665353
-3.4543178973717144	17.446097786920088
-3.444305381727159	17.603181853143568
-3.434292866082603	17.787342751199333
-3.424280350438047	18.001033518333948
-3.414267834793492	18.306152857214872
-3.4042553191489358	18.864684686126513
-3.3942428035043806	19.564435640624207
-3.3842302878598245	20.20778885815199
-3.3742177722152693	20.850731985524053
-3.3642052565707132	21.556948512069685
-3.354192740926157	22.29363229846977
-3.344180225281602	23.07625776141499
-3.334167709637046	23.895251598676275
-3.3241551939924907	24.66089786710311
-3.3141426783479346	25.395497802683103
-3.3041301627033794	26.027474013786698
-3.2941176470588234	26.648787994702452
-3.2841051314142673	27.344542078009074
-3.274092615769712	27.99643163156015
-3.264080100125156	28.508740309894325
-3.254067584480601	28.897848266668234
-3.2440550688360448	29.19230483938224
-3.2340425531914896	29.379316764702885
-3.2240300375469335	29.462784585399184
-3.2140175219023774	29.440694966650014
-3.2040050062578223	29.295831907110195
-3.193992490613266	29.020776149306748
-3.183979974968711	28.602640698687406
-3.173967459324155	28.050244661233442
-3.1639549436795997	27.38598136855031
-3.1539424280350437	26.683682385864586
-3.1439299123904876	25.949975670080928
-3.1339173967459324	25.131227126461745
-3.1239048811013763	24.200800564518804
-3.113892365456821	23.33771755909469
-3.103879849812265	22.543423851158124
-3.09386733416771	21.816059297231735
-3.083854818523154	21.18689743746839
-3.0738423028785977	20.61641815519864
-3.0638297872340425	20.03876114685631
-3.0538172715894865	19.481820441768733
-3.0438047559449313	18.971125322503806
-3.033792240300375	18.48434163603093
-3.02377972465582	18.15139642071752
-3.013767209011264	17.813104153605025
-3.003754693366708	17.566914223254624
-2.9937421777221527	17.34478843152529
-2.9837296620775966	17.086004460285803
-2.9737171464330414	16.795166722701268
-2.9637046307884853	16.522887505225544
-2.95369211514393	16.259328908287454
-2.943679599499374	15.914234417392443
-2.933667083854818	15.703282351679844
-2.923654568210263	15.316640775849
-2.9136420525657067	15.04962543641983
-2.9036295369211516	15.001495314878785
-2.8936170212765955	14.798178460319383
-2.8836045056320403	14.493311735830094
-2.873591989987484	14.575890822838895
-2.863579474342928	14.597205369945277
-2.853566958698373	14.734776026483605
-2.843554443053817	14.933957099335139
-2.8335419274092617	15.03822744684693
-2.8235294117647056	15.217740509557718
-2.8135168961201504	15.411675089204422
-2.8035043804755944	15.595971227846045
-2.7934918648310383	15.823754529508172
-2.783479349186483	16.137921819296547
-2.773466833541927	16.479194967390143
-2.763454317897372	16.84581325072653
-2.7534418022528158	17.25874156650562
-2.7434292866082606	17.675601569012382
-2.7334167709637045	18.0633670999454
-2.7234042553191484	18.424369947495993
-2.7133917396745932	18.81661373297384
-2.703379224030037	19.230486819031363
-2.693366708385482	19.714286886581842
-2.683354192740926	20.275750023264717
-2.6733416770963707	20.814291987280114
-2.6633291614518146	21.25356466325017
-2.6533166458072586	21.517237327957236
-2.6433041301627034	21.58716753194952
-2.6332916145181473	21.532529957990548
-2.623279098873592	21.40209945444336
-2.613266583229036	21.209563629231912
-2.603254067584481	20.90938383546769
-2.593241551939925	20.482298658634825
-2.5832290362953687	19.98658439023724
-2.5732165206508135	19.45457721934113
-2.5632040050062574	18.890827758718583
-2.5531914893617023	18.33172288780456
-2.543178973717146	17.813895592467325
-2.533166458072591	17.30245958135778
-2.523153942428035	16.722208294536223
-2.513141426783479	16.035513188921087
-2.5031289111389237	15.32144425851875
-2.4931163954943676	14.641561262630534
-2.4831038798498124	13.908718772173495
-2.4730913642052563	13.255768517355087
-2.463078848560701	12.736152745259206
-2.453066332916145	12.332918488743454
-2.443053817271589	11.949554166378563
-2.433041301627034	11.59560737109215
-2.4230287859824777	11.363809214738328
-2.4130162703379225	11.193447755094908
-2.4030037546933665	11.078709277937417
-2.3929912390488113	10.950214118702695
-2.382978723404255	10.898365339977069
-2.372966207759699	10.877137108435546
-2.362953692115144	10.859561853408719
-2.352941176470588	10.838802481356785
-2.3429286608260327	10.81742059389869
-2.3329161451814766	10.80461864563382
-2.3229036295369214	10.798795100245169
-2.3128911138923653	10.795743883351241
-2.3028785982478093	10.793694728758156
-2.292866082603254	10.79209532865382
-2.282853566958698	10.790769934846187
-2.272841051314143	10.7896520535255
-2.2628285356695867	10.788707952434013
-2.2528160200250316	10.787914268463611
-2.2428035043804755	10.787251297959825
-2.2327909887359194	10.78670111575822
-2.2227784730913642	10.786247215486895
-2.212765957446808	10.785874575797799
-2.202753441802253	10.785569778548828
-2.192740926157697	10.785321064188906
-2.1827284105131417	10.785118306227895
-2.1727158948685856	10.784952919984352
-2.1627033792240296	10.78481772854028
-2.1526908635794744	10.784706806791725
-2.1426783479349183	10.784615319491891
-2.132665832290363	10.784539364066035
-2.122653316645807	10.784475824745257
-2.112640801001252	10.784422241425593
-2.1026282853566958	10.784376694498837
-2.0926157697121397	10.78433770551451
-2.0826032540675845	10.784304152710266
-2.0725907384230284	10.78427520001733
-2.0625782227784732	10.784250237973943
-2.052565707133917	10.784228834967866
-2.042553191489362	10.784210697311337
-2.032540675844806	10.784195636784125
-2.02252816020025	10.784183544433363
-2.0125156445556946	10.784174369575778
-2.0025031289111386	10.784168103096578
-1.9924906132665834	10.784164764276952
-1.9824780976220273	10.784164390503273
-1.9724655819774712	10.784167029317784
-1.962453066332916	10.784172732362197
-1.95244055068836	10.784181550843348
-1.9424280350438048	10.78419353221597
-1.9324155193992487	10.784208717832596
-1.9224030037546935	10.784227141356688
-1.9123904881101375	10.784248827773052
-1.9023779724655814	10.784273792861043
-1.8923654568210262	10.784302043022121
-1.8823529411764701	10.784333575374477
-1.872340425531915	10.784368378044794
-1.8623279098873589	10.78440643060175
-1.8523153942428037	10.784447704586995
-1.8423028785982476	10.784492164122804
-1.8322903629536915	10.802094836976973
-1.8222778473091363	10.875144295461332
-1.8122653316645803	10.915347551454426
-1.802252816020025	11.078595206801294
-1.792240300375469	11.171660889471026
-1.7822277847309138	11.242877364650653
-1.7722152690863577	11.590690480888545
-1.7622027534418017	11.939770974106834
-1.7521902377972465	12.347779850307395
-1.7421777221526904	13.053238863628646
-1.7321652065081352	13.484892904686582
-1.7221526908635791	14.237204777205282
-1.712140175219024	14.480577495003683
-1.7021276595744679	14.9291447837158
-1.6921151439299118	15.55217670186004
-1.6821026282853566	15.960896572491487
-1.6720901126408005	16.38427144770286
-1.6620775969962454	16.476588290307664
-1.6520650813516893	16.588727285092755
-1.642052565707134	16.63134703508647
-1.632040050062578	16.63107047832154
-1.622027534418022	16.63078901632256
-1.6120150187734668	16.630506622684457
-1.6020025031289107	16.63022348520041
-1.5919899874843555	16.629939803160216
-1.5819774718397994	16.6296557878097
-1.5719649561952442	16.629371662861317
-1.5619524405506882	16.629087665074834
-1.551939924906132	16.628804044932394
-1.541927409261577	16.62852106743992
-1.5319148936170208	16.628239013096106
-1.5219023779724656	16.627958179082466
-1.5118898623279096	16.627678880742934
-1.5018773466833544	16.62740145344105
-1.4918648310387983	16.62712625490749
-1.4818523153942422	16.626853668222033
-1.471839799749687	16.626584105614068
-1.461827284105131	16.626318013317043
-1.4518147684605758	16.626055877777702
-1.4418022528160197	16.62579823360464
-1.4317897371714645	16.62554567374917
-1.4217772215269084	16.62529886254989
-1.4117647058823524	16.62505855245322
-1.4017521902377972	16.62482560545436
-1.391739674593241	16.624601020608132
-1.381727158948686	16.62438596935465
-1.3717146433041298	16.62418184092582
-1.3617021276595747	16.623990300783287
-1.3516896120150186	16.623813365946702
-1.3416770963704625	16.623653502282064
-1.3316645807259073	16.623513750454393
-1.3216520650813512	16.62339788948523
-1.311639549436796	16.623310649991353
-1.30162703379224	16.62325799372299
-1.2916145181476848	16.62324748291913
-1.2816020025031287	16.623288774115988
-1.2715894868585726	16.62339429022082
-1.2615769712140175	16.623580160037996
-1.2515644555694614	16.623867583628506
-1.2415519399249062	16.62428492358287
-1.2315394242803501	16.624871123494113
-1.221526908635795	16.62568173186239
-1.2115143929912389	16.626800635179833
-1.2015018773466828	16.628368713089703
-1.1914893617021276	16.63070250994746
-1.1814768460575715	16.634929257601616
-1.1714643304130163	16.64226547556845
-1.1614518147684603	16.650927720499244
-1.151439299123905	16.66311276179381
-1.141426783479349	16.67974078108215
-1.131414267834793	16.71253186699417
-1.1214017521902377	16.76068517965809
-1.1113892365456817	16.799899920061495
-1.1013767209011265	16.836945966965068
-1.0913642052565704	16.89184665846308
-1.0813516896120152	17.021702584030848
-1.0713391739674591	17.29391548540116
-1.061326658322903	17.571238533919907
-1.0513141426783479	17.889746975643803
-1.0413016270337918	18.13761460697717
-1.0312891113892366	18.359817660731327
-1.0212765957446805	18.63863428585575
-1.0112640801001254	19.018668671440413
-1.0012515644555693	19.44264718610382
-0.9912390488110132	19.94230172442822
-0.981226533166458	20.51187490652427
-0.971214017521902	21.096189484691603
-0.9612015018773468	21.62206524643247
-0.9511889862327907	22.145621817039448
-0.9411764705882355	22.74446675619296
-0.9311639549436794	23.386206132624928
-0.9211514392991234	23.99904425284785
-0.9111389236545682	24.649673453511788
-0.9011264080100121	25.356747347755256
-0.8911138923654569	26.01371042678521
-0.8811013767209008	26.569074902958704
-0.8710888610763456	27.07869984000593
-0.8610763454317896	27.500723375016204
-0.8510638297872335	27.77351940783003
-0.8410513141426783	27.907870072280048
-0.8310387984981222	28.0568724667066
-0.821026282853567	28.260483402851673
-0.811013767209011	28.356890162288085
-0.8010012515644558	28.310067781719273
-0.7909887359198997	28.1427868697401
-0.7809762202753436	27.85017636092844
-0.7709637046307884	27.424102347993205
-0.7609511889862324	26.926773865197507
-0.7509386733416772	26.351570725051552
-0.7409261576971211	25.6241890763464
-0.7309136420525659	24.693645444241955
-0.7209011264080099	23.7380760705075
-0.7108886107634538	22.773137751854495
-0.7008760951188986	21.82796614888462
-0.6908635794743425	20.927094392018585
-0.6808510638297873	20.104724294127973
-0.6708385481852313	19.369657609556977
-0.6608260325406761	18.54479322214161
-0.65081351689612	17.732321597833533
-0.6408010012515639	17.1270810060642
-0.6307884856070087	16.635739660827355
-0.6207759699624527	16.097867544020104
-0.6107634543178975	15.636284038789261
-0.6007509386733414	15.209170756560036
-0.5907384230287862	14.830642605968238
-0.5807259073842301	14.528131890541964
-0.5707133917396741	14.352569441052305
-0.5607008760951189	14.215899906218016
-0.5506883604505628	14.192069456457975
-0.5406758448060076	14.324264314778695
-0.5306633291614515	14.50373097288301
-0.5206508135168963	14.813028820807551
-0.5106382978723403	15.28245669923437
-0.5006257822277842	15.76096427107746
-0.490613266583229	16.26528384681246
-0.48060075093867294	16.83912545117095
-0.47058823529411775	17.483446861171323
-0.4605757196495617	18.15600030348884
-0.4505632040050065	18.791880542921145
-0.4405506883604504	19.416357018796518
-0.43053817271589434	20.01673311317376
-0.42052565707133915	20.526090467477047
-0.4105131414267831	20.96105637701757
-0.4005006257822279	21.33162111222489
-0.3904881101376718	21.655752250530256
-0.38047559449311663	21.94113143223831
-0.37046307884856056	22.191085595716974
-0.3604505632040045	22.40020535470291
-0.3504380475594493	22.548501898342483
-0.3404255319148932	22.592983381697785
-0.33041301627033803	22.522767732772795
-0.32040050062578196	22.390409716302663
-0.3103879849812259	22.257454995347935
-0.3003754693366707	22.161298920121492
-0.2903629536921146	22.11810566485008
-0.28035043804755944	22.106082104697823
-0.27033792240300336	22.103886231833926
-0.2603254067584482	22.114643586489425
-0.2503128911138921	22.152336001238854
-0.24030037546933602	22.23691583379879
-0.23028785982478084	22.394382408627166
-0.22027534418022476	22.627499462899276
-0.21026282853566958	22.895732568274315
-0.2002503128911135	23.147652831252405
-0.19023779724655832	23.3611346513579
-0.18022528160200224	23.551140210423068
-0.17021276595744617	23.762971212490317
-0.16020025031289098	24.03983471661506
-0.1501877346683349	24.383712215200013
-0.14017521902377972	24.760368798475017
-0.13016270337922364	25.143290964781432
-0.12015018773466846	25.521359567796264
-0.11013767209011238	25.873228686560665
-0.10012515644555631	26.163110693901253
-0.09011264080100112	26.36166062653359
-0.08010012515644505	26.480047642921807
-0.07008760951188986	26.573559266226003
-0.060075093867333784	26.697744751134685
-0.0500625782227786	26.86849529450231
-0.04005006257822252	27.073049968444117
-0.030037546933666448	27.28228756031028
-0.02002503128911126	27.456687254036776
-0.010012515644555187	27.555944282142637
0.0	27.562195399171337
