-8.0	3.391136186045198
-7.989987484355444	3.4432843579664953
-7.979974968710889	3.4991194710196734
-7.969962453066333	3.55668439751917
-7.9599499374217775	3.6194496203605913
-7.949937421777221	3.6937184263302894
-7.939924906132666	3.7844474006488666
-7.92991239048811	3.8903897068759776
-7.919899874843554	4.002154610803603
-7.909887359198999	4.106296683370325
-7.899874843554443	4.192585562252971
-7.889862327909888	4.257326377120434
-7.8798498122653315	4.30006785018252
-7.869837296620776	4.319393080711026
-7.85982478097622	4.314493217107153
-7.849812265331664	4.291171720789335
-7.839799749687109	4.26437590950725
-7.829787234042553	4.252734336307754
-7.819774718397998	4.269309607871088
-7.809762202753442	4.316066894593593
-7.7997496871088865	4.3846124793035965
-7.78973717146433	4.460374668768181
-7.779724655819774	4.528029344389856
-7.769712140175219	4.5785483024014875
-7.759699624530663	4.615858902703559
-7.749687108886108	4.65678144118407
-7.739674593241552	4.721051707739291
-7.729662077596997	4.818430557287243
-7.719649561952441	4.944348874774088
-7.7096370463078845	5.086961832323163
-7.699624530663329	5.236820339692028
-7.689612015018773	5.38938419977325
-7.679599499374218	5.53997669514852
-7.669586983729662	5.678960610513712
-7.659574468085107	5.794064523667297
-7.649561952440551	5.878893854740128
-7.639549436795995	5.939464962347265
-7.629536921151439	5.991019022304191
-7.619524405506883	6.0457793506749296
-7.609511889862328	6.101601418672168
-7.599499374217772	6.142594806767811
-7.589486858573217	6.1528632056109664
-7.579474342928661	6.131613790798975
-7.569461827284105	6.095651258402055
-7.55944931163955	6.067383603291141
-7.5494367959949935	6.060004817188186
-7.539424280350438	6.072028890249891
-7.529411764705882	6.092389182774033
-7.519399249061326	6.108238578447895
-7.509386733416771	6.108364578164847
-7.499374217772215	6.08230883051499
-7.48936170212766	6.020968958991532
-7.479349186483104	5.923091582655292
-7.4693366708385485	5.803910604146061
-7.459324155193992	5.6954762074678165
-7.449311639549437	5.632960162150395
-7.439299123904881	5.635416024816897
-7.429286608260325	5.697239931650216
-7.41927409261577	5.796909635618014
-7.409261576971214	5.912266732520754
-7.399249061326659	6.026761274888468
-7.3892365456821025	6.124468916417046
-7.3792240300375465	6.186874917500246
-7.369211514392991	6.201938915024923
-7.359198998748435	6.178172980437312
-7.34918648310388	6.146593297366316
-7.339173967459324	6.145394283281628
-7.329161451814769	6.200632574495928
-7.319148936170213	6.317586021135051
-7.3091364205256575	6.483068058475151
-7.299123904881101	6.67032101914323
-7.289111389236545	6.844123942841213
-7.27909887359199	6.97063621501991
-7.269086357947434	7.0316490561746425
-7.259073842302879	7.033585457076428
-7.249061326658323	7.00235108473995
-7.239048811013767	6.966570895953477
-7.2290362953692116	6.941311371609238
-7.2190237797246555	6.923397244670238
-7.2090112640801	6.900265089931887
-7.198998748435544	6.864360451675893
-7.188986232790989	6.821223266920095
-7.178973717146433	6.78494158121317
-7.168961201501878	6.765479256927624
-7.158948685857322	6.7587811744888
-7.148936170212766	6.747137850392565
-7.13892365456821	6.708458445513592
-7.128911138923654	6.627198061740999
-7.118898623279099	6.500753581501817
-7.108886107634543	6.340270696022143
-7.098873591989987	6.167539487683354
-7.088861076345432	6.00779574152489
-7.078848560700876	5.877741008162
-7.068836045056321	5.774037944057193
-7.0588235294117645	5.672983936093485
-7.048811013767209	5.545568992107956
-7.038798498122653	5.377141997659002
-7.028785982478098	5.1754107665103035
-7.018773466833542	4.9623130386540595
-7.008760951188986	4.759840421026351
-6.998748435544431	4.580720630167376
-6.988735919899875	4.425701878341821
-6.9787234042553195	4.284596557354351
-6.968710888610763	4.140888098340647
-6.958698372966207	3.9803620032197546
-6.948685857321652	3.799674156686035
-6.938673341677096	3.608337712113174
-6.928660826032541	3.4222778265072433
-6.918648310387985	3.2540222752675967
-6.908635794743429	3.1063300495938084
-6.8986232790988735	2.971899342231979
-6.888610763454318	2.8374059939803105
-6.878598247809762	2.6895768159929365
-6.868585732165206	2.5219456713877566
-6.858573216520651	2.339664231604334
-6.848560700876095	2.1584173916298965
-6.83854818523154	1.9968390435246908
-6.828535669586984	1.8677277297792878
-6.818523153942428	1.7743591829594465
-6.808510638297872	1.7127813190817989
-6.798498122653316	1.675988808254672
-6.788485607008761	1.656416069600624
-6.778473091364205	1.646786950788955
-6.768460575719649	1.6411756962080568
-6.758448060075094	1.6368509153535575
-6.748435544430539	1.6352940195746224
-6.7384230287859825	1.6406075104405644
-6.7284105131414265	1.656026552551618
-6.718397997496871	1.6816343947754873
-6.708385481852315	1.7153232445033706
-6.69837296620776	1.7552053944218513
-6.688360450563204	1.7997936459299675
-6.678347934918648	1.8453988953376304
-6.668335419274093	1.884767488782541
-6.658322903629537	1.9104340681408616
-6.648310387984981	1.920378165312847
-6.638297872340425	1.9198671879137668
-6.628285356695869	1.9169507992945092
-6.618272841051314	1.9157082257545401
-6.608260325406759	1.9134282533375286
-6.598247809762203	1.9037162248338853
-6.588235294117647	1.882202679231571
-6.578222778473092	1.850319684364934
-6.5682102628285355	1.8152391195822288
-6.55819774718398	1.786706209858902
-6.548185231539424	1.7725377646473373
-6.538172715894868	1.775047082844018
-6.528160200250313	1.7904999747987547
-6.518147684605757	1.8118865345758866
-6.508135168961202	1.8330103602367331
-6.498122653316646	1.8513309034121626
-6.4881101376720896	1.868072526790258
-6.478097622027534	1.885564382271401
-6.468085106382979	1.9035303106712451
-6.458072590738423	1.9176968169220316
-6.448060075093867	1.9231842118543783
-6.438047559449312	1.920630746802803
-6.428035043804756	1.9188982809166404
-6.418022528160201	1.9300771266403203
-6.4080100125156445	1.959946272021518
-6.397997496871088	2.002554271282221
-6.387984981226533	2.0445012681025667
-6.377972465581977	2.075278558180241
-6.367959949937422	2.0943484332692153
-6.357947434292866	2.1093145704090768
-6.34793491864831	2.1279758348182014
-6.337922403003755	2.151774671467915
-6.3279098873591995	2.1758929695031055
-6.317897371714643	2.194992670250969
-6.307884856070087	2.2087223191863132
-6.297872340425532	2.221886819709371
-6.287859824780976	2.2399535848772683
-6.277847309136421	2.26512054541882
-6.267834793491865	2.296504129441489
-6.257822277847309	2.332911256846106
-6.2478097622027535	2.3747146533547703
-6.2377972465581975	2.4237700286966652
-6.227784730913642	2.482481722930153
-6.217772215269086	2.552598430042923
-6.20775969962453	2.6337476502432677
-6.197747183979975	2.722784278179032
-6.18773466833542	2.8152326206922953
-6.177722152690864	2.9079327920407088
-6.167709637046308	3.0003218913696403
-6.157697121401752	3.0931948595126877
-6.147684605757196	3.1864369023947705
-6.137672090112641	3.277691270845053
-6.127659574468085	3.3621857955061207
-6.117647058823529	3.433010704771427
-6.107634543178974	3.4822749592920004
-6.097622027534418	3.5041393757584425
-6.0876095118898625	3.498552582833665
-6.0775969962453065	3.4721963627928902
-6.06758448060075	3.4347111737695717
-6.057571964956195	3.392683086483057
-6.04755944931164	3.3460119255605343
-6.037546933667084	3.2892099158714205
-6.027534418022528	3.216888307918574
-6.017521902377973	3.1304257749167865
-6.007509386733417	3.041174854117134
-5.997496871088861	2.9660309755924024
-5.987484355444305	2.916661682478877
-5.977471839799749	2.8909562691076163
-5.967459324155194	2.875221531414465
-5.957446808510639	2.8557721226596753
-5.947434292866083	2.829041924692082
-5.937421777221527	2.8012960921771115
-5.927409261576971	2.7802175659594144
-5.9173967459324155	2.768259903393343
-5.90738423028786	2.7638334606891695
-5.897371714643304	2.7668184636591255
-5.887359198998748	2.7810612446683765
-5.877346683354192	2.8117049943483683
-5.867334167709637	2.8615509238198302
-5.857321652065082	2.9303604331651805
-5.847309136420526	3.0161810934162383
-5.83729662077597	3.115641076099404
-5.827284105131414	3.222561484932064
-5.817271589486858	3.3268243305408682
-5.807259073842303	3.415163589104965
-5.797246558197747	3.473929213821232
-5.787234042553191	3.4929810357313453
-5.777221526908636	3.4694873637476342
-5.767209011264081	3.409977283599329
-5.7571964956195245	3.329061427986858
-5.747183979974968	3.244278960097178
-5.737171464330412	3.1686341949457617
-5.727158948685857	3.1049181779704345
-5.717146433041302	3.046118145463705
-5.707133917396746	2.981798461038061
-5.69712140175219	2.9048256288598084
-5.687108886107635	2.812959183604161
-5.677096370463079	2.7057858629986837
-5.667083854818523	2.581744559654904
-5.657071339173967	2.438187459707522
-5.647058823529411	2.2735701979950416
-5.637046307884856	2.0898296502701257
-5.627033792240301	1.8940057135597077
-5.617021276595745	1.6983617861960625
-5.607008760951189	1.517845122927213
-5.596996245306633	1.3647339271911825
-5.5869837296620775	1.242916323376822
-5.576971214017522	1.1458770885908236
-5.566958698372966	1.0605255264753637
-5.55694618272841	0.9744314779819486
-5.546933667083855	0.8813077715752466
-5.536921151439299	0.7816518434892181
-5.526908635794744	0.679852889912994
-5.516896120150188	0.5809757715548571
-5.5068836045056315	0.48890931418649897
-5.496871088861076	0.4057737142266462
-5.486858573216521	0.33227685960267567
-5.476846057571965	0.26872956799018166
-5.466833541927409	0.2157893106528142
-5.456821026282853	0.174019130098881
-5.446808510638298	0.14265644588258958
-5.4367959949937426	0.11904824959388131
-5.4267834793491865	0.09966118774091473
-5.41677096370463	0.08201561385384191
-5.406758448060075	0.06591113624779776
-5.396745932415519	0.05286886309852592
-5.386733416770964	0.044337531879821916
-5.376720901126408	0.04030219512225299
-5.366708385481852	0.03940850802084573
-5.356695869837297	0.04027845349257545
-5.346683354192741	0.042848736880922694
-5.336670838548185	0.04879972698414502
-5.326658322903629	0.06088715383748386
-5.316645807259073	0.08168034792927402
-5.306633291614518	0.1125407934714822
-5.296620775969963	0.15340073900843573
-5.286608260325407	0.203213184893507
-5.276595744680851	0.2605006171765333
-5.2665832290362955	0.32360846090723794
-5.256570713391739	0.39082973239380103
-5.246558197747184	0.46096020422913897
-5.236545682102628	0.5344647096887444
-5.226533166458072	0.6142731467655095
-5.216520650813517	0.704569659382224
-5.206508135168962	0.807252834298126
-5.196495619524406	0.9184208314790099
-5.18648310387985	1.0285165899518427
-5.1764705882352935	1.1274464905554833
-5.166458072590738	1.2112769252922904
-5.156445556946183	1.2846017353654797
-5.146433041301627	1.3558729509586707
-5.136420525657071	1.4295031881749907
-5.126408010012516	1.5017984659909838
-5.11639549436796	1.5642674600081603
-5.1063829787234045	1.6109885368756618
-5.0963704630788484	1.6431926202125344
-5.086357947434292	1.6674159146804595
-5.076345431789737	1.690067818373583
-5.066332916145182	1.7141512521994395
-5.056320400500626	1.7404249518879604
-5.04630788485607	1.7699697616798704
-5.036295369211514	1.804093119097491
-5.026282853566959	1.8415834959092565
-5.016270337922403	1.8772836695842758
-5.006257822277847	1.9047698187994726
-4.996245306633291	1.9210371861774083
-4.986232790988735	1.9286192594234115
-4.97622027534418	1.933273763001716
-4.966207759699625	1.939661418401535
-4.956195244055069	1.948853300144534
-4.946182728410513	1.959450086372883
-4.9361702127659575	1.9707388507311714
-4.926157697121402	1.9842067186609584
-4.916145181476846	2.0010136762190878
-4.90613266583229	2.017597686929291
-4.896120150187734	2.025087893657632
-4.886107634543179	2.01525099438781
-4.876095118898624	1.9878905995457568
-4.866082603254068	1.951525755478456
-4.8560700876095115	1.9160745541552684
-4.8460575719649555	1.885119536280292
-4.8360450563204	1.8552270378757387
-4.826032540675845	1.8219036840136706
-4.816020025031289	1.785824298358797
-4.806007509386733	1.7537176970621946
-4.795994993742178	1.7330803425411263
-4.785982478097623	1.7247160569548199
-4.7759699624530665	1.7191100456615152
-4.76595744680851	1.7002983797009954
-4.755944931163954	1.655539055240255
-4.745932415519399	1.584357144932431
-4.735919899874844	1.4997927079261502
-4.725907384230288	1.4196224649556133
-4.715894868585732	1.3536843741923714
-4.705882352941176	1.297654297459396
-4.6958698372966206	1.237948901338797
-4.685857321652065	1.162204644872771
-4.675844806007509	1.0664038637576794
-4.665832290362953	0.9554456382118027
-4.655819774718398	0.8398894981341407
-4.645807259073843	0.7316305683485906
-4.635794743429287	0.639221353379506
-4.625782227784731	0.5642823790754125
-4.615769712140175	0.5017965029056081
-4.605757196495619	0.4448149801524958
-4.595744680851064	0.3897832239180329
-4.585732165206508	0.3379248228868944
-4.575719649561952	0.2922804464838642
-4.565707133917396	0.25407134043268537
-4.555694618272841	0.22164443832370817
-4.545682102628286	0.1920000903612128
-4.53566958698373	0.16293926426918917
-4.5256570713391735	0.1342320647554894
-4.515644555694618	0.10732615013677171
-4.505632040050063	0.08403142672362454
-4.495619524405507	0.06521316464639312
-4.485607008760951	0.05041017515204274
-4.475594493116395	0.03843624471150935
-4.46558197747184	0.028267436399080557
-4.4555694618272845	0.019523122011371557
-4.4455569461827285	0.012358138755214519
-4.435544430538172	0.007031715789774481
-4.425531914893616	0.003544488820983788
-4.415519399249061	0.001566135835515796
-4.405506883604506	0.0006019851228136709
-4.39549436795995	0.0002002004115027419
-4.385481852315394	5.738306970718128e-05
-4.375469336670839	1.413622165266033e-05
-4.365456821026283	2.9870061434731635e-06
-4.355444305381727	5.405621852039638e-07
-4.345431789737171	8.369079655088183e-08
-4.335419274092615	1.1075490662949024e-08
-4.32540675844806	1.252031076526295e-09
-4.315394242803505	1.2083940627628448e-10
-4.305381727158949	9.953216859124698e-12
-4.295369211514393	6.994145457816202e-13
-4.285356695869837	4.191834883833525e-14
-4.275344180225281	2.142275985050305e-15
-4.265331664580726	9.334026067753523e-17
-4.25531914893617	3.466725238082476e-18
-4.245306633291614	1.0974189991506838e-19
-4.235294117647059	2.9606241949653645e-21
-4.225281602002504	6.80635554340457e-23
-4.215269086357948	1.3333238089069153e-24
-4.2052565707133915	2.2254644242839187e-26
-4.1952440550688355	3.1648156165449524e-28
-4.18523153942428	3.834433694859778e-30
-4.175219023779725	3.9578965770379927e-32
-4.165206508135169	3.480373546130328e-34
-4.155193992490613	2.607206152542713e-36
-4.145181476846057	1.663813286572312e-38
-4.135168961201502	9.044957702788266e-41
-4.1251564455569465	4.1886632689232246e-43
-4.11514392991239	1.6523670114407572e-45
-4.105131414267834	5.552592008948481e-48
-4.095118898623279	1.58942445421439e-50
-4.085106382978723	3.8755751116179748e-53
-4.075093867334168	8.049748196846201e-56
-4.065081351689612	1.4242178299809145e-58
-4.055068836045056	2.1464311627240117e-61
-4.045056320400501	2.755514110993862e-64
-4.035043804755945	3.0132305940973535e-67
-4.025031289111389	2.8161763366385995e-70
-4.015018773466833	1.1497184412620185e-69
-4.005006257822277	1.1953061271029704e-66
-3.994993742177722	1.0587799879373117e-63
-3.9849812265331668	7.988949769119106e-61
-3.9749687108886107	5.13492445409907e-58
-3.9649561952440546	2.81152751455714e-55
-3.9549436795994994	1.3113499936886955e-52
-3.9449311639549434	5.210359238828718e-50
-3.934918648310388	1.763579519695555e-47
-3.924906132665832	5.08519073321793e-45
-3.914893617021277	1.2491421114239736e-42
-3.904881101376721	2.6140730338831415e-40
-3.8948685857321648	4.66052901829731e-38
-3.8848560700876096	7.079074569983762e-36
-3.8748435544430535	9.161271582222387e-34
-3.8648310387984983	1.0101589676606836e-31
-3.8548185231539422	9.490694567526895e-30
-3.844806007509387	7.5980762293656015e-28
-3.834793491864831	5.183628173613068e-26
-3.824780976220275	3.0138430295449935e-24
-3.8147684605757197	1.4934884349228417e-22
-3.8047559449311636	6.308445168242232e-21
-3.7947434292866085	2.27161698936156e-19
-3.7847309136420524	6.974341121135431e-18
-3.774718397997497	1.8260028758391914e-16
-3.764705882352941	4.0777359717117625e-15
-3.754693366708385	7.768952520535401e-14
-3.74468085106383	1.263160520359467e-12
-3.734668335419274	1.7533117969800773e-11
-3.7246558197747186	2.0784806987932163e-10
-3.7146433041301625	2.105410039529175e-09
-3.7046307884856065	1.82344256803475e-08
-3.6946182728410513	1.3512171253168843e-07
-3.684605757196495	8.574559309419477e-07
-3.67459324155194	4.664498208955823e-06
-3.664580725907384	2.177973509645032e-05
-3.6545682102628287	8.742265778432282e-05
-3.6445556946182727	0.0003022376128554989
-3.6345431789737166	0.000902149081325106
-3.6245306633291614	0.0023323539594641827
-3.6145181476846053	0.005245550573840008
-3.60450563204005	0.010327528279917769
-3.594493116395494	0.017968594428872903
-3.584480600750939	0.028031900147284027
-3.574468085106383	0.04007864496695291
-3.5644555694618267	0.054123690903043795
-3.5544430538172715	0.0714370055662643
-3.5444305381727155	0.09464682268770132
-3.5344180225281603	0.1268346336464669
-3.524405506883604	0.17008904401393532
-3.514392991239049	0.22436157842540655
-3.504380475594493	0.2872138579763197
-3.494367959949937	0.3546225573146381
-3.4843554443053817	0.42270721910700654
-3.4743429286608256	0.48973610831632525
-3.4643304130162704	0.5570537886507644
-3.4543178973717144	0.6277244687418371
-3.444305381727159	0.7034085312266869
-3.434292866082603	0.7819396667529844
-3.424280350438047	0.8579778467228538
-3.414267834793492	0.9266418512053466
-3.4042553191489358	0.987411637828701
-3.3942428035043806	1.0452441285450496
-3.3842302878598245	1.107888584428102
-3.3742177722152693	1.1809193989781308
-3.3642052565707132	1.2634215194848062
-3.354192740926157	1.3472650029711046
-3.344180225281602	1.421252867260575
-3.334167709637046	1.4780044356956044
-3.3241551939924907	1.5184795085554454
-3.3141426783479346	1.5502644869680366
-3.3041301627033794	1.58111068689689
-3.2941176470588234	1.6134824934458714
-3.2841051314142673	1.6445111709240423
-3.274092615769712	1.6702503691099846
-3.264080100125156	1.6891205795518953
-3.254067584480601	1.7010389462611333
-3.2440550688360448	1.704288745392532
-3.2340425531914896	1.695113311793481
-3.2240300375469335	1.6715073971369385
-3.2140175219023774	1.6372813019282362
-3.2040050062578223	1.6019307341619076
-3.193992490613266	1.576028826204825
-3.183979974968711	1.5656205774749112
-3.173967459324155	1.5694974403074942
-3.1639549436795997	1.5808349676671036
-3.1539424280350437	1.5914677769121377
-3.1439299123904876	1.595558910339852
-3.1339173967459324	1.5908132156723362
-3.1239048811013763	1.5778197029586667
-3.113892365456821	1.5588942716400056
-3.103879849812265	1.5369738317745425
-3.09386733416771	1.5146349820626566
-3.083854818523154	1.4935992796444244
-3.0738423028785977	1.4749279821702888
-3.0638297872340425	1.4593974719634266
-3.0538172715894865	1.4474985201289574
-3.0438047559449313	1.4392079186541367
-3.033792240300375	1.4339542094356488
-3.02377972465582	1.4308244910006274
-3.013767209011264	1.4288574082922274
-3.003754693366708	1.4273404304666082
-2.9937421777221527	1.4260195383184044
-2.9837296620775966	1.4252642831595719
-2.9737171464330414	1.4264590558910384
-2.9637046307884853	1.4324215576989752
-2.95369211514393	1.446665735512878
-2.943679599499374	1.4705894423251054
-2.933667083854818	1.5000033439440343
-2.923654568210263	1.5246398608490523
-2.9136420525657067	1.5331429982656108
-2.9036295369211516	1.5212654326235369
-2.8936170212765955	1.4966883228067562
-2.8836045056320403	1.4752343981838836
-2.873591989987484	1.4705932612766168
-2.863579474342928	1.4861165059729367
-2.853566958698373	1.5153537488085902
-2.843554443053817	1.5492890209428118
-2.8335419274092617	1.5822355610550711
-2.8235294117647056	1.6115135685934705
-2.8135168961201504	1.63415165640849
-2.8035043804755944	1.6468985080999636
-2.7934918648310383	1.6501883711535088
-2.783479349186483	1.6502872364125682
-2.773466833541927	1.6557824951204372
-2.763454317897372	1.6721340696147093
-2.7534418022528158	1.7004058345286557
-2.7434292866082606	1.7404277134735637
-2.7334167709637045	1.792951761733996
-2.7234042553191484	1.85731379130576
-2.7133917396745932	1.9275518248817558
-2.703379224030037	1.9924520145069622
-2.693366708385482	2.040785308813946
-2.683354192740926	2.0674985821685232
-2.6733416770963707	2.0761340528652563
-2.6633291614518146	2.076803847187301
-2.6533166458072586	2.0820199908355463
-2.6433041301627034	2.10208448160142
-2.6332916145181473	2.1409203490093347
-2.623279098873592	2.1944498898991545
-2.613266583229036	2.253619792435608
-2.603254067584481	2.310375629876595
-2.593241551939925	2.3614502890699476
-2.5832290362953687	2.4069208660168773
-2.5732165206508135	2.4461008926414705
-2.5632040050062574	2.475857222580324
-2.5531914893617023	2.493269133337569
-2.543178973717146	2.4995473934915657
-2.533166458072591	2.5005834825300255
-2.523153942428035	2.5026799721726287
-2.513141426783479	2.5066660201093534
-2.5031289111389237	2.505529349941872
-2.4931163954943676	2.488187143535111
-2.4831038798498124	2.4469554690046604
-2.4730913642052563	2.383052077022142
-2.463078848560701	2.3061613076216014
-2.453066332916145	2.228823834515062
-2.443053817271589	2.1596507811060706
-2.433041301627034	2.099342320347973
-2.4230287859824777	2.041448374355089
-2.4130162703379225	1.9768769020162886
-2.4030037546933665	1.898755348845811
-2.3929912390488113	1.804645215236372
-2.382978723404255	1.6960091878520394
-2.372966207759699	1.5766912554954513
-2.362953692115144	1.4514158666179826
-2.352941176470588	1.3244057391980428
-2.3429286608260327	1.1987146348069295
-2.3329161451814766	1.0768334457568605
-2.3229036295369214	0.9615011295482475
-2.3128911138923653	0.8549896590317991
-2.3028785982478093	0.7572301331255229
-2.292866082603254	0.6652893636866438
-2.282853566958698	0.5755613351871002
-2.272841051314143	0.48695550153640227
-2.2628285356695867	0.4022820993890035
-2.2528160200250316	0.32682642492264796
-2.2428035043804755	0.26532578819056085
-2.2327909887359194	0.2193618545312262
-2.2227784730913642	0.18660617165648677
-2.212765957446808	0.16208438445496118
-2.202753441802253	0.1404767592077126
-2.192740926157697	0.11819334010133285
-2.1827284105131417	0.0944344435528236
-2.1727158948685856	0.0709656130872899
-2.1627033792240296	0.050729436934447626
-2.1526908635794744	0.03595252482842365
-2.1426783479349183	0.026841312499707188
-2.132665832290363	0.021670900190185593
-2.122653316645807	0.018065774466760425
-2.112640801001252	0.014410057381036819
-2.1026282853566958	0.010397143083642358
-2.0926157697121397	0.006588447893434049
-2.0826032540675845	0.0036175088949859063
-2.0725907384230284	0.0017107332076414358
-2.0625782227784732	0.0006948210871163982
-2.052565707133917	0.00024200402790174036
-2.042553191489362	7.221149162844975e-05
-2.032540675844806	1.8445925031751803e-05
-2.02252816020025	4.031168936961431e-06
-2.0125156445556946	7.53277488523124e-07
-2.0025031289111386	1.2029676102186797e-07
-1.9924906132665834	1.641087497502873e-08
-1.9824780976220273	1.911673285308276e-09
-1.9724655819774712	1.9008393841047924e-10
-1.962453066332916	1.612842155544815e-11
-1.95244055068836	1.1674427772477707e-12
-1.9424280350438048	7.207344995563966e-14
-1.9324155193992487	3.794233509352388e-15
-1.9224030037546935	1.7029751570670344e-16
-1.9123904881101375	6.5271300935260174e-18
-1.9023779724655814	6.097677807116679e-19
-1.8923654568210262	1.1795100090871109e-17
-1.8823529411764701	2.9800360340354994e-16
-1.872340425531915	6.4167119694880866e-15
-1.8623279098873589	1.176972914493532e-13
-1.8523153942428037	1.8390633818246746e-12
-1.8423028785982476	2.4480749812423395e-11
-1.8322903629536915	2.776415773389142e-10
-1.8222778473091363	2.6830571830698268e-09
-1.8122653316645803	2.2097676485155484e-08
-1.802252816020025	1.551568566922415e-07
-1.792240300375469	9.29224956714055e-07
-1.7822277847309138	4.750558431695173e-06
-1.7722152690863577	2.0758661060653734e-05
-1.7622027534418017	7.76913081354988e-05
-1.7521902377972465	0.0002498424185691809
-1.7421777221526904	0.0006938368144725358
-1.7321652065081352	0.001676556519117239
-1.7221526908635791	0.003562907803509825
-1.712140175219024	0.006752668489798986
-1.7021276595744679	0.011595851889318155
-1.6921151439299118	0.01830921915911871
-1.6821026282853566	0.026864343483466106
-1.6720901126408005	0.03688312658788816
-1.6620775969962454	0.047824231162374053
-1.6520650813516893	0.059797540338603725
-1.642052565707134	0.07476088173112341
-1.632040050062578	0.0970061853770871
-1.622027534418022	0.13185495976025724
-1.6120150187734668	0.18284519608451535
-1.6020025031289107	0.2492889367257908
-1.5919899874843555	0.3261506800507022
-1.5819774718397994	0.40637410183350714
-1.5719649561952442	0.48382662698405693
-1.5619524405506882	0.5549908618674456
-1.551939924906132	0.6192504351846667
-1.541927409261577	0.678851802582933
-1.5319148936170208	0.7389787648738702
-1.5219023779724656	0.8071653709816048
-1.5118898623279096	0.8914488909801385
-1.5018773466833544	0.9977744162236107
-1.4918648310387983	1.1274666683520915
-1.4818523153942422	1.275528267522705
-1.471839799749687	1.4314163420760364
-1.461827284105131	1.583739162369847
-1.4518147684605758	1.7264263834022153
-1.4418022528160197	1.8602868699887816
-1.4317897371714645	1.9873894927564297
-1.4217772215269084	2.10428044017096
-1.4117647058823524	2.2024880156266047
-1.4017521902377972	2.2763778907954464
-1.391739674593241	2.329340786191447
-1.381727158948686	2.371363438929967
-1.3717146433041298	2.411466446092707
-1.3617021276595747	2.453793604472301
-1.3516896120150186	2.5002368171003364
-1.3416770963704625	2.553856174913849
-1.3316645807259073	2.6170883921665804
-1.3216520650813512	2.686510323101227
-1.311639549436796	2.7512236734242834
-1.30162703379224	2.797944594493749
-1.2916145181476848	2.8181704415703472
-1.2816020025031287	2.811224531072725
-1.2715894868585726	2.782254865368084
-1.2615769712140175	2.7383961184916
-1.2515644555694614	2.6852235211525968
-1.2415519399249062	2.623752479759457
-1.2315394242803501	2.5492966980638996
-1.221526908635795	2.4543814258123406
-1.2115143929912389	2.3351061572538976
-1.2015018773466828	2.196479061972443
-1.1914893617021276	2.0521208290015767
-1.1814768460575715	1.917868636005633
-1.1714643304130163	1.8035337193147944
-1.1614518147684603	1.7085004971078885
-1.151439299123905	1.6238217424107306
-1.141426783479349	1.5385249677608215
-1.131414267834793	1.4453770823452163
-1.1214017521902377	1.3431521841763194
-1.1113892365456817	1.2358156010383121
-1.1013767209011265	1.1303168026183268
-1.0913642052565704	1.0338013428378947
-1.0813516896120152	0.9507703030451757
-1.0713391739674591	0.8817171595258616
-1.061326658322903	0.8245206707288485
-1.0513141426783479	0.7774355818301673
-1.0413016270337918	0.7409780455459357
-1.0312891113892366	0.7176181531505632
-1.0212765957446805	0.7104706970576086
-1.0112640801001254	0.7219280512182821
-1.0012515644555693	0.7518550226688628
-0.9912390488110132	0.7959056197136667
-0.981226533166458	0.8464952453769297
-0.971214017521902	0.8974291327115251
-0.9612015018773468	0.9484519792207449
-0.9511889862327907	1.0046445574006586
-0.9411764705882355	1.0709451022727623
-0.9311639549436794	1.1478522679503516
-0.9211514392991234	1.2328499282882481
-0.9111389236545682	1.3251095208366899
-0.9011264080100121	1.4274020838515074
-0.8911138923654569	1.542862801778507
-0.8811013767209008	1.6702461761320657
-0.8710888610763456	1.8028462052781895
-0.8610763454317896	1.932344747110598
-0.8510638297872335	2.0539991856386663
-0.8410513141426783	2.168519935991093
-0.8310387984981222	2.2792737516874504
-0.821026282853567	2.387631332813435
-0.811013767209011	2.490810648206512
-0.8010012515644558	2.5846017761102797
-0.7909887359198997	2.669298296165615
-0.7809762202753436	2.75366279160652
-0.7709637046307884	2.851969323985073
-0.7609511889862324	2.9742114462630833
-0.7509386733416772	3.116048731070992
-0.7409261576971211	3.2570883671490307
-0.7309136420525659	3.3708539994700852
-0.7209011264080099	3.440702619151221
-0.7108886107634538	3.470125639858057
-0.7008760951188986	3.478639875638767
-0.6908635794743425	3.485125312071048
-0.6808510638297873	3.491489532353298
-0.6708385481852313	3.48088885783226
-0.6608260325406761	3.432891316687537
-0.65081351689612	3.3425018435705307
-0.6408010012515639	3.226521308629487
-0.6307884856070087	3.113256038091993
-0.6207759699624527	3.0262370896351563
-0.6107634543178975	2.974419012089644
-0.6007509386733414	2.952120447207262
-0.5907384230287862	2.9443966787805684
-0.5807259073842301	2.933351699995956
-0.5707133917396741	2.9037464317799553
-0.5607008760951189	2.8474994518449663
-0.5506883604505628	2.7661299632507443
-0.5406758448060076	2.669643246160308
-0.5306633291614515	2.571450119345693
-0.5206508135168963	2.4816947733025025
-0.5106382978723403	2.403247649457229
-0.5006257822277842	2.333010907418162
-0.490613266583229	2.2671278571516886
-0.48060075093867294	2.205839383299283
-0.47058823529411775	2.1544114402555388
-0.4605757196495617	2.1199150703202028
-0.4505632040050065	2.1066867782673917
-0.4405506883604504	2.1135487680390543
-0.43053817271589434	2.133836387769251
-0.42052565707133915	2.157660665915588
-0.4105131414267831	2.175689200726148
-0.4005006257822279	2.183471526736373
-0.3904881101376718	2.1843097232895468
-0.38047559449311663	2.1886061280620615
-0.37046307884856056	2.2092242873406622
-0.3604505632040045	2.254325824971208
-0.3504380475594493	2.3209777673660508
-0.3404255319148932	2.394306110483432
-0.33041301627033803	2.4549960120339294
-0.32040050062578196	2.4911075540064904
-0.3103879849812259	2.5049490193401263
-0.3003754693366707	2.509701530591829
-0.2903629536921146	2.5201852832655116
-0.28035043804755944	2.546197625236177
-0.27033792240300336	2.59143231550404
-0.2603254067584482	2.6546406223286727
-0.2503128911138921	2.7302625939641487
-0.24030037546933602	2.8096903942410676
-0.23028785982478084	2.884192516701111
-0.22027534418022476	2.9475101646441444
-0.21026282853566958	2.996517989404192
-0.2002503128911135	3.0312980754695213
-0.19023779724655832	3.0555888413908003
-0.18022528160200224	3.075666871361404
-0.17021276595744617	3.096398438399497
-0.16020025031289098	3.1173500030078056
-0.1501877346683349	3.1333364191112207
-0.14017521902377972	3.1401508088571695
-0.13016270337922364	3.141046299716446
-0.12015018773466846	3.147829661861017
-0.11013767209011238	3.1746429331436086
-0.10012515644555631	3.2293870185789797
-0.09011264080100112	3.30974091226177
-0.08010012515644505	3.4053976373917094
-0.07008760951188986	3.502680076027399
-0.060075093867333784	3.588737624987513
-0.0500625782227786	3.656063742626204
-0.04005006257822252	3.706774241308589
-0.030037546933666448	3.7522090195489595
-0.02002503128911126	3.8053900633135327
-0.010012515644555187	3.8716099781080704
0.0	3.9458262978581993
