-8.0	5.233080897099593
-7.989987484355444	5.183777760897997
-7.979974968710889	5.157675686663163
-7.969962453066333	5.160211311048543
-7.9599499374217775	5.190512826275014
-7.949937421777221	5.243600277406492
-7.939924906132666	5.3165838252948125
-7.92991239048811	5.412958598096833
-7.919899874843554	5.539945875969961
-7.909887359198999	5.7003720817558
-7.899874843554443	5.886522721935299
-7.889862327909888	6.082137858047556
-7.8798498122653315	6.270708046174907
-7.869837296620776	6.442100205056205
-7.85982478097622	6.592267241965135
-7.849812265331664	6.718343457397626
-7.839799749687109	6.814580265701581
-7.829787234042553	6.87172005850368
-7.819774718397998	6.879312204990176
-7.809762202753442	6.829857394137527
-7.7997496871088865	6.72310671515659
-7.78973717146433	6.567753783368426
-7.779724655819774	6.378906924864508
-7.769712140175219	6.173346312221844
-7.759699624530663	5.966373844370874
-7.749687108886108	5.771165953223602
-7.739674593241552	5.597546518468871
-7.729662077596997	5.4480693967425085
-7.719649561952441	5.314772941575423
-7.7096370463078845	5.1820835268394365
-7.699624530663329	5.035654919124355
-7.689612015018773	4.870056465271772
-7.679599499374218	4.689377618441831
-7.669586983729662	4.502446285471624
-7.659574468085107	4.318352095108373
-7.649561952440551	4.144403635091271
-7.639549436795995	3.9844939763571254
-7.629536921151439	3.837253283417037
-7.619524405506883	3.6967166138230496
-7.609511889862328	3.5570560263694033
-7.599499374217772	3.4182493810754173
-7.589486858573217	3.2878152966117287
-7.579474342928661	3.177252332644391
-7.569461827284105	3.0964603397848727
-7.55944931163955	3.0505692263396313
-7.5494367959949935	3.040809766842904
-7.539424280350438	3.0674077724132034
-7.529411764705882	3.131210393845654
-7.519399249061326	3.232451667000142
-7.509386733416771	3.3677474318189686
-7.499374217772215	3.5280073155545306
-7.48936170212766	3.699636784530881
-7.479349186483104	3.8690265704313536
-7.4693366708385485	4.0270294278301675
-7.459324155193992	4.1692891291167635
-7.449311639549437	4.292184332359014
-7.439299123904881	4.38906588076558
-7.429286608260325	4.450918105351388
-7.41927409261577	4.469879650956372
-7.409261576971214	4.4411121000677065
-7.399249061326659	4.362349935913465
-7.3892365456821025	4.2348720138189835
-7.3792240300375465	4.067347204870529
-7.369211514392991	3.877950380313744
-7.359198998748435	3.6896311802104886
-7.34918648310388	3.5205440963673
-7.339173967459324	3.3776112115633072
-7.329161451814769	3.258351157705342
-7.319148936170213	3.158255065467305
-7.3091364205256575	3.076951345597623
-7.299123904881101	3.018551471078757
-7.289111389236545	2.9863235390997005
-7.27909887359199	2.976139182878311
-7.269086357947434	2.974611044136015
-7.259073842302879	2.9641952550258845
-7.249061326658323	2.9311748151236547
-7.239048811013767	2.8703003707669734
-7.2290362953692116	2.7842733610092445
-7.2190237797246555	2.6810601953203737
-7.2090112640801	2.571629738935633
-7.198998748435544	2.4677027266938265
-7.188986232790989	2.3787380633834885
-7.178973717146433	2.3093486724216183
-7.168961201501878	2.2588058938744715
-7.158948685857322	2.2226085675962364
-7.148936170212766	2.19495964713027
-7.13892365456821	2.1714328996605796
-7.128911138923654	2.151133409515927
-7.118898623279099	2.1366198235878673
-7.108886107634543	2.1306942695711633
-7.098873591989987	2.132943698349781
-7.088861076345432	2.140520036379996
-7.078848560700876	2.152872526866448
-7.068836045056321	2.174415078302106
-7.0588235294117645	2.21112173311747
-7.048811013767209	2.264957463667247
-7.038798498122653	2.332950604861408
-7.028785982478098	2.411601592851978
-7.018773466833542	2.5007341707183923
-7.008760951188986	2.6019862096937083
-6.998748435544431	2.7134630819321854
-6.988735919899875	2.8263157652059965
-6.9787234042553195	2.927602780596539
-6.968710888610763	3.0079545288439644
-6.958698372966207	3.0671768212548964
-6.948685857321652	3.1123369249757666
-6.938673341677096	3.151071299652074
-6.928660826032541	3.188160224099552
-6.918648310387985	3.2282301145219394
-6.908635794743429	3.2783987002706
-6.8986232790988735	3.3445066100230054
-6.888610763454318	3.4238433765200234
-6.878598247809762	3.503391149952375
-6.868585732165206	3.567533179436098
-6.858573216520651	3.6094153681371672
-6.848560700876095	3.6364620570947594
-6.83854818523154	3.665240874872077
-6.828535669586984	3.7089941721332016
-6.818523153942428	3.7670219714037128
-6.808510638297872	3.824081622846791
-6.798498122653316	3.85952173949042
-6.788485607008761	3.8577627154310563
-6.778473091364205	3.812916861260038
-6.768460575719649	3.728094560357833
-6.758448060075094	3.6135257499015814
-6.748435544430539	3.4844654525433016
-6.7384230287859825	3.357335215515064
-6.7284105131414265	3.2444370789805173
-6.718397997496871	3.149744766264151
-6.708385481852315	3.0677083112778845
-6.69837296620776	2.985508982294345
-6.688360450563204	2.888286183102419
-6.678347934918648	2.7658514581087172
-6.668335419274093	2.6183131846050247
-6.658322903629537	2.457880536810501
-6.648310387984981	2.305228250338985
-6.638297872340425	2.1810635382767645
-6.628285356695869	2.0965818351825978
-6.618272841051314	2.0484399648475353
-6.608260325406759	2.0219928128057854
-6.598247809762203	2.0008415972923888
-6.588235294117647	1.9756573841001273
-6.578222778473092	1.9459110510555229
-6.5682102628285355	1.9145715159005867
-6.55819774718398	1.881992624065419
-6.548185231539424	1.845035120175107
-6.538172715894868	1.801436603870287
-6.528160200250313	1.7540957488548885
-6.518147684605757	1.7106188789989736
-6.508135168961202	1.678604790889403
-6.498122653316646	1.6609318446344297
-6.4881101376720896	1.6547455332644858
-6.478097622027534	1.6546120940552889
-6.468085106382979	1.6573363080637864
-6.458072590738423	1.6649964011947154
-6.448060075093867	1.6841744206047047
-6.438047559449312	1.7219855726771651
-6.428035043804756	1.781593525365355
-6.418022528160201	1.860467629926041
-6.4080100125156445	1.9530667754289586
-6.397997496871088	2.0559519572607874
-6.387984981226533	2.1703416947926617
-6.377972465581977	2.2989420063826325
-6.367959949937422	2.440068834241414
-6.357947434292866	2.585952924354409
-6.34793491864831	2.7280908651479696
-6.337922403003755	2.8644543895211005
-6.3279098873591995	3.0012964234088266
-6.317897371714643	3.1488963690230323
-6.307884856070087	3.3168253029462376
-6.297872340425532	3.512337273388094
-6.287859824780976	3.739643157815857
-6.277847309136421	3.9970805609392968
-6.267834793491865	4.274080670807565
-6.257822277847309	4.5528575910550195
-6.2478097622027535	4.816152139793392
-6.2377972465581975	5.055901748661677
-6.227784730913642	5.275730751734846
-6.217772215269086	5.484951037830646
-6.20775969962453	5.68836511230113
-6.197747183979975	5.878704107948606
-6.18773466833542	6.036162208976203
-6.177722152690864	6.135145556722674
-6.167709637046308	6.15493883490154
-6.157697121401752	6.089765507834312
-6.147684605757196	5.95399531824288
-6.137672090112641	5.7790809595153645
-6.127659574468085	5.601617289179462
-6.117647058823529	5.4479258847749055
-6.107634543178974	5.325291780705713
-6.097622027534418	5.226426671930246
-6.0876095118898625	5.142740618596399
-6.0775969962453065	5.074147983849609
-6.06758448060075	5.0271740421495945
-6.057571964956195	5.004841767531025
-6.04755944931164	4.998515546733582
-6.037546933667084	4.9881066830507566
-6.027534418022528	4.949604993052936
-6.017521902377973	4.865047547016771
-6.007509386733417	4.7296377361452535
-5.997496871088861	4.552162265422524
-5.987484355444305	4.34868955461604
-5.977471839799749	4.134060768126289
-5.967459324155194	3.916804294668465
-5.957446808510639	3.69986252834863
-5.947434292866083	3.485074434743138
-5.937421777221527	3.2771112711992436
-5.927409261576971	3.0837011432104955
-5.9173967459324155	2.9122728716822794
-5.90738423028786	2.7659425513267424
-5.897371714643304	2.642067498187867
-5.887359198998748	2.534436775695015
-5.877346683354192	2.4371553686446776
-5.867334167709637	2.346827436521713
-5.857321652065082	2.261505851191502
-5.847309136420526	2.178370826812831
-5.83729662077597	2.0929390595973403
-5.827284105131414	1.999948618502527
-5.817271589486858	1.8942546325754959
-5.807259073842303	1.7714530775819008
-5.797246558197747	1.6290936714914779
-5.787234042553191	1.4678418610806343
-5.777221526908636	1.2909766899800141
-5.767209011264081	1.1027101663927368
-5.7571964956195245	0.9078143709694443
-5.747183979974968	0.7133196889290709
-5.737171464330412	0.5297107185665741
-5.727158948685857	0.3689237307767488
-5.717146433041302	0.23997734468287876
-5.707133917396746	0.14574863476412162
-5.69712140175219	0.08313547747248369
-5.687108886107635	0.045687641582135965
-5.677096370463079	0.026440891891698872
-5.667083854818523	0.01973700129696689
-5.657071339173967	0.02216350108751112
-5.647058823529411	0.03299855428456281
-5.637046307884856	0.05418337280362357
-5.627033792240301	0.08979311617408615
-5.617021276595745	0.14524674699326512
-5.607008760951189	0.22646569623132748
-5.596996245306633	0.3387839043469695
-5.5869837296620775	0.4853360432477525
-5.576971214017522	0.6652463809448934
-5.566958698372966	0.872493062674133
-5.55694618272841	1.0960847152862656
-5.546933667083855	1.3214941007948076
-5.536921151439299	1.5330048957906
-5.526908635794744	1.716782085583267
-5.516896120150188	1.8641785601022494
-5.5068836045056315	1.9737069515452568
-5.496871088861076	2.0497025023319493
-5.486858573216521	2.097811994189985
-5.476846057571965	2.120921587083205
-5.466833541927409	2.1196379831701613
-5.456821026282853	2.096919635363917
-5.446808510638298	2.0615866467026445
-5.4367959949937426	2.0264374310913964
-5.4267834793491865	2.0023603174181193
-5.41677096370463	1.9931535661746271
-5.406758448060075	1.9942636831685647
-5.396745932415519	1.9961116731841417
-5.386733416770964	1.9909887641972643
-5.376720901126408	1.9799523935485486
-5.366708385481852	1.9741424798461706
-5.356695869837297	1.9878426205043231
-5.346683354192741	2.0276472860491355
-5.336670838548185	2.0862243220881407
-5.326658322903629	2.1457473821848954
-5.316645807259073	2.1883748327658457
-5.306633291614518	2.206143912678211
-5.296620775969963	2.2039293219915006
-5.286608260325407	2.194705060023785
-5.276595744680851	2.1915157573639306
-5.2665832290362955	2.201580966982962
-5.256570713391739	2.224772356653762
-5.246558197747184	2.2550974262722105
-5.236545682102628	2.283190969965504
-5.226533166458072	2.2990984595647617
-5.216520650813517	2.294996623387684
-5.206508135168962	2.267010448759147
-5.196495619524406	2.215459737436419
-5.18648310387985	2.143416303579428
-5.1764705882352935	2.0538477107446984
-5.166458072590738	1.946599776265409
-5.156445556946183	1.8176091455041599
-5.146433041301627	1.6618851923787878
-5.136420525657071	1.4786977932247682
-5.126408010012516	1.275074202199974
-5.11639549436796	1.0647187016672215
-5.1063829787234045	0.8628994355297468
-5.0963704630788484	0.680770313723599
-5.086357947434292	0.5228423600858202
-5.076345431789737	0.3887070469058618
-5.066332916145182	0.2767465000133494
-5.056320400500626	0.18646433882375507
-5.04630788485607	0.11805837986310405
-5.036295369211514	0.0705700925354272
-5.026282853566959	0.040767285231844995
-5.016270337922403	0.023706692301454783
-5.006257822277847	0.014342400382412617
-4.996245306633291	0.008926582960751082
-4.986232790988735	0.005422596455044245
-4.97622027534418	0.003038436681055455
-4.966207759699625	0.0015112826591019755
-4.956195244055069	0.0006534015440041085
-4.946182728410513	0.00024300561103974167
-4.9361702127659575	7.735082604613535e-05
-4.926157697121402	2.1021930750233322e-05
-4.916145181476846	4.8722271341839875e-06
-4.90613266583229	9.624493560434405e-07
-4.896120150187734	1.619936676872586e-07
-4.886107634543179	2.322867881599083e-08
-4.876095118898624	2.837428175515106e-09
-4.866082603254068	2.952449136039275e-10
-4.8560700876095115	2.6169080419155465e-11
-4.8460575719649555	1.975779347404777e-12
-4.8360450563204	1.2706617886016038e-13
-4.826032540675845	6.960842086377581e-15
-4.816020025031289	3.2481285115147583e-16
-4.806007509386733	1.2910524268196376e-17
-4.795994993742178	4.371128905142615e-19
-4.785982478097623	1.2606145289008066e-20
-4.7759699624530665	3.0967768057813133e-22
-4.76595744680851	6.480020451556379e-24
-4.755944931163954	1.1549992578954882e-25
-4.745932415519399	1.7535812082617017e-27
-4.735919899874844	2.26782169085485e-29
-4.725907384230288	2.4982205050550817e-31
-4.715894868585732	2.344182788584573e-33
-4.705882352941176	1.8736609993560244e-35
-4.6958698372966206	1.2756437344454204e-37
-4.685857321652065	7.397868762228413e-40
-4.675844806007509	3.654455552164009e-42
-4.665832290362953	1.5377211381394005e-44
-4.655819774718398	5.511519186270635e-47
-4.645807259073843	1.6826891780265204e-49
-4.635794743429287	4.375979900336708e-52
-4.625782227784731	9.693610700423407e-55
-4.615769712140175	1.8290882879646497e-57
-4.605757196495619	2.939832605337561e-60
-4.595744680851064	4.0248469885423844e-63
-4.585732165206508	4.69369630008415e-66
-4.575719649561952	4.662506342748723e-69
-4.565707133917396	3.9451427697726966e-72
-4.555694618272841	2.843445129620869e-75
-4.545682102628286	1.7456847519140677e-78
-4.53566958698373	9.129050799988312e-82
-4.5256570713391735	4.0665326906168435e-85
-4.515644555694618	1.5429851661535986e-88
-4.505632040050063	4.9869851236503036e-92
-4.495619524405507	1.3729452957446776e-95
-4.485607008760951	3.2196393959834725e-99
-4.475594493116395	6.4313192902883e-103
-4.46558197747184	1.0942882811352354e-106
-4.4555694618272845	1.585996645210422e-110
-4.4455569461827285	1.957995183671531e-114
-4.435544430538172	2.0590164335903416e-118
-4.425531914893616	1.8443648863358604e-122
-4.415519399249061	1.4072547289182203e-126
-4.405506883604506	9.146131198761846e-131
-4.39549436795995	5.0633852945062796e-135
-4.385481852315394	2.3877198166786748e-139
-4.375469336670839	9.591015448805704e-144
-4.365456821026283	3.2815925425096706e-148
-4.355444305381727	9.564087934435999e-153
-4.345431789737171	2.3743312233787636e-157
-4.335419274092615	5.020857386408016e-162
-4.32540675844806	9.043849085001138e-167
-4.315394242803505	1.3876104645713095e-171
-4.305381727158949	1.813512965894974e-176
-4.295369211514393	2.0188897465876432e-181
-4.285356695869837	1.9144471361441154e-186
-4.275344180225281	1.5463684975611152e-191
-4.265331664580726	1.0639505603698946e-196
-4.25531914893617	6.23546348608244e-202
-4.245306633291614	3.1128261916520702e-207
-4.235294117647059	1.323670354909816e-212
-4.225281602002504	4.794503629541319e-218
-4.215269086357948	1.4792660833571137e-223
-4.2052565707133915	3.887655619430783e-229
-4.1952440550688355	8.70298254731623e-235
-4.18523153942428	1.65953829014151e-240
-4.175219023779725	2.6955368957575065e-246
-4.165206508135169	3.7294271060348216e-252
-4.155193992490613	4.395191520053175e-258
-4.145181476846057	4.412170881639194e-264
-4.135168961201502	3.772816501852623e-270
-4.1251564455569465	2.7480072908517723e-276
-4.11514392991239	1.7049392822276754e-282
-4.105131414267834	9.01029048371549e-289
-4.095118898623279	4.056089287554926e-295
-4.085106382978723	1.555303178910668e-301
-4.075093867334168	5.101280255229563e-308
-4.065081351689612	6.915404194353009e-304
-4.055068836045056	1.911867506790058e-297
-4.045056320400501	4.502325134452275e-291
-4.035043804755945	9.031393297474126e-285
-4.025031289111389	1.5431619104604335e-278
-4.015018773466833	2.2459861508980918e-272
-4.005006257822277	2.7844632593419426e-266
-3.994993742177722	2.9404564294623068e-260
-3.9849812265331668	2.6450071135733178e-254
-3.9749687108886107	2.026645455764337e-248
-3.9649561952440546	1.3227188820652357e-242
-3.9549436795994994	7.353535043318271e-237
-3.9449311639549434	3.482279441038104e-231
-3.934918648310388	1.4046557801002614e-225
-3.924906132665832	4.826308090580758e-220
-3.914893617021277	1.4125343340542059e-214
-3.904881101376721	3.521452410890621e-209
-3.8948685857321648	7.477965799485653e-204
-3.8848560700876096	1.3526454184164866e-198
-3.8748435544430535	2.0841227670394063e-193
-3.8648310387984983	2.7352779916017393e-188
-3.8548185231539422	3.0578662535523984e-183
-3.844806007509387	2.911885833647096e-178
-3.834793491864831	2.3619409968738666e-173
-3.824780976220275	1.6319339960099618e-168
-3.8147684605757197	9.60450485866479e-164
-3.8047559449311636	4.814888327485533e-159
-3.7947434292866085	2.0560624739100094e-154
-3.7847309136420524	7.478685087419902e-150
-3.774718397997497	2.3171440906238775e-145
-3.764705882352941	6.115327140751488e-141
-3.754693366708385	1.3747546963874742e-136
-3.74468085106383	2.632507389202123e-132
-3.734668335419274	4.2939092613861455e-128
-3.7246558197747186	5.965886854621565e-124
-3.7146433041301625	7.060509790647761e-120
-3.7046307884856065	7.117639992351821e-116
-3.6946182728410513	6.111881203600044e-112
-3.684605757196495	4.470465426067846e-108
-3.67459324155194	2.785284438054392e-104
-3.664580725907384	1.478173368711235e-100
-3.6545682102628287	6.682211903976198e-97
-3.6445556946182727	2.573085474123002e-93
-3.6345431789737166	8.439706497618546e-90
-3.6245306633291614	2.3579778022213658e-86
-3.6145181476846053	5.611660828042632e-83
-3.60450563204005	1.1375816205366192e-79
-3.594493116395494	1.964324872650465e-76
-3.584480600750939	2.889241483540904e-73
-3.574468085106383	3.619881619535965e-70
-3.5644555694618267	3.863182020920579e-67
-3.5544430538172715	3.5118551404913145e-64
-3.5444305381727155	2.7193747385151824e-61
-3.5344180225281603	1.7936722617599944e-58
-3.524405506883604	1.0077651660526684e-55
-3.514392991239049	4.823015025554846e-53
-3.504380475594493	1.9661737986760546e-50
-3.494367959949937	6.827637316296628e-48
-3.4843554443053817	2.0196018378009972e-45
-3.4743429286608256	5.088733812960192e-43
-3.4643304130162704	1.0922063821822091e-40
-3.4543178973717144	1.9968874002208298e-38
-3.444305381727159	3.109996582189616e-36
-3.434292866082603	4.125989713603544e-34
-3.424280350438047	4.6629819943457665e-32
-3.414267834793492	4.489246718051368e-30
-3.4042553191489358	3.6818468139967727e-28
-3.3942428035043806	2.5724728776776213e-26
-3.3842302878598245	1.531233828059833e-24
-3.3742177722152693	7.765217341303397e-23
-3.3642052565707132	3.3551084302088865e-21
-3.354192740926157	1.2351631498783268e-19
-3.344180225281602	3.8746853195052314e-18
-3.334167709637046	1.0358078458661769e-16
-3.3241551939924907	2.359919406746455e-15
-3.3141426783479346	4.5829484197584e-14
-3.3041301627033794	7.587336233649294e-13
-3.2941176470588234	1.0710545333305055e-11
-3.2841051314142673	1.289467724896507e-10
-3.274092615769712	1.3243579350380372e-09
-3.264080100125156	1.1607530674491735e-08
-3.254067584480601	8.685312574299151e-08
-3.2440550688360448	5.550676869979291e-07
-3.2340425531914896	3.0315276658386088e-06
-3.2240300375469335	1.4158387393721828e-05
-3.2140175219023774	5.658899541018331e-05
-3.2040050062578223	0.00019373300212486265
-3.193992490613266	0.000568715989392374
-3.183979974968711	0.0014335051096110764
-3.173967459324155	0.0031083610182551214
-3.1639549436795997	0.005814923309035231
-3.1539424280350437	0.009430809731335652
-3.1439299123904876	0.013375577019495013
-3.1339173967459324	0.01684826644381604
-3.1239048811013763	0.019344494063711255
-3.113892365456821	0.021030555822350562
-3.103879849812265	0.022637222800936746
-3.09386733416771	0.025082566092226827
-3.083854818523154	0.02933015053939672
-3.0738423028785977	0.03652529830575977
-3.0638297872340425	0.04786755165224442
-3.0538172715894865	0.06397877808257951
-3.0438047559449313	0.08443278956015597
-3.033792240300375	0.10826473370209286
-3.02377972465582	0.13530211340033152
-3.013767209011264	0.1672981589087114
-3.003754693366708	0.20809652456071245
-2.9937421777221527	0.26285183806503604
-2.9837296620775966	0.33669837139456193
-2.9737171464330414	0.4332511378087338
-2.9637046307884853	0.5535923635948732
-2.95369211514393	0.6967709847077932
-2.943679599499374	0.8621319556564467
-2.933667083854818	1.0516413425362865
-2.923654568210263	1.2689717815076735
-2.9136420525657067	1.5143251394280488
-2.9036295369211516	1.7788621475631223
-2.8936170212765955	2.0447536697857216
-2.8836045056320403	2.292539615266929
-2.873591989987484	2.510510843634627
-2.863579474342928	2.6988287331904277
-2.853566958698373	2.8659402218614076
-2.843554443053817	3.0208726433554625
-2.8335419274092617	3.1669070120647924
-2.8235294117647056	3.300138988411586
-2.8135168961201504	3.4130589783461196
-2.8035043804755944	3.5000044614609
-2.7934918648310383	3.559879020963996
-2.783479349186483	3.5940003403874656
-2.773466833541927	3.602085281796634
-2.763454317897372	3.5816639848691363
-2.7534418022528158	3.5320598938842145
-2.7434292866082606	3.457815334741096
-2.7334167709637045	3.3662338081189986
-2.7234042553191484	3.260780225712051
-2.7133917396745932	3.137806481809454
-2.703379224030037	2.9907602796473807
-2.693366708385482	2.8175648354259413
-2.683354192740926	2.6235394498550506
-2.6733416770963707	2.4172879227337343
-2.6633291614518146	2.2039718057379982
-2.6533166458072586	1.9824432685129696
-2.6433041301627034	1.7489682425011202
-2.6332916145181473	1.5044767274642956
-2.623279098873592	1.2591288808906538
-2.613266583229036	1.029987034022359
-2.603254067584481	0.8331505115880947
-2.593241551939925	0.6761915887874034
-2.5832290362953687	0.5562069229752684
-2.5732165206508135	0.4638609805660588
-2.5632040050062574	0.38932447699293316
-2.5531914893617023	0.32593273462409483
-2.543178973717146	0.2705292255033311
-2.533166458072591	0.22201998151416286
-2.523153942428035	0.17998351528288464
-2.513141426783479	0.14416391370370138
-2.5031289111389237	0.11455111249134903
-2.4931163954943676	0.09128757584404068
-2.4831038798498124	0.07412000144352975
-2.4730913642052563	0.06190617945184001
-2.463078848560701	0.05277249300240867
-2.453066332916145	0.04484502891373356
-2.443053817271589	0.03695133981077989
-2.433041301627034	0.028842283599482016
-2.4230287859824777	0.020950935976836515
-2.4130162703379225	0.01396168237406234
-2.4030037546933665	0.008427556830091509
-2.3929912390488113	0.004553712926279383
-2.382978723404255	0.002179092534063621
-2.372966207759699	0.0009149839860342556
-2.362953692115144	0.00033456917172358956
-2.352941176470588	0.00010590373799370282
-2.3429286608260327	2.8889102769467375e-05
-2.3329161451814766	6.768768449628408e-06
-2.3229036295369214	1.3589068300825902e-06
-2.3128911138923653	2.3335780349023976e-07
-2.3028785982478093	3.4235194912983466e-08
-2.292866082603254	4.287090467747716e-09
-2.282853566958698	4.579571995386381e-10
-2.272841051314143	4.1713014195630385e-11
-2.2628285356695867	3.238698334931681e-12
-2.2528160200250316	2.1430323649901887e-13
-2.2428035043804755	1.2083171566971718e-14
-2.2327909887359194	5.8047323126541e-16
-2.2227784730913642	2.380817154409102e-17
-2.212765957446808	2.4856097085986807e-18
-2.202753441802253	4.6019985085793655e-17
-2.192740926157697	1.0873595226523508e-15
-2.1827284105131417	2.189628502178342e-14
-2.1727158948685856	3.7558375530835574e-13
-2.1627033792240296	5.487594364700045e-12
-2.1526908635794744	6.829612162826522e-11
-2.1426783479349183	7.240172629811728e-10
-2.132665832290363	6.537935631975429e-09
-2.122653316645807	5.0288791726122095e-08
-2.112640801001252	3.294887636581404e-07
-2.1026282853566958	1.838860912204982e-06
-2.0926157697121397	8.74170357580021e-06
-2.0826032540675845	3.539829743591567e-05
-2.0725907384230284	0.00012209794603164722
-2.0625782227784732	0.00035873677323885436
-2.052565707133917	0.0008978236171391527
-2.042553191489362	0.0019141383831425569
-2.032540675844806	0.0034768577083739765
-2.02252816020025	0.005383237040155082
-2.0125156445556946	0.007116227964951842
-2.0025031289111386	0.008075793473159504
-1.9924906132665834	0.008013212784850171
-1.9824780976220273	0.007362967302525418
-1.9724655819774712	0.007212282036822415
-1.962453066332916	0.0089565030440295
-1.95244055068836	0.013928337406478444
-1.9424280350438048	0.023272151565916395
-1.9324155193992487	0.038186001573618705
-1.9224030037546935	0.06048786894991342
-1.9123904881101375	0.09324311496403502
-1.9023779724655814	0.14102798670727054
-1.8923654568210262	0.20960213854452414
-1.8823529411764701	0.3052697248248269
-1.872340425531915	0.43433890424835914
-1.8623279098873589	0.6024183913469251
-1.8523153942428037	0.8127640565404524
-1.8423028785982476	1.0639141317149836
-1.8322903629536915	1.3486448233723134
-1.8222778473091363	1.6558638035527131
-1.8122653316645803	1.9738601095046868
-1.802252816020025	2.2915992710739195
-1.792240300375469	2.5976169722374554
-1.7822277847309138	2.879493274101208
-1.7722152690863577	3.125513550932894
-1.7622027534418017	3.326580268502249
-1.7521902377972465	3.4769652311200367
-1.7421777221526904	3.575561907229029
-1.7321652065081352	3.628358043014803
-1.7221526908635791	3.648753178899128
-1.712140175219024	3.65259155399107
-1.7021276595744679	3.6505011992148
-1.6921151439299118	3.6437009333494967
-1.6821026282853566	3.626165656141019
-1.6720901126408005	3.5902831218899043
-1.6620775969962454	3.531277470361699
-1.6520650813516893	3.4484001024842463
-1.642052565707134	3.343951776366734
-1.632040050062578	3.221549536454855
-1.622027534418022	3.0842414886317644
-1.6120150187734668	2.9334562827847046
-1.6020025031289107	2.769876417045036
-1.5919899874843555	2.5951783045285994
-1.5819774718397994	2.4118510384767395
-1.5719649561952442	2.220362203881117
-1.5619524405506882	2.0166178939375663
-1.551939924906132	1.7932832012640891
-1.541927409261577	1.5453907527473574
-1.5319148936170208	1.2768322925360394
-1.5219023779724656	1.0028343472673975
-1.5118898623279096	0.745751270682095
-1.5018773466833544	0.5263558061026816
-1.4918648310387983	0.35638726366841783
-1.4818523153942422	0.2369478802954689
-1.471839799749687	0.16246421292588042
-1.461827284105131	0.1260947458668382
-1.4518147684605758	0.12282554029222689
-1.4418022528160197	0.1496465268026767
-1.4317897371714645	0.2046130680604836
-1.4217772215269084	0.2864804482365949
-1.4117647058823524	0.3948896951138387
-1.4017521902377972	0.5298479364733066
-1.391739674593241	0.6897280224381142
-1.381727158948686	0.868663677847886
-1.3717146433041298	1.0553478554157203
-1.3617021276595747	1.2347379615933043
-1.3516896120150186	1.3923893072673073
-1.3416770963704625	1.519268325291283
-1.3316645807259073	1.6141897082847196
-1.3216520650813512	1.6823226336947772
-1.311639549436796	1.7309280007628756
-1.30162703379224	1.7652732704948673
-1.2916145181476848	1.7868126603723857
-1.2816020025031287	1.7936280013631218
-1.2715894868585726	1.7824149356318686
-1.2615769712140175	1.751711880343568
-1.2515644555694614	1.7052473704176512
-1.2415519399249062	1.6526825385112711
-1.2315394242803501	1.6060014327774499
-1.221526908635795	1.5736487572700457
-1.2115143929912389	1.5568309666807578
-1.2015018773466828	1.5503299274697158
-1.1914893617021276	1.5463931909563473
-1.1814768460575715	1.5386967763407662
-1.1714643304130163	1.5244003436490239
-1.1614518147684603	1.5039440375524726
-1.151439299123905	1.47934744248417
-1.141426783479349	1.4523490657850022
-1.131414267834793	1.4237104005284105
-1.1214017521902377	1.3942812633603199
-1.1113892365456817	1.3670932178266693
-1.1013767209011265	1.348312204648272
-1.0913642052565704	1.344783769511617
-1.0813516896120152	1.3586095075437097
-1.0713391739674591	1.3830939272554124
-1.061326658322903	1.4047837908966494
-1.0513141426783479	1.4112733431631905
-1.0413016270337918	1.398768141052694
-1.0312891113892366	1.373257476758573
-1.0212765957446805	1.3446468872839508
-1.0112640801001254	1.319100229506481
-1.0012515644555693	1.2962322231468053
-0.9912390488110132	1.2732736964606137
-0.981226533166458	1.2512564497273548
-0.971214017521902	1.2358904110452984
-0.9612015018773468	1.231958815233972
-0.9511889862327907	1.2381430145732601
-0.9411764705882355	1.2488677125966174
-0.9311639549436794	1.2610060633433624
-0.9211514392991234	1.277108072585042
-0.9111389236545682	1.3009427515228176
-0.9011264080100121	1.3305454329585025
-0.8911138923654569	1.3574201324779662
-0.8811013767209008	1.3738049666740741
-0.8710888610763456	1.3804931843529773
-0.8610763454317896	1.3865320902033522
-0.8510638297872335	1.4008715412773671
-0.8410513141426783	1.4247718041269521
-0.8310387984981222	1.4524722889712638
-0.821026282853567	1.478088433677965
-0.811013767209011	1.5002493235104288
-0.8010012515644558	1.5196126776585415
-0.7909887359198997	1.5329703529045382
-0.7809762202753436	1.531222067702165
-0.7709637046307884	1.504083406635844
-0.7609511889862324	1.4478331212322837
-0.7509386733416772	1.3702581844815784
-0.7409261576971211	1.2898960319322232
-0.7309136420525659	1.230632637620349
-0.7209011264080099	1.2143149569415495
-0.7108886107634538	1.2537699839195804
-0.7008760951188986	1.3487489356848945
-0.6908635794743425	1.487616961641786
-0.6808510638297873	1.6553407102141393
-0.6708385481852313	1.8432245021855638
-0.6608260325406761	2.0528922862052426
-0.65081351689612	2.2911804327770158
-0.6408010012515639	2.5610609460058855
-0.6307884856070087	2.8571552414278787
-0.6207759699624527	3.1686131272934155
-0.6107634543178975	3.4844841446837287
-0.6007509386733414	3.7964667614393024
-0.5907384230287862	4.099395116881883
-0.5807259073842301	4.392012091271302
-0.5707133917396741	4.6774260012595485
-0.5607008760951189	4.960876017874913
-0.5506883604505628	5.245368361009094
-0.5406758448060076	5.528399561997183
-0.5306633291614515	5.801137530580604
-0.5206508135168963	6.04843263385093
-0.5106382978723403	6.249065952921111
-0.5006257822277842	6.379229846511782
-0.490613266583229	6.421679566850966
-0.48060075093867294	6.3763064328351025
-0.47058823529411775	6.262716942264211
-0.4605757196495617	6.110379239583561
-0.4505632040050065	5.943785581847975
-0.4405506883604504	5.775266675293208
-0.43053817271589434	5.6096321107492315
-0.42052565707133915	5.452467480203959
-0.4105131414267831	5.3119816172667145
-0.4005006257822279	5.193643734337672
-0.3904881101376718	5.095408892667667
-0.38047559449311663	5.009925906669896
-0.37046307884856056	4.931943283770144
-0.3604505632040045	4.863732402902728
-0.3504380475594493	4.813613929920706
-0.3404255319148932	4.789193239519459
-0.33041301627033803	4.791142672022078
-0.32040050062578196	4.812342267067722
-0.3103879849812259	4.843123826352985
-0.3003754693366707	4.879675911577432
-0.2903629536921146	4.93023313297946
-0.28035043804755944	5.013072033952723
-0.27033792240300336	5.144900140904973
-0.2603254067584482	5.327784988411434
-0.2503128911138921	5.546947005036412
-0.24030037546933602	5.781739892228218
-0.23028785982478084	6.017869205808599
-0.22027534418022476	6.248580766295595
-0.21026282853566958	6.466123619430728
-0.2002503128911135	6.654580105612468
-0.19023779724655832	6.791760238975149
-0.18022528160200224	6.858954824386059
-0.17021276595744617	6.852155118373212
-0.16020025031289098	6.78785168707436
-0.1501877346683349	6.6988529938251755
-0.14017521902377972	6.620402217419737
-0.13016270337922364	6.573056629399686
-0.12015018773466846	6.552658858518218
-0.11013767209011238	6.534865471690638
-0.10012515644555631	6.49137450714839
-0.09011264080100112	6.4051433181825095
-0.08010012515644505	6.2740042231009445
-0.07008760951188986	6.104995261203274
-0.060075093867333784	5.909504852300495
-0.0500625782227786	5.7034067221605955
-0.04005006257822252	5.507562997885529
-0.030037546933666448	5.344272357562738
-0.02002503128911126	5.230945700494933
-0.010012515644555187	5.174891943196169
0.0	5.17213182713759
