-8.0	44.03882950191037
-7.989987484355444	43.99719211914034
-7.979974968710889	43.918852342343094
-7.969962453066333	43.76575792539763
-7.9599499374217775	43.55912382971013
-7.949937421777221	43.36099451374261
-7.939924906132666	43.21251290026515
-7.92991239048811	43.12144916999657
-7.919899874843554	43.05789093980093
-7.909887359198999	42.9663012012654
-7.899874843554443	42.85514283529076
-7.889862327909888	42.763877726749364
-7.8798498122653315	42.71224800313581
-7.869837296620776	42.76579050946282
-7.85982478097622	42.97466367284493
-7.849812265331664	43.324801717251916
-7.839799749687109	43.76732805935164
-7.829787234042553	44.23696406510952
-7.819774718397998	44.68348495680912
-7.809762202753442	45.103173533058666
-7.7997496871088865	45.49282673259716
-7.78973717146433	45.80800629637566
-7.779724655819774	45.98651232453092
-7.769712140175219	45.953462069662606
-7.759699624530663	45.71173907273358
-7.749687108886108	45.34571677874448
-7.739674593241552	44.8927693745168
-7.729662077596997	44.32205033549323
-7.719649561952441	43.70675639873292
-7.7096370463078845	43.03416795509933
-7.699624530663329	42.23471464845917
-7.689612015018773	41.358792208351616
-7.679599499374218	40.45480185257404
-7.669586983729662	39.4801862650727
-7.659574468085107	38.39261188284182
-7.649561952440551	37.17636921467083
-7.639549436795995	35.89709945548245
-7.629536921151439	34.629989674716995
-7.619524405506883	33.43388343554252
-7.609511889862328	32.428954867237685
-7.599499374217772	31.666554782906292
-7.589486858573217	31.147990554104755
-7.579474342928661	30.915557443770773
-7.569461827284105	30.96202803947761
-7.55944931163955	31.18339924633442
-7.5494367959949935	31.47375029013525
-7.539424280350438	31.811323293880502
-7.529411764705882	32.20260397738344
-7.519399249061326	32.60853054699969
-7.509386733416771	32.95230937254958
-7.499374217772215	33.17621193416318
-7.48936170212766	33.24274166943024
-7.479349186483104	33.142507446859355
-7.4693366708385485	32.83930778589193
-7.459324155193992	32.245217302692545
-7.449311639549437	31.26647855371309
-7.439299123904881	29.971225288476933
-7.429286608260325	28.54178920341788
-7.41927409261577	27.111038076353637
-7.409261576971214	25.72610063056894
-7.399249061326659	24.38391977221252
-7.3892365456821025	23.05880980002096
-7.3792240300375465	21.797714533498105
-7.369211514392991	20.748919859156835
-7.359198998748435	19.928025303759462
-7.34918648310388	19.228263703161172
-7.339173967459324	18.72656352616614
-7.329161451814769	18.426435208791474
-7.319148936170213	18.36787473262346
-7.3091364205256575	18.58642896420414
-7.299123904881101	18.977163475447387
-7.289111389236545	19.417398154279635
-7.27909887359199	19.82026847449646
-7.269086357947434	20.147807322979254
-7.259073842302879	20.388088321628
-7.249061326658323	20.50153902695653
-7.239048811013767	20.485918453347292
-7.2290362953692116	20.360464034758916
-7.2190237797246555	20.138808205182702
-7.2090112640801	19.831703570892664
-7.198998748435544	19.468507491026426
-7.188986232790989	19.08462808902474
-7.178973717146433	18.6968859858321
-7.168961201501878	18.31135319617701
-7.158948685857322	17.93514547642143
-7.148936170212766	17.56885929297195
-7.13892365456821	17.226032071807044
-7.128911138923654	16.953023196010957
-7.118898623279099	16.776934133042584
-7.108886107634543	16.686483222589995
-7.098873591989987	16.638819555298312
-7.088861076345432	16.58869467878539
-7.078848560700876	16.518238599328154
-7.068836045056321	16.444617443277625
-7.0588235294117645	16.39386089001442
-7.048811013767209	16.376461258083676
-7.038798498122653	16.39883751066582
-7.028785982478098	16.4601907990161
-7.018773466833542	16.57055462694844
-7.008760951188986	16.73786220331391
-6.998748435544431	16.952096745786736
-6.988735919899875	17.177821002222416
-6.9787234042553195	17.362625109557815
-6.968710888610763	17.485230766158864
-6.958698372966207	17.571622643688638
-6.948685857321652	17.653311580884058
-6.938673341677096	17.727076780543328
-6.928660826032541	17.811850774167436
-6.918648310387985	17.927427207437024
-6.908635794743429	18.0519887271028
-6.8986232790988735	18.162104141515538
-6.888610763454318	18.25807406609266
-6.878598247809762	18.334251552838047
-6.868585732165206	18.378904871350823
-6.858573216520651	18.390226236903604
-6.848560700876095	18.378214952498283
-6.83854818523154	18.371580080364595
-6.828535669586984	18.3985552341638
-6.818523153942428	18.46042244269473
-6.808510638297872	18.526121627407754
-6.798498122653316	18.547245529176656
-6.788485607008761	18.492855868054093
-6.778473091364205	18.356606380946012
-6.768460575719649	18.147345701590535
-6.758448060075094	17.904546238930358
-6.748435544430539	17.689975211555208
-6.7384230287859825	17.574178770942282
-6.7284105131414265	17.590569645584036
-6.718397997496871	17.704486847199206
-6.708385481852315	17.852834725884
-6.69837296620776	18.014859076913098
-6.688360450563204	18.209597966570914
-6.678347934918648	18.458719931308362
-6.668335419274093	18.781399508996177
-6.658322903629537	19.21085396847268
-6.648310387984981	19.76496003001089
-6.638297872340425	20.464304830230677
-6.628285356695869	21.37194157367425
-6.618272841051314	22.497467534019393
-6.608260325406759	23.72081043327015
-6.598247809762203	25.07137679743848
-6.588235294117647	26.659902093661167
-6.578222778473092	28.580887997667283
-6.5682102628285355	30.809039744058527
-6.55819774718398	33.10514896202077
-6.548185231539424	35.255990192857105
-6.538172715894868	37.19629947832602
-6.528160200250313	39.006037803118275
-6.518147684605757	40.74290578130743
-6.508135168961202	42.407316543415924
-6.498122653316646	43.924068895942376
-6.4881101376720896	45.311668468306166
-6.478097622027534	46.682603512681204
-6.468085106382979	48.16913817714303
-6.458072590738423	49.758106094342196
-6.448060075093867	51.13330354572731
-6.438047559449312	52.11715204630042
-6.428035043804756	52.81056631581506
-6.418022528160201	53.35247497579456
-6.4080100125156445	53.90128753395781
-6.397997496871088	54.465962846520526
-6.387984981226533	54.89065865848603
-6.377972465581977	55.13530458392834
-6.367959949937422	55.24742324189781
-6.357947434292866	55.23658492596737
-6.34793491864831	55.11845049174802
-6.337922403003755	54.8758379826576
-6.3279098873591995	54.48149434895161
-6.317897371714643	53.96383786243276
-6.307884856070087	53.40739829778402
-6.297872340425532	52.90224892785182
-6.287859824780976	52.46557232578535
-6.277847309136421	52.10541114424281
-6.267834793491865	51.86320359483754
-6.257822277847309	51.63693609635997
-6.2478097622027535	51.33336845746753
-6.2377972465581975	50.8901521021976
-6.227784730913642	50.31907720432066
-6.217772215269086	49.71551854401668
-6.20775969962453	49.008956705866176
-6.197747183979975	48.262139196290214
-6.18773466833542	47.49513403410907
-6.177722152690864	46.593701435763734
-6.167709637046308	45.57905204662063
-6.157697121401752	44.519614095957614
-6.147684605757196	43.27352860532281
-6.137672090112641	41.86931787203458
-6.127659574468085	40.473811220984906
-6.117647058823529	39.27060433610019
-6.107634543178974	38.190764340478324
-6.097622027534418	37.1102058790362
-6.0876095118898625	36.47619147361958
-6.0775969962453065	36.05446321077698
-6.06758448060075	35.77244303927694
-6.057571964956195	35.52325084354927
-6.04755944931164	35.304656155829555
-6.037546933667084	35.18800683473743
-6.027534418022528	35.13065027379423
-6.017521902377973	35.09570937914255
-6.007509386733417	35.07091640869816
-5.997496871088861	35.0518261513209
-5.987484355444305	35.0367970645987
-5.977471839799749	35.02482396270518
-5.967459324155194	35.01517580795987
-5.957446808510639	35.00732094555956
-5.947434292866083	35.0008695771599
-5.937421777221527	34.995530467346626
-5.927409261576971	34.99108177046536
-5.9173967459324155	34.98735177732113
-5.90738423028786	34.984205935862285
-5.897371714643304	34.98153780100701
-5.887359198998748	34.97926251729613
-5.877346683354192	34.977311793842865
-5.867334167709637	34.972232757283116
-5.857321652065082	34.891139613649095
-5.847309136420526	34.43485491562941
-5.83729662077597	34.21242196757384
-5.827284105131414	33.858726794239864
-5.817271589486858	33.294653064825454
-5.807259073842303	32.59556979559365
-5.797246558197747	31.719522046429827
-5.787234042553191	31.18333007546231
-5.777221526908636	30.31947426917362
-5.767209011264081	29.071465759378714
-5.7571964956195245	28.82377867320587
-5.747183979974968	29.02315768022316
-5.737171464330412	29.192118326807147
-5.727158948685857	29.237862493220454
-5.717146433041302	29.384368477167232
-5.707133917396746	29.454693039330895
-5.69712140175219	29.481711170175764
-5.687108886107635	29.481500033516312
-5.677096370463079	29.468213759438502
-5.667083854818523	29.43173601753342
-5.657071339173967	29.431848600489346
-5.647058823529411	29.432066732544353
-5.637046307884856	29.432421984547737
-5.627033792240301	29.43297513644138
-5.617021276595745	29.433813385778944
-5.607008760951189	29.43506552875879
-5.596996245306633	29.436931156008033
-5.5869837296620775	29.439746591264193
-5.576971214017522	29.44416766902092
-5.566958698372966	29.451780034788918
-5.55694618272841	29.467201185623882
-5.546933667083855	29.50263776979783
-5.536921151439299	29.582589425141965
-5.526908635794744	29.72938760970479
-5.516896120150188	29.873592594133136
-5.5068836045056315	30.04642063822539
-5.496871088861076	30.287364248124252
-5.486858573216521	30.645179549307578
-5.476846057571965	31.152297801198085
-5.466833541927409	31.799510174903578
-5.456821026282853	32.54690660861847
-5.446808510638298	33.41107903486314
-5.4367959949937426	34.41222146227704
-5.4267834793491865	35.53357074036908
-5.41677096370463	36.74694897113961
-5.406758448060075	37.8545357050562
-5.396745932415519	39.062783350215696
-5.386733416770964	40.427618966382965
-5.376720901126408	41.89598306136705
-5.366708385481852	43.15763045057838
-5.356695869837297	44.168956910032115
-5.346683354192741	45.07610871115145
-5.336670838548185	45.8169811044287
-5.326658322903629	46.28808004771076
-5.316645807259073	46.65260104717527
-5.306633291614518	46.999898007421
-5.296620775969963	47.35234730928814
-5.286608260325407	47.51963435033238
-5.276595744680851	47.46857867923194
-5.2665832290362955	47.27107179940475
-5.256570713391739	47.067780005365556
-5.246558197747184	46.967224346504054
-5.236545682102628	46.955345059575244
-5.226533166458072	46.88855120190413
-5.216520650813517	46.71495192142994
-5.206508135168962	46.382324514878036
-5.196495619524406	45.875825094250445
-5.18648310387985	45.26044329439283
-5.1764705882352935	44.593072450428586
-5.166458072590738	43.85830123665394
-5.156445556946183	42.95805394435629
-5.146433041301627	41.837660561552255
-5.136420525657071	40.6629985979891
-5.126408010012516	39.51949887893438
-5.11639549436796	38.5053739056926
-5.1063829787234045	37.419044580982266
-5.0963704630788484	36.19368504088602
-5.086357947434292	34.91367690107313
-5.076345431789737	33.583775800807715
-5.066332916145182	32.36005280497128
-5.056320400500626	31.06914243597802
-5.04630788485607	29.683334347325285
-5.036295369211514	28.42325646571354
-5.026282853566959	27.367306890405978
-5.016270337922403	26.448626083290034
-5.006257822277847	25.622391980423714
-4.996245306633291	25.017824016935126
-4.986232790988735	24.47362134739314
-4.97622027534418	23.92943691385803
-4.966207759699625	23.448876176584573
-4.956195244055069	23.17248232478987
-4.946182728410513	23.006069599562366
-4.9361702127659575	22.858777672862438
-4.926157697121402	22.761772191302807
-4.916145181476846	22.71329096009267
-4.90613266583229	22.68624338606237
-4.896120150187734	22.66909842588261
-4.886107634543179	22.65705542658567
-4.876095118898624	22.64795627869738
-4.866082603254068	22.640761678100322
-4.8560700876095115	22.634917418497714
-4.8460575719649555	22.630091363235028
-4.8360450563204	22.626062606991066
-4.826032540675845	22.62267248950774
-4.816020025031289	22.61980124253628
-4.806007509386733	22.61735570960027
-4.795994993742178	22.61526214980282
-4.785982478097623	22.613461573961363
-4.7759699624530665	22.61190647273178
-4.76595744680851	22.610558393456525
-4.755944931163954	22.60938608447894
-4.745932415519399	22.60836404629154
-4.735919899874844	22.607471388162526
-4.725907384230288	22.606690920598883
-4.715894868585732	22.60600843273356
-4.705882352941176	22.60541211591029
-4.6958698372966206	22.60489210332565
-4.685857321652065	22.604440101980035
-4.675844806007509	22.604049098114714
-4.665832290362953	22.603713121176156
-4.655819774718398	22.603427054410115
-4.645807259073843	22.603186482621844
-4.635794743429287	22.602987569575927
-4.625782227784731	22.602826959051225
-4.615769712140175	22.602701694792913
-4.605757196495619	22.60260915557833
-4.595744680851064	22.602547002386764
-4.585732165206508	22.60251313527855
-4.575719649561952	22.602505658075845
-4.565707133917396	22.60252284932492
-4.555694618272841	22.602563138326445
-4.545682102628286	22.602625085264698
-4.53566958698373	22.602707364660287
-4.5256570713391735	22.602808751524723
-4.515644555694618	22.60292810971853
-4.505632040050063	22.60306438211163
-4.495619524405507	22.60321658222321
-4.485607008760951	22.603383787079974
-4.475594493116395	22.603565131082174
-4.46558197747184	22.603759800705866
-4.4555694618272845	22.603967029902527
-4.4455569461827285	22.604186096082266
-4.435544430538172	22.60441631658818
-4.425531914893616	22.604657045585224
-4.415519399249061	22.604907671301667
-4.405506883604506	22.605167613570586
-4.39549436795995	22.60543632162918
-4.385481852315394	22.605713272139837
-4.375469336670839	22.605997967403393
-4.365456821026283	22.60628993373945
-4.355444305381727	22.60658872001293
-4.345431789737171	22.606893896288693
-4.335419274092615	22.60720505259963
-4.32540675844806	22.607521797814822
-4.315394242803505	22.607843758597102
-4.305381727158949	22.608170578440195
-4.295369211514393	22.608501916777517
-4.285356695869837	22.60883744815513
-4.275344180225281	22.609176861462963
-4.265331664580726	22.60951985921855
-4.25531914893617	22.609866156898523
-4.245306633291614	22.610215482313915
-4.235294117647059	22.610567575024902
-4.225281602002504	22.610922185792248
-4.215269086357948	22.611279076062
-4.2052565707133915	22.611638017481077
-4.1952440550688355	22.611998791441057
-4.18523153942428	22.61236118864808
-4.175219023779725	22.61272500871711
-4.165206508135169	22.613090056894887
-4.155193992490613	22.44528029811193
-4.145181476846057	22.445513989286074
-4.135168961201502	21.673737666990263
-4.1251564455569465	21.337739301669277
-4.11514392991239	20.843867120304616
-4.105131414267834	19.62402648983857
-4.095118898623279	18.823957864509456
-4.085106382978723	16.960083223511283
-4.075093867334168	15.56931702389518
-4.065081351689612	13.551511828674906
-4.055068836045056	11.594529573374425
-4.045056320400501	9.432877960455338
-4.035043804755945	7.474664865550543
-4.025031289111389	6.487342887149404
-4.015018773466833	5.396656690931778
-4.005006257822277	4.822043406723417
-3.994993742177722	4.375357118778696
-3.9849812265331668	2.8650595416123785
-3.9749687108886107	2.200918330811937
-3.9649561952440546	1.5922314642021411
-3.9549436795994994	1.000529227735612
-3.9449311639549434	0.5436135000923686
-3.934918648310388	0.20728246913234824
-3.924906132665832	0.09286437708772477
-3.914893617021277	0.09286232918308661
-3.904881101376721	0.0
-3.8948685857321648	0.0
-3.8848560700876096	0.0
-3.8748435544430535	0.0
-3.8648310387984983	0.0
-3.8548185231539422	0.0
-3.844806007509387	0.0
-3.834793491864831	0.0
-3.824780976220275	0.0
-3.8147684605757197	0.0
-3.8047559449311636	0.020490879031492965
-3.7947434292866085	0.020490836427691103
-3.7847309136420524	0.02049083642764316
-3.774718397997497	0.02049083642764316
-3.764705882352941	0.02049083642764316
-3.754693366708385	0.02049083642764316
-3.74468085106383	0.02049083642764316
-3.734668335419274	0.02049083642764316
-3.7246558197747186	0.02049083642764316
-3.7146433041301625	0.02049083642764316
-3.7046307884856065	0.02049083642764316
-3.6946182728410513	0.02049083642764316
-3.684605757196495	0.043400871329910135
-3.67459324155194	0.04340074905212788
-3.664580725907384	0.043400749051908334
-3.6545682102628287	0.06787797388575499
-3.6445556946182727	0.1405997831171061
-3.6345431789737166	0.14059978948983293
-3.6245306633291614	0.1405997894898326
-3.6145181476846053	0.1637118743831596
-3.60450563204005	0.16957451633635853
-3.594493116395494	0.21420044872900382
-3.584480600750939	0.254561577856478
-3.574468085106383	0.3374110165297136
-3.5644555694618267	0.4404538949918037
-3.5544430538172715	0.7728929011576856
-3.5444305381727155	0.9906319776500675
-3.5344180225281603	1.129826630225187
-3.524405506883604	1.3071264953153408
-3.514392991239049	1.7070358602035585
-3.504380475594493	2.1074780515741716
-3.494367959949937	2.551468706635084
-3.4843554443053817	3.1658805465357105
-3.4743429286608256	3.528052592676824
-3.4643304130162704	4.118370961769118
-3.4543178973717144	4.640512024552881
-3.444305381727159	5.402631829912508
-3.434292866082603	6.026228108640051
-3.424280350438047	6.749110285714514
-3.414267834793492	7.124428739916032
-3.4042553191489358	7.736091452302541
-3.3942428035043806	8.096276184634839
-3.3842302878598245	8.34510736124479
-3.3742177722152693	8.588100889111361
-3.3642052565707132	8.914815695271384
-3.354192740926157	8.915068464722802
-3.344180225281602	8.957056839007581
-3.334167709637046	8.957315542424533
-3.3241551939924907	8.976389350501845
-3.3141426783479346	9.017444797611459
-3.3041301627033794	9.017683038850814
-3.2941176470588234	9.017924183633902
-3.2841051314142673	9.018172649169394
-3.274092615769712	9.018428687585203
-3.264080100125156	9.018692559519843
-3.254067584480601	9.018964534407989
-3.2440550688360448	9.019244890797946
-3.2340425531914896	9.019533916690618
-3.2240300375469335	9.01983190990306
-3.2140175219023774	9.020139178460575
-3.2040050062578223	9.020456041022006
-3.193992490613266	9.020782827343549
-3.183979974968711	9.021119878787612
-3.173967459324155	9.021467548884424
-3.1639549436795997	9.021826203955307
-3.1539424280350437	9.022196223808452
-3.1439299123904876	9.02257800251991
-3.1339173967459324	9.02297194931485
-3.1239048811013763	9.023378489567012
-3.113892365456821	9.0237980659375
-3.103879849812265	9.024231139678278
-3.09386733416771	9.024678192130189
-3.083854818523154	9.025139726451094
-3.0738423028785977	9.02561626961662
-3.0638297872340425	9.026108374743718
-3.0538172715894865	9.026616623797352
-3.0438047559449313	9.027141630751714
-3.033792240300375	9.027684045291686
-3.02377972465582	9.028244557156462
-3.013767209011264	9.02882390124749
-3.003754693366708	9.02942286364682
-2.9937421777221527	9.030042288720484
-2.9837296620775966	9.030683087516422
-2.9737171464330414	9.031346247707772
-2.9637046307884853	9.03203284538212
-2.95369211514393	9.03274405903697
-2.943679599499374	9.03348118621294
-2.933667083854818	9.034245663280776
-2.923654568210263	9.0350390889986
-2.9136420525657067	9.035863252573844
-2.9036295369211516	9.036720167100778
-2.8936170212765955	9.037612109401648
-2.8836045056320403	9.03854166747417
-2.873591989987484	9.039511796937461
-2.863579474342928	9.040525888061106
-2.853566958698373	9.041587845138858
-2.843554443053817	9.042702180094523
-2.8335419274092617	9.043874122224757
-2.8235294117647056	9.045109745799797
-2.8135168961201504	9.046416116721963
-2.8035043804755944	9.04780145853909
-2.7934918648310383	9.049275339771816
-2.783479349186483	9.050848950849318
-2.773466833541927	9.052536865472096
-2.763454317897372	9.054385416333059
-2.7534418022528158	9.056679320084358
-2.7434292866082606	9.059129208509512
-2.7334167709637045	9.061467015771909
-2.7234042553191484	9.063979251619044
-2.7133917396745932	9.066719596872383
-2.703379224030037	9.069711993141121
-2.693366708385482	9.07297152894104
-2.683354192740926	9.076483803256636
-2.6733416770963707	9.080121320934856
-2.6633291614518146	9.08337887039346
-2.6533166458072586	9.085185480481467
-2.6433041301627034	9.08680873997506
-2.6332916145181473	9.095466418932157
-2.623279098873592	9.111299275217128
-2.613266583229036	9.127240580035314
-2.603254067584481	9.146975132476948
-2.593241551939925	9.178364132948918
-2.5832290362953687	9.22574639710239
-2.5732165206508135	9.269441704640592
-2.5632040050062574	9.34647627347987
-2.5531914893617023	9.401526312149642
-2.543178973717146	9.468697549727946
-2.533166458072591	9.570432948592233
-2.523153942428035	9.735843680490873
-2.513141426783479	9.934335528029283
-2.5031289111389237	10.199720170621646
-2.4931163954943676	10.509285526879712
-2.4831038798498124	10.784807868550557
-2.4730913642052563	10.980322551548717
-2.463078848560701	11.244469176804852
-2.453066332916145	11.589276639847286
-2.443053817271589	11.881912607998531
-2.433041301627034	12.15279178402821
-2.4230287859824777	12.552095489906023
-2.4130162703379225	13.061860987753716
-2.4030037546933665	13.592835778958902
-2.3929912390488113	14.122954773000423
-2.382978723404255	14.650933366211218
-2.372966207759699	15.142169541113974
-2.362953692115144	15.672727078767624
-2.352941176470588	16.244336809640764
-2.3429286608260327	16.786023616056454
-2.3329161451814766	17.348759992529185
-2.3229036295369214	17.962982403428132
-2.3128911138923653	18.654790144203776
-2.3028785982478093	19.427152574139555
-2.292866082603254	20.30193588248767
-2.282853566958698	21.215662419602705
-2.272841051314143	22.094667876518976
-2.2628285356695867	22.860177134702205
-2.2528160200250316	23.53696090714706
-2.2428035043804755	24.219797054918565
-2.2327909887359194	25.014801798008342
-2.2227784730913642	25.906934599044675
-2.212765957446808	26.768519457734662
-2.202753441802253	27.625336824428857
-2.192740926157697	28.638638238936792
-2.1827284105131417	29.8878216771377
-2.1727158948685856	31.373302854914794
-2.1627033792240296	32.7393581845972
-2.1526908635794744	33.891920746043255
-2.1426783479349183	34.824364577884324
-2.132665832290363	35.60015605717451
-2.122653316645807	36.4100980903898
-2.112640801001252	37.301022157466875
-2.1026282853566958	38.21613177869071
-2.0926157697121397	39.181842152911685
-2.0826032540675845	40.2811906687769
-2.0725907384230284	41.43337400096376
-2.0625782227784732	42.492616843302336
-2.052565707133917	43.49352906916845
-2.042553191489362	44.484387580546205
-2.032540675844806	45.44169063538548
-2.02252816020025	46.291631463253026
-2.0125156445556946	47.047104484949905
-2.0025031289111386	47.78587212688668
-1.9924906132665834	48.55882814173543
-1.9824780976220273	49.269441805403424
-1.9724655819774712	49.849961352644875
-1.962453066332916	50.27883349147143
-1.95244055068836	50.57214194545524
-1.9424280350438048	50.73553867954063
-1.9324155193992487	50.904492759221725
-1.9224030037546935	51.170239176349355
-1.9123904881101375	51.39651702824012
-1.9023779724655814	51.565151648424596
-1.8923654568210262	51.7977041523811
-1.8823529411764701	52.10347616088946
-1.872340425531915	52.27685892250619
-1.8623279098873589	52.25613354731181
-1.8523153942428037	52.02344070348286
-1.8423028785982476	51.903852115136054
-1.8322903629536915	52.010395507212905
-1.8222778473091363	52.025145077904384
-1.8122653316645803	51.772394052829135
-1.802252816020025	51.21434813444565
-1.792240300375469	50.44388882363292
-1.7822277847309138	49.78105517828152
-1.7722152690863577	49.11826182862991
-1.7622027534418017	48.321416973719806
-1.7521902377972465	47.35032895268297
-1.7421777221526904	46.307100507825716
-1.7321652065081352	45.25396539470937
-1.7221526908635791	44.20186200431244
-1.712140175219024	43.13807990656211
-1.7021276595744679	42.182370502882705
-1.6921151439299118	41.12045546974805
-1.6821026282853566	39.92697157475206
-1.6720901126408005	39.03900727466112
-1.6620775969962454	38.36764785164686
-1.6520650813516893	37.84082227630164
-1.642052565707134	37.33441515245826
-1.632040050062578	36.95161726343469
-1.622027534418022	36.59274706301322
-1.6120150187734668	36.17133946125076
-1.6020025031289107	35.735833245085054
-1.5919899874843555	35.347047802918915
-1.5819774718397994	34.78557026315253
-1.5719649561952442	34.084571270723664
-1.5619524405506882	33.58573670674116
-1.551939924906132	33.391937915747505
-1.541927409261577	33.43528887276978
-1.5319148936170208	33.717174798026505
-1.5219023779724656	34.546663918492044
-1.5118898623279096	35.36111871783534
-1.5018773466833544	36.1294680009963
-1.4918648310387983	36.70347475298684
-1.4818523153942422	37.215615605010946
-1.471839799749687	38.20597584453271
-1.461827284105131	38.87935693814791
-1.4518147684605758	39.31954976512487
-1.4418022528160197	39.89787008713607
-1.4317897371714645	40.58542298111656
-1.4217772215269084	41.277894265858244
-1.4117647058823524	41.87069968577015
-1.4017521902377972	42.542556649169725
-1.391739674593241	43.24342004738193
-1.381727158948686	44.158275453467006
-1.3717146433041298	45.24266856036203
-1.3617021276595747	46.46369135486595
-1.3516896120150186	47.73011797422045
-1.3416770963704625	48.891039517721026
-1.3316645807259073	50.037784125083164
-1.3216520650813512	51.285250248758075
-1.311639549436796	52.59375731047183
-1.30162703379224	53.59154401256965
-1.2916145181476848	54.335214729125106
-1.2816020025031287	54.962370140402705
-1.2715894868585726	55.550504357761476
-1.2615769712140175	56.226698311868745
-1.2515644555694614	56.754376228944054
-1.2415519399249062	57.13465958587336
-1.2315394242803501	57.54320261052833
-1.221526908635795	57.84060592065657
-1.2115143929912389	57.99579849433638
-1.2015018773466828	58.0941180250509
-1.1914893617021276	58.174235080855574
-1.1814768460575715	58.1999231545682
-1.1714643304130163	58.259508991858745
-1.1614518147684603	58.26504682406454
-1.151439299123905	58.08765632277773
-1.141426783479349	57.84804055528856
-1.131414267834793	57.69054815344783
-1.1214017521902377	57.59697707148762
-1.1113892365456817	57.487263946662175
-1.1013767209011265	57.518200241415045
-1.0913642052565704	57.67203722722413
-1.0813516896120152	57.773041654523546
-1.0713391739674591	57.70965954312841
-1.061326658322903	57.49747367336043
-1.0513141426783479	57.15600957482967
-1.0413016270337918	56.8178995363229
-1.0312891113892366	56.59887166764276
-1.0212765957446805	56.43150008930733
-1.0112640801001254	56.1760217254051
-1.0012515644555693	55.80177080056452
-0.9912390488110132	55.39653589054523
-0.981226533166458	54.91353521805717
-0.971214017521902	54.37511590502848
-0.9612015018773468	53.85199794217009
-0.9511889862327907	53.36014657223374
-0.9411764705882355	52.940767173819644
-0.9311639549436794	52.52212157022062
-0.9211514392991234	52.00380904611441
-0.9111389236545682	51.53667396142991
-0.9011264080100121	51.14842377401243
-0.8911138923654569	50.97442650875235
-0.8811013767209008	50.740891815348924
-0.8710888610763456	50.30583052053124
-0.8610763454317896	49.73589691717874
-0.8510638297872335	49.193107415013166
-0.8410513141426783	48.5085225267549
-0.8310387984981222	47.61501941012093
-0.821026282853567	46.63062874168569
-0.811013767209011	45.558967177916934
-0.8010012515644558	44.63911481948241
-0.7909887359198997	43.80581567704865
-0.7809762202753436	42.94292378764766
-0.7709637046307884	41.91383788751761
-0.7609511889862324	40.785866988852476
-0.7509386733416772	39.86012074388475
-0.7409261576971211	39.17931244578801
-0.7309136420525659	38.584182992987024
-0.7209011264080099	38.04457602793262
-0.7108886107634538	37.5741853186505
-0.7008760951188986	37.10832462298915
-0.6908635794743425	36.4897906911217
-0.6808510638297873	35.8014769285657
-0.6708385481852313	34.946139161102266
-0.6608260325406761	33.911346581594366
-0.65081351689612	31.96764912351251
-0.6408010012515639	29.516436009810786
-0.6307884856070087	26.616152775022975
-0.6207759699624527	24.028635675683834
-0.6107634543178975	22.620614431796177
-0.6007509386733414	20.889646389889798
-0.5907384230287862	19.065530028697758
-0.5807259073842301	17.162967014419152
-0.5707133917396741	15.653419284756053
-0.5607008760951189	14.999522273897343
-0.5506883604505628	14.667428031061496
-0.5406758448060076	14.243826506730903
-0.5306633291614515	13.932761345253509
-0.5206508135168963	13.820462874238567
-0.5106382978723403	13.869157051610395
-0.5006257822277842	13.982550781174718
-0.490613266583229	14.2316435412073
-0.48060075093867294	14.661628075510649
-0.47058823529411775	15.256692884338486
-0.4605757196495617	15.985399589716701
-0.4505632040050065	16.81890699974183
-0.4405506883604504	17.806869704858023
-0.43053817271589434	18.975655308836366
-0.42052565707133915	20.367961085378198
-0.4105131414267831	21.869907563501776
-0.4005006257822279	23.196086420113332
-0.3904881101376718	24.4095037288496
-0.38047559449311663	25.454804692734427
-0.37046307884856056	26.421808235647834
-0.3604505632040045	27.37583244733504
-0.3504380475594493	28.317345549179652
-0.3404255319148932	29.266382887035686
-0.33041301627033803	30.14281983599971
-0.32040050062578196	30.95102096383952
-0.3103879849812259	31.70558473449147
-0.3003754693366707	32.35340312390085
-0.2903629536921146	32.9215478978496
-0.28035043804755944	33.41896443802439
-0.27033792240300336	33.83075494593183
-0.2603254067584482	34.18105179498591
-0.2503128911138921	34.549031312903665
-0.24030037546933602	35.020073956737725
-0.23028785982478084	35.66158604694911
-0.22027534418022476	36.41342684693876
-0.21026282853566958	37.15396731500209
-0.2002503128911135	37.789144114042266
-0.19023779724655832	38.21319287528345
-0.18022528160200224	38.35285266405571
-0.17021276595744617	38.25818376207602
-0.16020025031289098	37.95678131056041
-0.1501877346683349	37.44618619144767
-0.14017521902377972	36.77376690065017
-0.13016270337922364	36.13902682615368
-0.12015018773466846	35.71291700108578
-0.11013767209011238	35.52540820664593
-0.10012515644555631	35.54720148257923
-0.09011264080100112	35.65759677236924
-0.08010012515644505	35.75328962425346
-0.07008760951188986	35.75477115800904
-0.060075093867333784	35.64094304523922
-0.0500625782227786	35.42052981559685
-0.04005006257822252	35.09594614711011
-0.030037546933666448	34.75456119544265
-0.02002503128911126	34.36845898464266
-0.010012515644555187	33.89447127902256
0.0	33.38649424108642
