-8.0	2.69327900776554
-7.989987484355444	2.7894601988665055
-7.979974968710889	2.9032448489094547
-7.969962453066333	3.0288583791685584
-7.9599499374217775	3.1555055407457964
-7.949937421777221	3.2733614966883438
-7.939924906132666	3.379443466519298
-7.92991239048811	3.4792257175460577
-7.919899874843554	3.5832452234172263
-7.909887359198999	3.7015482395877495
-7.899874843554443	3.839128173243667
-7.889862327909888	3.9938843078593607
-7.8798498122653315	4.1579837646329345
-7.869837296620776	4.322823630943272
-7.85982478097622	4.484760487593719
-7.849812265331664	4.6461178005007335
-7.839799749687109	4.809097495847035
-7.829787234042553	4.967856385292517
-7.819774718397998	5.107373905273662
-7.809762202753442	5.211798095938187
-7.7997496871088865	5.275927130432054
-7.78973717146433	5.311110487736355
-7.779724655819774	5.3421527798401485
-7.769712140175219	5.397500681696264
-7.759699624530663	5.496863951537642
-7.749687108886108	5.641290618867727
-7.739674593241552	5.81185068881438
-7.729662077596997	5.979928089176062
-7.719649561952441	6.123453151326227
-7.7096370463078845	6.237401718705431
-7.699624530663329	6.331366419736814
-7.689612015018773	6.418192836624171
-7.679599499374218	6.504294550558583
-7.669586983729662	6.588524619880927
-7.659574468085107	6.667324263385394
-7.649561952440551	6.738672963612134
-7.639549436795995	6.800789776812513
-7.629536921151439	6.849349514243767
-7.619524405506883	6.87975065084906
-7.609511889862328	6.894460667631555
-7.599499374217772	6.90740970259629
-7.589486858573217	6.938867672562624
-7.579474342928661	7.004303556583866
-7.569461827284105	7.106950293412269
-7.55944931163955	7.238860725803914
-7.5494367959949935	7.386193759977299
-7.539424280350438	7.532520507079495
-7.529411764705882	7.659714108202596
-7.519399249061326	7.750390838020076
-7.509386733416771	7.793608061613361
-7.499374217772215	7.790580275509909
-7.48936170212766	7.75533057662918
-7.479349186483104	7.708312721635391
-7.4693366708385485	7.667231552210629
-7.459324155193992	7.642652893022967
-7.449311639549437	7.640866507572235
-7.439299123904881	7.66728086114781
-7.429286608260325	7.722661755122164
-7.41927409261577	7.794547996491153
-7.409261576971214	7.854647760757276
-7.399249061326659	7.869061288482414
-7.3892365456821025	7.816425042926753
-7.3792240300375465	7.701536990197258
-7.369211514392991	7.5542705560891426
-7.359198998748435	7.41325965064234
-7.34918648310388	7.304812642695876
-7.339173967459324	7.231640109356472
-7.329161451814769	7.178458454620225
-7.319148936170213	7.128128515051848
-7.3091364205256575	7.074790148312305
-7.299123904881101	7.024780776236443
-7.289111389236545	6.986542534717448
-7.27909887359199	6.958827798011579
-7.269086357947434	6.9273422225126975
-7.259073842302879	6.873037810030253
-7.249061326658323	6.785453075369462
-7.239048811013767	6.6702798139419635
-7.2290362953692116	6.545758023895782
-7.2190237797246555	6.431901692054912
-7.2090112640801	6.34108562284186
-7.198998748435544	6.275616592403441
-7.188986232790989	6.231613956830392
-7.178973717146433	6.2040004259903485
-7.168961201501878	6.187798079694692
-7.158948685857322	6.175808806517619
-7.148936170212766	6.157167727100484
-7.13892365456821	6.119983791321113
-7.128911138923654	6.0559792593620285
-7.118898623279099	5.962772694415009
-7.108886107634543	5.842836562257475
-7.098873591989987	5.701978611970142
-7.088861076345432	5.549343852856025
-7.078848560700876	5.39736080589459
-7.068836045056321	5.25937137020823
-7.0588235294117645	5.145948238747374
-7.048811013767209	5.062963477771275
-7.038798498122653	5.01164736888616
-7.028785982478098	4.987359914006114
-7.018773466833542	4.976134475870793
-7.008760951188986	4.954338724438582
-6.998748435544431	4.897428261855701
-6.988735919899875	4.7949903978550985
-6.9787234042553195	4.660254973642286
-6.968710888610763	4.524246917967377
-6.958698372966207	4.417088271092018
-6.948685857321652	4.349932258274137
-6.938673341677096	4.310598943171071
-6.928660826032541	4.2750572385062355
-6.918648310387985	4.225325961571308
-6.908635794743429	4.161241636393907
-6.8986232790988735	4.0994015245236595
-6.888610763454318	4.061201378668482
-6.878598247809762	4.057704598689317
-6.868585732165206	4.080499564984861
-6.858573216520651	4.104705378717876
-6.848560700876095	4.103193640209935
-6.83854818523154	4.062802591533183
-6.828535669586984	3.990326152723011
-6.818523153942428	3.903605857483011
-6.808510638297872	3.81662843492841
-6.798498122653316	3.7328632672733
-6.788485607008761	3.6504149128876366
-6.778473091364205	3.5685064558781345
-6.768460575719649	3.485863289535738
-6.758448060075094	3.3953785550702325
-6.748435544430539	3.28572071642836
-6.7384230287859825	3.1511191715869864
-6.7284105131414265	2.9996199214971355
-6.718397997496871	2.8514734843684533
-6.708385481852315	2.7290215558560194
-6.69837296620776	2.645721935997978
-6.688360450563204	2.6007975832650296
-6.678347934918648	2.5813153455557503
-6.668335419274093	2.5693157119223433
-6.658322903629537	2.5495061268838652
-6.648310387984981	2.513838202657328
-6.638297872340425	2.4625367895540338
-6.628285356695869	2.4034387060510607
-6.618272841051314	2.350053330348193
-6.608260325406759	2.3166478933700416
-6.598247809762203	2.3109303978943894
-6.588235294117647	2.3293486686745255
-6.578222778473092	2.3593154535011074
-6.5682102628285355	2.3863998324390057
-6.55819774718398	2.4005243360910304
-6.548185231539424	2.397632441074875
-6.538172715894868	2.3779215670299836
-6.528160200250313	2.3437752375361662
-6.518147684605757	2.299468623361693
-6.508135168961202	2.252036388631363
-6.498122653316646	2.2107219432957823
-6.4881101376720896	2.1837469675761847
-6.478097622027534	2.174827479714668
-6.468085106382979	2.183077139141445
-6.458072590738423	2.2063154088582952
-6.448060075093867	2.24365649168585
-6.438047559449312	2.2942599386317117
-6.428035043804756	2.3542301888990145
-6.418022528160201	2.4161055902386464
-6.4080100125156445	2.472005024675386
-6.397997496871088	2.5170062229804078
-6.387984981226533	2.549450955326802
-6.377972465581977	2.5688550006205806
-6.367959949937422	2.5747228794936015
-6.357947434292866	2.5680022476326037
-6.34793491864831	2.5532186300727484
-6.337922403003755	2.5377026829435536
-6.3279098873591995	2.5269423824564554
-6.317897371714643	2.5197292508543607
-6.307884856070087	2.508455123339831
-6.297872340425532	2.4858830309887097
-6.287859824780976	2.4529679492818173
-6.277847309136421	2.419797906404966
-6.267834793491865	2.3974039167051973
-6.257822277847309	2.3872919946768105
-6.2478097622027535	2.3784251793721465
-6.2377972465581975	2.35458784766365
-6.227784730913642	2.3058248756407775
-6.217772215269086	2.235002120794559
-6.20775969962453	2.1554646994282027
-6.197747183979975	2.0826434927518394
-6.18773466833542	2.0261195368858966
-6.177722152690864	1.9872881912663147
-6.167709637046308	1.962763702845966
-6.157697121401752	1.949164533943459
-6.147684605757196	1.9447821273726074
-6.137672090112641	1.9475482095575443
-6.127659574468085	1.952550697175007
-6.117647058823529	1.9525136774600422
-6.107634543178974	1.9414433521893415
-6.097622027534418	1.9184231777904455
-6.0876095118898625	1.8882541942989717
-6.0775969962453065	1.8583273824807418
-6.06758448060075	1.834298446780009
-6.057571964956195	1.81791581082532
-6.04755944931164	1.8080135871710314
-6.037546933667084	1.8027369637645674
-6.027534418022528	1.800633463837345
-6.017521902377973	1.8003132516579707
-6.007509386733417	1.8001806716317292
-5.997496871088861	1.7993315750655405
-5.987484355444305	1.7987696806569347
-5.977471839799749	1.8008519235096727
-5.967459324155194	1.8061742864112835
-5.957446808510639	1.8103106076568183
-5.947434292866083	1.8044425505173391
-5.937421777221527	1.7811668493933839
-5.927409261576971	1.7415213338840212
-5.9173967459324155	1.6969543129864104
-5.90738423028786	1.6636288229937624
-5.897371714643304	1.6529085631933922
-5.887359198998748	1.664839214935242
-5.877346683354192	1.6885365728245394
-5.867334167709637	1.7082984364921316
-5.857321652065082	1.7114747683712812
-5.847309136420526	1.6942445068779752
-5.83729662077597	1.6628705636325904
-5.827284105131414	1.6301100770244503
-5.817271589486858	1.6087799005204988
-5.807259073842303	1.605701140798868
-5.797246558197747	1.618784277164155
-5.787234042553191	1.6384696796494893
-5.777221526908636	1.652633109548945
-5.767209011264081	1.6521962237605652
-5.7571964956195245	1.6345542680168548
-5.747183979974968	1.6037389210503623
-5.737171464330412	1.5679798201621107
-5.727158948685857	1.5357404336039235
-5.717146433041302	1.5116074885574322
-5.707133917396746	1.4943124599932707
-5.69712140175219	1.4785703105879837
-5.687108886107635	1.4592704271503876
-5.677096370463079	1.4342629999153502
-5.667083854818523	1.4038629669917684
-5.657071339173967	1.3688444577297119
-5.647058823529411	1.329407581466923
-5.637046307884856	1.285202968010941
-5.627033792240301	1.2350175838906396
-5.617021276595745	1.1763267060341058
-5.607008760951189	1.1068428722350878
-5.596996245306633	1.0284572516786807
-5.5869837296620775	0.9497506317104449
-5.576971214017522	0.8827818798061692
-5.566958698372966	0.8355238216190749
-5.55694618272841	0.8065997833036527
-5.546933667083855	0.7868852748512105
-5.536921151439299	0.7656469620750914
-5.526908635794744	0.7355480385292982
-5.516896120150188	0.6938092644383637
-5.5068836045056315	0.6410770868164279
-5.496871088861076	0.5803813968312413
-5.486858573216521	0.5166541340966972
-5.476846057571965	0.45579849097360825
-5.466833541927409	0.4027100557213845
-5.456821026282853	0.3591486842773319
-5.446808510638298	0.3231993288045532
-5.4367959949937426	0.2910931435013268
-5.4267834793491865	0.2601108972376052
-5.41677096370463	0.23025225715170833
-5.406758448060075	0.20347591635698778
-5.396745932415519	0.18147159144559255
-5.386733416770964	0.1640114913434403
-5.376720901126408	0.14908098363226954
-5.366708385481852	0.1342736529661867
-5.356695869837297	0.11806253311820282
-5.346683354192741	0.10013586154609617
-5.336670838548185	0.081095604064506
-5.326658322903629	0.062189070270685064
-5.316645807259073	0.04518139655960903
-5.306633291614518	0.03193911146274539
-5.296620775969963	0.023567830806234185
-5.286608260325407	0.019650256045987972
-5.276595744680851	0.01832095187121866
-5.2665832290362955	0.017291190356211097
-5.256570713391739	0.01511398054744281
-5.246558197747184	0.011773433080672944
-5.236545682102628	0.008290023358132734
-5.226533166458072	0.00582514977839036
-5.216520650813517	0.004980283216330914
-5.206508135168962	0.005587938492487623
-5.196495619524406	0.006886470714128488
-5.18648310387985	0.007904824883316251
-5.1764705882352935	0.007924608352000592
-5.166458072590738	0.00681124952803681
-5.156445556946183	0.004995012442730007
-5.146433041301627	0.0031215411817026688
-5.136420525657071	0.0016618324677873195
-5.126408010012516	0.0007536265557145089
-5.11639549436796	0.00029111664380258916
-5.1063829787234045	9.578940965256536e-05
-5.0963704630788484	2.684769442656161e-05
-5.086357947434292	6.409665793942805e-06
-5.076345431789737	1.3034747627438457e-06
-5.066332916145182	2.2579208326687165e-07
-5.056320400500626	3.3316059962428535e-08
-5.04630788485607	4.1873340161112825e-09
-5.036295369211514	4.4833025456306727e-10
-5.026282853566959	4.1533517234668877e-11
-5.016270337922403	1.2409493071136103e-11
-5.006257822277847	1.1151514089433119e-10
-4.996245306633291	1.1428431559724071e-09
-4.986232790988735	9.995127967455643e-09
-4.97622027534418	7.446177344397166e-08
-4.966207759699625	4.725168015419459e-07
-4.956195244055069	2.554112217920075e-06
-4.946182728410513	1.175984323602271e-05
-4.9361702127659575	4.6121341319159135e-05
-4.926157697121402	0.00015407818880461212
-4.916145181476846	0.0004384491566239611
-4.90613266583229	0.0010627623298827137
-4.896120150187734	0.0021942792905071955
-4.886107634543179	0.0038591041112459906
-4.876095118898624	0.005781225703338051
-4.866082603254068	0.007377210801136966
-4.8560700876095115	0.008018687723915528
-4.8460575719649555	0.007424261272984312
-4.8360450563204	0.005855204017664629
-4.826032540675845	0.003933413971463486
-4.816020025031289	0.0022507959177768266
-4.806007509386733	0.0010970878879637365
-4.795994993742178	0.00045549704180899514
-4.785982478097623	0.0001610899846347779
-4.7759699624530665	4.8527772635150566e-05
-4.76595744680851	1.2452341288492962e-05
-4.755944931163954	2.721764284669164e-06
-4.745932415519399	5.067442687292505e-07
-4.735919899874844	8.036482789524232e-08
-4.725907384230288	1.0856304881642476e-08
-4.715894868585732	1.249214114088291e-09
-4.705882352941176	1.224420444080165e-10
-4.6958698372966206	1.022264080534725e-11
-4.685857321652065	7.270000970420691e-13
-4.675844806007509	4.403973279781549e-14
-4.665832290362953	2.272446778245581e-15
-4.655819774718398	9.988070630458178e-17
-4.645807259073843	3.739455141494355e-18
-4.635794743429287	1.1925425664334595e-19
-4.625782227784731	3.2395022826967677e-21
-4.615769712140175	7.495861090295213e-23
-4.605757196495619	1.4774187561016953e-24
-4.595744680851064	2.4804160070993585e-26
-4.585732165206508	3.5471886110458926e-28
-4.575719649561952	4.320986169639274e-30
-4.565707133917396	4.4835323735790747e-32
-4.555694618272841	3.96274915916655e-34
-4.545682102628286	2.9834014321673822e-36
-4.53566958698373	1.913223224433693e-38
-4.5256570713391735	1.0451014087443014e-40
-4.515644555694618	4.862840903026998e-43
-4.505632040050063	1.9273497319575612e-45
-4.495619524405507	6.506835588633237e-48
-4.485607008760951	1.8711903873317536e-50
-4.475594493116395	4.583581532887302e-53
-4.46558197747184	9.56380655343462e-56
-4.4555694618272845	1.699790681347437e-58
-4.4455569461827285	2.5733505058588444e-61
-4.435544430538172	3.318495947899969e-64
-4.425531914893616	3.728192950930909e-67
-4.415519399249061	8.245357589927134e-66
-4.405506883604506	6.977967303496761e-63
-4.39549436795995	5.030430682091275e-60
-4.385481852315394	3.0890166312490654e-57
-4.375469336670839	1.6157499941017117e-54
-4.365456821026283	7.198912887805832e-52
-4.355444305381727	2.7321120857982618e-49
-4.345431789737171	8.83220102876163e-47
-4.335419274092615	2.4320820209260767e-44
-4.32540675844806	5.7046148469802354e-42
-4.315394242803505	1.139759648600334e-39
-4.305381727158949	1.939720098299116e-37
-4.295369211514393	2.811924740885728e-35
-4.285356695869837	3.4722193978837175e-33
-4.275344180225281	3.6521572108895166e-31
-4.265331664580726	3.2721304382103543e-29
-4.25531914893617	2.4971842705554184e-27
-4.245306633291614	1.6233397114414006e-25
-4.235294117647059	8.988910879056227e-24
-4.225281602002504	4.239782489188319e-22
-4.215269086357948	1.7034089357232447e-20
-4.2052565707133915	5.829524217234487e-19
-4.1952440550688355	1.699362977751718e-17
-4.18523153942428	4.2196658358770124e-16
-4.175219023779725	8.92501303962713e-15
-4.165206508135169	1.6079724594833977e-13
-4.155193992490613	2.467671869348006e-12
-4.145181476846057	3.2257855664326124e-11
-4.135168961201502	3.591892308935273e-10
-4.1251564455569465	3.406840140521301e-09
-4.11514392991239	2.7524704789672883e-08
-4.105131414267834	1.8942606928191385e-07
-4.095118898623279	1.1104792884398272e-06
-4.085106382978723	5.545617805285098e-06
-4.075093867334168	2.3593305037959572e-05
-4.065081351689612	8.552421560791273e-05
-4.055068836045056	0.00026422691642208373
-4.045056320400501	0.0006961608365628003
-4.035043804755945	0.0015660695393519839
-4.025031289111389	0.003015451956162353
-4.015018773466833	0.004994748634371702
-4.005006257822277	0.007188975323810117
-3.994993742177722	0.009167108009918339
-3.9849812265331668	0.010713919642158877
-3.9749687108886107	0.012047924629806068
-3.9649561952440546	0.01365625670108543
-3.9549436795994994	0.015845793245902455
-3.9449311639549434	0.01841423471723464
-3.934918648310388	0.020744723967524217
-3.924906132665832	0.022282848233338943
-3.914893617021277	0.02308878380047149
-3.904881101376721	0.024052380803216918
-3.8948685857321648	0.02646475693979128
-3.8848560700876096	0.031096671846059104
-3.8748435544430535	0.037500642498780615
-3.8648310387984983	0.04423765326448067
-3.8548185231539422	0.049918873146827414
-3.844806007509387	0.05418181814620109
-3.834793491864831	0.05788321385859739
-3.824780976220275	0.06261949658753467
-3.8147684605757197	0.07014920734309006
-3.8047559449311636	0.08199067288899398
-3.7947434292866085	0.09901141918500961
-3.7847309136420524	0.12087189946741503
-3.774718397997497	0.1456294717697697
-3.764705882352941	0.170048120880475
-3.754693366708385	0.1908466357008987
-3.74468085106383	0.20641838571697277
-3.734668335419274	0.2179726559213641
-3.7246558197747186	0.2291804859717489
-3.7146433041301625	0.244398524626728
-3.7046307884856065	0.2665991985223569
-3.6946182728410513	0.29626685028744343
-3.684605757196495	0.33177779405683666
-3.67459324155194	0.3709810009800166
-3.664580725907384	0.4131675394347093
-3.6545682102628287	0.46023132628216623
-3.6445556946182727	0.5159139970868503
-3.6345431789737166	0.5830893476282483
-3.6245306633291614	0.6605922698492036
-3.6145181476846053	0.7418348524845216
-3.60450563204005	0.8166120786474512
-3.594493116395494	0.8754893109546724
-3.584480600750939	0.9142862023838607
-3.574468085106383	0.9359802495457213
-3.5644555694618267	0.949208037852883
-3.5544430538172715	0.9646365083623157
-3.5444305381727155	0.9908990574226066
-3.5344180225281603	1.031251343193646
-3.524405506883604	1.0822687042888377
-3.514392991239049	1.1359493321234906
-3.504380475594493	1.1846975856941904
-3.494367959949937	1.2260882134348474
-3.4843554443053817	1.264102878500903
-3.4743429286608256	1.3059888106248516
-3.4643304130162704	1.3566605666474538
-3.4543178973717144	1.4141214081513023
-3.444305381727159	1.4692542545689724
-3.434292866082603	1.5107596187926566
-3.424280350438047	1.531933296007792
-3.414267834793492	1.534230479441318
-3.4042553191489358	1.5254037346426939
-3.3942428035043806	1.5144368715534748
-3.3842302878598245	1.5072160130268628
-3.3742177722152693	1.5053677997683794
-3.3642052565707132	1.5081628385053536
-3.354192740926157	1.5154041653131836
-3.344180225281602	1.528549420832829
-3.334167709637046	1.5487514833107308
-3.3241551939924907	1.5735948772388137
-3.3141426783479346	1.596205947630199
-3.3041301627033794	1.6085075702963074
-3.2941176470588234	1.6062736476191737
-3.2841051314142673	1.5919347640230581
-3.274092615769712	1.5734281018891627
-3.264080100125156	1.5604132137528843
-3.254067584480601	1.5597149950161229
-3.2440550688360448	1.571096678865513
-3.2340425531914896	1.5850645604978721
-3.2240300375469335	1.585542770426611
-3.2140175219023774	1.5583787338302522
-3.2040050062578223	1.501376180942328
-3.193992490613266	1.4282255722029993
-3.183979974968711	1.3622764210806722
-3.173967459324155	1.3240784022929277
-3.1639549436795997	1.321340367462997
-3.1539424280350437	1.3472835115049417
-3.1439299123904876	1.386512668198092
-3.1339173967459324	1.4229131434957547
-3.1239048811013763	1.4449840524878232
-3.113892365456821	1.447840414953583
-3.103879849812265	1.4329192762987069
-3.09386733416771	1.4055282898932047
-3.083854818523154	1.370655186023339
-3.0738423028785977	1.3299009493600065
-3.0638297872340425	1.2825271009929893
-3.0538172715894865	1.2293842975023628
-3.0438047559449313	1.1750504745998034
-3.033792240300375	1.1256563442387626
-3.02377972465582	1.084792962682692
-3.013767209011264	1.0515863215281964
-3.003754693366708	1.0222889631530945
-2.9937421777221527	0.9932711605777207
-2.9837296620775966	0.9625375387242695
-2.9737171464330414	0.9290295836252211
-2.9637046307884853	0.8913793790457111
-2.95369211514393	0.8478875074075756
-2.943679599499374	0.7978145852767453
-2.933667083854818	0.7430559900052296
-2.923654568210263	0.6893161196344584
-2.9136420525657067	0.645627018566089
-2.9036295369211516	0.6211281016720144
-2.8936170212765955	0.6202219981979916
-2.8836045056320403	0.6398159847802566
-2.873591989987484	0.6714090177725996
-2.863579474342928	0.706504817265789
-2.853566958698373	0.7409858163369588
-2.843554443053817	0.7754759451438475
-2.8335419274092617	0.8122931453501543
-2.8235294117647056	0.8520534504682667
-2.8135168961201504	0.892818665793125
-2.8035043804755944	0.9320900468757249
-2.7934918648310383	0.968972334992488
-2.783479349186483	1.0036417591056723
-2.773466833541927	1.0346937475843765
-2.763454317897372	1.0582507999907071
-2.7534418022528158	1.071245044700654
-2.7434292866082606	1.07607089483002
-2.7334167709637045	1.081415460170057
-2.7234042553191484	1.098024150604326
-2.7133917396745932	1.133448597807007
-2.703379224030037	1.1897824499643208
-2.693366708385482	1.2640182425259374
-2.683354192740926	1.3485119912452812
-2.6733416770963707	1.431492146471549
-2.6633291614518146	1.499986154295179
-2.6533166458072586	1.545655446781581
-2.6433041301627034	1.5698937714442274
-2.6332916145181473	1.5834375073291818
-2.623279098873592	1.5996194774991948
-2.613266583229036	1.6261106811870711
-2.603254067584481	1.6619500303976769
-2.593241551939925	1.7018011947684644
-2.5832290362953687	1.742012103991364
-2.5732165206508135	1.7819237870149494
-2.5632040050062574	1.8207723439212782
-2.5531914893617023	1.8563429078467262
-2.543178973717146	1.8882733131061356
-2.533166458072591	1.9211129306808539
-2.523153942428035	1.9609566862390093
-2.513141426783479	2.007216991917142
-2.5031289111389237	2.048299248574943
-2.4931163954943676	2.0672780513520777
-2.4831038798498124	2.05385632714849
-2.4730913642052563	2.012718582248009
-2.463078848560701	1.9615566632810493
-2.453066332916145	1.9204453691014283
-2.443053817271589	1.9003926103208197
-2.433041301627034	1.8986535237920381
-2.4230287859824777	1.9028391985875137
-2.4130162703379225	1.8996654932924344
-2.4030037546933665	1.8817597551478902
-2.3929912390488113	1.8481974554878235
-2.382978723404255	1.7996325154758328
-2.372966207759699	1.7338561001108066
-2.362953692115144	1.6477522849953048
-2.352941176470588	1.5448963708933028
-2.3429286608260327	1.4405598889102609
-2.3329161451814766	1.356830940544338
-2.3229036295369214	1.3099514185427192
-2.3128911138923653	1.2997654752486316
-2.3028785982478093	1.3095933730473621
-2.292866082603254	1.3161898034077213
-2.282853566958698	1.3018064775021065
-2.272841051314143	1.2599597215321807
-2.2628285356695867	1.1930633601438085
-2.2528160200250316	1.1070727730373615
-2.2428035043804755	1.0089842724238272
-2.2327909887359194	0.907788274782455
-2.2227784730913642	0.8148810706254287
-2.212765957446808	0.7408315237592195
-2.202753441802253	0.6900132997505695
-2.192740926157697	0.6576611448733863
-2.1827284105131417	0.6323209407724583
-2.1727158948685856	0.6021510240251111
-2.1627033792240296	0.5605583303404018
-2.1526908635794744	0.5078049930905534
-2.1426783479349183	0.44872592239866893
-2.132665832290363	0.3890535305850084
-2.122653316645807	0.3327769186202971
-2.112640801001252	0.2815687926991261
-2.1026282853566958	0.23583315735081556
-2.0926157697121397	0.19602691863549387
-2.0826032540675845	0.1630453067380938
-2.0725907384230284	0.13751639532201676
-2.0625782227784732	0.11890783622425226
-2.052565707133917	0.10547802701806493
-2.042553191489362	0.09521730826394448
-2.032540675844806	0.08688876160314637
-2.02252816020025	0.080162602741894
-2.0125156445556946	0.0747866481648825
-2.0025031289111386	0.06974225909773232
-1.9924906132665834	0.06337011531682005
-1.9824780976220273	0.05450850048750595
-1.9724655819774712	0.043665000956487135
-1.962453066332916	0.0330963885571341
-1.95244055068836	0.025573358191185988
-1.9424280350438048	0.022708971729197502
-1.9324155193992487	0.02401453770422086
-1.9224030037546935	0.027211979543663802
-1.9123904881101375	0.029483418647228053
-1.9023779724655814	0.02886574607209255
-1.8923654568210262	0.025026148723927596
-1.8823529411764701	0.0190887403702865
-1.872340425531915	0.012775687470584319
-1.8623279098873589	0.007487044452137658
-1.8523153942428037	0.003832992305808591
-1.8423028785982476	0.001711340349192101
-1.8322903629536915	0.000673464599670522
-1.8222778473091363	0.0002684038180946936
-1.8122653316645803	0.00021988757042829918
-1.802252816020025	0.00045861520595399556
-1.792240300375469	0.0010754493029787547
-1.7822277847309138	0.002214384038505346
-1.7722152690863577	0.0039033106627567936
-1.7622027534418017	0.00589611354369476
-1.7521902377972465	0.007693702518708153
-1.7421777221526904	0.00884041799775856
-1.7321652065081352	0.009316086656295046
-1.7221526908635791	0.009640658591665524
-1.712140175219024	0.0104950226032417
-1.7021276595744679	0.012127116166994197
-1.6921151439299118	0.014066532585993692
-1.6821026282853566	0.015425604764797755
-1.6720901126408005	0.015563165402943094
-1.6620775969962454	0.014596947636509788
-1.6520650813516893	0.013403615162028646
-1.642052565707134	0.01319545024361883
-1.632040050062578	0.015119784264228844
-1.622027534418022	0.020227624003509654
-1.6120150187734668	0.029635073098400577
-1.6020025031289107	0.04431726802354304
-1.5919899874843555	0.06428361882361724
-1.5819774718397994	0.08767917887748243
-1.5719649561952442	0.11078717378474216
-1.5619524405506882	0.12944324746370256
-1.551939924906132	0.14134538284372358
-1.541927409261577	0.14790388130099555
-1.5319148936170208	0.15421256218961993
-1.5219023779724656	0.1666609353494844
-1.5118898623279096	0.18929720264314712
-1.5018773466833544	0.22125384217887573
-1.4918648310387983	0.257221568348789
-1.4818523153942422	0.29095768187632837
-1.471839799749687	0.31952244431510773
-1.461827284105131	0.3453105361718785
-1.4518147684605758	0.37455779747094126
-1.4418022528160197	0.4133529531413297
-1.4317897371714645	0.46352096847710084
-1.4217772215269084	0.5208570884929293
-1.4117647058823524	0.5774105329349548
-1.4017521902377972	0.6272758529591735
-1.391739674593241	0.6719447255937431
-1.381727158948686	0.7200785229196889
-1.3717146433041298	0.7807709579215855
-1.3617021276595747	0.8559966216817458
-1.3516896120150186	0.9394001881131292
-1.3416770963704625	1.0222867942238114
-1.3316645807259073	1.1003332850425303
-1.3216520650813512	1.1742521319080814
-1.311639549436796	1.2444794334932732
-1.30162703379224	1.3065593905144737
-1.2916145181476848	1.3534784253117902
-1.2816020025031287	1.3839401758420369
-1.2715894868585726	1.4085160145433218
-1.2615769712140175	1.4462361718749162
-1.2515644555694614	1.5126033110446617
-1.2415519399249062	1.6081781868634901
-1.2315394242803501	1.7169626127832724
-1.221526908635795	1.8160207425805432
-1.2115143929912389	1.8891807818567636
-1.2015018773466828	1.9351652399791215
-1.1914893617021276	1.9657638083440783
-1.1814768460575715	1.997709375845329
-1.1714643304130163	2.0449237302403156
-1.1614518147684603	2.1138371885534752
-1.151439299123905	2.2005640305828504
-1.141426783479349	2.2905168494894936
-1.131414267834793	2.3636747125743836
-1.1214017521902377	2.4048312664024953
-1.1113892365456817	2.411475361762513
-1.1013767209011265	2.3930264422203864
-1.0913642052565704	2.364151161221111
-1.0813516896120152	2.3396228719545067
-1.0713391739674591	2.332541555580711
-1.061326658322903	2.351562484723121
-1.0513141426783479	2.3959635035419673
-1.0413016270337918	2.453902828331447
-1.0312891113892366	2.507735623837916
-1.0212765957446805	2.542608860905
-1.0112640801001254	2.5518184094202443
-1.0012515644555693	2.5373468453507875
-0.9912390488110132	2.508498232462458
-0.981226533166458	2.4800232564769726
-0.971214017521902	2.4678044383094755
-0.9612015018773468	2.481495808758643
-0.9511889862327907	2.5185076453500246
-0.9411764705882355	2.5653569236354907
-0.9311639549436794	2.6070167128737265
-0.9211514392991234	2.6372131293059757
-0.9111389236545682	2.660867388011958
-0.9011264080100121	2.6869453401365866
-0.8911138923654569	2.719304570861275
-0.8811013767209008	2.754641723222696
-0.8710888610763456	2.7884568571660036
-0.8610763454317896	2.821522844809173
-0.8510638297872335	2.859867327742842
-0.8410513141426783	2.908769755910279
-0.8310387984981222	2.9668704126326504
-0.821026282853567	3.025279410869706
-0.811013767209011	3.0712180105225007
-0.8010012515644558	3.092385772895107
-0.7909887359198997	3.0799950143237416
-0.7809762202753436	3.0316470151557184
-0.7709637046307884	2.9547047389868157
-0.7609511889862324	2.867488657427261
-0.7509386733416772	2.7949758612400144
-0.7409261576971211	2.759461431038338
-0.7309136420525659	2.770913952585411
-0.7209011264080099	2.822611924792813
-0.7108886107634538	2.8949379896667695
-0.7008760951188986	2.9656701686218234
-0.6908635794743425	3.0206318770142633
-0.6808510638297873	3.0574617326639397
-0.6708385481852313	3.0804625799807823
-0.6608260325406761	3.092523710632865
-0.65081351689612	3.0923237443252263
-0.6408010012515639	3.0786666355834553
-0.6307884856070087	3.056462631632119
-0.6207759699624527	3.0381369168305574
-0.6107634543178975	3.0389511482126927
-0.6007509386733414	3.0693538791327
-0.5907384230287862	3.129180094664579
-0.5807259073842301	3.207118808924423
-0.5707133917396741	3.285392150127496
-0.5607008760951189	3.346642932923902
-0.5506883604505628	3.379863500137818
-0.5406758448060076	3.3838656246941095
-0.5306633291614515	3.367695232138853
-0.5206508135168963	3.3472353199687084
-0.5106382978723403	3.338165761640962
-0.5006257822277842	3.348324757941292
-0.490613266583229	3.3745670534703835
-0.48060075093867294	3.406703917174543
-0.47058823529411775	3.4349396653462536
-0.4605757196495617	3.4539681074339574
-0.4505632040050065	3.4612240109449726
-0.4405506883604504	3.4540438667859417
-0.43053817271589434	3.431455161199138
-0.42052565707133915	3.3994022424649257
-0.4105131414267831	3.3722763940123763
-0.4005006257822279	3.3667292093818753
-0.3904881101376718	3.3924049836941257
-0.38047559449311663	3.447419564356583
-0.37046307884856056	3.5203936224835024
-0.3604505632040045	3.594557926722667
-0.3504380475594493	3.6513261478074712
-0.3404255319148932	3.675854491611844
-0.33041301627033803	3.66543068037549
-0.32040050062578196	3.634550586033382
-0.3103879849812259	3.6094563060374885
-0.3003754693366707	3.613693869993377
-0.2903629536921146	3.6554543471895595
-0.28035043804755944	3.7260871760673027
-0.27033792240300336	3.8082951496783446
-0.2603254067584482	3.8847787083134024
-0.2503128911138921	3.942169460675336
-0.24030037546933602	3.973317401431128
-0.23028785982478084	3.9802326704465716
-0.22027534418022476	3.9728941662312365
-0.21026282853566958	3.9605834848236707
-0.2002503128911135	3.9433257484651607
-0.19023779724655832	3.914066422628788
-0.18022528160200224	3.8697486610966143
-0.17021276595744617	3.8179103916633004
-0.16020025031289098	3.7711446497362173
-0.1501877346683349	3.7368429845628794
-0.14017521902377972	3.714111141166785
-0.13016270337922364	3.6993750176469735
-0.12015018773466846	3.6920563540762004
-0.11013767209011238	3.6941567986849893
-0.10012515644555631	3.706885655176878
-0.09011264080100112	3.7302610940894274
-0.08010012515644505	3.7657586182134657
-0.07008760951188986	3.81697531900179
-0.060075093867333784	3.885297852269946
-0.0500625782227786	3.963439771386806
-0.04005006257822252	4.032997435274665
-0.030037546933666448	4.070084002798407
-0.02002503128911126	4.057453333433468
-0.010012515644555187	3.996333063850981
0.0	3.909814636035518
