-8.0	11.722816307554892
-7.989987484355444	11.958873864189115
-7.979974968710889	12.254636960091009
-7.969962453066333	12.57964608095625
-7.9599499374217775	12.930457027563548
-7.949937421777221	13.28788103084235
-7.939924906132666	13.643210196476646
-7.92991239048811	14.034061629034426
-7.919899874843554	14.52559463908387
-7.909887359198999	15.072981741312384
-7.899874843554443	15.673698915152519
-7.889862327909888	16.236435067306935
-7.8798498122653315	16.670184611199048
-7.869837296620776	16.94021036747694
-7.85982478097622	17.092056320580436
-7.849812265331664	17.213619436650625
-7.839799749687109	17.34054597182803
-7.829787234042553	17.512794750195
-7.819774718397998	17.785619005275187
-7.809762202753442	18.131505347661623
-7.7997496871088865	18.50471990922566
-7.78973717146433	18.90984356838731
-7.779724655819774	19.31273981301378
-7.769712140175219	19.677373339073835
-7.759699624530663	20.07090701524735
-7.749687108886108	20.392423616278627
-7.739674593241552	20.64210506838446
-7.729662077596997	20.941532436627817
-7.719649561952441	21.299172428143677
-7.7096370463078845	21.671463027083195
-7.699624530663329	22.076939692646164
-7.689612015018773	22.559203889221287
-7.679599499374218	23.06862650148229
-7.669586983729662	23.518421486866874
-7.659574468085107	23.846124943796653
-7.649561952440551	24.025898608353824
-7.639549436795995	24.121326144265286
-7.629536921151439	24.23036646712819
-7.619524405506883	24.40471564637323
-7.609511889862328	24.6074361279224
-7.599499374217772	24.810075195578634
-7.589486858573217	25.029147287154856
-7.579474342928661	25.27347492235308
-7.569461827284105	25.466328721157037
-7.55944931163955	25.513216602941377
-7.5494367959949935	25.368189565225244
-7.539424280350438	25.06512581434064
-7.529411764705882	24.760903180473488
-7.519399249061326	24.56849761165559
-7.509386733416771	24.458645129511254
-7.499374217772215	24.354574751138514
-7.48936170212766	24.199341439495647
-7.479349186483104	23.976919951656612
-7.4693366708385485	23.717452194223018
-7.459324155193992	23.486417137664684
-7.449311639549437	23.312909478673873
-7.439299123904881	23.187593941699962
-7.429286608260325	23.07755465912932
-7.41927409261577	22.944288538168973
-7.409261576971214	22.80346320627477
-7.399249061326659	22.66564574658542
-7.3892365456821025	22.53852648258331
-7.3792240300375465	22.443703108621825
-7.369211514392991	22.353430424947476
-7.359198998748435	22.209570427528693
-7.34918648310388	21.947880216902487
-7.339173967459324	21.57767318816927
-7.329161451814769	21.17385632741882
-7.319148936170213	20.811601477010015
-7.3091364205256575	20.58782362612484
-7.299123904881101	20.566563244064604
-7.289111389236545	20.743474766970866
-7.27909887359199	21.079134511508403
-7.269086357947434	21.414695918582026
-7.259073842302879	21.629767596835478
-7.249061326658323	21.71734535339588
-7.239048811013767	21.738486473944022
-7.2290362953692116	21.754244714944868
-7.2190237797246555	21.715559887142167
-7.2090112640801	21.556559903096126
-7.198998748435544	21.418466287096287
-7.188986232790989	21.3659198533101
-7.178973717146433	21.36308178959993
-7.168961201501878	21.335242889003542
-7.158948685857322	21.310007271520526
-7.148936170212766	21.37939274711811
-7.13892365456821	21.55004742899352
-7.128911138923654	21.76003884766916
-7.118898623279099	21.993990219764164
-7.108886107634543	22.268098315824506
-7.098873591989987	22.632613032088052
-7.088861076345432	23.05997266007504
-7.078848560700876	23.457658697499557
-7.068836045056321	23.81266012208199
-7.0588235294117645	24.211251551439442
-7.048811013767209	24.767224886827705
-7.038798498122653	25.513874828787962
-7.028785982478098	26.355456597393644
-7.018773466833542	27.153751679590503
-7.008760951188986	27.822012177892642
-6.998748435544431	28.402970070857403
-6.988735919899875	28.996010309242973
-6.9787234042553195	29.53795882443035
-6.968710888610763	29.971242700963458
-6.958698372966207	30.437411953103144
-6.948685857321652	31.075631723729128
-6.938673341677096	31.81940211213658
-6.928660826032541	32.56728515549931
-6.918648310387985	33.365150262480874
-6.908635794743429	34.202420008175956
-6.8986232790988735	35.09481744677001
-6.888610763454318	36.092188740943435
-6.878598247809762	37.048610138539985
-6.868585732165206	37.82761549520783
-6.858573216520651	38.486435407416494
-6.848560700876095	39.10730270879071
-6.83854818523154	39.77610133844085
-6.828535669586984	40.45376874607478
-6.818523153942428	41.15257272988338
-6.808510638297872	41.921201127015905
-6.798498122653316	42.79056707542594
-6.788485607008761	43.733472078524194
-6.778473091364205	44.662195343870835
-6.768460575719649	45.502233193227745
-6.758448060075094	46.16271057541761
-6.748435544430539	46.68048316976446
-6.7384230287859825	47.205372672496985
-6.7284105131414265	47.81001869978488
-6.718397997496871	48.371795278113666
-6.708385481852315	48.80960497606936
-6.69837296620776	49.14181524401316
-6.688360450563204	49.494776267036066
-6.678347934918648	49.95415182865914
-6.668335419274093	50.3996755329869
-6.658322903629537	50.82564801503286
-6.648310387984981	51.266443570651134
-6.638297872340425	51.66058840310114
-6.628285356695869	51.899297526371235
-6.618272841051314	51.93067991224003
-6.608260325406759	51.865928346859384
-6.598247809762203	51.75375981772873
-6.588235294117647	51.598322657281955
-6.578222778473092	51.40623948238827
-6.5682102628285355	51.26198573852635
-6.55819774718398	51.15173821932847
-6.548185231539424	51.04277541723994
-6.538172715894868	50.82229604685898
-6.528160200250313	50.53043551236446
-6.518147684605757	50.16639087921143
-6.508135168961202	49.66833871801499
-6.498122653316646	49.06479004128746
-6.4881101376720896	48.38091252458529
-6.478097622027534	47.59451229147805
-6.468085106382979	46.65575209482109
-6.458072590738423	45.68500358121259
-6.448060075093867	44.78042317502372
-6.438047559449312	43.896716662135226
-6.428035043804756	43.026512970269195
-6.418022528160201	42.21595612458675
-6.4080100125156445	41.38185398045736
-6.397997496871088	40.44383418668306
-6.387984981226533	39.317399414011845
-6.377972465581977	38.04390074015155
-6.367959949937422	36.842866469567
-6.357947434292866	35.875815119259926
-6.34793491864831	35.0883258305952
-6.337922403003755	34.45367184242509
-6.3279098873591995	33.92965600619518
-6.317897371714643	33.36816814182004
-6.307884856070087	32.59866997778418
-6.297872340425532	31.71946406800536
-6.287859824780976	30.837673900259603
-6.277847309136421	29.976876691022593
-6.267834793491865	29.071373516442886
-6.257822277847309	28.092934001822687
-6.2478097622027535	27.15528993972424
-6.2377972465581975	26.322459705845432
-6.227784730913642	25.6014534228925
-6.217772215269086	25.003645214797455
-6.20775969962453	24.411793177305558
-6.197747183979975	23.792363468280325
-6.18773466833542	23.20579320415451
-6.177722152690864	22.603499168609133
-6.167709637046308	21.994187270990786
-6.157697121401752	21.426537456441498
-6.147684605757196	20.847396827174382
-6.137672090112641	20.23582399938229
-6.127659574468085	19.635529854275056
-6.117647058823529	19.0698820272026
-6.107634543178974	18.531647940126582
-6.097622027534418	17.993261238437125
-6.0876095118898625	17.50045947520815
-6.0775969962453065	17.087017994677403
-6.06758448060075	16.7509537421582
-6.057571964956195	16.497559415235116
-6.04755944931164	16.283365166770903
-6.037546933667084	16.02478733837725
-6.027534418022528	15.726175975862564
-6.017521902377973	15.413076712674435
-6.007509386733417	15.164311648740393
-5.997496871088861	14.996545494683362
-5.987484355444305	14.826302802493753
-5.977471839799749	14.729386700201598
-5.967459324155194	14.794869809872239
-5.957446808510639	14.936685210837178
-5.947434292866083	14.983918640655162
-5.937421777221527	14.953791538268671
-5.927409261576971	14.90619442156713
-5.9173967459324155	14.895678371175006
-5.90738423028786	14.982874944528294
-5.897371714643304	15.096429663606532
-5.887359198998748	15.17207646204451
-5.877346683354192	15.345082365391006
-5.867334167709637	15.608902097589363
-5.857321652065082	15.902394058399498
-5.847309136420526	16.226043114438312
-5.83729662077597	16.560540599977124
-5.827284105131414	16.90755322554717
-5.817271589486858	17.1521660610256
-5.807259073842303	17.287685903323904
-5.797246558197747	17.328599125293202
-5.787234042553191	17.402473556419274
-5.777221526908636	17.686300011045905
-5.767209011264081	18.152337811370867
-5.7571964956195245	18.72297690716372
-5.747183979974968	19.31684451019897
-5.737171464330412	19.88381532722114
-5.727158948685857	20.4786641924853
-5.717146433041302	21.067617740350855
-5.707133917396746	21.631569911225725
-5.69712140175219	22.18011403726728
-5.687108886107635	22.771137295566902
-5.677096370463079	23.323141181097366
-5.667083854818523	23.83466403828624
-5.657071339173967	24.249252603471206
-5.647058823529411	24.58906432370967
-5.637046307884856	24.832768688744835
-5.627033792240301	24.940909057293535
-5.617021276595745	24.9588585042795
-5.607008760951189	24.898623524838
-5.596996245306633	24.771139657539642
-5.5869837296620775	24.665944486313624
-5.576971214017522	24.663148369321316
-5.566958698372966	24.615341570541062
-5.55694618272841	24.497090744914747
-5.546933667083855	24.353008323126627
-5.536921151439299	24.256277389215455
-5.526908635794744	24.256821319629232
-5.516896120150188	24.329287867500554
-5.5068836045056315	24.446796662609522
-5.496871088861076	24.55317689350666
-5.486858573216521	24.598755336306827
-5.476846057571965	24.417331208232703
-5.466833541927409	24.15010554374208
-5.456821026282853	23.881604091516156
-5.446808510638298	23.532365851964823
-5.4367959949937426	23.088959078187596
-5.4267834793491865	22.61186757588335
-5.41677096370463	22.0444998259235
-5.406758448060075	21.34747202484888
-5.396745932415519	20.610079743577582
-5.386733416770964	19.863797194142077
-5.376720901126408	19.317308940312525
-5.366708385481852	18.975246094136434
-5.356695869837297	18.67787718611525
-5.346683354192741	18.284456922286964
-5.336670838548185	17.98507534040814
-5.326658322903629	17.800412732752154
-5.316645807259073	17.54747517839528
-5.306633291614518	17.233780907214896
-5.296620775969963	16.94608030881659
-5.286608260325407	16.519156612770875
-5.276595744680851	16.17537890193733
-5.2665832290362955	15.913199668505335
-5.256570713391739	15.597983746136014
-5.246558197747184	15.229498017691784
-5.236545682102628	15.03388343161435
-5.226533166458072	14.87507200955188
-5.216520650813517	14.759664462794149
-5.206508135168962	14.671639879439718
-5.196495619524406	14.579617623641079
-5.18648310387985	14.48791561257992
-5.1764705882352935	14.360303071121061
-5.166458072590738	14.253768565323607
-5.156445556946183	14.127333133759926
-5.146433041301627	13.988170188238861
-5.136420525657071	13.889439081987986
-5.126408010012516	13.809959365054125
-5.11639549436796	13.762642680972748
-5.1063829787234045	13.742949755958952
-5.0963704630788484	13.736510257837548
-5.086357947434292	13.735745567365159
-5.076345431789737	13.734201638459453
-5.066332916145182	13.72982022883639
-5.056320400500626	13.72536036515415
-5.04630788485607	13.701382757161129
-5.036295369211514	13.662937303803687
-5.026282853566959	13.660776119155353
-5.016270337922403	13.659686413681351
-5.006257822277847	13.658913359142046
-4.996245306633291	13.658388104790799
-4.986232790988735	13.658048049430118
-4.97622027534418	13.65783965196743
-4.966207759699625	13.657721027491343
-4.956195244055069	13.657661244524293
-4.946182728410513	13.657638337167826
-4.9361702127659575	13.657637145901738
-4.926157697121402	13.657647448784479
-4.916145181476846	13.65766250234914
-4.90613266583229	13.657677964854575
-4.896120150187734	13.65769112805843
-4.886107634543179	13.657700380689228
-4.876095118898624	13.657704839031506
-4.866082603254068	13.65770409514376
-4.8560700876095115	13.657698046622043
-4.8460575719649555	13.657686782330137
-4.8360450563204	13.657670506277318
-4.826032540675845	13.657649487364235
-4.816020025031289	13.657624026593552
-4.806007509386733	13.657594436021597
-4.795994993742178	13.65756102556415
-4.785982478097623	13.657524095024762
-4.7759699624530665	13.657483929567116
-4.76595744680851	13.657440797433363
-4.755944931163954	13.657394949103486
-4.745932415519399	13.657346617357229
-4.735919899874844	13.657296017880766
-4.725907384230288	13.657243350181743
-4.715894868585732	13.657188798658925
-4.705882352941176	13.657132533727573
-4.6958698372966206	13.657074712938842
-4.685857321652065	13.657015482056075
-4.675844806007509	13.656954976067144
-4.665832290362953	13.656893320122489
-4.655819774718398	13.656830630395456
-4.645807259073843	13.656767014865578
-4.635794743429287	13.656702574028168
-4.625782227784731	13.656637401534898
-4.615769712140175	13.656571584770703
-4.605757196495619	13.656505205372717
-4.595744680851064	13.6564383194139
-4.585732165206508	13.623708185259133
-4.575719649561952	13.623640557020785
-4.565707133917396	13.623572057619164
-4.555694618272841	13.561133759994481
-4.545682102628286	13.393715679133699
-4.53566958698373	13.194459424319378
-4.5256570713391735	13.002250973403342
-4.515644555694618	12.94990090455688
-4.505632040050063	12.916557197040541
-4.495619524405507	12.980199703481533
-4.485607008760951	12.769056584094988
-4.475594493116395	12.550723822087717
-4.46558197747184	12.562706060217199
-4.4555694618272845	12.316524009324615
-4.4455569461827285	12.063201232978805
-4.435544430538172	12.032786033162433
-4.425531914893616	12.008441391007997
-4.415519399249061	11.73412213576719
-4.405506883604506	11.25851185523443
-4.39549436795995	11.00923784367239
-4.385481852315394	10.783663999906883
-4.375469336670839	10.755806974399514
-4.365456821026283	10.596055409129708
-4.355444305381727	10.103002648025464
-4.345431789737171	10.030616951538402
-4.335419274092615	10.31777531626896
-4.32540675844806	10.538416098389238
-4.315394242803505	10.356407584675308
-4.305381727158949	10.51563838553844
-4.295369211514393	10.87781841805288
-4.285356695869837	11.170456236035223
-4.275344180225281	11.337335339138024
-4.265331664580726	10.984508835668935
-4.25531914893617	11.081808101338968
-4.245306633291614	11.268302697936146
-4.235294117647059	11.509529771256561
-4.225281602002504	12.037511496411074
-4.215269086357948	12.485940814317061
-4.2052565707133915	12.593599185204106
-4.1952440550688355	12.801931547145491
-4.18523153942428	12.928464247274283
-4.175219023779725	13.3593216065309
-4.165206508135169	13.316733086786746
-4.155193992490613	13.585224623084939
-4.145181476846057	14.078490934745139
-4.135168961201502	14.472135222327717
-4.1251564455569465	14.817664469652467
-4.11514392991239	15.237390559334562
-4.105131414267834	15.860335664000392
-4.095118898623279	16.308774339464254
-4.085106382978723	16.419564700661873
-4.075093867334168	16.859645423953662
-4.065081351689612	16.859672559153125
-4.055068836045056	17.060426064464494
-4.045056320400501	17.1430273206119
-4.035043804755945	17.35746570302792
-4.025031289111389	17.607286578209965
-4.015018773466833	17.607288305108945
-4.005006257822277	17.6072665501031
-3.994993742177722	17.607333156303728
-3.9849812265331668	17.765180519501126
-3.9749687108886107	17.86091618881725
-3.9649561952440546	17.86089526296565
-3.9549436795994994	17.8608748690698
-3.9449311639549434	17.860855173278473
-3.934918648310388	17.860836364316516
-3.924906132665832	17.86081865573476
-3.914893617021277	17.860802288789948
-3.904881101376721	17.860787535646637
-3.8948685857321648	17.860774702935668
-3.8848560700876096	17.860764135707118
-3.8748435544430535	17.860756221818896
-3.8648310387984983	17.860751396805714
-3.8548185231539422	17.860750149276296
-3.844806007509387	17.86075302688997
-3.834793491864831	17.860760642966362
-3.824780976220275	17.86077368378367
-3.8147684605757197	17.86079291662185
-3.8047559449311636	17.86081919860563
-3.7947434292866085	17.860853486398575
-3.7847309136420524	17.860896846792247
-3.774718397997497	17.86095046822178
-3.764705882352941	17.86101567322092
-3.754693366708385	17.86109393180207
-3.74468085106383	17.86118687570846
-3.734668335419274	17.86129631343438
-3.7246558197747186	17.86142424584042
-3.7146433041301625	17.86157288210278
-3.7046307884856065	17.861744655625106
-3.6946182728410513	17.861942239406158
-3.684605757196495	17.86216856019739
-3.67459324155194	17.86242681060417
-3.664580725907384	17.86272045809163
-3.6545682102628287	17.8630532496711
-3.6445556946182727	17.863429210907434
-3.6345431789737166	17.863852637934837
-3.6245306633291614	17.864328081931422
-3.6145181476846053	17.864860329527186
-3.60450563204005	17.865454402765987
-3.594493116395494	17.866115704476037
-3.584480600750939	17.866850959222035
-3.574468085106383	17.867673320546405
-3.5644555694618267	17.86863425318026
-3.5544430538172715	17.871887575898892
-3.5444305381727155	17.89471848042645
-3.5344180225281603	17.924715832028564
-3.524405506883604	17.948940574008173
-3.514392991239049	17.965479651394944
-3.504380475594493	17.99233092905714
-3.494367959949937	18.02521943118983
-3.4843554443053817	18.058003201048685
-3.4743429286608256	18.100623976981087
-3.4643304130162704	18.17628608836167
-3.4543178973717144	18.26486578326052
-3.444305381727159	18.30969907043125
-3.434292866082603	18.350378803288198
-3.424280350438047	18.44000488637697
-3.414267834793492	18.48490968055265
-3.4042553191489358	18.562907729603932
-3.3942428035043806	18.68566157740801
-3.3842302878598245	18.805252222749324
-3.3742177722152693	19.081148397188315
-3.3642052565707132	19.355089715703777
-3.354192740926157	19.506127888746708
-3.344180225281602	19.814159372728255
-3.334167709637046	20.03597018207398
-3.3241551939924907	20.273999140278004
-3.3141426783479346	20.3991595735983
-3.3041301627033794	20.629511393850457
-3.2941176470588234	20.926319332101155
-3.2841051314142673	21.208940324776822
-3.274092615769712	21.54269932956075
-3.264080100125156	21.84140634518381
-3.254067584480601	22.017092686018902
-3.2440550688360448	22.27145035782467
-3.2340425531914896	22.604119141340703
-3.2240300375469335	23.100702761990334
-3.2140175219023774	23.504000519358993
-3.2040050062578223	24.059382744480306
-3.193992490613266	24.883190060064837
-3.183979974968711	25.691024714832825
-3.173967459324155	26.28554932202541
-3.1639549436795997	26.79826851085512
-3.1539424280350437	27.375187214715165
-3.1439299123904876	27.943478277179675
-3.1339173967459324	28.619475858054393
-3.1239048811013763	29.329816834612966
-3.113892365456821	29.99387720068532
-3.103879849812265	30.543291395369742
-3.09386733416771	31.208155237008903
-3.083854818523154	31.919905359920453
-3.0738423028785977	32.57371368614698
-3.0638297872340425	33.190386263277425
-3.0538172715894865	33.87081480010275
-3.0438047559449313	34.67123180192102
-3.033792240300375	35.442500145428006
-3.02377972465582	36.03800897147425
-3.013767209011264	36.548713822373934
-3.003754693366708	37.09474470211036
-2.9937421777221527	37.687170207238786
-2.9837296620775966	38.239372155584824
-2.9737171464330414	38.492624350873456
-2.9637046307884853	38.492223366902934
-2.95369211514393	38.28026251021618
-2.943679599499374	38.0260128482324
-2.933667083854818	38.00698245176298
-2.923654568210263	38.2741232710615
-2.9136420525657067	38.661629205389495
-2.9036295369211516	39.065481619826485
-2.8936170212765955	39.3367629483519
-2.8836045056320403	39.54151288674879
-2.873591989987484	39.76042590828934
-2.863579474342928	40.09365761907374
-2.853566958698373	40.41952138431651
-2.843554443053817	40.66221875916853
-2.8335419274092617	40.79262364740955
-2.8235294117647056	40.79038599325317
-2.8135168961201504	40.50510455384493
-2.8035043804755944	39.93721941613213
-2.7934918648310383	39.44535297927263
-2.783479349186483	39.10311214401401
-2.773466833541927	38.802097796397916
-2.763454317897372	38.54341711834075
-2.7534418022528158	38.31879483491057
-2.7434292866082606	38.28946035011859
-2.7334167709637045	38.34331165454118
-2.7234042553191484	38.20475133162315
-2.7133917396745932	37.95274998310155
-2.703379224030037	37.30909758568527
-2.693366708385482	36.61078280117599
-2.683354192740926	35.90834734817089
-2.6733416770963707	35.05565562380314
-2.6633291614518146	34.25330113508676
-2.6533166458072586	33.57815294720841
-2.6433041301627034	32.82895751347232
-2.6332916145181473	32.08255298952835
-2.623279098873592	31.48183583707618
-2.613266583229036	30.985121297849894
-2.603254067584481	30.393823527466875
-2.593241551939925	29.81786120892665
-2.5832290362953687	29.321675839437138
-2.5732165206508135	28.752660998024954
-2.5632040050062574	28.241193502390523
-2.5531914893617023	27.969248037085848
-2.543178973717146	27.67901205883038
-2.533166458072591	27.25864323040225
-2.523153942428035	26.862454618923422
-2.513141426783479	26.620195748594963
-2.5031289111389237	26.566941718149955
-2.4931163954943676	26.642113640573342
-2.4831038798498124	26.753615012853167
-2.4730913642052563	26.81129622041693
-2.463078848560701	26.83521716719045
-2.453066332916145	26.68529955233391
-2.443053817271589	26.354517544443205
-2.433041301627034	25.95949522940658
-2.4230287859824777	25.53050520962355
-2.4130162703379225	25.137690285215765
-2.4030037546933665	24.769416385008302
-2.3929912390488113	24.399869543689647
-2.382978723404255	24.07854662569332
-2.372966207759699	23.707745499831766
-2.362953692115144	23.292401915210213
-2.352941176470588	22.878695365953366
-2.3429286608260327	22.433533881892103
-2.3329161451814766	22.114461762997
-2.3229036295369214	21.800702051040375
-2.3128911138923653	21.43754099384743
-2.3028785982478093	21.0376244333776
-2.292866082603254	20.63175816995782
-2.282853566958698	20.263385338211393
-2.272841051314143	19.929919130725867
-2.2628285356695867	19.5389225779401
-2.2528160200250316	19.116799068509362
-2.2428035043804755	18.676185264427453
-2.2327909887359194	18.296286016127755
-2.2227784730913642	18.008831796011
-2.212765957446808	17.79726966434549
-2.202753441802253	17.535501069074275
-2.192740926157697	17.298297271085723
-2.1827284105131417	17.062255520832895
-2.1727158948685856	16.778433719764553
-2.1627033792240296	16.410762774346082
-2.1526908635794744	16.060323664358986
-2.1426783479349183	15.702975703146295
-2.132665832290363	15.462185710593246
-2.122653316645807	15.20377503935764
-2.112640801001252	15.001138999774227
-2.1026282853566958	14.874851296032887
-2.0926157697121397	14.777660192665989
-2.0826032540675845	14.668726925760447
-2.0725907384230284	14.540841136621971
-2.0625782227784732	14.423099424253772
-2.052565707133917	14.279437158650977
-2.042553191489362	14.173886021216674
-2.032540675844806	14.101840451209203
-2.02252816020025	14.048492156709681
-2.0125156445556946	13.984206969391597
-2.0025031289111386	13.905612950058297
-1.9924906132665834	13.826475777840363
-1.9824780976220273	13.78287181837829
-1.9724655819774712	13.764394102375688
-1.962453066332916	13.757937783932501
-1.95244055068836	13.74895630332176
-1.9424280350438048	13.707949883440193
-1.9324155193992487	13.6851503572157
-1.9224030037546935	13.694876750169625
-1.9123904881101375	13.696106214982425
-1.9023779724655814	13.68702155617469
-1.8923654568210262	13.615057319594166
-1.8823529411764701	13.587832823712654
-1.872340425531915	13.490155741293526
-1.8623279098873589	13.510148146106811
-1.8523153942428037	13.508949233408458
-1.8423028785982476	13.508074614421592
-1.8322903629536915	13.507635526576296
-1.8222778473091363	13.50747189510091
-1.8122653316645803	13.524444312588745
-1.802252816020025	13.573637580859026
-1.792240300375469	13.574777846378725
-1.7822277847309138	13.559215540732213
-1.7722152690863577	13.543695375029255
-1.7622027534418017	13.502684919371623
-1.7521902377972465	13.455022844928465
-1.7421777221526904	13.449529244520436
-1.7321652065081352	13.48701564754795
-1.7221526908635791	13.474439876936568
-1.712140175219024	13.468207486516238
-1.7021276595744679	13.551721446429127
-1.6921151439299118	13.60281586465197
-1.6821026282853566	13.718373057503584
-1.6720901126408005	13.723056412481665
-1.6620775969962454	13.747918807068281
-1.6520650813516893	13.680814704300436
-1.642052565707134	13.691741699181721
-1.632040050062578	13.785632530418344
-1.622027534418022	13.869147902851076
-1.6120150187734668	13.922587471996428
-1.6020025031289107	13.95082014544177
-1.5919899874843555	14.031656590200708
-1.5819774718397994	14.046904201351367
-1.5719649561952442	14.12520193892822
-1.5619524405506882	14.113813005249602
-1.551939924906132	14.320300370234051
-1.541927409261577	14.572740590542812
-1.5319148936170208	14.79458822591851
-1.5219023779724656	14.875487582171822
-1.5118898623279096	15.042397279856376
-1.5018773466833544	15.256977692545997
-1.4918648310387983	15.42009775507431
-1.4818523153942422	15.559717268769317
-1.471839799749687	15.7034669601561
-1.461827284105131	15.764764534167224
-1.4518147684605758	15.831120523885645
-1.4418022528160197	15.831679054690929
-1.4317897371714645	15.891478026470484
-1.4217772215269084	15.933428463934098
-1.4117647058823524	16.036606710686154
-1.4017521902377972	16.048376000936152
-1.391739674593241	16.09702217377345
-1.381727158948686	16.097090868094728
-1.3717146433041298	16.10631883622439
-1.3617021276595747	16.07437356095579
-1.3516896120150186	16.083197333728073
-1.3416770963704625	16.079917877942876
-1.3316645807259073	16.07460020365433
-1.3216520650813512	16.06686210478655
-1.311639549436796	16.05454537431301
-1.30162703379224	16.046885245863653
-1.2916145181476848	16.058165492122093
-1.2816020025031287	16.030572914192224
-1.2715894868585726	16.01978052090821
-1.2615769712140175	16.01989838528168
-1.2515644555694614	16.0941193146601
-1.2415519399249062	16.244810747627778
-1.2315394242803501	16.30881321759002
-1.221526908635795	16.38787189926112
-1.2115143929912389	16.435324810238825
-1.2015018773466828	16.54240777686056
-1.1914893617021276	16.629482115105272
-1.1814768460575715	16.697678455772785
-1.1714643304130163	16.74476931876755
-1.1614518147684603	16.79222620607498
-1.151439299123905	16.901805863424347
-1.141426783479349	16.998451188441447
-1.131414267834793	17.095369337902095
-1.1214017521902377	17.17481850868287
-1.1113892365456817	17.289499528387367
-1.1013767209011265	17.39968688109307
-1.0913642052565704	17.419861851636018
-1.0813516896120152	17.51124457022128
-1.0713391739674591	17.666445114897073
-1.061326658322903	17.842616402269023
-1.0513141426783479	18.01719357974658
-1.0413016270337918	18.256741829625042
-1.0312891113892366	18.45710320174188
-1.0212765957446805	18.66854069073662
-1.0112640801001254	18.89526552891723
-1.0012515644555693	19.281952894531358
-0.9912390488110132	19.818906036715614
-0.981226533166458	20.21841670954028
-0.971214017521902	20.520164226907465
-0.9612015018773468	20.787162532472564
-0.9511889862327907	21.072559291825232
-0.9411764705882355	21.34749717406915
-0.9311639549436794	21.52821170753906
-0.9211514392991234	21.66517741949808
-0.9111389236545682	21.82671220840811
-0.9011264080100121	22.09462661656789
-0.8911138923654569	22.380669377153378
-0.8811013767209008	22.55724435026441
-0.8710888610763456	22.665006043164606
-0.8610763454317896	22.711337570498486
-0.8510638297872335	22.793148539837105
-0.8410513141426783	22.903267160023727
-0.8310387984981222	22.948067263989124
-0.821026282853567	22.906285801403456
-0.811013767209011	22.844880041470272
-0.8010012515644558	22.772088124316806
-0.7909887359198997	22.73533623691612
-0.7809762202753436	22.74845804019223
-0.7709637046307884	22.81661898620022
-0.7609511889862324	22.896345069765328
-0.7509386733416772	22.9349931505955
-0.7409261576971211	22.909798985378426
-0.7309136420525659	22.87926947318353
-0.7209011264080099	22.899819743325857
-0.7108886107634538	22.952469717166167
-0.7008760951188986	22.966984075247282
-0.6908635794743425	22.888771920943213
-0.6808510638297873	22.541238777236288
-0.6708385481852313	22.23745896175494
-0.6608260325406761	21.972877519578553
-0.65081351689612	21.702261589723925
-0.6408010012515639	21.421016995566458
-0.6307884856070087	21.107439548369864
-0.6207759699624527	20.929869493043448
-0.6107634543178975	20.79122574630633
-0.6007509386733414	20.60967669057906
-0.5907384230287862	20.440270034718928
-0.5807259073842301	20.278952864004253
-0.5707133917396741	20.10783743822112
-0.5607008760951189	19.8519432556081
-0.5506883604505628	19.53134109963231
-0.5406758448060076	19.170949426057124
-0.5306633291614515	18.786316477916184
-0.5206508135168963	18.33130752505109
-0.5106382978723403	17.835599458911588
-0.5006257822277842	17.398479768733687
-0.490613266583229	17.087622915536585
-0.48060075093867294	16.871404888526563
-0.47058823529411775	16.664292113680286
-0.4605757196495617	16.48691981979959
-0.4505632040050065	16.36018976814872
-0.4405506883604504	16.209868217475172
-0.43053817271589434	15.981062381000365
-0.42052565707133915	15.750550402124443
-0.4105131414267831	15.474553988633762
-0.4005006257822279	15.236228770091696
-0.3904881101376718	15.048349237713524
-0.38047559449311663	14.958360460959913
-0.37046307884856056	14.909886986690738
-0.3604505632040045	14.875980824412542
-0.3504380475594493	14.829969374301408
-0.3404255319148932	14.747991644024058
-0.33041301627033803	14.661413827160983
-0.32040050062578196	14.606825823572482
-0.3103879849812259	14.616691612984258
-0.3003754693366707	14.712304381231357
-0.2903629536921146	14.865615167185132
-0.28035043804755944	15.029726840084576
-0.27033792240300336	15.154453690835961
-0.2603254067584482	15.275280519933514
-0.2503128911138921	15.429171985417083
-0.24030037546933602	15.591118555347691
-0.23028785982478084	15.760606164757718
-0.22027534418022476	15.963390524997635
-0.21026282853566958	16.178030308078803
-0.2002503128911135	16.349944337989424
-0.19023779724655832	16.47760183585272
-0.18022528160200224	16.59576649947594
-0.17021276595744617	16.702085060543208
-0.16020025031289098	16.806979649156716
-0.1501877346683349	16.94329387731397
-0.14017521902377972	17.12815594363975
-0.13016270337922364	17.364180712655607
-0.12015018773466846	17.62603709077142
-0.11013767209011238	17.870171713346444
-0.10012515644555631	18.084409848428155
-0.09011264080100112	18.278332846531693
-0.08010012515644505	18.491891950389437
-0.07008760951188986	18.78754192658345
-0.060075093867333784	19.185765918128624
-0.0500625782227786	19.63521605984896
-0.04005006257822252	20.05669553480606
-0.030037546933666448	20.39902562359064
-0.02002503128911126	20.664778719366524
-0.010012515644555187	20.894312205484454
0.0	21.07949978226704
