-8.0	9.39873982739784
-7.989987484355444	9.771371929047834
-7.979974968710889	10.304826963811896
-7.969962453066333	10.87737646015152
-7.9599499374217775	11.423222344652816
-7.949937421777221	12.026034017736398
-7.939924906132666	12.816819023358397
-7.92991239048811	13.675134186318335
-7.919899874843554	14.520090073042788
-7.909887359198999	15.396442530037275
-7.899874843554443	16.313475443632168
-7.889862327909888	17.333098381067156
-7.8798498122653315	18.48001758922914
-7.869837296620776	19.76120111496126
-7.85982478097622	21.131919099585524
-7.849812265331664	22.537315702038946
-7.839799749687109	23.922600535224188
-7.829787234042553	25.306302356799886
-7.819774718397998	26.731231123524616
-7.809762202753442	28.229108515647045
-7.7997496871088865	29.775492152995373
-7.78973717146433	31.311762011489236
-7.779724655819774	32.69104573284767
-7.769712140175219	33.76278458180093
-7.759699624530663	34.49011134042908
-7.749687108886108	34.915464532086126
-7.739674593241552	35.127136120015265
-7.729662077596997	35.2014856484285
-7.719649561952441	35.20809797594528
-7.7096370463078845	35.168478178146785
-7.699624530663329	35.0272694064361
-7.689612015018773	34.732859018981024
-7.679599499374218	34.21845896325325
-7.669586983729662	33.41647066827192
-7.659574468085107	32.35442752581035
-7.649561952440551	31.161624183133245
-7.639549436795995	29.981239879581715
-7.629536921151439	28.840574702034697
-7.619524405506883	27.72077852096073
-7.609511889862328	26.624594788921534
-7.599499374217772	25.55782372372596
-7.589486858573217	24.523853518895905
-7.579474342928661	23.619581646963862
-7.569461827284105	22.94951984448856
-7.55944931163955	22.517184721175354
-7.5494367959949935	22.269082796325513
-7.539424280350438	22.179533244413008
-7.529411764705882	22.28094990330402
-7.519399249061326	22.58458989013795
-7.509386733416771	23.011699677673658
-7.499374217772215	23.424728752355737
-7.48936170212766	23.70892913262734
-7.479349186483104	23.8096677944101
-7.4693366708385485	23.713073342642193
-7.459324155193992	23.421327909018867
-7.449311639549437	22.943546144301695
-7.439299123904881	22.296470644074397
-7.429286608260325	21.541108115807216
-7.41927409261577	20.753597158384782
-7.409261576971214	19.974426856454695
-7.399249061326659	19.218532870323195
-7.3892365456821025	18.472745931444027
-7.3792240300375465	17.71949966278648
-7.369211514392991	16.95609638610204
-7.359198998748435	16.19923660905936
-7.34918648310388	15.472289892283216
-7.339173967459324	14.801018542103574
-7.329161451814769	14.212955880003042
-7.319148936170213	13.714517065817304
-7.3091364205256575	13.302596579335026
-7.299123904881101	13.024097403225813
-7.289111389236545	12.957231348294266
-7.27909887359199	13.09156829244914
-7.269086357947434	13.303550229653608
-7.259073842302879	13.616140161592842
-7.249061326658323	14.130331397969655
-7.239048811013767	14.938594001079766
-7.2290362953692116	15.965580347666467
-7.2190237797246555	17.141160847787564
-7.2090112640801	18.392503212897683
-7.198998748435544	19.553284558655506
-7.188986232790989	20.499983624396695
-7.178973717146433	21.201480108591674
-7.168961201501878	21.69584045142984
-7.158948685857322	22.024811272133764
-7.148936170212766	22.23865491724812
-7.13892365456821	22.430288812760505
-7.128911138923654	22.675701994071158
-7.118898623279099	22.985960609892057
-7.108886107634543	23.281186816872523
-7.098873591989987	23.50978630963409
-7.088861076345432	23.65095452844704
-7.078848560700876	23.71388116370186
-7.068836045056321	23.77262224226717
-7.0588235294117645	23.961620220774822
-7.048811013767209	24.448716995282233
-7.038798498122653	25.250894335816614
-7.028785982478098	26.291000442614155
-7.018773466833542	27.54290830706716
-7.008760951188986	28.908553330050818
-6.998748435544431	30.378514807254316
-6.988735919899875	31.91784078821037
-6.9787234042553195	33.44697544166829
-6.968710888610763	34.99259877923627
-6.958698372966207	36.65116621531102
-6.948685857321652	38.51408176868083
-6.938673341677096	40.43621344017432
-6.928660826032541	42.24136949002546
-6.918648310387985	43.93096562251639
-6.908635794743429	45.561026227816534
-6.8986232790988735	47.18650361722854
-6.888610763454318	48.87760257333775
-6.878598247809762	50.597076248678505
-6.868585732165206	52.19222132690045
-6.858573216520651	53.56829767995304
-6.848560700876095	54.879805353842364
-6.83854818523154	56.21580287796327
-6.828535669586984	57.54542105663925
-6.818523153942428	58.867403704853324
-6.808510638297872	60.08840236458689
-6.798498122653316	61.12783019407671
-6.788485607008761	61.87759025195716
-6.778473091364205	62.344859063947105
-6.768460575719649	62.64822636212138
-6.758448060075094	62.95583064754429
-6.748435544430539	63.348398488835464
-6.7384230287859825	63.72304983333075
-6.7284105131414265	63.954096190149386
-6.718397997496871	64.00283564676563
-6.708385481852315	63.959130394230705
-6.69837296620776	64.01228640370407
-6.688360450563204	64.18702582758438
-6.678347934918648	64.34732063178944
-6.668335419274093	64.35310633467563
-6.658322903629537	64.12431668132085
-6.648310387984981	63.736888353059165
-6.638297872340425	63.26385941062526
-6.628285356695869	62.775377222174654
-6.618272841051314	62.37861828567562
-6.608260325406759	61.777371920140034
-6.598247809762203	60.916017177881535
-6.588235294117647	60.094406147739534
-6.578222778473092	59.39770021018549
-6.5682102628285355	58.67498544480559
-6.55819774718398	57.89064890451397
-6.548185231539424	57.034299856151456
-6.538172715894868	56.12990345006566
-6.528160200250313	55.41756509489205
-6.518147684605757	54.86097635263798
-6.508135168961202	54.33316564491555
-6.498122653316646	53.830297696148726
-6.4881101376720896	53.272503093069695
-6.478097622027534	52.66500382034999
-6.468085106382979	52.01557239544117
-6.458072590738423	51.24389147369387
-6.448060075093867	50.258395873958236
-6.438047559449312	49.0256086995205
-6.428035043804756	47.70529681774175
-6.418022528160201	46.36167051642451
-6.4080100125156445	44.879558558117736
-6.397997496871088	43.261819052727446
-6.387984981226533	41.63369967293178
-6.377972465581977	39.92204637822846
-6.367959949937422	37.98699087525807
-6.357947434292866	35.91218932982187
-6.34793491864831	33.872065249240805
-6.337922403003755	31.957674448612202
-6.3279098873591995	30.205198905680497
-6.317897371714643	28.553971889402657
-6.307884856070087	26.96008309205686
-6.297872340425532	25.46749814950975
-6.287859824780976	24.14496199311388
-6.277847309136421	22.964902174701855
-6.267834793491865	21.859609144280924
-6.257822277847309	20.81734351810387
-6.2478097622027535	19.85935210715374
-6.2377972465581975	19.00395181154956
-6.227784730913642	18.27051406247678
-6.217772215269086	17.582722837878112
-6.20775969962453	16.803911408524055
-6.197747183979975	15.883123125150362
-6.18773466833542	14.726748108333295
-6.177722152690864	13.558541858310308
-6.167709637046308	12.591648521199085
-6.157697121401752	11.620958891083193
-6.147684605757196	10.739048916814756
-6.137672090112641	10.29130264859121
-6.127659574468085	10.167194925266415
-6.117647058823529	10.250503164527423
-6.107634543178974	10.475675047440793
-6.097622027534418	10.742475485023608
-6.0876095118898625	11.029069024838897
-6.0775969962453065	11.344400761738571
-6.06758448060075	11.679370531586404
-6.057571964956195	12.013364149454864
-6.04755944931164	12.324194430565576
-6.037546933667084	12.596191304938682
-6.027534418022528	12.806978168463006
-6.017521902377973	12.937407764877753
-6.007509386733417	12.98587501771668
-5.997496871088861	12.981973729137511
-5.987484355444305	12.94810156700538
-5.977471839799749	12.892413012328447
-5.967459324155194	12.820130792439063
-5.957446808510639	12.717689309525165
-5.947434292866083	12.534575904794506
-5.937421777221527	12.26039821981432
-5.927409261576971	11.973817858968728
-5.9173967459324155	11.701443243331473
-5.90738423028786	11.47227551360145
-5.897371714643304	11.423361866879342
-5.887359198998748	11.610908287287216
-5.877346683354192	12.107165155059239
-5.867334167709637	13.02698671511117
-5.857321652065082	14.347687935121979
-5.847309136420526	16.05012845682686
-5.83729662077597	18.02591599481304
-5.827284105131414	20.29089423894061
-5.817271589486858	22.322991840816066
-5.807259073842303	24.08625256776505
-5.797246558197747	25.846632488319024
-5.787234042553191	27.729855391177168
-5.777221526908636	29.597089155496175
-5.767209011264081	31.46287712374416
-5.7571964956195245	33.170077006116706
-5.747183979974968	34.68493701380391
-5.737171464330412	36.107119367103984
-5.727158948685857	37.55340986533953
-5.717146433041302	38.99485706247998
-5.707133917396746	40.388847316886576
-5.69712140175219	41.66172543572517
-5.687108886107635	42.76867079643117
-5.677096370463079	43.661474436000404
-5.667083854818523	44.28758412938442
-5.657071339173967	44.60859033779043
-5.647058823529411	44.603785729982064
-5.637046307884856	44.299056455343504
-5.627033792240301	43.652460091902924
-5.617021276595745	42.712723784231414
-5.607008760951189	41.55667615074127
-5.596996245306633	40.22170825802771
-5.5869837296620775	38.814449669892234
-5.576971214017522	37.45379010782488
-5.566958698372966	36.11966914087492
-5.55694618272841	34.75385016269702
-5.546933667083855	33.41257968240652
-5.536921151439299	32.15873240759212
-5.526908635794744	30.949548353974695
-5.516896120150188	29.752667051175365
-5.5068836045056315	28.58946930265408
-5.496871088861076	27.48110533638201
-5.486858573216521	26.421585809237907
-5.476846057571965	25.398866652989007
-5.466833541927409	24.359271532076672
-5.456821026282853	23.47669862566088
-5.446808510638298	22.728859339087442
-5.4367959949937426	22.089283366255906
-5.4267834793491865	21.616894319659544
-5.41677096370463	21.321132031761227
-5.406758448060075	21.106250089227657
-5.396745932415519	20.94050268407029
-5.386733416770964	20.82834772277506
-5.376720901126408	20.787565774217164
-5.366708385481852	20.765356782419996
-5.356695869837297	20.75172887160677
-5.346683354192741	20.74268848018602
-5.336670838548185	20.736338989661558
-5.326658322903629	20.731697868114313
-5.316645807259073	20.728207435515223
-5.306633291614518	20.72552555729314
-5.296620775969963	20.723429508858857
-5.286608260325407	20.72176777820908
-5.276595744680851	20.72043382066241
-5.2665832290362955	20.71935076164727
-5.256570713391739	20.71846199568476
-5.246558197747184	20.717725163856848
-5.236545682102628	20.71710816210443
-5.226533166458072	20.716586417091463
-5.216520650813517	20.716140978358517
-5.206508135168962	20.71575715090254
-5.196495619524406	20.71542349484349
-5.18648310387985	20.715131080551764
-5.1764705882352935	20.714872925653587
-5.166458072590738	20.71464356427637
-5.156445556946183	20.714438714272855
-5.146433041301627	20.71425501823989
-5.136420525657071	20.714089840888338
-5.126408010012516	20.713941109932826
-5.11639549436796	20.713807190892034
-5.1063829787234045	20.713686788493263
-5.0963704630788484	20.713578869054416
-5.086357947434292	20.713482599463934
-5.076345431789737	20.713397299323248
-5.066332916145182	20.71332240353815
-5.056320400500626	20.71325743320707
-5.04630788485607	20.713201973092936
-5.036295369211514	20.71315565431194
-5.026282853566959	20.71311814114709
-5.016270337922403	20.713089121113892
-5.006257822277847	20.71306829758062
-4.996245306633291	20.71305538438579
-4.986232790988735	20.71305010200821
-4.97622027534418	20.713052174935626
-4.966207759699625	20.713061329950357
-4.956195244055069	20.713077295108796
-4.946182728410513	20.713099799238723
-4.9361702127659575	20.71312857181563
-4.926157697121402	20.71316334310967
-4.916145181476846	20.713203844518873
-4.90613266583229	20.713249809023313
-4.896120150187734	20.713300971710563
-4.886107634543179	20.7133570703348
-4.876095118898624	20.713417845881278
-4.866082603254068	20.713483043116064
-4.8560700876095115	20.713552411106342
-4.8460575719649555	20.71362570370155
-4.8360450563204	20.71370267996898
-4.826032540675845	20.713783104580504
-4.816020025031289	20.713866748148956
-4.806007509386733	20.71395338751409
-4.795994993742178	20.714042805979915
-4.785982478097623	20.714134793504854
-4.7759699624530665	20.714229146847927
-4.76595744680851	20.714325669673524
-4.755944931163954	20.71442417261828
-4.745932415519399	20.714524473323152
-4.735919899874844	20.714626396433946
-4.725907384230288	20.714729773573673
-4.715894868585732	20.714834443289565
-4.705882352941176	20.714940250977893
-4.6958698372966206	20.715047048789284
-4.685857321652065	20.715154695516976
-4.675844806007509	20.71526305647078
-4.665832290362953	20.715372003338402
-4.655819774718398	20.71548141403672
-4.645807259073843	20.71559117255441
-4.635794743429287	20.715701168787906
-4.625782227784731	20.715811300760357
-4.615769712140175	20.57396461751827
-4.605757196495619	20.477772840919098
-4.595744680851064	20.22806040078378
-4.585732165206508	20.023099763524463
-4.575719649561952	19.39723618055187
-4.565707133917396	18.81325070841144
-4.555694618272841	18.482152655989335
-4.545682102628286	17.41593840977449
-4.53566958698373	14.61361379055106
-4.5256570713391735	13.329146786038287
-4.515644555694618	12.079328810425505
-4.505632040050063	10.932899640778357
-4.495619524405507	8.933337588629405
-4.485607008760951	6.8600597513808
-4.475594493116395	5.169348125231892
-4.46558197747184	3.986603251608105
-4.4555694618272845	2.96050212766522
-4.4455569461827285	2.070427056092704
-4.435544430538172	1.479695054730585
-4.425531914893616	1.1816390663015401
-4.415519399249061	0.8480357186644812
-4.405506883604506	0.5786698727090461
-4.39549436795995	0.31398209565782664
-4.385481852315394	0.08788394682190653
-4.375469336670839	0.053665461809531016
-4.365456821026283	0.018489582412546095
-4.355444305381727	0.018489582412546095
-4.345431789737171	0.0184895824125461
-4.335419274092615	0.07731955783482886
-4.32540675844806	0.07731584200674242
-4.315394242803505	0.07731584200810042
-4.305381727158949	0.2606616343899963
-4.295369211514393	0.45623529160617
-4.285356695869837	0.9443020699051482
-4.275344180225281	1.5011584462202987
-4.265331664580726	2.384081075916474
-4.25531914893617	3.6180736687026203
-4.245306633291614	4.315183226393062
-4.235294117647059	5.859609651466304
-4.225281602002504	7.521385732351819
-4.215269086357948	9.216607057732595
-4.2052565707133915	12.205871598022226
-4.1952440550688355	14.792479094795285
-4.18523153942428	16.17912855522931
-4.175219023779725	18.195083032247922
-4.165206508135169	19.391144106270737
-4.155193992490613	21.69669809883739
-4.145181476846057	22.66227274188345
-4.135168961201502	23.44015892556098
-4.1251564455569465	24.224668842072433
-4.11514392991239	25.061033584319603
-4.105131414267834	25.518131209260922
-4.095118898623279	25.698868572739602
-4.085106382978723	25.698821438071537
-4.075093867334168	25.698773966010773
-4.065081351689612	25.698727042603693
-4.055068836045056	25.698680703973746
-4.045056320400501	25.698634988453993
-4.035043804755945	25.698589936786195
-4.025031289111389	25.698545592342313
-4.015018773466833	25.69850200137123
-4.005006257822277	25.698459213273544
-3.994993742177722	25.698417280908238
-3.9849812265331668	25.698376260934776
-3.9749687108886107	25.698336214195162
-3.9649561952440546	25.698297206140907
-3.9549436795994994	25.69825930731044
-3.9449311639549434	25.69822259386288
-3.934918648310388	25.698187148175798
-3.924906132665832	25.6981530595141
-3.914893617021277	25.698120424779674
-3.904881101376721	25.698089349351044
-3.8948685857321648	25.69805994802496
-3.8848560700876096	25.698032346072036
-3.8748435544430535	25.69800668042114
-3.8648310387984983	25.697983100988292
-3.8548185231539422	25.697961772168256
-3.844806007509387	25.697942874509305
-3.834793491864831	25.697926606593974
-3.824780976220275	25.69791318715174
-3.8147684605757197	25.69790285743286
-3.8047559449311636	25.69789588387593
-3.7947434292866085	25.697892561106734
-3.7847309136420524	25.697893215309676
-3.774718397997497	25.697898208019296
-3.764705882352941	25.69790794038505
-3.754693366708385	25.69792285796944
-3.74468085106383	25.697943456147726
-3.734668335419274	25.69797028618626
-3.7246558197747186	25.698003962086727
-3.7146433041301625	25.698045168295444
-3.7046307884856065	25.69809466839102
-3.6946182728410513	25.69815331487857
-3.684605757196495	25.698222060238482
-3.67459324155194	25.698301969398667
-3.664580725907384	25.69839423382627
-3.6545682102628287	25.69850018746548
-3.6445556946182727	25.698621324787045
-3.6345431789737166	25.698759321262223
-3.6245306633291614	25.698916056633173
-3.6145181476846053	25.699093641427382
-3.60450563204005	25.69929444726113
-3.594493116395494	25.699521141604176
-3.584480600750939	25.69977672784945
-3.574468085106383	25.700064591760576
-3.5644555694618267	25.700388555687873
-3.5544430538172715	25.700752942383463
-3.5444305381727155	25.701162650870256
-3.5344180225281603	25.7016232477095
-3.524405506883604	25.702141078302468
-3.514392991239049	25.702723404751758
-3.504380475594493	25.703378579607808
-3.494367959949937	25.70411626902144
-3.4843554443053817	25.70494774517315
-3.4743429286608256	25.705886277573807
-3.4643304130162704	25.706947667879955
-3.4543178973717144	25.70815099644616
-3.444305381727159	25.70951968627533
-3.434292866082603	25.71108305041852
-3.424280350438047	25.712878588262214
-3.414267834793492	25.714955464210476
-3.4042553191489358	25.71737989804793
-3.3942428035043806	25.72024374994297
-3.3842302878598245	25.723678725142463
-3.3742177722152693	25.727881342329674
-3.3642052565707132	25.73316155512378
-3.354192740926157	25.740054077586763
-3.344180225281602	25.74962691090002
-3.334167709637046	25.764374880983667
-3.3241551939924907	25.78942964913372
-3.3141426783479346	25.831030275842082
-3.3041301627033794	25.90106926653344
-3.2941176470588234	26.016640588006663
-3.2841051314142673	26.19023224269859
-3.274092615769712	26.4522768864407
-3.264080100125156	26.851044763021907
-3.254067584480601	27.390988035836546
-3.2440550688360448	28.054058927737014
-3.2340425531914896	28.892982586632648
-3.2240300375469335	29.84654841657206
-3.2140175219023774	30.889481739172847
-3.2040050062578223	32.064855619614555
-3.193992490613266	33.34845112585686
-3.183979974968711	34.78203862983438
-3.173967459324155	36.3683380879307
-3.1639549436795997	37.80929582279038
-3.1539424280350437	39.1515615791226
-3.1439299123904876	40.61859745153624
-3.1339173967459324	42.1476863287159
-3.1239048811013763	43.731620290318844
-3.113892365456821	45.415589754618914
-3.103879849812265	47.00044220361688
-3.09386733416771	48.315866795054454
-3.083854818523154	49.37853097766742
-3.0738423028785977	50.225174474311224
-3.0638297872340425	50.91586809636572
-3.0538172715894865	51.546807439356634
-3.0438047559449313	52.054208875910774
-3.033792240300375	52.345295393453114
-3.02377972465582	52.55728834563783
-3.013767209011264	52.865886383337084
-3.003754693366708	53.05806271418007
-2.9937421777221527	53.01089628212529
-2.9837296620775966	52.82375242309747
-2.9737171464330414	52.644979458434946
-2.9637046307884853	52.48325642997409
-2.95369211514393	52.264188016925026
-2.943679599499374	52.02598939344795
-2.933667083854818	51.6797643224405
-2.923654568210263	51.1586707165769
-2.9136420525657067	50.48647704866361
-2.9036295369211516	49.72289473061928
-2.8936170212765955	48.90646588896543
-2.8836045056320403	48.023724379051494
-2.873591989987484	47.10981490352732
-2.863579474342928	46.118054581393025
-2.853566958698373	44.87059522805648
-2.843554443053817	43.356309233790775
-2.8335419274092617	41.84691236019155
-2.8235294117647056	40.326273392464344
-2.8135168961201504	38.745906942411494
-2.8035043804755944	37.223488579309986
-2.7934918648310383	35.867507426653276
-2.783479349186483	34.886467428074695
-2.773466833541927	34.11940492879594
-2.763454317897372	33.266843689975516
-2.7534418022528158	32.42686360799953
-2.7434292866082606	31.25330319516858
-2.7334167709637045	30.27998113929832
-2.7234042553191484	29.739455577377235
-2.7133917396745932	29.514501653210285
-2.703379224030037	29.691446083191742
-2.693366708385482	30.136011040459607
-2.683354192740926	30.62494048332564
-2.6733416770963707	31.06734355831422
-2.6633291614518146	31.662993213240416
-2.6533166458072586	32.260808628930604
-2.6433041301627034	33.011897319185906
-2.6332916145181473	34.01670911360807
-2.623279098873592	34.96518378409992
-2.613266583229036	35.83248943079746
-2.603254067584481	36.551268666000546
-2.593241551939925	37.15887230476648
-2.5832290362953687	37.70450213601447
-2.5732165206508135	38.13144278913139
-2.5632040050062574	38.52320951939014
-2.5531914893617023	38.85739475428105
-2.543178973717146	39.11283597764427
-2.533166458072591	39.26289679931063
-2.523153942428035	39.2682660354569
-2.513141426783479	39.14574169675141
-2.5031289111389237	38.79306630471732
-2.4931163954943676	38.14849378274362
-2.4831038798498124	37.20249718926243
-2.4730913642052563	36.028337683846914
-2.463078848560701	34.742323421217286
-2.453066332916145	33.37965948543974
-2.443053817271589	31.93340807757853
-2.433041301627034	30.416172695276764
-2.4230287859824777	28.840524852997266
-2.4130162703379225	27.36645445146996
-2.4030037546933665	26.119055687953686
-2.3929912390488113	24.964355452171887
-2.382978723404255	23.80710762921401
-2.372966207759699	22.726993321439625
-2.362953692115144	21.785720731247675
-2.352941176470588	20.963974226835095
-2.3429286608260327	20.23200091842261
-2.3329161451814766	19.491420768105026
-2.3229036295369214	18.705803730470212
-2.3128911138923653	17.94525957028009
-2.3028785982478093	17.368931935516546
-2.292866082603254	17.02903280822327
-2.282853566958698	16.807143441269837
-2.272841051314143	16.656672502162344
-2.2628285356695867	16.551162615248277
-2.2528160200250316	16.4502756770575
-2.2428035043804755	16.357764505955245
-2.2327909887359194	16.310966662297307
-2.2227784730913642	16.281340731332044
-2.212765957446808	16.252836715345396
-2.202753441802253	16.243576819818898
-2.192740926157697	16.237789075096718
-2.1827284105131417	16.23321905960473
-2.1727158948685856	16.229469069247717
-2.1627033792240296	16.2263391045896
-2.1526908635794744	16.223700752024058
-2.1426783479349183	16.22146376492432
-2.132665832290363	16.21956078550106
-2.122653316645807	16.217939362008735
-2.112640801001252	16.216557435309674
-2.1026282853566958	16.21538059471484
-2.0926157697121397	16.214380290058187
-2.0826032540675845	16.21353259284311
-2.0725907384230284	16.21281729358337
-2.0625782227784732	16.212217218513004
-2.052565707133917	16.211717697871467
-2.042553191489362	16.211306143962876
-2.032540675844806	16.210971711619294
-2.02252816020025	16.21070502215746
-2.0125156445556946	16.210497937174903
-2.0025031289111386	16.210343371990092
-1.9924906132665834	16.21023514092555
-1.9824780976220273	16.210167828359786
-1.9724655819774712	16.210136680760083
-1.962453066332916	16.210137515887336
-1.95244055068836	16.210166646121742
-1.9424280350438048	16.21022081345206
-1.9324155193992487	16.21029713413966
-1.9224030037546935	16.210393051440395
-1.9123904881101375	16.21050629506495
-1.9023779724655814	16.210634846296436
-1.8923654568210262	16.210776907876003
-1.8823529411764701	16.210930877921655
-1.872340425531915	16.211095327272194
-1.8623279098873589	16.211268979749164
-1.8523153942428037	16.21145069491424
-1.8423028785982476	16.211639452967233
-1.8322903629536915	16.211834341486725
-1.8222778473091363	16.21203454291281
-1.8122653316645803	16.182942710796656
-1.802252816020025	16.169703023193854
-1.792240300375469	16.169915076033984
-1.7822277847309138	16.170129944266677
-1.7722152690863577	16.170347156889814
-1.7622027534418017	16.161134512028056
-1.7521902377972465	16.1646844839752
-1.7421777221526904	16.172792869906136
-1.7321652065081352	16.140524780919023
-1.7221526908635791	16.131301445724862
-1.712140175219024	16.13525545791909
-1.7021276595744679	16.31238078116072
-1.6921151439299118	16.396557732340373
-1.6821026282853566	16.283008173074002
-1.6720901126408005	16.569066667613942
-1.6620775969962454	16.87704557415209
-1.6520650813516893	17.351021014069584
-1.642052565707134	17.83894683101205
-1.632040050062578	18.38273642965894
-1.622027534418022	19.26742419309953
-1.6120150187734668	19.712281369053716
-1.6020025031289107	19.996181227944547
-1.5919899874843555	20.145695140132055
-1.5819774718397994	20.315639960976835
-1.5719649561952442	20.424680777387163
-1.5619524405506882	20.436442293057446
-1.551939924906132	20.436483834708056
-1.541927409261577	20.436531079328915
-1.5319148936170208	20.43665022499064
-1.5219023779724656	20.590052380337735
-1.5118898623279096	20.590127852117686
-1.5018773466833544	20.59020930625653
-1.4918648310387983	20.59029988705169
-1.4818523153942422	20.590400346054547
-1.471839799749687	20.590511490943392
-1.461827284105131	20.590634189567794
-1.4518147684605758	20.590769374285202
-1.4418022528160197	20.590918046615393
-1.4317897371714645	20.591081282241518
-1.4217772215269084	20.591260236389985
-1.4117647058823524	20.591456149625202
-1.4017521902377972	20.591670354097914
-1.391739674593241	20.59190428028684
-1.381727158948686	20.592159464270228
-1.3717146433041298	20.59243755555401
-1.3617021276595747	20.592740325458642
-1.3516896120150186	20.593069676021564
-1.3416770963704625	20.593427649286593
-1.3316645807259073	20.593816436705566
-1.3216520650813512	20.59423838813034
-1.311639549436796	20.59469601946646
-1.30162703379224	20.595192017403477
-1.2916145181476848	20.59572923859593
-1.2816020025031287	20.5963106990457
-1.2715894868585726	20.59693954695743
-1.2615769712140175	20.59761900864798
-1.2515644555694614	20.598352291799994
-1.2415519399249062	20.599142423208242
-1.2315394242803501	20.599991989588993
-1.221526908635795	20.600902742413982
-1.2115143929912389	20.601875028749483
-1.2015018773466828	20.60290704029706
-1.1914893617021276	20.603993983136625
-1.1814768460575715	20.605127580458536
-1.1714643304130163	20.606297096622747
-1.1614518147684603	20.60749487316145
-1.151439299123905	20.60873325595807
-1.141426783479349	20.610087396400896
-1.131414267834793	20.611791110936846
-1.1214017521902377	20.614431286480716
-1.1113892365456817	20.6193961165903
-1.1013767209011265	20.6314202737212
-1.0913642052565704	20.654447551620024
-1.0813516896120152	20.696475324687846
-1.0713391739674591	20.79625054409427
-1.061326658322903	20.910579931443092
-1.0513141426783479	21.040603102849545
-1.0413016270337918	21.222359072482686
-1.0312891113892366	21.499065869453855
-1.0212765957446805	21.86604505967324
-1.0112640801001254	22.299646583944615
-1.0012515644555693	22.879550697532835
-0.9912390488110132	23.631268649963985
-0.981226533166458	24.439231383821877
-0.971214017521902	25.164652722142407
-0.9612015018773468	25.855046088440712
-0.9511889862327907	26.550203972422835
-0.9411764705882355	27.248102734221007
-0.9311639549436794	27.932349484338246
-0.9211514392991234	28.602308309671763
-0.9111389236545682	29.433241230693206
-0.9011264080100121	30.419640193663188
-0.8911138923654569	31.348792504966852
-0.8811013767209008	32.13444311452261
-0.8710888610763456	32.77805895491532
-0.8610763454317896	33.270056262922644
-0.8510638297872335	33.56927271286617
-0.8410513141426783	33.7274551420364
-0.8310387984981222	33.85501242979456
-0.821026282853567	33.982941541037285
-0.811013767209011	34.06554240802972
-0.8010012515644558	34.03582107497069
-0.7909887359198997	33.843497568609976
-0.7809762202753436	33.5260807694746
-0.7709637046307884	33.15037815584737
-0.7609511889862324	32.731397499665995
-0.7509386733416772	32.29901961869658
-0.7409261576971211	31.717673389369434
-0.7309136420525659	30.861382166860494
-0.7209011264080099	29.737341155303714
-0.7108886107634538	28.487037380854126
-0.7008760951188986	27.25749368027107
-0.6908635794743425	26.154150319424783
-0.6808510638297873	25.106764282409383
-0.6708385481852313	23.953842749436777
-0.6608260325406761	22.737372402928802
-0.65081351689612	21.596007853473708
-0.6408010012515639	20.50957581889504
-0.6307884856070087	19.495193251145018
-0.6207759699624527	18.607118952625836
-0.6107634543178975	17.655051525954473
-0.6007509386733414	16.69864035686869
-0.5907384230287862	15.690356580856626
-0.5807259073842301	14.823139062616804
-0.5707133917396741	13.960549885364482
-0.5607008760951189	13.302070497937892
-0.5506883604505628	12.539272649337496
-0.5406758448060076	12.007154789601625
-0.5306633291614515	11.602496195001565
-0.5206508135168963	11.180585467270634
-0.5106382978723403	10.727962252756997
-0.5006257822277842	10.502078692070073
-0.490613266583229	10.498620843038493
-0.48060075093867294	10.527493688227654
-0.47058823529411775	10.527599059299932
-0.4605757196495617	10.719906604864434
-0.4505632040050065	11.027284187478621
-0.4405506883604504	11.254274652363614
-0.43053817271589434	11.531222201341999
-0.42052565707133915	11.914668209649859
-0.4105131414267831	12.336221980906055
-0.4005006257822279	12.725789322455523
-0.3904881101376718	13.092640464470398
-0.38047559449311663	13.45547487244466
-0.37046307884856056	13.884901625021971
-0.3604505632040045	14.394496102530352
-0.3504380475594493	14.894590295228424
-0.3404255319148932	15.332419301497959
-0.33041301627033803	15.680772136568235
-0.32040050062578196	15.931291158835249
-0.3103879849812259	16.10357885461627
-0.3003754693366707	16.219684411953757
-0.2903629536921146	16.299668795439963
-0.28035043804755944	16.377689310162904
-0.27033792240300336	16.50501017168053
-0.2603254067584482	16.70964813796918
-0.2503128911138921	16.95279984574693
-0.24030037546933602	17.160356226085955
-0.23028785982478084	17.305808867371624
-0.22027534418022476	17.420645847246657
-0.21026282853566958	17.527817916059114
-0.2002503128911135	17.638227984747537
-0.19023779724655832	17.754310294438003
-0.18022528160200224	17.869179626491185
-0.17021276595744617	17.980193515149953
-0.16020025031289098	18.081163908423964
-0.1501877346683349	18.16146999635724
-0.14017521902377972	18.230905637485904
-0.13016270337922364	18.300683058153915
-0.12015018773466846	18.35636179264635
-0.11013767209011238	18.39787226083766
-0.10012515644555631	18.445904352651866
-0.09011264080100112	18.530629183509614
-0.08010012515644505	18.682376195012836
-0.07008760951188986	18.90544451845147
-0.060075093867333784	19.18297934819985
-0.0500625782227786	19.474610240427097
-0.04005006257822252	19.729034326472004
-0.030037546933666448	19.941371656500706
-0.02002503128911126	20.149543414842487
-0.010012515644555187	20.373481648301446
0.0	20.62760486707149
