-8.0	35.28031408334201
-7.989987484355444	34.65523264561158
-7.979974968710889	33.890584134683785
-7.969962453066333	33.00266497940678
-7.9599499374217775	32.04171677662929
-7.949937421777221	31.062813734742015
-7.939924906132666	30.13727852411709
-7.92991239048811	29.322066828792593
-7.919899874843554	28.60304785412334
-7.909887359198999	27.927755996326162
-7.899874843554443	27.253422971101767
-7.889862327909888	26.54361834421871
-7.8798498122653315	25.784126592652203
-7.869837296620776	24.963712015362272
-7.85982478097622	24.05530334450357
-7.849812265331664	23.066810991152316
-7.839799749687109	22.047120044164412
-7.829787234042553	21.124473179856928
-7.819774718397998	20.41101599388311
-7.809762202753442	19.843546731543974
-7.7997496871088865	19.3429611492736
-7.78973717146433	18.890940301765077
-7.779724655819774	18.53536335002296
-7.769712140175219	18.33405999837849
-7.759699624530663	18.291076113636677
-7.749687108886108	18.3748799191447
-7.739674593241552	18.53551372373571
-7.729662077596997	18.750356659265528
-7.719649561952441	18.991359889538565
-7.7096370463078845	19.21727374118457
-7.699624530663329	19.458262298459303
-7.689612015018773	19.75862178234527
-7.679599499374218	20.10957786519209
-7.669586983729662	20.480458825841865
-7.659574468085107	20.850969821234045
-7.649561952440551	21.187773050183555
-7.639549436795995	21.444560914636458
-7.629536921151439	21.613289779511497
-7.619524405506883	21.739595283624
-7.609511889862328	21.83090278640022
-7.599499374217772	21.84579140502737
-7.589486858573217	21.74888193374421
-7.579474342928661	21.539777634564146
-7.569461827284105	21.258525128567474
-7.55944931163955	20.96149761950791
-7.5494367959949935	20.69700988798222
-7.539424280350438	20.50395411142298
-7.529411764705882	20.410942483961872
-7.519399249061326	20.419462816395285
-7.509386733416771	20.503247666614985
-7.499374217772215	20.62817920878276
-7.48936170212766	20.765853885768113
-7.479349186483104	20.90269910063151
-7.4693366708385485	21.03575446163565
-7.459324155193992	21.14977124530018
-7.449311639549437	21.22168711374208
-7.439299123904881	21.243290580890974
-7.429286608260325	21.22144055218566
-7.41927409261577	21.18259658392901
-7.409261576971214	21.170200454984293
-7.399249061326659	21.22315837739289
-7.3892365456821025	21.358265344477367
-7.3792240300375465	21.557779920225723
-7.369211514392991	21.780168577007906
-7.359198998748435	21.98833421492335
-7.34918648310388	22.155749714244475
-7.339173967459324	22.267308255795093
-7.329161451814769	22.34223341232051
-7.319148936170213	22.41918637831021
-7.3091364205256575	22.507272451173094
-7.299123904881101	22.593007956319266
-7.289111389236545	22.680031811076525
-7.27909887359199	22.78835643771876
-7.269086357947434	22.926134530591636
-7.259073842302879	23.090615803932625
-7.249061326658323	23.266863078885624
-7.239048811013767	23.433169086217504
-7.2290362953692116	23.581163268590362
-7.2190237797246555	23.711845977386727
-7.2090112640801	23.833774466619715
-7.198998748435544	23.96113188669235
-7.188986232790989	24.095730359206105
-7.178973717146433	24.2234643755175
-7.168961201501878	24.335050526986326
-7.158948685857322	24.43862692941414
-7.148936170212766	24.56542699426394
-7.13892365456821	24.75499533961262
-7.128911138923654	25.01283903127617
-7.118898623279099	25.31099754250016
-7.108886107634543	25.608270360909017
-7.098873591989987	25.860961470381817
-7.088861076345432	26.058593510628512
-7.078848560700876	26.22864798086624
-7.068836045056321	26.384925193220383
-7.0588235294117645	26.53918543884847
-7.048811013767209	26.730810268245616
-7.038798498122653	27.00133031652297
-7.028785982478098	27.36263232282079
-7.018773466833542	27.79449850738847
-7.008760951188986	28.242604147100252
-6.998748435544431	28.647294309861795
-6.988735919899875	28.989931619852815
-6.9787234042553195	29.307686027455038
-6.968710888610763	29.64572044438571
-6.958698372966207	30.009690910470763
-6.948685857321652	30.377190152849085
-6.938673341677096	30.766879137301846
-6.928660826032541	31.23386775301141
-6.918648310387985	31.786803210386882
-6.908635794743429	32.38065928783093
-6.8986232790988735	32.90124276344285
-6.888610763454318	33.266445164643265
-6.878598247809762	33.54897151978668
-6.868585732165206	33.81800226424237
-6.858573216520651	34.04223792764219
-6.848560700876095	34.16181931014642
-6.83854818523154	34.19892697337596
-6.828535669586984	34.281311775973364
-6.818523153942428	34.47275230333962
-6.808510638297872	34.64399965164472
-6.798498122653316	34.663366136601255
-6.788485607008761	34.55990575616084
-6.778473091364205	34.390928669411345
-6.768460575719649	34.13595669832296
-6.758448060075094	33.74825295331496
-6.748435544430539	33.127496929624634
-6.7384230287859825	32.55915858382752
-6.7284105131414265	32.0823429823233
-6.718397997496871	31.595672321110307
-6.708385481852315	31.057107825826634
-6.69837296620776	30.468603942571143
-6.688360450563204	29.950323761742027
-6.678347934918648	29.466969041111586
-6.668335419274093	29.0499767659649
-6.658322903629537	28.681774214784525
-6.648310387984981	28.174124558582747
-6.638297872340425	27.458400586811482
-6.628285356695869	26.729837865768545
-6.618272841051314	26.10562132199484
-6.608260325406759	25.588244399148707
-6.598247809762203	25.084144528249084
-6.588235294117647	24.62977720211043
-6.578222778473092	24.228641370424757
-6.5682102628285355	23.901337662149757
-6.55819774718398	23.641483065294683
-6.548185231539424	23.479397851653356
-6.538172715894868	23.200043890898055
-6.528160200250313	23.01442146936917
-6.518147684605757	22.862754499691437
-6.508135168961202	22.769468794726215
-6.498122653316646	22.70700517444109
-6.4881101376720896	22.658342921243754
-6.478097622027534	22.62927184399298
-6.468085106382979	22.609400754096068
-6.458072590738423	22.568097296181204
-6.448060075093867	22.55161907439404
-6.438047559449312	22.55044940584677
-6.428035043804756	22.55096140171586
-6.418022528160201	22.502499159983692
-6.4080100125156445	22.451462339416995
-6.397997496871088	22.44343699791422
-6.387984981226533	22.41764804170696
-6.377972465581977	22.417957165787044
-6.367959949937422	22.323400680397086
-6.357947434292866	22.270019114656034
-6.34793491864831	22.179510342569465
-6.337922403003755	22.077613711201025
-6.3279098873591995	22.023610625060385
-6.317897371714643	21.81036653894605
-6.307884856070087	21.660757920348342
-6.297872340425532	21.514912813290103
-6.287859824780976	21.308576927463626
-6.277847309136421	21.057059288679902
-6.267834793491865	20.95288430114239
-6.257822277847309	20.77547527061817
-6.2478097622027535	20.577826136112712
-6.2377972465581975	20.345968653509264
-6.227784730913642	20.28296007609506
-6.217772215269086	20.35447600397758
-6.20775969962453	20.400763977030728
-6.197747183979975	20.2891849575161
-6.18773466833542	20.11492633249295
-6.177722152690864	20.017283232782358
-6.167709637046308	20.429437683283297
-6.157697121401752	20.59351353756606
-6.147684605757196	20.706940746455572
-6.137672090112641	20.80872818791182
-6.127659574468085	20.85173439510691
-6.117647058823529	20.92672185346032
-6.107634543178974	20.93449411136478
-6.097622027534418	20.94048429459348
-6.0876095118898625	20.94268167257259
-6.0775969962453065	20.944012638217217
-6.06758448060075	20.964223475667186
-6.057571964956195	20.97070448212305
-6.04755944931164	20.98409603633367
-6.037546933667084	21.016970324169726
-6.027534418022528	21.061910019433626
-6.017521902377973	21.10870542123432
-6.007509386733417	21.146949526418805
-5.997496871088861	21.17750156135525
-5.987484355444305	21.20542690037954
-5.977471839799749	21.261258079017445
-5.967459324155194	21.295197505550618
-5.957446808510639	21.35501521653364
-5.947434292866083	21.541351031892177
-5.937421777221527	21.666049543605915
-5.927409261576971	21.803393151176145
-5.9173967459324155	21.992467178937655
-5.90738423028786	22.2665105723307
-5.897371714643304	22.519042649786204
-5.887359198998748	22.699733682006165
-5.877346683354192	23.14336755929412
-5.867334167709637	23.63601085989072
-5.857321652065082	24.30315488216438
-5.847309136420526	24.839471425735017
-5.83729662077597	25.411979225766927
-5.827284105131414	25.82606387935515
-5.817271589486858	26.141862447801827
-5.807259073842303	26.58423348477996
-5.797246558197747	27.092975178617394
-5.787234042553191	27.596359990887695
-5.777221526908636	27.89583872430457
-5.767209011264081	28.188257168064695
-5.7571964956195245	28.542913389151042
-5.747183979974968	28.949904595111057
-5.737171464330412	29.358155213923443
-5.727158948685857	29.68498472841722
-5.717146433041302	29.886273114749866
-5.707133917396746	29.99604279019615
-5.69712140175219	30.109622989057485
-5.687108886107635	30.168394268281617
-5.677096370463079	30.212949699074844
-5.667083854818523	30.250924328505423
-5.657071339173967	30.369661824194395
-5.647058823529411	30.50233252509837
-5.637046307884856	30.610201182507204
-5.627033792240301	30.720979029838876
-5.617021276595745	30.63171736514582
-5.607008760951189	30.489293833331626
-5.596996245306633	30.331673602633348
-5.5869837296620775	30.031312648724917
-5.576971214017522	29.682316225888542
-5.566958698372966	29.268872307183177
-5.55694618272841	28.81313044087045
-5.546933667083855	28.32049679740714
-5.536921151439299	27.756859874614033
-5.526908635794744	27.035143626148013
-5.516896120150188	26.237454135435797
-5.5068836045056315	25.521574407662243
-5.496871088861076	24.910120788928353
-5.486858573216521	24.386117925342596
-5.476846057571965	23.967297487297355
-5.466833541927409	23.58586652813406
-5.456821026282853	23.160556389206707
-5.446808510638298	22.636540957998395
-5.4367959949937426	22.180949104260485
-5.4267834793491865	21.874461402827343
-5.41677096370463	21.596381610092685
-5.406758448060075	21.286222944393877
-5.396745932415519	20.867649815548397
-5.386733416770964	20.450920049629026
-5.376720901126408	20.080776375911924
-5.366708385481852	19.73430864288245
-5.356695869837297	19.370821775497575
-5.346683354192741	18.956076669971413
-5.336670838548185	18.495077990936995
-5.326658322903629	18.014840151531825
-5.316645807259073	17.619549956550046
-5.306633291614518	17.39133313432015
-5.296620775969963	17.299582117273868
-5.286608260325407	17.229819104903218
-5.276595744680851	17.085514785269236
-5.2665832290362955	16.99288073435384
-5.256570713391739	16.682338272260893
-5.246558197747184	16.462315119471683
-5.236545682102628	16.407932577547722
-5.226533166458072	16.3831346185952
-5.216520650813517	16.375177059340455
-5.206508135168962	16.366695983658357
-5.196495619524406	16.359782106275773
-5.18648310387985	16.35390424745892
-5.1764705882352935	16.301857092382388
-5.166458072590738	16.290681681416395
-5.156445556946183	16.288610901027948
-5.146433041301627	16.286923725476168
-5.136420525657071	16.28548053977704
-5.126408010012516	16.28421710535866
-5.11639549436796	16.283093455417696
-5.1063829787234045	16.282083859004633
-5.0963704630788484	16.281171061615897
-5.086357947434292	16.280342906511915
-5.076345431789737	16.279590339357355
-5.066332916145182	16.278906225545228
-5.056320400500626	16.27828464826293
-5.04630788485607	16.27772049203128
-5.036295369211514	16.27720919596736
-5.026282853566959	16.276746607809176
-5.016270337922403	16.27632889749253
-5.006257822277847	16.27595250562768
-4.996245306633291	16.27561411214611
-4.986232790988735	16.275310616354
-4.97622027534418	16.275039123221802
-4.966207759699625	16.274796932905204
-4.956195244055069	16.274581531793686
-4.946182728410513	16.274390584161324
-4.9361702127659575	16.274221923953874
-4.926157697121402	16.274073546513165
-4.916145181476846	16.27394360018864
-4.90613266583229	16.27383037786515
-4.896120150187734	16.273732308472663
-4.886107634543179	16.273647948556295
-4.876095118898624	16.273575973983636
-4.866082603254068	16.273515171858605
-4.8560700876095115	16.27346443269903
-4.8460575719649555	16.27342274292359
-4.8360450563204	16.273389177681366
-4.826032540675845	16.273362894046855
-4.816020025031289	16.273343124593715
-4.806007509386733	16.273329171353012
-4.795994993742178	16.27332040015461
-4.785982478097623	16.273316235346154
-4.7759699624530665	16.273316154879016
-4.76595744680851	16.273319685748532
-4.755944931163954	16.273326399773104
-4.745932415519399	16.273335909695422
-4.735919899874844	16.27334786558828
-4.725907384230288	16.27336195154697
-4.715894868585732	16.273377882650045
-4.705882352941176	16.273307233270423
-4.6958698372966206	16.158308853203266
-4.685857321652065	15.978317472648671
-4.675844806007509	15.962533474706229
-4.665832290362953	15.959584371072362
-4.655819774718398	15.904722942868046
-4.645807259073843	15.720964532407192
-4.635794743429287	15.598514045205011
-4.625782227784731	15.443172413829346
-4.615769712140175	15.497083671962734
-4.605757196495619	15.110824993683158
-4.595744680851064	14.702041579716624
-4.585732165206508	14.578117492594663
-4.575719649561952	14.575418021923486
-4.565707133917396	14.485396138933604
-4.555694618272841	14.309190648050702
-4.545682102628286	14.137578206171984
-4.53566958698373	14.412664028611498
-4.5256570713391735	14.2961898470987
-4.515644555694618	14.198752329196218
-4.505632040050063	14.07852498415103
-4.495619524405507	14.175940141318007
-4.485607008760951	13.973449630512109
-4.475594493116395	13.646666510572548
-4.46558197747184	13.789447355417526
-4.4555694618272845	13.84098292994915
-4.4455569461827285	13.998125611302104
-4.435544430538172	14.130738537346234
-4.425531914893616	14.24491553221264
-4.415519399249061	14.351219441320914
-4.405506883604506	14.35408495311943
-4.39549436795995	14.445435536783659
-4.385481852315394	14.447461276687836
-4.375469336670839	14.60086587286043
-4.365456821026283	14.601069218155148
-4.355444305381727	14.601098361268667
-4.345431789737171	14.601128060269549
-4.335419274092615	14.666594939546055
-4.32540675844806	14.667071011195825
-4.315394242803505	14.667102167709452
-4.305381727158949	14.667133727383584
-4.295369211514393	14.667165634990054
-4.285356695869837	14.667197826109126
-4.275344180225281	14.667230226048778
-4.265331664580726	14.667262748651162
-4.25531914893617	14.667295294976922
-4.245306633291614	14.667327751857108
-4.235294117647059	14.667359990302412
-4.225281602002504	14.66739186375966
-4.215269086357948	14.667423206205422
-4.2052565707133915	14.667453830068327
-4.1952440550688355	14.667483523972432
-4.18523153942428	14.667512050297566
-4.175219023779725	14.66753914255631
-4.165206508135169	14.667564502594006
-4.155193992490613	14.667587797627577
-4.145181476846057	14.667608657153414
-4.135168961201502	14.667626669775084
-4.1251564455569465	14.66764138003168
-4.11514392991239	14.66765228535265
-4.105131414267834	14.66765883332908
-4.095118898623279	14.667660419586888
-4.085106382978723	14.667656386687515
-4.075093867334168	14.667646024688015
-4.065081351689612	14.667628574298986
-4.055068836045056	14.66760323403356
-4.045056320400501	14.667569173421526
-4.035043804755945	14.667525555383712
-4.025031289111389	14.667471572407825
-4.015018773466833	14.667406503524735
-4.005006257822277	14.667329802725563
-3.994993742177722	14.667241235173424
-3.9849812265331668	14.667141086734691
-3.9749687108886107	14.66703048782495
-3.9649561952440546	14.666911930718829
-3.9549436795994994	14.666790542252414
-3.9449311639549434	14.66669237675125
-3.934918648310388	14.667270971489474
-3.924906132665832	14.686641871962783
-3.914893617021277	14.75713665311565
-3.904881101376721	14.76712897083196
-3.8948685857321648	14.767924186642892
-3.8848560700876096	14.769201648222335
-3.8748435544430535	14.778840120031553
-3.8648310387984983	14.84604509980976
-3.8548185231539422	14.91715674295155
-3.844806007509387	14.98090267917227
-3.834793491864831	15.010792768963807
-3.824780976220275	15.050456496501027
-3.8147684605757197	15.082820087891129
-3.8047559449311636	15.139230344338023
-3.7947434292866085	15.180428034998664
-3.7847309136420524	15.249401596770246
-3.774718397997497	15.426675398807664
-3.764705882352941	15.567129778317854
-3.754693366708385	15.7378454358177
-3.74468085106383	15.945123558987175
-3.734668335419274	16.28661025668553
-3.7246558197747186	16.552020262061745
-3.7146433041301625	16.729490415644637
-3.7046307884856065	17.02280882471864
-3.6946182728410513	17.407003589230452
-3.684605757196495	17.845019696172045
-3.67459324155194	18.249385234572866
-3.664580725907384	18.580108015511993
-3.6545682102628287	18.888930089586733
-3.6445556946182727	19.197403946615605
-3.6345431789737166	19.642012326358483
-3.6245306633291614	20.143660037653003
-3.6145181476846053	20.688996425539518
-3.60450563204005	21.21514286315125
-3.594493116395494	21.635178101973235
-3.584480600750939	22.053969246716523
-3.574468085106383	22.53977794530369
-3.5644555694618267	23.043127264065394
-3.5544430538172715	23.448737731175445
-3.5444305381727155	23.767822546735957
-3.5344180225281603	24.03089055457004
-3.524405506883604	24.29963665647043
-3.514392991239049	24.575882835562528
-3.504380475594493	24.818135445797914
-3.494367959949937	24.98144296267165
-3.4843554443053817	25.05452606364354
-3.4743429286608256	25.06906141014535
-3.4643304130162704	24.96825849152962
-3.4543178973717144	24.668125971774845
-3.444305381727159	24.231853443684056
-3.434292866082603	23.758446856449588
-3.424280350438047	23.17284605376172
-3.414267834793492	22.58710053450958
-3.4042553191489358	21.964572808112106
-3.3942428035043806	21.315154135710415
-3.3842302878598245	20.718805935797004
-3.3742177722152693	20.22989465638577
-3.3642052565707132	19.74805943028574
-3.354192740926157	19.309723085634204
-3.344180225281602	18.97605954785391
-3.334167709637046	18.662445087384555
-3.3241551939924907	18.394055164426476
-3.3141426783479346	18.12924411404436
-3.3041301627033794	17.838077807165014
-3.2941176470588234	17.448482492726644
-3.2841051314142673	17.129787331777518
-3.274092615769712	16.88637816857826
-3.264080100125156	16.63663378401779
-3.254067584480601	16.44016387522942
-3.2440550688360448	16.24282755848636
-3.2340425531914896	16.09367469520993
-3.2240300375469335	15.99503205216086
-3.2140175219023774	15.934431695366849
-3.2040050062578223	15.877145361540457
-3.193992490613266	15.808210894730738
-3.183979974968711	15.792361345840805
-3.173967459324155	15.775510610590008
-3.1639549436795997	15.654771031972157
-3.1539424280350437	15.638088763994714
-3.1439299123904876	15.639751000023473
-3.1339173967459324	15.639334873415011
-3.1239048811013763	15.64165637864855
-3.113892365456821	15.668661265533121
-3.103879849812265	15.673951168222345
-3.09386733416771	15.67937999300993
-3.083854818523154	15.680529988451212
-3.0738423028785977	15.679920113384822
-3.0638297872340425	15.679372302303449
-3.0538172715894865	15.678876308732056
-3.0438047559449313	15.674254728136962
-3.033792240300375	15.660772661509464
-3.02377972465582	15.620699557706935
-3.013767209011264	15.64715126072128
-3.003754693366708	15.623075936130014
-2.9937421777221527	15.560323298393875
-2.9837296620775966	15.520311330776078
-2.9737171464330414	15.443847968179199
-2.9637046307884853	15.25488643338729
-2.95369211514393	15.265099249381263
-2.943679599499374	15.210077063093033
-2.933667083854818	14.844776687312173
-2.923654568210263	14.864712751129643
-2.9136420525657067	14.785228810428517
-2.9036295369211516	14.76297974354987
-2.8936170212765955	14.699038421574834
-2.8836045056320403	14.460953192181229
-2.873591989987484	14.416684932001235
-2.863579474342928	14.357205302476054
-2.853566958698373	14.25893308450033
-2.843554443053817	14.154002813185237
-2.8335419274092617	14.19832726421547
-2.8235294117647056	14.058494204329612
-2.8135168961201504	13.913916144507008
-2.8035043804755944	13.955084747638237
-2.7934918648310383	14.070569768932792
-2.783479349186483	14.19403624261745
-2.773466833541927	14.293514055235049
-2.763454317897372	14.394590371416532
-2.7534418022528158	14.398838322365641
-2.7434292866082606	14.382768190525848
-2.7334167709637045	14.362114380932578
-2.7234042553191484	14.341856821075528
-2.7133917396745932	14.341190566466642
-2.703379224030037	14.347741704162473
-2.693366708385482	14.349156381296961
-2.683354192740926	14.348648395818236
-2.6733416770963707	14.348226648816835
-2.6633291614518146	14.347912090528869
-2.6533166458072586	14.347713999664338
-2.6433041301627034	14.347594499472018
-2.6332916145181473	14.347375395160286
-2.623279098873592	14.346505891610738
-2.613266583229036	14.341911077274066
-2.603254067584481	14.350873108541135
-2.593241551939925	14.372171466493851
-2.5832290362953687	14.382768569640964
-2.5732165206508135	14.395177302527786
-2.5632040050062574	14.3927184931574
-2.5531914893617023	14.391086249942767
-2.543178973717146	14.411177627859097
-2.533166458072591	14.454102612649415
-2.523153942428035	14.511249320618868
-2.513141426783479	14.592334793178699
-2.5031289111389237	14.69157714422724
-2.4931163954943676	14.74038711909808
-2.4831038798498124	14.833798074216393
-2.4730913642052563	14.998484735768573
-2.463078848560701	15.116838859011102
-2.453066332916145	15.207896668185581
-2.443053817271589	15.261937539257925
-2.433041301627034	15.343943113574298
-2.4230287859824777	15.437141541806316
-2.4130162703379225	15.529435682184594
-2.4030037546933665	15.659266810000851
-2.3929912390488113	15.802117240220781
-2.382978723404255	15.966421514603187
-2.372966207759699	16.100850270456466
-2.362953692115144	16.2082194714215
-2.352941176470588	16.334558327365027
-2.3429286608260327	16.461656813004822
-2.3329161451814766	16.603000938405074
-2.3229036295369214	16.714821921485033
-2.3128911138923653	16.72039730525144
-2.3028785982478093	16.66863707389847
-2.292866082603254	16.624235302322038
-2.282853566958698	16.600601805550873
-2.272841051314143	16.580565509816786
-2.2628285356695867	16.5719317769247
-2.2528160200250316	16.54243447449849
-2.2428035043804755	16.505631290093817
-2.2327909887359194	16.42631075875885
-2.2227784730913642	16.311120598928017
-2.212765957446808	16.210163556581787
-2.202753441802253	16.136955783204083
-2.192740926157697	16.05299213616742
-2.1827284105131417	15.952160322919903
-2.1727158948685856	15.855173207085322
-2.1627033792240296	15.76034527551934
-2.1526908635794744	15.686483203927885
-2.1426783479349183	15.597163314470913
-2.132665832290363	15.519337501654583
-2.122653316645807	15.39833015416376
-2.112640801001252	15.227141155354284
-2.1026282853566958	15.026455141083737
-2.0926157697121397	14.834327795155865
-2.0826032540675845	14.586887451367586
-2.0725907384230284	14.412902004908483
-2.0625782227784732	14.288103299683414
-2.052565707133917	14.21098083409915
-2.042553191489362	14.225307212842923
-2.032540675844806	14.225962263663419
-2.02252816020025	14.141267073920716
-2.0125156445556946	14.055905739844091
-2.0025031289111386	13.999013883009617
-1.9924906132665834	13.913585120710225
-1.9824780976220273	13.921651944775443
-1.9724655819774712	13.986131360547907
-1.962453066332916	14.16371400396242
-1.95244055068836	14.364753560040105
-1.9424280350438048	14.583060125691198
-1.9324155193992487	14.69637932281716
-1.9224030037546935	14.760264757203354
-1.9123904881101375	14.856901960053596
-1.9023779724655814	15.046224910656347
-1.8923654568210262	15.28006613317083
-1.8823529411764701	15.583076259597588
-1.872340425531915	15.82774402892883
-1.8623279098873589	16.072311604639903
-1.8523153942428037	16.37587358654442
-1.8423028785982476	16.744142308942074
-1.8322903629536915	17.15999670121461
-1.8222778473091363	17.6111805678402
-1.8122653316645803	18.11478945342428
-1.802252816020025	18.6946524791076
-1.792240300375469	19.271435234691577
-1.7822277847309138	19.80353968190143
-1.7722152690863577	20.28077509049901
-1.7622027534418017	20.715671531805988
-1.7521902377972465	21.185539641095716
-1.7421777221526904	21.76197654927073
-1.7321652065081352	22.399754578858477
-1.7221526908635791	22.946395984375155
-1.712140175219024	23.39589558108727
-1.7021276595744679	23.787870282368743
-1.6921151439299118	24.139308391668894
-1.6821026282853566	24.490891828031263
-1.6720901126408005	24.8716245272424
-1.6620775969962454	25.297429104306218
-1.6520650813516893	25.769230279232158
-1.642052565707134	26.280239815356346
-1.632040050062578	26.846161858258565
-1.622027534418022	27.41365121633398
-1.6120150187734668	27.91201966170797
-1.6020025031289107	28.35035570439932
-1.5919899874843555	28.641435291683294
-1.5819774718397994	28.794913571079555
-1.5719649561952442	28.836105515149555
-1.5619524405506882	28.866191591915534
-1.551939924906132	29.02709862258989
-1.541927409261577	29.318404349966606
-1.5319148936170208	29.714013245458343
-1.5219023779724656	30.152972072015373
-1.5118898623279096	30.66975928609091
-1.5018773466833544	31.161675313702304
-1.4918648310387983	31.523480663386916
-1.4818523153942422	31.840399890366378
-1.471839799749687	32.21872060185245
-1.461827284105131	32.69576708731389
-1.4518147684605758	33.27261702195669
-1.4418022528160197	33.88842712151432
-1.4317897371714645	34.508951725575315
-1.4217772215269084	35.12035427592289
-1.4117647058823524	35.62535385395512
-1.4017521902377972	36.03001518575324
-1.391739674593241	36.29047181552877
-1.381727158948686	36.337202306889445
-1.3717146433041298	36.15278441794778
-1.3617021276595747	35.80305369581139
-1.3516896120150186	35.442861052395195
-1.3416770963704625	35.166061258016775
-1.3316645807259073	35.023753828044896
-1.3216520650813512	34.99542004966325
-1.311639549436796	35.00440802200849
-1.30162703379224	34.94650279768818
-1.2916145181476848	34.84725331346302
-1.2816020025031287	34.84304581447532
-1.2715894868585726	34.9404283085546
-1.2615769712140175	35.01617211423427
-1.2515644555694614	34.962405970814416
-1.2415519399249062	34.74315614050436
-1.2315394242803501	34.38722615184566
-1.221526908635795	33.92854002451397
-1.2115143929912389	33.39730045513039
-1.2015018773466828	32.80896902730074
-1.1914893617021276	32.28212471884355
-1.1814768460575715	31.926865312888527
-1.1714643304130163	31.665413550087088
-1.1614518147684603	31.37136231288056
-1.151439299123905	31.042531310806492
-1.141426783479349	30.638187891267222
-1.131414267834793	30.17295465699099
-1.1214017521902377	29.638700411783756
-1.1113892365456817	28.980351729110257
-1.1013767209011265	28.32975857824706
-1.0913642052565704	27.750452792406815
-1.0813516896120152	27.21058679423758
-1.0713391739674591	26.654658588062233
-1.061326658322903	26.058906499512823
-1.0513141426783479	25.41837909360735
-1.0413016270337918	24.75323252545753
-1.0312891113892366	24.005536312618926
-1.0212765957446805	23.206624390753944
-1.0112640801001254	22.431344877381925
-1.0012515644555693	21.707368237951652
-0.9912390488110132	21.006133407688825
-0.981226533166458	20.356232936320797
-0.971214017521902	19.82391650364991
-0.9612015018773468	19.372168327690876
-0.9511889862327907	18.906719156430054
-0.9411764705882355	18.43510242825829
-0.9311639549436794	17.966439091418668
-0.9211514392991234	17.440899103626023
-0.9111389236545682	16.88346078552109
-0.9011264080100121	16.349625569429932
-0.8911138923654569	15.87127106170543
-0.8811013767209008	15.420896277307339
-0.8710888610763456	15.04321784465999
-0.8610763454317896	14.78803157096622
-0.8510638297872335	14.593895422964788
-0.8410513141426783	14.232000984190805
-0.8310387984981222	13.879466003643383
-0.821026282853567	13.672711844960881
-0.811013767209011	13.51709309022379
-0.8010012515644558	13.39728281884543
-0.7909887359198997	13.274233712136738
-0.7809762202753436	13.184533545354364
-0.7709637046307884	13.127421774712559
-0.7609511889862324	13.0326852189275
-0.7509386733416772	12.910641287090574
-0.7409261576971211	12.782221017305133
-0.7309136420525659	12.67948873416989
-0.7209011264080099	12.553466662045768
-0.7108886107634538	12.48331301369922
-0.7008760951188986	12.28545977851314
-0.6908635794743425	12.18657038396409
-0.6808510638297873	12.234770643966383
-0.6708385481852313	12.159957663804612
-0.6608260325406761	11.849398465518115
-0.65081351689612	11.57628906273314
-0.6408010012515639	11.279864477439814
-0.6307884856070087	11.115474474261635
-0.6207759699624527	10.941335021653176
-0.6107634543178975	10.896011294870734
-0.6007509386733414	10.82241806932979
-0.5907384230287862	10.907938663656951
-0.5807259073842301	10.81978123957433
-0.5707133917396741	10.850711738045847
-0.5607008760951189	11.020366334803684
-0.5506883604505628	11.125374804499241
-0.5406758448060076	11.117825218711635
-0.5306633291614515	11.1162515488498
-0.5206508135168963	11.128370856034438
-0.5106382978723403	11.153165816111155
-0.5006257822277842	11.175740481243976
-0.490613266583229	11.196574077200877
-0.48060075093867294	11.220609204352668
-0.47058823529411775	11.2974895174155
-0.4605757196495617	11.483344160681451
-0.4505632040050065	11.70499401253808
-0.4405506883604504	11.925942671867078
-0.43053817271589434	12.074168416991451
-0.42052565707133915	12.176852869470537
-0.4105131414267831	12.29580898227633
-0.4005006257822279	12.399827891498639
-0.3904881101376718	12.496106868785086
-0.38047559449311663	12.559340702799137
-0.37046307884856056	12.608599596004613
-0.3604505632040045	12.71949510715299
-0.3504380475594493	12.960646370541388
-0.3404255319148932	13.121614176109023
-0.33041301627033803	13.228589129976468
-0.32040050062578196	13.267306144909472
-0.3103879849812259	13.3383035231273
-0.3003754693366707	13.461548126187251
-0.2903629536921146	13.62769410167279
-0.28035043804755944	13.786150126399345
-0.27033792240300336	13.915944876205005
-0.2603254067584482	14.06004704987155
-0.2503128911138921	14.248305002867662
-0.24030037546933602	14.418127603585217
-0.23028785982478084	14.444620884008858
-0.22027534418022476	14.356574451265741
-0.21026282853566958	14.207921316105104
-0.2002503128911135	14.070569580415476
-0.19023779724655832	14.000684110462267
-0.18022528160200224	13.97886201983587
-0.17021276595744617	13.982096307391084
-0.16020025031289098	14.01879543748472
-0.1501877346683349	14.082659833504534
-0.14017521902377972	14.134089762393623
-0.13016270337922364	14.12464397061593
-0.12015018773466846	14.034789571577422
-0.11013767209011238	13.89266307485177
-0.10012515644555631	13.74783810633672
-0.09011264080100112	13.599475903917057
-0.08010012515644505	13.447754322103354
-0.07008760951188986	13.32026336947907
-0.060075093867333784	13.200793001226494
-0.0500625782227786	13.031349310686483
-0.04005006257822252	12.862759062318492
-0.030037546933666448	12.768298616049858
-0.02002503128911126	12.797005518139416
-0.010012515644555187	12.890240009065634
0.0	13.007165969208407
