-8.0	5.723142061917538
-7.989987484355444	5.674784303738504
-7.979974968710889	5.6270200124576695
-7.969962453066333	5.591185034579807
-7.9599499374217775	5.575322653178512
-7.949937421777221	5.58424057346855
-7.939924906132666	5.620338117902757
-7.92991239048811	5.681431404464794
-7.919899874843554	5.757633449208767
-7.909887359198999	5.832894151003201
-7.899874843554443	5.891987027318233
-7.889862327909888	5.926453953965334
-7.8798498122653315	5.933707234341891
-7.869837296620776	5.912031633788989
-7.85982478097622	5.8593857607775135
-7.849812265331664	5.778329222983684
-7.839799749687109	5.679813382954248
-7.829787234042553	5.5779572439465035
-7.819774718397998	5.478738010694263
-7.809762202753442	5.374412262978736
-7.7997496871088865	5.249780865312007
-7.78973717146433	5.092987428558045
-7.779724655819774	4.90046704597095
-7.769712140175219	4.675702861604401
-7.759699624530663	4.428573820792534
-7.749687108886108	4.176950345159393
-7.739674593241552	3.945260808914396
-7.729662077596997	3.7576516706458962
-7.719649561952441	3.6309572472431135
-7.7096370463078845	3.573037436117698
-7.699624530663329	3.5853316407778366
-7.689612015018773	3.6651167456106726
-7.679599499374218	3.8065988898017
-7.669586983729662	4.003333324834665
-7.659574468085107	4.252196915578609
-7.649561952440551	4.5554276748489055
-7.639549436795995	4.91805578647289
-7.629536921151439	5.342384286659656
-7.619524405506883	5.823451119009741
-7.609511889862328	6.347442992943676
-7.599499374217772	6.892700594043417
-7.589486858573217	7.433703931988651
-7.579474342928661	7.94883382673741
-7.569461827284105	8.428419662641545
-7.55944931163955	8.875643471902285
-7.5494367959949935	9.297797189066811
-7.539424280350438	9.695700617784299
-7.529411764705882	10.06161808205704
-7.519399249061326	10.386635716793808
-7.509386733416771	10.668318596621743
-7.499374217772215	10.910389578593591
-7.48936170212766	11.116354692771417
-7.479349186483104	11.285962287867575
-7.4693366708385485	11.41904971471102
-7.459324155193992	11.52146792860351
-7.449311639549437	11.604639745901673
-7.439299123904881	11.677455710362185
-7.429286608260325	11.737816638972841
-7.41927409261577	11.771620925603283
-7.409261576971214	11.759809843325053
-7.399249061326659	11.687462357136306
-7.3892365456821025	11.549042841111675
-7.3792240300375465	11.348898429775117
-7.369211514392991	11.099484461953756
-7.359198998748435	10.818746602032947
-7.34918648310388	10.526188481200803
-7.339173967459324	10.23809636159114
-7.329161451814769	9.96435151774978
-7.319148936170213	9.708401681290725
-7.3091364205256575	9.469127853132491
-7.299123904881101	9.24272258427893
-7.289111389236545	9.024607451512532
-7.27909887359199	8.812085443092721
-7.269086357947434	8.606926574805398
-7.259073842302879	8.41615832206392
-7.249061326658323	8.250029399985065
-7.239048811013767	8.117677474056725
-7.2290362953692116	8.023196794187815
-7.2190237797246555	7.965509264156524
-7.2090112640801	7.94186014715055
-7.198998748435544	7.950146536881516
-7.188986232790989	7.986822981855535
-7.178973717146433	8.043785564699542
-7.168961201501878	8.10973921837225
-7.158948685857322	8.175675898468215
-7.148936170212766	8.238514601923143
-7.13892365456821	8.299098713229434
-7.128911138923654	8.357530943225381
-7.118898623279099	8.41192740906221
-7.108886107634543	8.462437587142507
-7.098873591989987	8.515556694851062
-7.088861076345432	8.582248785434194
-7.078848560700876	8.669082494114948
-7.068836045056321	8.768476962355665
-7.0588235294117645	8.855940509112806
-7.048811013767209	8.897979986542804
-7.038798498122653	8.867301289586084
-7.028785982478098	8.756269322031814
-7.018773466833542	8.579503990775782
-7.008760951188986	8.363532724987246
-6.998748435544431	8.131290149314468
-6.988735919899875	7.893307343507787
-6.9787234042553195	7.65086024904917
-6.968710888610763	7.404870482535169
-6.958698372966207	7.159666365725152
-6.948685857321652	6.917712402974782
-6.938673341677096	6.67236055412759
-6.928660826032541	6.408911474013932
-6.918648310387985	6.11655451702279
-6.908635794743429	5.802435110120341
-6.8986232790988735	5.49469920394672
-6.888610763454318	5.228892885175048
-6.878598247809762	5.026224641793028
-6.868585732165206	4.880214020884887
-6.858573216520651	4.761797305541062
-6.848560700876095	4.637852343528385
-6.83854818523154	4.48872478202462
-6.828535669586984	4.314064526947388
-6.818523153942428	4.127188198934456
-6.808510638297872	3.9455356464612636
-6.798498122653316	3.7837728136116544
-6.788485607008761	3.6504507750336073
-6.778473091364205	3.5460205941837804
-6.768460575719649	3.4621570117873204
-6.758448060075094	3.384941382950069
-6.748435544430539	3.30188595531763
-6.7384230287859825	3.207715969759006
-6.7284105131414265	3.104183097226516
-6.718397997496871	2.995619318289588
-6.708385481852315	2.885855780642422
-6.69837296620776	2.77860014831902
-6.688360450563204	2.6782216334129387
-6.678347934918648	2.5881885363911428
-6.668335419274093	2.5085218415892414
-6.658322903629537	2.43522043763409
-6.648310387984981	2.362072198596921
-6.638297872340425	2.282933133621607
-6.628285356695869	2.1935272694753674
-6.618272841051314	2.0934158305098114
-6.608260325406759	1.9875278780847485
-6.598247809762203	1.884705309668467
-6.588235294117647	1.7924712522457187
-6.578222778473092	1.7113365633252762
-6.5682102628285355	1.6329722579227823
-6.55819774718398	1.5434414103557885
-6.548185231539424	1.4295376872522119
-6.538172715894868	1.2854007956325928
-6.528160200250313	1.1163779330530899
-6.518147684605757	0.9372888352524195
-6.508135168961202	0.7651598094481542
-6.498122653316646	0.611285333469237
-6.4881101376720896	0.4785847918467735
-6.478097622027534	0.3651556952006537
-6.468085106382979	0.2692118511838892
-6.458072590738423	0.1907103973337636
-6.448060075093867	0.12973151070556269
-6.438047559449312	0.08479045633217899
-6.428035043804756	0.05299229108362999
-6.418022528160201	0.031248148824240436
-6.4080100125156445	0.01705059877746375
-6.397997496871088	0.0084380570391329
-6.387984981226533	0.0037241300741148457
-6.377972465581977	0.0014476754694319873
-6.367959949937422	0.0004913729316949273
-6.357947434292866	0.00014476626098763195
-6.34793491864831	3.6868508887943605e-05
-6.337922403003755	8.092868561033058e-06
-6.3279098873591995	1.5277914663223818e-06
-6.317897371714643	2.476365633641259e-07
-6.307884856070087	3.4417580251948934e-08
-6.297872340425532	4.097290447803789e-09
-6.287859824780976	4.1743023405389117e-10
-6.277847309136421	3.636870203020101e-11
-6.267834793491865	2.708119471466294e-12
-6.257822277847309	1.7226099289479572e-13
-6.2478097622027535	9.356298898611431e-15
-6.2377972465581975	4.3377828419882057e-16
-6.227784730913642	1.7161340004859756e-17
-6.217772215269086	5.79271886490101e-19
-6.20775969962453	1.8729488386148788e-20
-6.197747183979975	7.754892281138323e-20
-6.18773466833542	2.4671774144915355e-18
-6.177722152690864	6.721430946972854e-17
-6.167709637046308	1.5597929689555747e-15
-6.157697121401752	3.0833062425363756e-14
-6.147684605757196	5.191756160527193e-13
-6.137672090112641	7.446725709365165e-12
-6.127659574468085	9.098687741786846e-11
-6.117647058823529	9.470410246735703e-10
-6.107634543178974	8.397663220941085e-09
-6.097622027534418	6.344315352224116e-08
-6.0876095118898625	4.0842030378570055e-07
-6.0775969962453065	2.240898598115289e-06
-6.06758448060075	1.0482972875822302e-05
-6.057571964956195	4.183550481026198e-05
-6.04755944931164	0.00014256458208025764
-6.037546933667084	0.0004154815204827026
-6.027534418022528	0.0010381719158104575
-6.017521902377973	0.002233672835868568
-6.007509386733417	0.004168506107667941
-5.997496871088861	0.006834140639440177
-5.987484355444305	0.010062685088878405
-5.977471839799749	0.013794014251463257
-5.967459324155194	0.018491746124727055
-5.957446808510639	0.025371133027296367
-5.947434292866083	0.03611544357290919
-5.937421777221527	0.0521019880804159
-5.927409261576971	0.07363848029626245
-5.9173967459324155	0.09991864870820806
-5.90738423028786	0.12999072354127514
-5.897371714643304	0.16415736066978823
-5.887359198998748	0.20463763847701358
-5.877346683354192	0.25468849512326713
-5.867334167709637	0.31661905672643703
-5.857321652065082	0.39026151386208296
-5.847309136420526	0.47317135922341047
-5.83729662077597	0.562032407383004
-5.827284105131414	0.6535531603849086
-5.817271589486858	0.7444222030204323
-5.807259073842303	0.8318698163294408
-5.797246558197747	0.9156476228241833
-5.787234042553191	0.9993185885591636
-5.777221526908636	1.088088753038274
-5.767209011264081	1.1838734570545708
-5.7571964956195245	1.282010350853425
-5.747183979974968	1.3732707679856218
-5.737171464330412	1.4500035408525918
-5.727158948685857	1.5114623098140403
-5.717146433041302	1.5643237096572666
-5.707133917396746	1.6185156175859978
-5.69712140175219	1.6816090535218855
-5.687108886107635	1.7552264713953305
-5.677096370463079	1.8350163424058836
-5.667083854818523	1.9133718435149754
-5.657071339173967	1.9827507448137909
-5.647058823529411	2.0378586291248584
-5.637046307884856	2.0761389536579546
-5.627033792240301	2.096830268303031
-5.617021276595745	2.0995493666995984
-5.607008760951189	2.084061665578883
-5.596996245306633	2.052346967131345
-5.5869837296620775	2.0117820121375733
-5.576971214017522	1.9761544540343512
-5.566958698372966	1.9617220899032861
-5.55694618272841	1.9790937391834695
-5.546933667083855	2.0259701291837686
-5.536921151439299	2.086659509891421
-5.526908635794744	2.13972918008524
-5.516896120150188	2.168620534527996
-5.5068836045056315	2.167884803170628
-5.496871088861076	2.142003234533717
-5.486858573216521	2.099949893569904
-5.476846057571965	2.050930909263884
-5.466833541927409	2.003905588371162
-5.456821026282853	1.9688418223944453
-5.446808510638298	1.9554693642859706
-5.4367959949937426	1.9678711343973088
-5.4267834793491865	1.9986154742594828
-5.41677096370463	2.0286964343208598
-5.406758448060075	2.035714157375345
-5.396745932415519	2.005593504423726
-5.386733416770964	1.9395686183052139
-5.376720901126408	1.8515261320798537
-5.366708385481852	1.7579607585606942
-5.356695869837297	1.6677091919142861
-5.346683354192741	1.5779864063430233
-5.336670838548185	1.4785520696632106
-5.326658322903629	1.3606695543687173
-5.316645807259073	1.2245729361800208
-5.306633291614518	1.0801475907416862
-5.296620775969963	0.9406848196723788
-5.286608260325407	0.8152545926882744
-5.276595744680851	0.7057922814517125
-5.2665832290362955	0.6097253656450763
-5.256570713391739	0.5239681238568014
-5.246558197747184	0.4465313392206879
-5.236545682102628	0.375897688457893
-5.226533166458072	0.3105364719955695
-5.216520650813517	0.24973017492397193
-5.206508135168962	0.19462188798253335
-5.196495619524406	0.1478549636813274
-5.18648310387985	0.1117530088304603
-5.1764705882352935	0.086661265850815
-5.166458072590738	0.07084941650104355
-5.156445556946183	0.061682055317852404
-5.146433041301627	0.05670968621820871
-5.136420525657071	0.05390915095823586
-5.126408010012516	0.05144464442420516
-5.11639549436796	0.04767593396499084
-5.1063829787234045	0.04160880057749639
-5.0963704630788484	0.03336086460792669
-5.086357947434292	0.02412203316214403
-5.076345431789737	0.015517787504112899
-5.066332916145182	0.008793116775617714
-5.056320400500626	0.004356137171485154
-5.04630788485607	0.0018760499412403245
-5.036295369211514	0.0006993540855358904
-5.026282853566959	0.0002249200940863595
-5.016270337922403	6.22503105924601e-05
-5.006257822277847	1.4797691169788582e-05
-4.996245306633291	3.016710805853545e-06
-4.986232790988735	5.268085028835957e-07
-4.97622027534418	7.873212790920857e-08
-4.966207759699625	1.0062695504588617e-08
-4.956195244055069	1.099222129409721e-09
-4.946182728410513	1.0257914908387732e-10
-4.9361702127659575	8.174591895422478e-12
-4.926157697121402	5.561171444645782e-13
-4.916145181476846	3.2288093988871384e-14
-4.90613266583229	1.599540891471824e-15
-4.896120150187734	6.759905382669598e-17
-4.886107634543179	2.4367199517202113e-18
-4.876095118898624	7.490787966549424e-20
-4.866082603254068	1.9635931289337177e-21
-4.8560700876095115	4.388636501877935e-23
-4.8460575719649555	8.362180290838637e-25
-4.8360450563204	1.3582628189716244e-26
-4.826032540675845	1.8805686878354659e-28
-4.816020025031289	2.2192489882044596e-30
-4.806007509386733	2.232069845599221e-32
-4.795994993742178	1.9132453956688788e-34
-4.785982478097623	1.3975693460115608e-36
-4.7759699624530665	8.699546930156218e-39
-4.76595744680851	4.614484278643935e-41
-4.755944931163954	2.0856304258944943e-43
-4.745932415519399	8.03202553668939e-46
-4.735919899874844	2.635564229279129e-48
-4.725907384230288	7.368369548693062e-51
-4.715894868585732	1.7551249315023915e-53
-4.705882352941176	3.5618372730705123e-56
-4.6958698372966206	6.158301815463476e-59
-4.685857321652065	9.071121463868522e-62
-4.675844806007509	1.1383271716103396e-64
-4.665832290362953	1.2169506887029717e-67
-4.655819774718398	1.1083396377888006e-70
-4.645807259073843	8.599269206292932e-74
-4.635794743429287	5.683741261745693e-77
-4.625782227784731	3.2002717080358986e-80
-4.615769712140175	1.5350245616163621e-83
-4.605757196495619	6.272146886886192e-87
-4.595744680851064	2.1831639338250918e-90
-4.585732165206508	6.473256745658867e-94
-4.575719649561952	1.6350199877463685e-97
-4.565707133917396	3.5179096982545675e-101
-4.555694618272841	6.447710911031865e-105
-4.545682102628286	1.0066621494110696e-108
-4.53566958698373	1.3388054765206403e-112
-4.5256570713391735	1.5167192261442047e-116
-4.515644555694618	1.4636776363463765e-120
-4.505632040050063	1.2031974830153481e-124
-4.495619524405507	8.425165610391102e-129
-4.485607008760951	5.0253806808258744e-133
-4.475594493116395	2.553333292105474e-137
-4.46558197747184	1.1050786764728005e-141
-4.4555694618272845	4.074039618658708e-146
-4.4455569461827285	1.2793899644871685e-150
-4.435544430538172	3.4223594890163556e-155
-4.425531914893616	7.798170418816038e-160
-4.415519399249061	1.5137424877939956e-164
-4.405506883604506	9.908025882840029e-164
-4.39549436795995	4.966885999639e-159
-4.385481852315394	2.1209600147253175e-154
-4.375469336670839	7.714927861051853e-150
-4.365456821026283	2.390470599685813e-145
-4.355444305381727	6.309402459460873e-141
-4.345431789737171	1.4185595638351993e-136
-4.335419274092615	2.7168319842435425e-132
-4.32540675844806	4.4323627676315785e-128
-4.315394242803505	6.159801252535458e-124
-4.305381727158949	7.292202025651436e-120
-4.295369211514393	7.353822161734244e-116
-4.285356695869837	6.317307188293438e-112
-4.275344180225281	4.6229317185104926e-108
-4.265331664580726	2.881853649754463e-104
-4.25531914893617	1.5303750217918569e-100
-4.245306633291614	6.923059617280739e-97
-4.235294117647059	2.667936626426249e-93
-4.225281602002504	8.758574001241582e-90
-4.215269086357948	2.44948756153646e-86
-4.2052565707133915	5.835858843168106e-83
-4.1952440550688355	1.1844755272732066e-79
-4.18523153942428	2.0480642231350808e-76
-4.175219023779725	3.016907235641901e-73
-4.165206508135169	3.7860501536199586e-70
-4.155193992490613	4.0478303564398e-67
-4.145181476846057	3.687021907032612e-64
-4.135168961201502	2.8612315423400935e-61
-4.1251564455569465	1.8917382422554376e-58
-4.11514392991239	1.0656319556147083e-55
-4.105131414267834	5.114456976165043e-53
-4.095118898623279	2.0914450519106844e-50
-4.085106382978723	7.287141040377717e-48
-4.075093867334168	2.1634232128957468e-45
-4.065081351689612	5.4728039183989165e-43
-4.055068836045056	1.1797055318928941e-40
-4.045056320400501	2.1669289542358824e-38
-4.035043804755945	3.391844086179079e-36
-4.025031289111389	4.524399321329971e-34
-4.015018773466833	5.143211989470743e-32
-4.005006257822277	4.9827828825592196e-30
-3.994993742177722	4.114245474356175e-28
-3.9849812265331668	2.895389198093243e-26
-3.9749687108886107	1.7367660417629317e-24
-3.9649561952440546	8.880018672628217e-23
-3.9549436795994994	3.870320331085643e-21
-3.9449311639549434	1.4380194247007037e-19
-3.934918648310388	4.555061956865187e-18
-3.924906132665832	1.2301715193324704e-16
-3.914893617021277	2.8327831985769202e-15
-3.904881101376721	5.562596398983693e-14
-3.8948685857321648	9.315508491664842e-13
-3.8848560700876096	1.3306378710643002e-11
-3.8748435544430535	1.6214850575032523e-10
-3.8648310387984983	1.686025569199853e-09
-3.8548185231539422	1.4963907525768214e-08
-3.844806007509387	1.1340578989032839e-07
-3.834793491864831	7.343189873762214e-07
-3.824780976220275	4.065801089664107e-06
-3.8147684605757197	1.927175369726373e-05
-3.8047559449311636	7.833002030827353e-05
-3.7947434292866085	0.0002736495739916954
-3.7847309136420524	0.0008244855548197558
-3.774718397997497	0.0021525253765716924
-3.764705882352941	0.004901443332117976
-3.754693366708385	0.009820184836864431
-3.74468085106383	0.01751156820054678
-3.734668335419274	0.028207489684137502
-3.7246558197747186	0.04183147896399291
-3.7146433041301625	0.05852482329852705
-3.7046307884856065	0.07952766982419956
-3.6946182728410513	0.10786349347803136
-3.684605757196495	0.14794873123009053
-3.67459324155194	0.20372797938014314
-3.664580725907384	0.276417645391771
-3.6545682102628287	0.3638924548641993
-3.6445556946182727	0.462297086040654
-3.6345431789737166	0.5678100478500321
-3.6245306633291614	0.6764418577393293
-3.6145181476846053	0.7830912325217833
-3.60450563204005	0.8831677353141251
-3.594493116395494	0.9771297347794435
-3.584480600750939	1.073612003235666
-3.574468085106383	1.186828609215615
-3.5644555694618267	1.32909318936719
-3.5544430538172715	1.5035495067415747
-3.5444305381727155	1.70140503229844
-3.5344180225281603	1.904471256350857
-3.524405506883604	2.0915286230318095
-3.514392991239049	2.246137275764141
-3.504380475594493	2.3627416708553604
-3.494367959949937	2.4482080704028184
-3.4843554443053817	2.518311878748575
-3.4743429286608256	2.591203117316406
-3.4643304130162704	2.680262996949192
-3.4543178973717144	2.7882248355087667
-3.444305381727159	2.9050261320750703
-3.434292866082603	3.0118305221123696
-3.424280350438047	3.0901937896344527
-3.414267834793492	3.1309145424591334
-3.4042553191489358	3.1371232854320796
-3.3942428035043806	3.1207611856117525
-3.3842302878598245	3.0957374088024388
-3.3742177722152693	3.0718775055576986
-3.3642052565707132	3.0523157559157954
-3.354192740926157	3.0345430107544122
-3.344180225281602	3.0131185799807345
-3.334167709637046	2.9818185460545408
-3.3241551939924907	2.9345030113422226
-3.3141426783479346	2.865080815421312
-3.3041301627033794	2.7672148260456617
-3.2941176470588234	2.635021306844515
-3.2841051314142673	2.466083652814989
-3.274092615769712	2.2657144278698955
-3.264080100125156	2.048304547721197
-3.254067584480601	1.8323833108142231
-3.2440550688360448	1.631561378530314
-3.2340425531914896	1.448386767670288
-3.2240300375469335	1.276380885255172
-3.2140175219023774	1.1081442212875192
-3.2040050062578223	0.9420434288588457
-3.193992490613266	0.7823563074407306
-3.183979974968711	0.6348056998560621
-3.173967459324155	0.503008226970955
-3.1639549436795997	0.3884290075072463
-3.1539424280350437	0.2919572032516603
-3.1439299123904876	0.21448060238917635
-3.1339173967459324	0.15607095030344542
-3.1239048811013763	0.11496305224144275
-3.113892365456821	0.08733838669080018
-3.103879849812265	0.06820634506528524
-3.09386733416771	0.05304954901511829
-3.083854818523154	0.039307241721118255
-3.0738423028785977	0.026687753543739378
-3.0638297872340425	0.016166869807837176
-3.0538172715894865	0.008597797162885164
-3.0438047559449313	0.003976760575334479
-3.033792240300375	0.0015911399397157302
-3.02377972465582	0.0005489540720564587
-3.013767209011264	0.00016298462707146897
-3.003754693366708	4.15871070024083e-05
-2.9937421777221527	9.110575687162494e-06
-2.9837296620775966	1.7122515838486645e-06
-2.9737171464330414	2.7588812903594046e-07
-2.9637046307884853	3.8087440844580784e-08
-2.95369211514393	4.5027200372501755e-09
-2.943679599499374	4.5560726451632905e-10
-2.933667083854818	3.9438687631062235e-11
-2.923654568210263	2.9193003026349156e-12
-2.9136420525657067	1.8470667170987768e-13
-2.9036295369211516	9.985534586125332e-15
-2.8936170212765955	4.611015457212087e-16
-2.8836045056320403	1.8181246383296068e-17
-2.873591989987484	6.119711127861639e-19
-2.863579474342928	1.7579604607391813e-20
-2.853566958698373	4.3088403565594265e-22
-2.843554443053817	9.009438585725524e-24
-2.8335419274092617	1.6082763458872915e-25
-2.8235294117647056	1.3644819657250788e-26
-2.8135168961201504	6.922661943029575e-25
-2.8035043804755944	3.646267664180676e-23
-2.7934918648310383	1.6371376836377996e-21
-2.783479349186483	6.266159046892125e-20
-2.773466833541927	2.044751774106326e-18
-2.763454317897372	5.68921605169718e-17
-2.7534418022528158	1.3498769613904887e-15
-2.7434292866082606	2.731696973307924e-14
-2.7334167709637045	4.715697097571919e-13
-2.7234042553191484	6.945890680015788e-12
-2.7133917396745932	8.731563663961167e-11
-2.703379224030037	9.370820817957828e-10
-2.693366708385482	8.589326566994028e-09
-2.683354192740926	6.727560422884061e-08
-2.6733416770963707	4.5056467002664266e-07
-2.6633291614518146	2.5824141662289026e-06
-2.6533166458072586	1.2680712632693664e-05
-2.6433041301627034	5.342391436025814e-05
-2.6332916145181473	0.00019346953277407433
-2.623279098873592	0.0006036889778395395
-2.613266583229036	0.0016279721933430444
-2.603254067584481	0.0038082835613746304
-2.593241551939925	0.007762702046483959
-2.5832290362953687	0.013862350682541944
-2.5732165206508135	0.021830475580051266
-2.5632040050062574	0.030581038131943745
-2.5531914893617023	0.0385940469586146
-2.543178973717146	0.04478289813976411
-2.533166458072591	0.0493611925191122
-2.523153942428035	0.05408606715229695
-2.513141426783479	0.061655488349013333
-2.5031289111389237	0.07465666688725583
-2.4931163954943676	0.09474345234889611
-2.4831038798498124	0.12250016109860797
-2.4730913642052563	0.15802917230586933
-2.463078848560701	0.2018762261052779
-2.453066332916145	0.25548708858190566
-2.443053817271589	0.320342273370293
-2.433041301627034	0.3958662806637406
-2.4230287859824777	0.47787073189156554
-2.4130162703379225	0.55989816237448
-2.4030037546933665	0.6377540807421714
-2.3929912390488113	0.7138946257957655
-2.382978723404255	0.7970252238609211
-2.372966207759699	0.8957293760499017
-2.362953692115144	1.010673009997134
-2.352941176470588	1.1322777981205834
-2.3429286608260327	1.246692473979827
-2.3329161451814766	1.3455929498026686
-2.3229036295369214	1.4317581024058896
-2.3128911138923653	1.5162120652504003
-2.3028785982478093	1.6100468961035699
-2.292866082603254	1.7175892168952724
-2.282853566958698	1.8350443335197497
-2.272841051314143	1.954013302884239
-2.2628285356695867	2.0664407003148852
-2.2528160200250316	2.167474767074229
-2.2428035043804755	2.254798494069299
-2.2327909887359194	2.326253456661715
-2.2227784730913642	2.379415596098915
-2.212765957446808	2.414404920039049
-2.202753441802253	2.436449884680446
-2.192740926157697	2.4537800676399253
-2.1827284105131417	2.4715848387820447
-2.1727158948685856	2.487927205389708
-2.1627033792240296	2.495926159993829
-2.1526908635794744	2.4901036867139794
-2.1426783479349183	2.471047476671269
-2.132665832290363	2.4448546683657786
-2.122653316645807	2.418624486402731
-2.112640801001252	2.3956729667714836
-2.1026282853566958	2.373261230787291
-2.0926157697121397	2.3437389621393083
-2.0826032540675845	2.2984104598357407
-2.0725907384230284	2.231865819534399
-2.0625782227784732	2.144068959459625
-2.052565707133917	2.0395959016788474
-2.042553191489362	1.925903042490711
-2.032540675844806	1.8119837474028344
-2.02252816020025	1.706550091641378
-2.0125156445556946	1.6150117432648166
-2.0025031289111386	1.5370249187052343
-1.9924906132665834	1.467323834330571
-1.9824780976220273	1.4000354064130318
-1.9724655819774712	1.3332836670075097
-1.962453066332916	1.2703377973027639
-1.95244055068836	1.2164898870100882
-1.9424280350438048	1.1742907308588262
-1.9324155193992487	1.1406953930523076
-1.9224030037546935	1.1080087835944648
-1.9123904881101375	1.0681299790392897
-1.9023779724655814	1.017815608270467
-1.8923654568210262	0.9619147312113123
-1.8823529411764701	0.9120890132254691
-1.872340425531915	0.8808993035767846
-1.8623279098873589	0.8747426931023788
-1.8523153942428037	0.8910435533594625
-1.8423028785982476	0.922189846209558
-1.8322903629536915	0.9625402406359463
-1.8222778473091363	1.0118989962501972
-1.8122653316645803	1.072958591451116
-1.802252816020025	1.1467848542162122
-1.792240300375469	1.2318366345023304
-1.7822277847309138	1.3271439116093293
-1.7722152690863577	1.4353794412463536
-1.7622027534418017	1.5620253298593376
-1.7521902377972465	1.711172075469421
-1.7421777221526904	1.8815086433059391
-1.7321652065081352	2.0654055288473434
-1.7221526908635791	2.251412058506764
-1.712140175219024	2.4283042246939206
-1.7021276595744679	2.587996102453071
-1.6921151439299118	2.725692510292226
-1.6821026282853566	2.8382593821849706
-1.6720901126408005	2.923473252108565
-1.6620775969962454	2.9814406051193743
-1.6520650813516893	3.0166201838094366
-1.642052565707134	3.0379488568349156
-1.632040050062578	3.056255435057104
-1.622027534418022	3.0802739347406343
-1.6120150187734668	3.1134175808746565
-1.6020025031289107	3.1529917426764826
-1.5919899874843555	3.1922339238947415
-1.5819774718397994	3.2240654381033074
-1.5719649561952442	3.244550608569286
-1.5619524405506882	3.2545031293454274
-1.551939924906132	3.2590847794671376
-1.541927409261577	3.2659094619893327
-1.5319148936170208	3.281434104509519
-1.5219023779724656	3.305798173775044
-1.5118898623279096	3.329514343206889
-1.5018773466833544	3.337129320880041
-1.4918648310387983	3.317694410578551
-1.4818523153942422	3.2736166322325633
-1.471839799749687	3.2190045909175167
-1.461827284105131	3.168500234287708
-1.4518147684605758	3.127179525593272
-1.4418022528160197	3.090701899564149
-1.4317897371714645	3.054267201113194
-1.4217772215269084	3.0203707641016604
-1.4117647058823524	2.9972728129129225
-1.4017521902377972	2.990202233223142
-1.391739674593241	2.9949908956113074
-1.381727158948686	3.0007865606956816
-1.3717146433041298	2.9983246002426505
-1.3617021276595747	2.9850831422440445
-1.3516896120150186	2.964019169753228
-1.3416770963704625	2.9400917801953144
-1.3316645807259073	2.918409871566611
-1.3216520650813512	2.902406224053801
-1.311639549436796	2.8901383235945617
-1.30162703379224	2.872490790149075
-1.2916145181476848	2.838594043024509
-1.2816020025031287	2.7862940382448076
-1.2715894868585726	2.7280210394085334
-1.2615769712140175	2.6853629524431804
-1.2515644555694614	2.67616915997913
-1.2415519399249062	2.704268995587141
-1.2315394242803501	2.758500433261831
-1.221526908635795	2.819983675930895
-1.2115143929912389	2.8715915941131733
-1.2015018773466828	2.903790403415841
-1.1914893617021276	2.9150024119949207
-1.1814768460575715	2.9090141586969445
-1.1714643304130163	2.8929178783398872
-1.1614518147684603	2.8759674598336424
-1.151439299123905	2.866976446930688
-1.141426783479349	2.869958228475178
-1.131414267834793	2.8821376600374538
-1.1214017521902377	2.8981113171510184
-1.1113892365456817	2.9175046958928017
-1.1013767209011265	2.9486619071341784
-1.0913642052565704	3.004008653126563
-1.0813516896120152	3.0902494177590425
-1.0713391739674591	3.2008786417978103
-1.061326658322903	3.3168112177756734
-1.0513141426783479	3.415280430104071
-1.0413016270337918	3.481126762299104
-1.0312891113892366	3.5127933769602273
-1.0212765957446805	3.519911543166024
-1.0112640801001254	3.515887013016501
-1.0012515644555693	3.5111058904922188
-0.9912390488110132	3.5101273759899003
-0.981226533166458	3.513297968546811
-0.971214017521902	3.520492326576118
-0.9612015018773468	3.5324479393750883
-0.9511889862327907	3.5472255259527894
-0.9411764705882355	3.5561353329137586
-0.9311639549436794	3.5462276594756426
-0.9211514392991234	3.508670607392749
-0.9111389236545682	3.4432404900536153
-0.9011264080100121	3.3529511676091843
-0.8911138923654569	3.236072825922481
-0.8811013767209008	3.086737632242165
-0.8710888610763456	2.9037357041759613
-0.8610763454317896	2.6961338206112027
-0.8510638297872335	2.4787034016354497
-0.8410513141426783	2.2627464488873508
-0.8310387984981222	2.0520657094515733
-0.821026282853567	1.846209324714633
-0.811013767209011	1.6452540150237427
-0.8010012515644558	1.4512084557836835
-0.7909887359198997	1.266768362732527
-0.7809762202753436	1.0944356546434182
-0.7709637046307884	0.9368557674307365
-0.7609511889862324	0.7971254549058708
-0.7509386733416772	0.6779426388244265
-0.7409261576971211	0.5797068641621359
-0.7309136420525659	0.49898353553621067
-0.7209011264080099	0.4291770929435384
-0.7108886107634538	0.3637318387955192
-0.7008760951188986	0.2996622921107839
-0.6908635794743425	0.23852671450895685
-0.6808510638297873	0.18413554590524894
-0.6708385481852313	0.13913890501636825
-0.6608260325406761	0.10334476622414496
-0.65081351689612	0.07468342249021835
-0.6408010012515639	0.0512776926149261
-0.6307884856070087	0.032524187211660165
-0.6207759699624527	0.018602565672276174
-0.6107634543178975	0.00942892221075547
-0.6007509386733414	0.004186697598283906
-0.5907384230287862	0.0016165487689771205
-0.5807259073842301	0.0005401794539018446
-0.5707133917396741	0.00015576530461680342
-0.5607008760951189	3.9028683269746466e-05
-0.5506883604505628	1.0637127126650093e-05
-0.5406758448060076	1.410646889322672e-05
-0.5306633291614515	5.75097774208944e-05
-0.5206508135168963	0.00022611117210867893
-0.5106382978723403	0.0007774283299935137
-0.5006257822277842	0.0023368403671063563
-0.490613266583229	0.006161668758315115
-0.48060075093867294	0.0143017393876353
-0.47058823529411775	0.029323464263072873
-0.4605757196495617	0.053304650528247004
-0.4505632040050065	0.08628217121831135
-0.4405506883604504	0.12510968354814508
-0.43053817271589434	0.16402901118087615
-0.42052565707133915	0.19740362754079682
-0.4105131414267831	0.2233169170442706
-0.4005006257822279	0.2456707926334074
-0.3904881101376718	0.2732054214345003
-0.38047559449311663	0.3157997691903068
-0.37046307884856056	0.3799255763241116
-0.3604505632040045	0.46556223952265174
-0.3504380475594493	0.5663376522971209
-0.3404255319148932	0.6731231973344118
-0.33041301627033803	0.7792679083981794
-0.32040050062578196	0.8845123653935408
-0.3103879849812259	0.9953373436423228
-0.3003754693366707	1.1215724326538337
-0.2903629536921146	1.271231510895466
-0.28035043804755944	1.4465810205603258
-0.27033792240300336	1.6436910959776194
-0.2603254067584482	1.8554062952802184
-0.2503128911138921	2.075252930893481
-0.24030037546933602	2.2992997670666115
-0.23028785982478084	2.5251999090728967
-0.22027534418022476	2.7504642735262097
-0.21026282853566958	2.9720689137466216
-0.2002503128911135	3.1867057535536314
-0.19023779724655832	3.3895788949972587
-0.18022528160200224	3.5724029528000196
-0.17021276595744617	3.724620044343284
-0.16020025031289098	3.839858325049653
-0.1501877346683349	3.922632271261147
-0.14017521902377972	3.9866795484027344
-0.13016270337922364	4.043036055612662
-0.12015018773466846	4.087605722071905
-0.11013767209011238	4.1008329971766635
-0.10012515644555631	4.061045762586081
-0.09011264080100112	3.9598129423903936
-0.08010012515644505	3.8067494762100123
-0.07008760951188986	3.6221280884798235
-0.060075093867333784	3.4257186469460135
-0.0500625782227786	3.2308990905530264
-0.04005006257822252	3.0463864483613965
-0.030037546933666448	2.8808163691112783
-0.02002503128911126	2.743560905583232
-0.010012515644555187	2.6399971324762586
0.0	2.5662296305771886
