-8.0	11.523548338674047
-7.989987484355444	12.570921631388662
-7.979974968710889	13.88463026355502
-7.969962453066333	15.789471027890826
-7.9599499374217775	17.27673054579251
-7.949937421777221	18.522704664768668
-7.939924906132666	19.29694887435872
-7.92991239048811	20.385127948183385
-7.919899874843554	21.420566421827413
-7.909887359198999	22.194032146035372
-7.899874843554443	22.76390454222837
-7.889862327909888	23.089543023600747
-7.8798498122653315	23.463839737818887
-7.869837296620776	24.008718828463593
-7.85982478097622	24.674170411090444
-7.849812265331664	25.443861625910316
-7.839799749687109	26.4002650842027
-7.829787234042553	27.527252400968898
-7.819774718397998	28.767079035213417
-7.809762202753442	30.13269123148594
-7.7997496871088865	31.65156150096983
-7.78973717146433	33.271700970072594
-7.779724655819774	34.99742475357861
-7.769712140175219	36.89372243208749
-7.759699624530663	38.99574672194168
-7.749687108886108	41.215957610809426
-7.739674593241552	43.49865627759363
-7.729662077596997	45.85176717503546
-7.719649561952441	48.2137750295049
-7.7096370463078845	50.49724487133145
-7.699624530663329	52.58283164648043
-7.689612015018773	54.39511197769389
-7.679599499374218	55.94436184738909
-7.669586983729662	57.27777670549189
-7.659574468085107	58.38578275064918
-7.649561952440551	59.254784940038704
-7.639549436795995	59.9212360614538
-7.629536921151439	60.26057345946958
-7.619524405506883	60.08650476558464
-7.609511889862328	59.34425373610107
-7.599499374217772	58.0797802051108
-7.589486858573217	56.45583174692151
-7.579474342928661	54.530847152977714
-7.569461827284105	52.24681841718418
-7.55944931163955	49.66447768620958
-7.5494367959949935	46.958430013469275
-7.539424280350438	44.48116425437171
-7.529411764705882	42.23981135887487
-7.519399249061326	40.4471296297542
-7.509386733416771	39.568275886494895
-7.499374217772215	39.43486598351211
-7.48936170212766	39.909970804968346
-7.479349186483104	40.97707480687533
-7.4693366708385485	42.34489432382462
-7.459324155193992	43.697387906604355
-7.449311639549437	44.97875247816278
-7.439299123904881	46.15027389519591
-7.429286608260325	47.10293207419064
-7.41927409261577	47.806624223307175
-7.409261576971214	48.33571280763827
-7.399249061326659	48.78658895859372
-7.3892365456821025	49.24026515109897
-7.3792240300375465	49.75629579895502
-7.369211514392991	50.30821911947672
-7.359198998748435	50.797707465915856
-7.34918648310388	51.120996813034424
-7.339173967459324	51.22650810733882
-7.329161451814769	51.13787195512921
-7.319148936170213	50.955577586879826
-7.3091364205256575	50.788703569221724
-7.299123904881101	50.661007023128604
-7.289111389236545	50.50191721214071
-7.27909887359199	50.25460785324903
-7.269086357947434	49.970200433190136
-7.259073842302879	49.733423755343864
-7.249061326658323	49.55014777160203
-7.239048811013767	49.347991464796706
-7.2290362953692116	49.05341930942987
-7.2190237797246555	48.66809355600776
-7.2090112640801	48.27605345148719
-7.198998748435544	47.984630899873764
-7.188986232790989	47.83811005707745
-7.178973717146433	47.796604024676576
-7.168961201501878	47.78777271568177
-7.158948685857322	47.774538035118766
-7.148936170212766	47.777360877231054
-7.13892365456821	47.82557952335335
-7.128911138923654	47.91672431903087
-7.118898623279099	48.02979064012815
-7.108886107634543	48.146806920829825
-7.098873591989987	48.23489655423974
-7.088861076345432	48.26808001440495
-7.078848560700876	48.29855352561453
-7.068836045056321	48.4476691793602
-7.0588235294117645	48.80966941134837
-7.048811013767209	49.43313741809201
-7.038798498122653	50.32459983714155
-7.028785982478098	51.41456522400261
-7.018773466833542	52.58109811903012
-7.008760951188986	53.72087947093996
-6.998748435544431	54.783074229580855
-6.988735919899875	55.75101359609273
-6.9787234042553195	56.62269546471441
-6.968710888610763	57.405576639614345
-6.958698372966207	58.12201285086265
-6.948685857321652	58.78320744061686
-6.938673341677096	59.362749817459054
-6.928660826032541	59.768380943881354
-6.918648310387985	59.848919765503034
-6.908635794743429	59.487997140564936
-6.8986232790988735	58.67811632537502
-6.888610763454318	57.48402466023146
-6.878598247809762	56.00433823333023
-6.868585732165206	54.36670054611198
-6.858573216520651	52.64460994778435
-6.848560700876095	50.93801313782521
-6.83854818523154	49.40016690459046
-6.828535669586984	48.06236332574914
-6.818523153942428	46.92226368385129
-6.808510638297872	45.983459834611885
-6.798498122653316	45.24977023403596
-6.788485607008761	44.5757787561017
-6.778473091364205	44.013389402424195
-6.768460575719649	43.53317055510514
-6.758448060075094	42.9857459365411
-6.748435544430539	42.04617186511189
-6.7384230287859825	41.9236169113719
-6.7284105131414265	42.363353360812695
-6.718397997496871	42.36355068456533
-6.708385481852315	42.97070139438689
-6.69837296620776	44.15312338468519
-6.688360450563204	45.15460206225124
-6.678347934918648	45.88245591182178
-6.668335419274093	46.426297692537275
-6.658322903629537	46.868367019402505
-6.648310387984981	47.40952007112792
-6.638297872340425	48.12283522911391
-6.628285356695869	48.880627338232614
-6.618272841051314	49.821140634465486
-6.608260325406759	51.01064340205832
-6.598247809762203	52.41586282452922
-6.588235294117647	54.06253449138266
-6.578222778473092	55.86368515573182
-6.5682102628285355	57.654787777948385
-6.55819774718398	59.26212185797662
-6.548185231539424	60.530224723035104
-6.538172715894868	61.334469715929195
-6.528160200250313	61.74474757958263
-6.518147684605757	61.898209350448724
-6.508135168961202	61.768205814071884
-6.498122653316646	61.286864633001244
-6.4881101376720896	60.4750623237318
-6.478097622027534	59.341161424609034
-6.468085106382979	57.92464841265558
-6.458072590738423	56.312737847619516
-6.448060075093867	54.53522068811925
-6.438047559449312	52.528972091979284
-6.428035043804756	50.2400320704048
-6.418022528160201	47.69866563029013
-6.4080100125156445	45.04303986765423
-6.397997496871088	42.37439476967948
-6.387984981226533	39.68129351613191
-6.377972465581977	36.97611726322039
-6.367959949937422	34.37294104626598
-6.357947434292866	31.93481511915426
-6.34793491864831	29.72226824804768
-6.337922403003755	27.79437351826124
-6.3279098873591995	26.124799939673295
-6.317897371714643	24.728822016638954
-6.307884856070087	23.60959119501393
-6.297872340425532	22.693737046796354
-6.287859824780976	21.929571565451173
-6.277847309136421	21.287411090903255
-6.267834793491865	20.82350045419052
-6.257822277847309	20.27428429488741
-6.2478097622027535	19.615078285568618
-6.2377972465581975	18.845120062468535
-6.227784730913642	18.235168141811048
-6.217772215269086	17.693537104237723
-6.20775969962453	17.500120778025543
-6.197747183979975	17.615863464942663
-6.18773466833542	17.713507534204602
-6.177722152690864	17.779140434130436
-6.167709637046308	17.849899197670485
-6.157697121401752	17.96474826354971
-6.147684605757196	18.151424149493522
-6.137672090112641	18.44334086517237
-6.127659574468085	18.85880491519225
-6.117647058823529	19.379989885629332
-6.107634543178974	20.01402287973467
-6.097622027534418	20.78021314487021
-6.0876095118898625	21.62384227379409
-6.0775969962453065	22.50825141054582
-6.06758448060075	23.43305700545145
-6.057571964956195	24.424621944832005
-6.04755944931164	25.499739168849736
-6.037546933667084	26.61976506592927
-6.027534418022528	27.691869339595872
-6.017521902377973	28.644536082098067
-6.007509386733417	29.488017799628004
-5.997496871088861	30.29031972335836
-5.987484355444305	31.106386273424853
-5.977471839799749	31.916182001932064
-5.967459324155194	32.637960321639675
-5.957446808510639	33.244313188818566
-5.947434292866083	33.758126224476214
-5.937421777221527	34.20546839979258
-5.927409261576971	34.59554322123298
-5.9173967459324155	34.95387618649267
-5.90738423028786	35.312458926181975
-5.897371714643304	35.701092849485185
-5.887359198998748	36.166152241707444
-5.877346683354192	36.730014953607494
-5.867334167709637	37.36576836690262
-5.857321652065082	38.03842978445609
-5.847309136420526	38.76471146877069
-5.83729662077597	39.594292925917784
-5.827284105131414	40.550347451412605
-5.817271589486858	41.672001141516546
-5.807259073842303	43.01213330370206
-5.797246558197747	44.540351807385846
-5.787234042553191	46.177338752116995
-5.777221526908636	47.8646279280947
-5.767209011264081	49.56886188018002
-5.7571964956195245	51.28880687209965
-5.747183979974968	53.072743956660396
-5.737171464330412	54.939882971975244
-5.727158948685857	56.91689795194661
-5.717146433041302	59.02607932857059
-5.707133917396746	61.20811455902974
-5.69712140175219	63.36181988410406
-5.687108886107635	65.33560815812643
-5.677096370463079	67.0907344969515
-5.667083854818523	68.68592322545437
-5.657071339173967	70.12874441977712
-5.647058823529411	71.45131076676022
-5.637046307884856	72.6458682305874
-5.627033792240301	73.67570239189497
-5.617021276595745	74.54538785803152
-5.607008760951189	75.21933457915097
-5.596996245306633	75.83281453538955
-5.5869837296620775	76.46910706241229
-5.576971214017522	77.08175587434384
-5.566958698372966	77.64784721109787
-5.55694618272841	78.14782427158889
-5.546933667083855	78.58113421865664
-5.536921151439299	79.01902262975779
-5.526908635794744	79.51095305752142
-5.516896120150188	80.01109895325494
-5.5068836045056315	80.3652305016576
-5.496871088861076	80.5525328706567
-5.486858573216521	80.66515692078526
-5.476846057571965	80.69104903261376
-5.466833541927409	80.5440025193367
-5.456821026282853	80.31385696705674
-5.446808510638298	80.06560160967544
-5.4367959949937426	79.8202143823649
-5.4267834793491865	79.47567228789785
-5.41677096370463	79.02029577250187
-5.406758448060075	78.42798975432048
-5.396745932415519	77.79975426209644
-5.386733416770964	77.17751861317086
-5.376720901126408	76.54519547124063
-5.366708385481852	75.7405946156599
-5.356695869837297	74.71706077644008
-5.346683354192741	73.48103334479549
-5.336670838548185	71.88987341426261
-5.326658322903629	70.04639036200074
-5.316645807259073	68.11841100422672
-5.306633291614518	66.2479749337725
-5.296620775969963	64.49775615604474
-5.286608260325407	62.925752527780254
-5.276595744680851	61.6522705966999
-5.2665832290362955	60.54187148945532
-5.256570713391739	59.61009179282103
-5.246558197747184	59.01844389241698
-5.236545682102628	58.64487591521043
-5.226533166458072	58.25592023884434
-5.216520650813517	57.713318858062024
-5.206508135168962	57.36202496446306
-5.196495619524406	56.945671259733935
-5.18648310387985	56.513126941642895
-5.1764705882352935	56.13452508716188
-5.166458072590738	56.05861929654109
-5.156445556946183	56.127676855525394
-5.146433041301627	55.89789482988261
-5.136420525657071	56.53351196200201
-5.126408010012516	57.187663469777036
-5.11639549436796	57.48898689283164
-5.1063829787234045	57.805347451514656
-5.0963704630788484	58.09177251335596
-5.086357947434292	58.44692181756302
-5.076345431789737	58.97390144785234
-5.066332916145182	59.42273716512848
-5.056320400500626	60.14462392900551
-5.04630788485607	61.32716804353676
-5.036295369211514	62.760856483142085
-5.026282853566959	64.36420879989238
-5.016270337922403	66.25459853629566
-5.006257822277847	68.21971333522522
-4.996245306633291	69.99676724373643
-4.986232790988735	71.62613835963813
-4.97622027534418	73.03203650342007
-4.966207759699625	74.18417832110761
-4.956195244055069	75.11411451701294
-4.946182728410513	75.98586268255596
-4.9361702127659575	76.81294448392913
-4.926157697121402	77.53963210505594
-4.916145181476846	78.09415641397811
-4.90613266583229	78.46674529079759
-4.896120150187734	78.6770857214242
-4.886107634543179	78.74195890830356
-4.876095118898624	78.70311814072122
-4.866082603254068	78.64286806463058
-4.8560700876095115	78.57190696029699
-4.8460575719649555	78.50275661806175
-4.8360450563204	78.40257268685188
-4.826032540675845	78.27622206998815
-4.816020025031289	78.08420891847915
-4.806007509386733	77.93311506544586
-4.795994993742178	77.83531808824407
-4.785982478097623	77.68691306743823
-4.7759699624530665	77.5202106209651
-4.76595744680851	77.47723389183612
-4.755944931163954	77.51045829873273
-4.745932415519399	77.54605240860303
-4.735919899874844	77.50592121645097
-4.725907384230288	77.35299317040699
-4.715894868585732	77.11831974780675
-4.705882352941176	76.92523681996826
-4.6958698372966206	76.8417953547067
-4.685857321652065	76.7806862765769
-4.675844806007509	76.70017214380366
-4.665832290362953	76.58710619104247
-4.655819774718398	76.42790222980253
-4.645807259073843	76.15316453281207
-4.635794743429287	75.70769322818916
-4.625782227784731	75.14800777687987
-4.615769712140175	74.55634044631002
-4.605757196495619	73.86658733045229
-4.595744680851064	73.06499669561136
-4.585732165206508	72.21961457597844
-4.575719649561952	71.30275338908814
-4.565707133917396	70.19434280880307
-4.555694618272841	68.89156732089484
-4.545682102628286	67.49371164603721
-4.53566958698373	66.11273986320361
-4.5256570713391735	64.90577744744279
-4.515644555694618	63.74867993079233
-4.505632040050063	62.46500725507989
-4.495619524405507	60.946414594187424
-4.485607008760951	59.3066896612216
-4.475594493116395	57.55699485929848
-4.46558197747184	55.6043107855056
-4.4555694618272845	53.5597910113098
-4.4455569461827285	51.55509775107294
-4.435544430538172	49.6197507975972
-4.425531914893616	47.825332567392124
-4.415519399249061	45.975776491263176
-4.405506883604506	44.19294710565937
-4.39549436795995	42.87911528379386
-4.385481852315394	41.86771031342046
-4.375469336670839	41.07721940530472
-4.365456821026283	40.54476546816531
-4.355444305381727	40.12478084879813
-4.345431789737171	39.80028295756921
-4.335419274092615	39.57906697044054
-4.32540675844806	39.47291835918467
-4.315394242803505	39.415330600037784
-4.305381727158949	39.378202776839196
-4.295369211514393	39.34661218581169
-4.285356695869837	39.31972069421692
-4.275344180225281	39.30565508866252
-4.265331664580726	39.29963024632014
-4.25531914893617	39.296775861642395
-4.245306633291614	39.29525021049121
-4.235294117647059	39.29434670415823
-4.225281602002504	39.293749697175656
-4.215269086357948	39.29330235309804
-4.2052565707133915	39.292923216034666
-4.1952440550688355	39.29257039365292
-4.18523153942428	39.29222378454623
-4.175219023779725	39.29187536908077
-4.165206508135169	39.29152362500318
-4.155193992490613	39.29117026142704
-4.145181476846057	39.29081832815538
-4.135168961201502	39.290471159137006
-4.1251564455569465	39.29013182148597
-4.11514392991239	39.28980286551406
-4.105131414267834	39.28948624794183
-4.095118898623279	39.28918334919523
-4.085106382978723	39.28889503684479
-4.075093867334168	39.288621747017054
-4.065081351689612	39.2883635679835
-4.055068836045056	39.288120317717144
-4.045056320400501	39.287891611734175
-4.035043804755945	39.28767692013569
-4.025031289111389	39.287475614174
-4.015018773466833	39.28728700335856
-4.005006257822277	39.28711036438799
-3.994993742177722	39.2869449632313
-3.9849812265331668	39.28679007159549
-3.9749687108886107	39.28664497887627
-3.9649561952440546	39.28650900052957
-3.9549436795994994	39.28638148364721
-3.9449311639549434	39.286261810379195
-3.934918648310388	39.28614939972118
-3.924906132665832	39.286043708081536
-3.914893617021277	39.2859442289557
-3.904881101376721	39.28585049196366
-3.8948685857321648	39.28576206144904
-3.8848560700876096	39.285678534792225
-3.8748435544430535	39.28559954055239
-3.8648310387984983	39.28552473652553
-3.8548185231539422	39.28545380778159
-3.844806007509387	39.2853864647268
-3.834793491864831	39.28532244122363
-3.824780976220275	39.28526149279027
-3.8147684605757197	39.28520339489331
-3.8047559449311636	39.28514794134153
-3.7947434292866085	39.28509494278503
-3.7847309136420524	39.285044225318835
-3.774718397997497	39.28499562919007
-3.764705882352941	39.28494900760456
-3.754693366708385	39.28490422562825
-3.74468085106383	39.284786772037755
-3.734668335419274	38.62154365102479
-3.7246558197747186	38.29885667975581
-3.7146433041301625	37.62299921072034
-3.7046307884856065	37.352971695886765
-3.6946182728410513	36.54614622497861
-3.684605757196495	35.43482436988985
-3.67459324155194	35.13726558649995
-3.664580725907384	34.86333912159545
-3.6545682102628287	34.860540711465255
-3.6445556946182727	35.39744005287999
-3.6345431789737166	36.018058182047476
-3.6245306633291614	36.280878017888796
-3.6145181476846053	36.722032404793154
-3.60450563204005	36.872797780194276
-3.594493116395494	37.05593779962719
-3.584480600750939	37.37161198771699
-3.574468085106383	37.48081732670604
-3.5644555694618267	37.48534173799143
-3.5544430538172715	37.48548344399627
-3.5444305381727155	37.48563188562663
-3.5344180225281603	37.485787419742955
-3.524405506883604	37.485950426025454
-3.514392991239049	37.48612130918644
-3.504380475594493	37.486300501505504
-3.494367959949937	37.48648846574766
-3.4843554443053817	37.4866856985317
-3.4743429286608256	37.486892734229215
-3.4643304130162704	37.48711014948861
-3.4543178973717144	37.48733856849514
-3.444305381727159	37.48757866909857
-3.434292866082603	37.48783118996303
-3.424280350438047	37.48809693892155
-3.414267834793492	37.48837680274974
-3.4042553191489358	37.48867175861125
-3.3942428035043806	37.488982887471686
-3.3842302878598245	37.48931138983036
-3.3742177722152693	37.48965860417967
-3.3642052565707132	37.490026028673476
-3.354192740926157	37.490415346569876
-3.344180225281602	37.490828456112105
-3.334167709637046	37.491267505627015
-3.3241551939924907	37.4917349347576
-3.3141426783479346	37.492233522908876
-3.3041301627033794	37.49276644618022
-3.2941176470588234	37.49333734429342
-3.2841051314142673	37.49395039931342
-3.274092615769712	37.49461042831738
-3.264080100125156	37.495322992625816
-3.254067584480601	37.49609452680332
-3.2440550688360448	37.496932491432965
-3.2340425531914896	37.49784555476144
-3.2240300375469335	37.49884380985576
-3.2140175219023774	37.49993903614237
-3.2040050062578223	37.501145017502246
-3.193992490613266	37.502477934062306
-3.183979974968711	37.50395685242489
-3.173967459324155	37.50560435082971
-3.1639549436795997	37.50744733410047
-3.1539424280350437	37.50951812210416
-3.1439299123904876	37.511855941160526
-3.1339173967459324	37.51450902063391
-3.1239048811013763	37.51753761368152
-3.113892365456821	37.52101845013721
-3.103879849812265	37.52505143978464
-3.09386733416771	37.52976996420128
-3.083854818523154	37.5353569923844
-3.0738423028785977	37.542070863506886
-3.0638297872340425	37.5502875973169
-3.0538172715894865	37.56057254283827
-3.0438047559449313	37.57380671073636
-3.033792240300375	37.591424489949354
-3.02377972465582	37.615947905471
-3.013767209011264	37.65296700610918
-3.003754693366708	37.723882415217474
-2.9937421777221527	37.91995163820196
-2.9837296620775966	38.26449319034577
-2.9737171464330414	38.635639115075314
-2.9637046307884853	39.2033206833266
-2.95369211514393	39.92058081282869
-2.943679599499374	40.786490374903565
-2.933667083854818	41.93811564202129
-2.923654568210263	43.37164280489181
-2.9136420525657067	45.210497779152284
-2.9036295369211516	47.34554061145017
-2.8936170212765955	49.60066422045292
-2.8836045056320403	51.82217612379413
-2.873591989987484	53.969355931487144
-2.863579474342928	55.97863276552421
-2.853566958698373	57.8894987175831
-2.843554443053817	59.634266579938796
-2.8335419274092617	61.290054854488446
-2.8235294117647056	62.89443974205454
-2.8135168961201504	64.32926573463915
-2.8035043804755944	65.47601810605408
-2.7934918648310383	66.473290999667
-2.783479349186483	67.49526661033448
-2.773466833541927	68.51219833222024
-2.763454317897372	69.4163350020284
-2.7534418022528158	70.14232567371663
-2.7434292866082606	70.68586907281434
-2.7334167709637045	71.11462498347652
-2.7234042553191484	71.53417406490942
-2.7133917396745932	72.00078946089025
-2.703379224030037	72.43421548615464
-2.693366708385482	72.73285071644331
-2.683354192740926	72.75182691477383
-2.6733416770963707	72.58594966777103
-2.6633291614518146	72.33075457392754
-2.6533166458072586	71.98783548931965
-2.6433041301627034	71.53917126775033
-2.6332916145181473	70.87718880161601
-2.623279098873592	69.88284330581709
-2.613266583229036	68.56475595254162
-2.603254067584481	67.07730959298696
-2.593241551939925	65.45972983478927
-2.5832290362953687	63.663026854075
-2.5732165206508135	61.68409171295074
-2.5632040050062574	59.51095823744247
-2.5531914893617023	57.01750199185185
-2.543178973717146	54.27675420470376
-2.533166458072591	51.64131876092668
-2.523153942428035	49.23927669645214
-2.513141426783479	47.10753332614772
-2.5031289111389237	45.33937987734989
-2.4931163954943676	43.841887341194635
-2.4831038798498124	42.47086831678035
-2.4730913642052563	41.227997063408054
-2.463078848560701	40.185805124959195
-2.453066332916145	39.39570258341806
-2.443053817271589	38.826725228233094
-2.433041301627034	38.37740580427317
-2.4230287859824777	38.07881892036447
-2.4130162703379225	37.91335118471804
-2.4030037546933665	37.82614457158082
-2.3929912390488113	37.777349390551876
-2.382978723404255	37.74659804659005
-2.372966207759699	37.72514225132131
-2.362953692115144	37.70916163929503
-2.352941176470588	37.69677773362247
-2.3429286608260327	37.68693117735425
-2.3329161451814766	37.67895430758145
-2.3229036295369214	37.67239330485015
-2.3128911138923653	37.66692466326156
-2.3028785982478093	37.66231076459203
-2.292866082603254	37.658373596685294
-2.282853566958698	37.654977915621714
-2.272841051314143	37.65201984741226
-2.2628285356695867	37.649418881993874
-2.2528160200250316	37.64711210834707
-2.2428035043804755	37.64504999102792
-2.2327909887359194	37.64319323690292
-2.2227784730913642	37.64151044828827
-2.212765957446808	37.63997635151182
-2.202753441802253	37.63857045106169
-2.192740926157697	37.63727600115824
-2.1827284105131417	37.63607921570633
-2.1727158948685856	37.63496865831453
-2.1627033792240296	37.633934769038234
-2.1526908635794744	37.632969495428256
-2.1426783479349183	37.63206600350813
-2.132665832290363	37.631218448313845
-2.122653316645807	37.629264105269165
-2.112640801001252	37.43920185527465
-2.1026282853566958	37.39630512189668
-2.0926157697121397	37.331277041107825
-2.0826032540675845	37.2571218929757
-2.0725907384230284	36.95921040209939
-2.0625782227784732	36.43403863718574
-2.052565707133917	35.71266176081198
-2.042553191489362	35.13991331304581
-2.032540675844806	34.972368206923846
-2.02252816020025	34.702849501685044
-2.0125156445556946	34.8299311775812
-2.0025031289111386	35.01032016286884
-1.9924906132665834	35.52185049112934
-1.9824780976220273	35.757018797625896
-1.9724655819774712	36.22647829421324
-1.962453066332916	36.24395362415379
-1.95244055068836	36.33563093886485
-1.9424280350438048	36.42230788490476
-1.9324155193992487	36.42227898049396
-1.9224030037546935	36.42224881647237
-1.9123904881101375	36.42221831791371
-1.9023779724655814	36.422188601953636
-1.8923654568210262	36.42216126071039
-1.8823529411764701	36.42213852040118
-1.872340425531915	36.422123452200736
-1.8623279098873589	36.42212025233881
-1.8523153942428037	36.42213461525409
-1.8423028785982476	36.42217423238876
-1.8322903629536915	36.42224946143866
-1.8222778473091363	36.42237422800042
-1.8122653316645803	36.42256724564314
-1.802252816020025	36.42285367440783
-1.792240300375469	36.42326738578734
-1.7822277847309138	36.42385407030519
-1.7722152690863577	36.424675520398885
-1.7622027534418017	36.425815558681386
-1.7521902377972465	36.427388277847164
-1.7421777221526904	36.42954954018251
-1.7321652065081352	36.43251308757964
-1.7221526908635791	36.4365731563603
-1.712140175219024	36.44213600611346
-1.7021276595744679	36.44976207668238
-1.6921151439299118	36.46021336237866
-1.6821026282853566	36.47447464900692
-1.6720901126408005	36.4937478710865
-1.6620775969962454	36.520406864501474
-1.6520650813516893	36.5624560821532
-1.642052565707134	36.63797228664473
-1.632040050062578	36.76807534598035
-1.622027534418022	36.98034037532494
-1.6120150187734668	37.308468524315735
-1.6020025031289107	37.78734308208549
-1.5919899874843555	38.537210325931206
-1.5819774718397994	39.614817131867476
-1.5719649561952442	40.95487392316443
-1.5619524405506882	42.52390790557072
-1.551939924906132	44.28563231788505
-1.541927409261577	46.23701999990088
-1.5319148936170208	48.34804417211171
-1.5219023779724656	50.41016859773689
-1.5118898623279096	52.37826965510369
-1.5018773466833544	54.21517076244259
-1.4918648310387983	55.99243333361988
-1.4818523153942422	57.79225890068291
-1.471839799749687	59.57812247904989
-1.461827284105131	61.303323731883125
-1.4518147684605758	62.821346751677936
-1.4418022528160197	64.22242263900053
-1.4317897371714645	65.47548749124353
-1.4217772215269084	66.49683824408791
-1.4117647058823524	67.26297466993117
-1.4017521902377972	67.78012998472121
-1.391739674593241	68.11646343524735
-1.381727158948686	68.297338023357
-1.3717146433041298	68.31057543482916
-1.3617021276595747	68.04622174013652
-1.3516896120150186	67.56360697065207
-1.3416770963704625	67.1588372721008
-1.3316645807259073	66.78669165219493
-1.3216520650813512	66.34819413557331
-1.311639549436796	65.75284200814679
-1.30162703379224	64.97575615712336
-1.2916145181476848	64.04373313077458
-1.2816020025031287	63.01984314002143
-1.2715894868585726	61.83602926179664
-1.2615769712140175	60.33218455819367
-1.2515644555694614	58.5055958826163
-1.2415519399249062	56.445524281684705
-1.2315394242803501	54.23736930877587
-1.221526908635795	52.02999014826181
-1.2115143929912389	49.87364023823943
-1.2015018773466828	47.70192854676565
-1.1914893617021276	45.340580689546414
-1.1814768460575715	43.109292880427915
-1.1714643304130163	41.33484776744997
-1.1614518147684603	39.2942532235852
-1.151439299123905	37.15124694047932
-1.141426783479349	35.17044747614233
-1.131414267834793	33.64064215458549
-1.1214017521902377	32.120478377452386
-1.1113892365456817	30.60643044600479
-1.1013767209011265	29.387376892146833
-1.0913642052565704	28.293723816749228
-1.0813516896120152	27.72889506830905
-1.0713391739674591	27.277205377995436
-1.061326658322903	27.091606826481897
-1.0513141426783479	26.898156118014168
-1.0413016270337918	26.67639769765285
-1.0312891113892366	26.284075940001262
-1.0212765957446805	26.023017625340703
-1.0112640801001254	25.478339706661615
-1.0012515644555693	25.10335490632588
-0.9912390488110132	24.858703586222532
-0.981226533166458	24.50281832987693
-0.971214017521902	24.030780822941473
-0.9612015018773468	23.653235728324844
-0.9511889862327907	23.638673998940867
-0.9411764705882355	24.14015314563067
-0.9311639549436794	24.307238349936426
-0.9211514392991234	24.919210191458976
-0.9111389236545682	25.7724666611769
-0.9011264080100121	27.077536957273203
-0.8911138923654569	27.927745554718094
-0.8811013767209008	28.921946796102812
-0.8710888610763456	29.44195133799942
-0.8610763454317896	29.956560179464557
-0.8510638297872335	30.604320547468536
-0.8410513141426783	31.02265407862283
-0.8310387984981222	31.180270368705894
-0.821026282853567	31.267085480695894
-0.811013767209011	31.38827986346907
-0.8010012515644558	31.63472971695011
-0.7909887359198997	32.07977671480405
-0.7809762202753436	32.6648356800189
-0.7709637046307884	33.13512286311955
-0.7609511889862324	33.74162122542304
-0.7509386733416772	34.558922888386334
-0.7409261576971211	35.399788526249445
-0.7309136420525659	36.27254953399357
-0.7209011264080099	37.21639672765392
-0.7108886107634538	38.2151605208238
-0.7008760951188986	39.20259501135487
-0.6908635794743425	40.15973169183317
-0.6808510638297873	41.0229769161309
-0.6708385481852313	41.76204807848199
-0.6608260325406761	42.43928692106639
-0.65081351689612	43.01924243850455
-0.6408010012515639	43.47710587632665
-0.6307884856070087	43.85121959042229
-0.6207759699624527	44.067391038874895
-0.6107634543178975	44.06039729963448
-0.6007509386733414	43.868490927561275
-0.5907384230287862	43.505170750336035
-0.5807259073842301	43.00417339297513
-0.5707133917396741	42.371291810879235
-0.5607008760951189	41.533078832096805
-0.5506883604505628	40.440913503571174
-0.5406758448060076	39.15432732295744
-0.5306633291614515	37.809821844310235
-0.5206508135168963	36.412310549487174
-0.5106382978723403	34.937288402281595
-0.5006257822277842	33.432692286500284
-0.490613266583229	32.00976233408908
-0.48060075093867294	30.718159497130614
-0.47058823529411775	29.478639511037755
-0.4605757196495617	28.10341566042067
-0.4505632040050065	26.883111799267663
-0.4405506883604504	25.797343195279183
-0.43053817271589434	24.72126569709884
-0.42052565707133915	23.70226260403918
-0.4105131414267831	22.74762186162114
-0.4005006257822279	21.700081857943488
-0.3904881101376718	20.624776480308675
-0.38047559449311663	19.413312774875205
-0.37046307884856056	18.068578316988464
-0.3604505632040045	16.888051301750146
-0.3504380475594493	15.76550126747968
-0.3404255319148932	14.835393121171718
-0.33041301627033803	13.766961474348333
-0.32040050062578196	13.053950296954783
-0.3103879849812259	12.580092202312034
-0.3003754693366707	11.962806302137945
-0.2903629536921146	11.322380178510356
-0.28035043804755944	10.968183843064747
-0.27033792240300336	10.618593949386748
-0.2603254067584482	10.42954794573341
-0.2503128911138921	10.291623733929384
-0.24030037546933602	10.150202150878986
-0.23028785982478084	10.115251085258237
-0.22027534418022476	10.143417783071081
-0.21026282853566958	10.216011625954712
-0.2002503128911135	10.272204978139529
-0.19023779724655832	10.264045742321775
-0.18022528160200224	10.169807268480472
-0.17021276595744617	10.034304449770488
-0.16020025031289098	9.974735882437026
-0.1501877346683349	9.91334360350535
-0.14017521902377972	9.87991578776702
-0.13016270337922364	9.839410285082065
-0.12015018773466846	9.707577844960541
-0.11013767209011238	9.554694288186772
-0.10012515644555631	9.414562538261393
-0.09011264080100112	9.290392920089353
-0.08010012515644505	9.197781978509624
-0.07008760951188986	9.128415377999007
-0.060075093867333784	9.095862444510637
-0.0500625782227786	9.052395102874524
-0.04005006257822252	9.007904437939336
-0.030037546933666448	8.936995344956598
-0.02002503128911126	8.841836632222542
-0.010012515644555187	8.719364754827742
0.0	8.55707140548072
