-8.0	15.106270280985246
-7.989987484355444	16.071986328008173
-7.979974968710889	16.964240383080156
-7.969962453066333	17.659067272696234
-7.9599499374217775	18.27143176939353
-7.949937421777221	18.858189823309022
-7.939924906132666	19.437658677121206
-7.92991239048811	19.93708785931239
-7.919899874843554	20.282664381019476
-7.909887359198999	20.50327696850617
-7.899874843554443	20.65366736225229
-7.889862327909888	20.75725801186968
-7.8798498122653315	20.810452085477554
-7.869837296620776	20.79183896490326
-7.85982478097622	20.687313198710658
-7.849812265331664	20.527053758515898
-7.839799749687109	20.35078569456677
-7.829787234042553	20.157443653289945
-7.819774718397998	19.94338939836411
-7.809762202753442	19.69773765068129
-7.7997496871088865	19.394519874876607
-7.78973717146433	19.000747238579073
-7.779724655819774	18.504340388726742
-7.769712140175219	17.928865414895036
-7.759699624530663	17.292386523903527
-7.749687108886108	16.576262233925934
-7.739674593241552	15.744738266252858
-7.729662077596997	14.895263495904075
-7.719649561952441	14.121644065700611
-7.7096370463078845	13.369130960031715
-7.699624530663329	12.602081204602703
-7.689612015018773	11.881248021070771
-7.679599499374218	11.272264083434107
-7.669586983729662	10.806562479279865
-7.659574468085107	10.477992811856593
-7.649561952440551	10.22797321222171
-7.639549436795995	10.035537074049294
-7.629536921151439	9.914995263081957
-7.619524405506883	9.8610660344785
-7.609511889862328	9.869354304519993
-7.599499374217772	9.890414009628431
-7.589486858573217	9.85335341283558
-7.579474342928661	9.742526531289803
-7.569461827284105	9.60154122940527
-7.55944931163955	9.474897662457257
-7.5494367959949935	9.379180315432057
-7.539424280350438	9.294336100143425
-7.529411764705882	9.21805733188632
-7.519399249061326	9.167782237632403
-7.509386733416771	9.130357756133087
-7.499374217772215	9.102137351395669
-7.48936170212766	9.097212948354986
-7.479349186483104	9.131507760799
-7.4693366708385485	9.196252442082658
-7.459324155193992	9.264753537112133
-7.449311639549437	9.33125413113093
-7.439299123904881	9.390275681921416
-7.429286608260325	9.40121063890758
-7.41927409261577	9.335694588773746
-7.409261576971214	9.211823045765763
-7.399249061326659	9.062971300095906
-7.3892365456821025	8.927065472547824
-7.3792240300375465	8.832753928414531
-7.369211514392991	8.788847199911158
-7.359198998748435	8.783438865904282
-7.34918648310388	8.812801617512362
-7.339173967459324	8.873949147887611
-7.329161451814769	8.938923509360698
-7.319148936170213	8.99333211283748
-7.3091364205256575	9.03370741457577
-7.299123904881101	9.045414573896418
-7.289111389236545	9.018814809780315
-7.27909887359199	8.946929819899639
-7.269086357947434	8.813618431589086
-7.259073842302879	8.624422896909223
-7.249061326658323	8.412634035764453
-7.239048811013767	8.229707545182748
-7.2290362953692116	8.114235517041958
-7.2190237797246555	8.066814982839327
-7.2090112640801	8.064987704675405
-7.198998748435544	8.093537338560859
-7.188986232790989	8.135983798768839
-7.178973717146433	8.16506540084329
-7.168961201501878	8.187901100652791
-7.158948685857322	8.230042635987168
-7.148936170212766	8.284591895463338
-7.13892365456821	8.333142759178578
-7.128911138923654	8.364605307798106
-7.118898623279099	8.393978214592181
-7.108886107634543	8.423233633211472
-7.098873591989987	8.423982462854532
-7.088861076345432	8.404744173407613
-7.078848560700876	8.390796829021548
-7.068836045056321	8.390080041394702
-7.0588235294117645	8.408481605273437
-7.048811013767209	8.442472469391227
-7.038798498122653	8.487603353355963
-7.028785982478098	8.556831186060498
-7.018773466833542	8.658192365874521
-7.008760951188986	8.780650244534618
-6.998748435544431	8.902441453250287
-6.988735919899875	8.990616499155323
-6.9787234042553195	9.024296994331085
-6.968710888610763	9.016396239339487
-6.958698372966207	8.998668808115037
-6.948685857321652	8.992237707268899
-6.938673341677096	9.0056599442576
-6.928660826032541	9.037681345862373
-6.918648310387985	9.081106662380906
-6.908635794743429	9.10685336026033
-6.8986232790988735	9.068257366611622
-6.888610763454318	8.934879013054754
-6.878598247809762	8.70700355316904
-6.868585732165206	8.40401005490052
-6.858573216520651	8.061424343709733
-6.848560700876095	7.724070417664324
-6.83854818523154	7.442089269430804
-6.828535669586984	7.229197066354753
-6.818523153942428	7.052045448906719
-6.808510638297872	6.878828130037384
-6.798498122653316	6.7102733228555165
-6.788485607008761	6.570025758116235
-6.778473091364205	6.471484065147998
-6.768460575719649	6.40916074810243
-6.758448060075094	6.366079056896053
-6.748435544430539	6.325316537858968
-6.7384230287859825	6.277205937983017
-6.7284105131414265	6.233108980957989
-6.718397997496871	6.213039465809177
-6.708385481852315	6.211765674193533
-6.69837296620776	6.264556341762016
-6.688360450563204	6.4211240340607745
-6.678347934918648	6.678106730187594
-6.668335419274093	7.032542557155126
-6.658322903629537	7.4654388410997665
-6.648310387984981	7.979415988331917
-6.638297872340425	8.568765903419582
-6.628285356695869	9.171325444601571
-6.618272841051314	9.768232126102745
-6.608260325406759	10.382499131678891
-6.598247809762203	10.988046841637201
-6.588235294117647	11.621891579149787
-6.578222778473092	12.25915189980513
-6.5682102628285355	12.89106572800875
-6.55819774718398	13.486817155659814
-6.548185231539424	14.00816429174347
-6.538172715894868	14.439610570103994
-6.528160200250313	14.794048691623399
-6.518147684605757	15.035899771606395
-6.508135168961202	15.182486837640084
-6.498122653316646	15.288177203611388
-6.4881101376720896	15.385151706349145
-6.478097622027534	15.494453070759787
-6.468085106382979	15.604936268268096
-6.458072590738423	15.686072537359708
-6.448060075093867	15.751112358262494
-6.438047559449312	15.788514319268582
-6.428035043804756	15.78624025086272
-6.418022528160201	15.738895563575944
-6.4080100125156445	15.654052802553874
-6.397997496871088	15.535704145245349
-6.387984981226533	15.376872766042514
-6.377972465581977	15.203891290053365
-6.367959949937422	15.051870817244039
-6.357947434292866	14.927274212583749
-6.34793491864831	14.843500124777883
-6.337922403003755	14.778318775522196
-6.3279098873591995	14.697590479339599
-6.317897371714643	14.594384789299795
-6.307884856070087	14.487321254743796
-6.297872340425532	14.42473725936378
-6.287859824780976	14.375686120709279
-6.277847309136421	14.340235360481794
-6.267834793491865	14.303751351076142
-6.257822277847309	14.242208139883973
-6.2478097622027535	14.192179273013378
-6.2377972465581975	14.163775374123842
-6.227784730913642	14.150786050259498
-6.217772215269086	14.143262772961837
-6.20775969962453	14.13747231336387
-6.197747183979975	14.132463986648492
-6.18773466833542	14.127977239520204
-6.177722152690864	14.123908185490722
-6.167709637046308	14.120193724428447
-6.157697121401752	14.116786270885706
-6.147684605757196	14.113647324573593
-6.137672090112641	14.110745037233476
-6.127659574468085	14.108052775600422
-6.117647058823529	14.105548069663765
-6.107634543178974	14.103211799064532
-6.097622027534418	14.101025849280331
-6.0876095118898625	14.091532110014631
-6.0775969962453065	13.989057490078011
-6.06758448060075	13.883008673168398
-6.057571964956195	13.700608396863798
-6.04755944931164	13.571786393462947
-6.037546933667084	13.407524511829148
-6.027534418022528	12.983905267576102
-6.017521902377973	12.808388298323868
-6.007509386733417	12.567998708501301
-5.997496871088861	12.310054097613895
-5.987484355444305	11.947729667127325
-5.977471839799749	11.388374241816342
-5.967459324155194	11.006446350999365
-5.957446808510639	10.7155729082367
-5.947434292866083	10.72839391145928
-5.937421777221527	10.405374459838487
-5.927409261576971	10.3947803366137
-5.9173967459324155	10.328577118045727
-5.90738423028786	10.297626554255116
-5.897371714643304	10.349357704504321
-5.887359198998748	10.443061847796246
-5.877346683354192	10.43984267954421
-5.867334167709637	10.43955854437957
-5.857321652065082	10.416591649982802
-5.847309136420526	10.430308349459903
-5.83729662077597	10.430170086045916
-5.827284105131414	10.429744883275522
-5.817271589486858	10.429248073993165
-5.807259073842303	10.42868341183247
-5.797246558197747	10.428069532763459
-5.787234042553191	10.427449900390997
-5.777221526908636	10.426897893352882
-5.767209011264081	10.42649361501001
-5.7571964956195245	10.426239772119228
-5.747183979974968	10.425949506103729
-5.737171464330412	10.425277162853389
-5.727158948685857	10.423979245054005
-5.717146433041302	10.422220585630559
-5.707133917396746	10.421151409192095
-5.69712140175219	10.42900479707363
-5.687108886107635	10.456310236650387
-5.677096370463079	10.490774424563336
-5.667083854818523	10.520502916352559
-5.657071339173967	10.568419894376117
-5.647058823529411	10.651446655367677
-5.637046307884856	10.788859657018788
-5.627033792240301	10.98905483124608
-5.617021276595745	11.189255076384828
-5.607008760951189	11.428446306219444
-5.596996245306633	11.744486605207914
-5.5869837296620775	12.168579698476336
-5.576971214017522	12.565542113645494
-5.566958698372966	12.963334513933788
-5.55694618272841	13.390191171065803
-5.546933667083855	13.802900053220934
-5.536921151439299	14.224183387248772
-5.526908635794744	14.661569453336833
-5.516896120150188	15.120856591740528
-5.5068836045056315	15.59272482415892
-5.496871088861076	16.040598165653805
-5.486858573216521	16.40911893335548
-5.476846057571965	16.648756903806557
-5.466833541927409	16.762081465397586
-5.456821026282853	16.798442268594247
-5.446808510638298	16.81351527928133
-5.4367959949937426	16.796516004128588
-5.4267834793491865	16.723667951957555
-5.41677096370463	16.60724140457341
-5.406758448060075	16.426528539607503
-5.396745932415519	16.165132957078228
-5.386733416770964	15.844558784646301
-5.376720901126408	15.46080069717088
-5.366708385481852	15.050050808444624
-5.356695869837297	14.53952526973354
-5.346683354192741	13.924338062553145
-5.336670838548185	13.211505166739858
-5.326658322903629	12.518088823136056
-5.316645807259073	11.90950842207784
-5.306633291614518	11.330695322348683
-5.296620775969963	10.705790869804444
-5.286608260325407	10.13624731228642
-5.276595744680851	9.681083961367127
-5.2665832290362955	9.333957459625367
-5.256570713391739	9.113155753048794
-5.246558197747184	8.991131149048579
-5.236545682102628	8.827848122050678
-5.226533166458072	8.659244204258853
-5.216520650813517	8.514400254485
-5.206508135168962	8.380415910681313
-5.196495619524406	8.29546062978899
-5.18648310387985	8.231481549440657
-5.1764705882352935	8.127770659592926
-5.166458072590738	8.08056885004632
-5.156445556946183	8.070367210837915
-5.146433041301627	8.035012074273448
-5.136420525657071	7.97816707903324
-5.126408010012516	7.9476842244651404
-5.11639549436796	7.946793286807128
-5.1063829787234045	7.947278516215651
-5.0963704630788484	7.947843127568992
-5.086357947434292	7.94841897662501
-5.076345431789737	7.948985099351721
-5.066332916145182	7.949528363561639
-5.056320400500626	7.950040134533122
-5.04630788485607	7.950515049798942
-5.036295369211514	7.950950178326112
-5.026282853566959	7.9513443725665205
-5.016270337922403	7.9516977655086745
-5.006257822277847	7.952011384800522
-4.996245306633291	7.952286860821395
-4.986232790988735	7.952526208853441
-4.97622027534418	7.95273166875379
-4.966207759699625	7.952905588644949
-4.956195244055069	7.953050341924689
-4.946182728410513	7.953168269253635
-4.9361702127659575	7.95326163910294
-4.926157697121402	7.953332621975217
-4.916145181476846	7.953383274607962
-4.90613266583229	7.953415531390901
-4.896120150187734	7.953431200932568
-4.886107634543179	7.953431966244957
-4.876095118898624	7.953419387416855
-4.866082603254068	7.953394905947479
-4.8560700876095115	7.953359850136916
-4.8460575719649555	7.953315441097022
-4.8360450563204	7.953262799070142
-4.826032540675845	7.953202949834853
-4.816020025031289	7.953136831044707
-4.806007509386733	7.953065298395898
-4.795994993742178	7.952989131555069
-4.785982478097623	7.952909039805164
-4.7759699624530665	7.952825667385506
-4.76595744680851	7.952739598515784
-4.755944931163954	7.952651362103097
-4.745932415519399	7.952561436137537
-4.735919899874844	7.9524702517861625
-4.725907384230288	7.952378197197999
-4.715894868585732	7.952285621034493
-4.705882352941176	7.952192835740487
-4.6958698372966206	7.952100120571336
-4.685857321652065	7.952007724391551
-4.675844806007509	7.951915868260029
-4.665832290362953	7.951824747816413
-4.655819774718398	7.951734535482506
-4.645807259073843	7.9516453824918205
-4.635794743429287	7.951557420759731
-4.625782227784731	7.951470764605933
-4.615769712140175	7.951385512340056
-4.605757196495619	7.951301747720666
-4.595744680851064	7.951219541297194
-4.585732165206508	7.9511389516435615
-4.575719649561952	7.95106002649178
-4.565707133917396	7.950982803773141
-4.555694618272841	7.950907312574013
-4.545682102628286	7.950833574012923
-4.53566958698373	7.95076160204483
-4.5256570713391735	7.950691404198377
-4.515644555694618	7.95062298225119
-4.505632040050063	7.950556332848148
-4.495619524405507	7.950491448066987
-4.485607008760951	7.950428315935425
-4.475594493116395	7.950366920903553
-4.46558197747184	7.950307244275096
-4.4555694618272845	7.950249264600724
-4.4455569461827285	7.950192958036433
-4.435544430538172	7.950138298669815
-4.425531914893616	7.950085224288917
-4.415519399249061	7.897038515689514
-4.405506883604506	7.897094403327711
-4.39549436795995	7.732003863737344
-4.385481852315394	7.731940908377805
-4.375469336670839	7.663915404205805
-4.365456821026283	7.298014954981703
-4.355444305381727	6.698265902754549
-4.345431789737171	5.934252103740121
-4.335419274092615	5.644140986681614
-4.32540675844806	5.072780645435272
-4.315394242803505	4.593657522813795
-4.305381727158949	3.983998761648971
-4.295369211514393	3.8245715390345367
-4.285356695869837	3.2625630817304767
-4.275344180225281	2.7013659235404006
-4.265331664580726	2.247026860034855
-4.25531914893617	1.8394319137917639
-4.245306633291614	1.6051337836949207
-4.235294117647059	1.2682421664943149
-4.225281602002504	0.7318987604294522
-4.215269086357948	0.6155524040172213
-4.2052565707133915	0.5149140485635085
-4.1952440550688355	0.41920191780567906
-4.18523153942428	0.30543876559525523
-4.175219023779725	0.2961106610774887
-4.165206508135169	0.23446484490272204
-4.155193992490613	0.13683868582357225
-4.145181476846057	0.10089303875299879
-4.135168961201502	0.08336232410453959
-4.1251564455569465	0.06348199861525795
-4.11514392991239	0.038356370474554445
-4.105131414267834	0.038356370474554445
-4.095118898623279	0.03835637047513997
-4.085106382978723	0.09464348257587327
-4.075093867334168	0.08185779220621178
-4.065081351689612	0.1570475990333517
-4.055068836045056	0.14484293425267739
-4.045056320400501	0.14484293425276762
-4.035043804755945	0.29365657166350256
-4.025031289111389	0.36213996422596906
-4.015018773466833	0.6327588272195469
-4.005006257822277	0.8125495339720277
-3.994993742177722	0.9647268374203163
-3.9849812265331668	1.0832060351168746
-3.9749687108886107	1.417753609030231
-3.9649561952440546	2.206757191562784
-3.9549436795994994	3.260971007286874
-3.9449311639549434	4.345781783014087
-3.934918648310388	5.860758334689006
-3.924906132665832	6.659269412362804
-3.914893617021277	8.039245709809059
-3.904881101376721	9.426482993889797
-3.8948685857321648	10.782951068348922
-3.8848560700876096	12.295482728929567
-3.8748435544430535	14.157462248519321
-3.8648310387984983	16.534696060303197
-3.8548185231539422	18.153581261396617
-3.844806007509387	18.897288407764865
-3.834793491864831	20.003231077172483
-3.824780976220275	20.54111827604434
-3.8147684605757197	21.199993230429513
-3.8047559449311636	21.45327083673055
-3.7947434292866085	21.4534309713018
-3.7847309136420524	21.56471225577457
-3.774718397997497	21.65974608617497
-3.764705882352941	21.762888499241786
-3.754693366708385	21.862859166094537
-3.74468085106383	21.862753802907413
-3.734668335419274	21.86286164272197
-3.7246558197747186	21.86297554633087
-3.7146433041301625	21.96269239586323
-3.7046307884856065	21.96281906032882
-3.6946182728410513	21.962952399418864
-3.684605757196495	21.963092649507146
-3.67459324155194	21.96324003575174
-3.664580725907384	21.963394788631966
-3.6545682102628287	21.963557143918266
-3.6445556946182727	21.963727342631355
-3.6345431789737166	21.963905630991274
-3.6245306633291614	21.96409226035735
-3.6145181476846053	21.96428748716054
-3.60450563204005	21.964491572830426
-3.594493116395494	21.96470478371953
-3.584480600750939	21.964927391029207
-3.574468085106383	21.965159670741805
-3.5644555694618267	21.96540190356591
-3.5544430538172715	21.965654374902556
-3.5444305381727155	21.96591737484317
-3.5344180225281603	21.966191198211515
-3.524405506883604	21.966476144666203
-3.514392991239049	21.96677251888296
-3.504380475594493	21.967080630840954
-3.494367959949937	21.967400796242668
-3.4843554443053817	21.96773333710339
-3.4743429286608256	21.96807858255413
-3.4643304130162704	21.96843686991142
-3.4543178973717144	21.96880854607858
-3.444305381727159	21.969193969357335
-3.434292866082603	21.969593511764735
-3.424280350438047	21.970007561971105
-3.414267834793492	21.970436528998885
-3.4042553191489358	21.970880846851834
-3.3942428035043806	21.9713409802809
-3.3842302878598245	21.971817431935946
-3.3742177722152693	21.972310751207665
-3.3642052565707132	21.972821545128795
-3.354192740926157	21.973350491785396
-3.344180225281602	21.97389835678872
-3.334167709637046	21.974466013481084
-3.3241551939924907	21.975054467703178
-3.3141426783479346	21.975664888140276
-3.3041301627033794	21.97629864350446
-3.2941176470588234	21.97695734810946
-3.2841051314142673	21.97764291777472
-3.274092615769712	21.97835763847539
-3.264080100125156	21.9791042507693
-3.254067584480601	21.97988605381764
-3.2440550688360448	21.980707033828367
-3.2340425531914896	21.98157202306317
-3.2240300375469335	21.98248689725406
-3.2140175219023774	21.983458821506296
-3.2040050062578223	21.984496557696406
-3.193992490613266	21.985610850243315
-3.183979974968711	21.986814912265263
-3.173967459324155	21.988125040976872
-3.1639549436795997	21.989561400348318
-3.1539424280350437	21.991149021415865
-3.1439299123904876	21.992919087517123
-3.1339173967459324	21.994910595492545
-3.1239048811013763	21.997172521507824
-3.113892365456821	21.999766712146222
-3.103879849812265	22.002772213850562
-3.09386733416771	22.006295966932065
-3.083854818523154	22.010535586588958
-3.0738423028785977	22.01634055938254
-3.0638297872340425	22.030135202407187
-3.0538172715894865	22.079760982658758
-3.0438047559449313	22.13636677813884
-3.033792240300375	22.160714825386176
-3.02377972465582	22.188341152046235
-3.013767209011264	22.24727831417922
-3.003754693366708	22.323975024885005
-2.9937421777221527	22.402503860557548
-2.9837296620775966	22.517926256303134
-2.9737171464330414	22.70964440025628
-2.9637046307884853	23.072889781071453
-2.95369211514393	23.601672191887154
-2.943679599499374	24.158949847327165
-2.933667083854818	24.68363411730355
-2.923654568210263	25.255495727811212
-2.9136420525657067	26.036205134443545
-2.9036295369211516	26.911982551899737
-2.8936170212765955	27.86923404873376
-2.8836045056320403	28.690002625630544
-2.873591989987484	29.348214018313325
-2.863579474342928	29.842968265369688
-2.853566958698373	30.276324484607137
-2.843554443053817	30.81865661181417
-2.8335419274092617	31.540374876994438
-2.8235294117647056	32.495459994270156
-2.8135168961201504	33.40407421536954
-2.8035043804755944	34.2457653040235
-2.7934918648310383	35.1031687735138
-2.783479349186483	36.018225385923735
-2.773466833541927	36.98769478553536
-2.763454317897372	37.916329964941305
-2.7534418022528158	38.70910668744842
-2.7434292866082606	39.32531677551675
-2.7334167709637045	39.8183603703686
-2.7234042553191484	40.22597474214169
-2.7133917396745932	40.510101746079314
-2.703379224030037	40.74471903086973
-2.693366708385482	41.04159729277042
-2.683354192740926	41.37918058631934
-2.6733416770963707	41.66676870994875
-2.6633291614518146	41.89041002848043
-2.6533166458072586	41.96262903756405
-2.6433041301627034	41.93452606311647
-2.6332916145181473	41.85226784777024
-2.623279098873592	41.66939979127637
-2.613266583229036	41.367715772383775
-2.603254067584481	41.02037765182
-2.593241551939925	40.57568966436928
-2.5832290362953687	40.02911205051285
-2.5732165206508135	39.44679639721377
-2.5632040050062574	38.78648699300641
-2.5531914893617023	38.047116419105045
-2.543178973717146	37.26605799951753
-2.533166458072591	36.42610221060311
-2.523153942428035	35.60933268927902
-2.513141426783479	34.87139380990166
-2.5031289111389237	34.22420307384631
-2.4931163954943676	33.438984828401416
-2.4831038798498124	32.53806745135001
-2.4730913642052563	31.74537505060441
-2.463078848560701	31.005580755729014
-2.453066332916145	30.299470707673173
-2.443053817271589	29.613905085129296
-2.433041301627034	29.026489303050166
-2.4230287859824777	28.65930210698618
-2.4130162703379225	28.42120942207469
-2.4030037546933665	28.398124401325777
-2.3929912390488113	28.520911799689284
-2.382978723404255	28.57202114689644
-2.372966207759699	28.745337305174473
-2.362953692115144	28.809473399082535
-2.352941176470588	29.203616186287977
-2.3429286608260327	29.89664320145763
-2.3329161451814766	30.50526158883065
-2.3229036295369214	31.334326808030443
-2.3128911138923653	32.05354116904583
-2.3028785982478093	33.00664777413304
-2.292866082603254	33.884260831686774
-2.282853566958698	34.428087983987744
-2.272841051314143	35.26039131649701
-2.2628285356695867	36.05586628410545
-2.2528160200250316	36.5864989946262
-2.2428035043804755	37.05065666785635
-2.2327909887359194	37.46713782636987
-2.2227784730913642	37.921879925280926
-2.212765957446808	38.23545534378085
-2.202753441802253	38.6757820141487
-2.192740926157697	39.22631817286934
-2.1827284105131417	39.8220117107165
-2.1727158948685856	40.42150956799131
-2.1627033792240296	41.015938694958855
-2.1526908635794744	41.510664258384274
-2.1426783479349183	41.99252000913391
-2.132665832290363	42.619968349421534
-2.122653316645807	43.330131534807826
-2.112640801001252	44.077872492608925
-2.1026282853566958	44.759145755886344
-2.0926157697121397	45.307624967999196
-2.0826032540675845	45.747260080957055
-2.0725907384230284	46.140382755067186
-2.0625782227784732	46.490719310360724
-2.052565707133917	46.8636163706676
-2.042553191489362	47.29216240398216
-2.032540675844806	47.58568662977681
-2.02252816020025	47.68021952880193
-2.0125156445556946	47.76636382087163
-2.0025031289111386	47.946377562913185
-1.9924906132665834	48.103631168843556
-1.9824780976220273	48.268207348792174
-1.9724655819774712	48.398668496434475
-1.962453066332916	48.52960619511861
-1.95244055068836	48.688334743744925
-1.9424280350438048	48.88903741304541
-1.9324155193992487	49.02969650088701
-1.9224030037546935	49.176619422018824
-1.9123904881101375	49.30702035920658
-1.9023779724655814	49.305276517010284
-1.8923654568210262	49.22913009190726
-1.8823529411764701	49.12896023595338
-1.872340425531915	48.937678994906975
-1.8623279098873589	48.690449037213206
-1.8523153942428037	48.515884108377044
-1.8423028785982476	48.388498734053044
-1.8322903629536915	48.2911941575853
-1.8222778473091363	48.14423315576874
-1.8122653316645803	47.973477698469786
-1.802252816020025	47.75208853059514
-1.792240300375469	47.54387291569487
-1.7822277847309138	47.38800281130819
-1.7722152690863577	47.21814529074239
-1.7622027534418017	46.984426665251746
-1.7521902377972465	46.64530239356343
-1.7421777221526904	46.156028128953196
-1.7321652065081352	45.514805620886655
-1.7221526908635791	44.809684767136766
-1.712140175219024	44.10016549673044
-1.7021276595744679	43.39697310248774
-1.6921151439299118	42.544663796540135
-1.6821026282853566	41.50856893051953
-1.6720901126408005	40.41271571752065
-1.6620775969962454	39.47307553852639
-1.6520650813516893	38.587894685904764
-1.642052565707134	37.653039405174376
-1.632040050062578	36.783040647921915
-1.622027534418022	35.85515641922107
-1.6120150187734668	34.85535636844368
-1.6020025031289107	33.83238782706647
-1.5919899874843555	32.57905107008859
-1.5819774718397994	31.387468550927476
-1.5719649561952442	30.407179885902032
-1.5619524405506882	29.553797353022976
-1.551939924906132	28.422474317696025
-1.541927409261577	27.11695544687961
-1.5319148936170208	26.1283049003121
-1.5219023779724656	25.082887372930138
-1.5118898623279096	24.07389446949069
-1.5018773466833544	22.98707819810473
-1.4918648310387983	22.086600465024677
-1.4818523153942422	20.951921168494774
-1.471839799749687	20.149654800698087
-1.461827284105131	19.430473750831837
-1.4518147684605758	19.14976569750465
-1.4418022528160197	18.959397469943
-1.4317897371714645	18.359468793127537
-1.4217772215269084	18.081843691509143
-1.4117647058823524	18.030709819084468
-1.4017521902377972	17.87353185136318
-1.391739674593241	17.816867624673968
-1.381727158948686	17.99581235504169
-1.3717146433041298	18.33478964339178
-1.3617021276595747	18.71480384814642
-1.3516896120150186	19.04640368100444
-1.3416770963704625	19.641130376333358
-1.3316645807259073	20.239282130914468
-1.3216520650813512	20.745332319818292
-1.311639549436796	21.239148881256654
-1.30162703379224	21.863238160427198
-1.2916145181476848	22.660579398985103
-1.2816020025031287	23.563347588638337
-1.2715894868585726	24.464638259600893
-1.2615769712140175	25.273197205851304
-1.2515644555694614	25.93037327875976
-1.2415519399249062	26.404796446917807
-1.2315394242803501	26.713751617197723
-1.221526908635795	26.90032056438009
-1.2115143929912389	27.020027492601784
-1.2015018773466828	27.150354563795762
-1.1914893617021276	27.305269574468817
-1.1814768460575715	27.465337021955104
-1.1714643304130163	27.564148248220622
-1.1614518147684603	27.522847404028663
-1.151439299123905	27.375417299544655
-1.141426783479349	27.250588113474507
-1.131414267834793	27.234777377308934
-1.1214017521902377	27.333628230181155
-1.1113892365456817	27.505344674473566
-1.1013767209011265	27.7093379142028
-1.0913642052565704	27.933492897598143
-1.0813516896120152	28.128268366899277
-1.0713391739674591	28.26042769119163
-1.061326658322903	28.390143526200216
-1.0513141426783479	28.56005807009992
-1.0413016270337918	28.782561030925965
-1.0312891113892366	29.077615477296703
-1.0212765957446805	29.39245736587435
-1.0112640801001254	29.64756470745403
-1.0012515644555693	29.865734864986162
-0.9912390488110132	30.110679220365345
-0.981226533166458	30.361480301939753
-0.971214017521902	30.60309701260614
-0.9612015018773468	30.84844508567744
-0.9511889862327907	31.108039628135412
-0.9411764705882355	31.398967278428643
-0.9311639549436794	31.740456295654482
-0.9211514392991234	32.131474297737434
-0.9111389236545682	32.56974005546488
-0.9011264080100121	33.065601410983724
-0.8911138923654569	33.64163688210042
-0.8811013767209008	34.297616469815765
-0.8710888610763456	34.99826002932802
-0.8610763454317896	35.69200655997258
-0.8510638297872335	36.37434533724282
-0.8410513141426783	37.03027580216956
-0.8310387984981222	37.65424076095492
-0.821026282853567	38.27987869738356
-0.811013767209011	38.94215913989366
-0.8010012515644558	39.56890908092353
-0.7909887359198997	40.05945440760379
-0.7809762202753436	40.38199404146032
-0.7709637046307884	40.56185864884053
-0.7609511889862324	40.683788775151974
-0.7509386733416772	40.841850783497016
-0.7409261576971211	41.06620980039922
-0.7309136420525659	41.27939882036375
-0.7209011264080099	41.39490385938478
-0.7108886107634538	41.376712432728624
-0.7008760951188986	41.32815233619382
-0.6908635794743425	41.25021785895407
-0.6808510638297873	41.115220276098015
-0.6708385481852313	40.85932458542265
-0.6608260325406761	40.37519474029106
-0.65081351689612	39.628800722506874
-0.6408010012515639	38.68829104278085
-0.6307884856070087	37.674334993063056
-0.6207759699624527	36.56127153420297
-0.6107634543178975	35.46814381426962
-0.6007509386733414	34.554065058997494
-0.5907384230287862	33.76847900086941
-0.5807259073842301	32.94924412258221
-0.5707133917396741	32.235297851818
-0.5607008760951189	31.475902649821688
-0.5506883604505628	30.59293697421925
-0.5406758448060076	29.58039986691982
-0.5306633291614515	28.301926830004067
-0.5206508135168963	27.09360282936838
-0.5106382978723403	26.07886562930407
-0.5006257822277842	25.08865656932576
-0.490613266583229	24.189300909206263
-0.48060075093867294	23.265992940843077
-0.47058823529411775	22.324455564163383
-0.4605757196495617	21.550653613267247
-0.4505632040050065	20.974669333393333
-0.4405506883604504	20.490731498838713
-0.43053817271589434	20.087910642457064
-0.42052565707133915	20.117629266148697
-0.4105131414267831	20.265994363144102
-0.4005006257822279	20.543700724447497
-0.3904881101376718	20.76255592322189
-0.38047559449311663	21.147197509611196
-0.37046307884856056	21.675284578046305
-0.3604505632040045	22.213240442830124
-0.3504380475594493	23.01755948925173
-0.3404255319148932	23.88920976072474
-0.33041301627033803	24.908625541705998
-0.32040050062578196	25.74033547905929
-0.3103879849812259	26.754354422748193
-0.3003754693366707	27.756931529251446
-0.2903629536921146	28.71172008983773
-0.28035043804755944	29.539697075139017
-0.27033792240300336	30.214627377392862
-0.2603254067584482	30.859692090886423
-0.2503128911138921	31.68898155639352
-0.24030037546933602	32.36792060175033
-0.23028785982478084	32.93853914023197
-0.22027534418022476	33.594477422876
-0.21026282853566958	34.34532449614569
-0.2002503128911135	35.02919312564777
-0.19023779724655832	35.74881293472976
-0.18022528160200224	36.41866627061839
-0.17021276595744617	36.98996156353731
-0.16020025031289098	37.53195221034198
-0.1501877346683349	38.003536055206176
-0.14017521902377972	38.31618869872551
-0.13016270337922364	38.45877081878405
-0.12015018773466846	38.50313587736384
-0.11013767209011238	38.44946338319762
-0.10012515644555631	38.30866753214781
-0.09011264080100112	38.12045029474675
-0.08010012515644505	37.881809120172974
-0.07008760951188986	37.6847465007373
-0.060075093867333784	37.47188000852977
-0.0500625782227786	37.26887044365279
-0.04005006257822252	37.258372177232864
-0.030037546933666448	37.33334747990141
-0.02002503128911126	37.42057951628103
-0.010012515644555187	37.51554487757951
0.0	37.6242118576897
