-8.0	0.04262879254228113
-7.989987484355444	0.04895559796172896
-7.979974968710889	0.05792064984331872
-7.969962453066333	0.07300798384261604
-7.9599499374217775	0.09773547767538177
-7.949937421777221	0.13449777676597346
-7.939924906132666	0.18398542344750948
-7.92991239048811	0.24497194125664418
-7.919899874843554	0.3144207680235244
-7.909887359198999	0.3887099613829016
-7.899874843554443	0.46663052886061973
-7.889862327909888	0.5528264575392631
-7.8798498122653315	0.6585109624001443
-7.869837296620776	0.7976029669458687
-7.85982478097622	0.9806112637099437
-7.849812265331664	1.2113012848957658
-7.839799749687109	1.488787236216872
-7.829787234042553	1.8121969395960813
-7.819774718397998	2.1823315690389693
-7.809762202753442	2.5978430855066175
-7.7997496871088865	3.049358988748467
-7.78973717146433	3.5180280322710025
-7.779724655819774	3.9818479359878505
-7.769712140175219	4.425611726088108
-7.759699624530663	4.845127052567554
-7.749687108886108	5.2402827606130895
-7.739674593241552	5.6028120171356806
-7.729662077596997	5.911904452794553
-7.719649561952441	6.144780626518296
-7.7096370463078845	6.294228560397484
-7.699624530663329	6.376157373168269
-7.689612015018773	6.418239327663453
-7.679599499374218	6.439233034798615
-7.669586983729662	6.438494330381466
-7.659574468085107	6.4049971856576935
-7.649561952440551	6.335327237818997
-7.639549436795995	6.242104923976544
-7.629536921151439	6.145813940368739
-7.619524405506883	6.059780616732003
-7.609511889862328	5.98240689152839
-7.599499374217772	5.901565129182097
-7.589486858573217	5.805678486645475
-7.579474342928661	5.693140856277207
-7.569461827284105	5.574734833828806
-7.55944931163955	5.468252654580294
-7.5494367959949935	5.389012247021899
-7.539424280350438	5.342662213717611
-7.529411764705882	5.324975843685363
-7.519399249061326	5.32791601560078
-7.509386733416771	5.346656669079056
-7.499374217772215	5.382275557431918
-7.48936170212766	5.438994581526276
-7.479349186483104	5.519135381380397
-7.4693366708385485	5.619834236234436
-7.459324155193992	5.733251602840058
-7.449311639549437	5.849532258600581
-7.439299123904881	5.961121431074638
-7.429286608260325	6.067126660882131
-7.41927409261577	6.175244208348657
-7.409261576971214	6.2978822167187545
-7.399249061326659	6.4426919018811635
-7.3892365456821025	6.604574685404272
-7.3792240300375465	6.76777788280441
-7.369211514392991	6.91819434634877
-7.359198998748435	7.0552420719232405
-7.34918648310388	7.191855361502559
-7.339173967459324	7.3422408815832405
-7.329161451814769	7.509107472413056
-7.319148936170213	7.682034740731159
-7.3091364205256575	7.846303567606157
-7.299123904881101	7.991699171699414
-7.289111389236545	8.115320271846942
-7.27909887359199	8.222636651964196
-7.269086357947434	8.329968384020702
-7.259073842302879	8.461656601689636
-7.249061326658323	8.635883590032066
-7.239048811013767	8.847974302424653
-7.2290362953692116	9.067904903834242
-7.2190237797246555	9.256255768827787
-7.2090112640801	9.385529816490834
-7.198998748435544	9.452144596397655
-7.188986232790989	9.475534210696964
-7.178973717146433	9.488202425586502
-7.168961201501878	9.520396420606616
-7.158948685857322	9.584289088858851
-7.148936170212766	9.667071739325877
-7.13892365456821	9.740382210613278
-7.128911138923654	9.780802913366806
-7.118898623279099	9.78482214215427
-7.108886107634543	9.765840574925717
-7.098873591989987	9.73729471881599
-7.088861076345432	9.697689187339078
-7.078848560700876	9.630096344261634
-7.068836045056321	9.515791994875535
-7.0588235294117645	9.35032701626171
-7.048811013767209	9.148463196446738
-7.038798498122653	8.93403496514345
-7.028785982478098	8.72454706309953
-7.018773466833542	8.524334708985513
-7.008760951188986	8.329669581647325
-6.998748435544431	8.13691215791062
-6.988735919899875	7.944827563539816
-6.9787234042553195	7.751618998108129
-6.968710888610763	7.552507152633726
-6.958698372966207	7.340156625577114
-6.948685857321652	7.105626124987004
-6.938673341677096	6.838315662033054
-6.928660826032541	6.526864981163078
-6.918648310387985	6.163042522581665
-6.908635794743429	5.746767369459333
-6.8986232790988735	5.288003360652613
-6.888610763454318	4.804152762891034
-6.878598247809762	4.316130093616191
-6.868585732165206	3.846276818908265
-6.858573216520651	3.4168524351511276
-6.848560700876095	3.0455974360827778
-6.83854818523154	2.7386037560070395
-6.828535669586984	2.485964587653075
-6.818523153942428	2.265383615728864
-6.808510638297872	2.052609095194018
-6.798498122653316	1.8318529768440195
-6.788485607008761	1.600048977793041
-6.778473091364205	1.3644869309933534
-6.768460575719649	1.1376948943957657
-6.758448060075094	0.9328242298437153
-6.748435544430539	0.7600413798141508
-6.7384230287859825	0.6238244056608849
-6.7284105131414265	0.5221699420297661
-6.718397997496871	0.44831610058484894
-6.708385481852315	0.39367992875538294
-6.69837296620776	0.3502245029959426
-6.688360450563204	0.3119545897556632
-6.678347934918648	0.2760767175511487
-6.668335419274093	0.2434086862200838
-6.658322903629537	0.21705493322416067
-6.648310387984981	0.1998152232257835
-6.638297872340425	0.19246198661395186
-6.628285356695869	0.19443354178255162
-6.618272841051314	0.20626993628621754
-6.608260325406759	0.23182779876410278
-6.598247809762203	0.27881792363772867
-6.588235294117647	0.35739849091023923
-6.578222778473092	0.47762131727162754
-6.5682102628285355	0.6471864594844554
-6.55819774718398	0.8703729168080436
-6.548185231539424	1.1472636110432206
-6.538172715894868	1.4720128598306594
-6.528160200250313	1.831431392951116
-6.518147684605757	2.2070372297768084
-6.508135168961202	2.5806347124958586
-6.498122653316646	2.9385026196025397
-6.4881101376720896	3.2702443748850856
-6.478097622027534	3.5655249151264736
-6.468085106382979	3.815267804615111
-6.458072590738423	4.01730814847191
-6.448060075093867	4.178404100602511
-6.438047559449312	4.307109440974897
-6.428035043804756	4.403456278587332
-6.418022528160201	4.456996948016263
-6.4080100125156445	4.456486753701155
-6.397997496871088	4.40195366838904
-6.387984981226533	4.307690454751302
-6.377972465581977	4.1941008153001755
-6.367959949937422	4.076032684811082
-6.357947434292866	3.956790020380892
-6.34793491864831	3.8316928415971305
-6.337922403003755	3.697860307813601
-6.3279098873591995	3.562173286326595
-6.317897371714643	3.4406251291903795
-6.307884856070087	3.3490920515417124
-6.297872340425532	3.2922445667092513
-6.287859824780976	3.258556482539018
-6.277847309136421	3.224961881595414
-6.267834793491865	3.1681684260035503
-6.257822277847309	3.075557703475527
-6.2478097622027535	2.9499164524129
-6.2377972465581975	2.8069644368196314
-6.227784730913642	2.6681326870705853
-6.217772215269086	2.5519223515779745
-6.20775969962453	2.467126693548712
-6.197747183979975	2.4106591273752995
-6.18773466833542	2.3709873391189444
-6.177722152690864	2.335510344404144
-6.167709637046308	2.2976837276488156
-6.157697121401752	2.2591654724650017
-6.147684605757196	2.2256646720064643
-6.137672090112641	2.2006051640826505
-6.127659574468085	2.18240584066839
-6.117647058823529	2.1670173820260397
-6.107634543178974	2.152355860613215
-6.097622027534418	2.140647184690214
-6.0876095118898625	2.1375446373991775
-6.0775969962453065	2.1492366288910745
-6.06758448060075	2.1792083024291062
-6.057571964956195	2.226053248955539
-6.04755944931164	2.2835060870954567
-6.037546933667084	2.3432536496078207
-6.027534418022528	2.3996444411874576
-6.017521902377973	2.453596351370562
-6.007509386733417	2.5125477698077563
-5.997496871088861	2.585921326022171
-5.987484355444305	2.6796902340967357
-5.977471839799749	2.794574482551129
-5.967459324155194	2.928371385930785
-5.957446808510639	3.0784620211664415
-5.947434292866083	3.2409185318029343
-5.937421777221527	3.4072801503033214
-5.927409261576971	3.5638321185249113
-5.9173967459324155	3.697041838191823
-5.90738423028786	3.802835701000319
-5.897371714643304	3.8916756720654817
-5.887359198998748	3.9829141052817922
-5.877346683354192	4.091519558665992
-5.867334167709637	4.218533424547454
-5.857321652065082	4.353287205298901
-5.847309136420526	4.482983461317024
-5.83729662077597	4.5979215092799235
-5.827284105131414	4.68759632990473
-5.817271589486858	4.735829887098739
-5.807259073842303	4.725414425140557
-5.797246558197747	4.650795233918608
-5.787234042553191	4.525803322353531
-5.777221526908636	4.376652038017458
-5.767209011264081	4.224598399131052
-5.7571964956195245	4.072451320601398
-5.747183979974968	3.905806562739974
-5.737171464330412	3.7077348474963303
-5.727158948685857	3.4747415349243993
-5.717146433041302	3.220713373155629
-5.707133917396746	2.96605700907476
-5.69712140175219	2.7226780887665294
-5.687108886107635	2.4885617479272435
-5.677096370463079	2.255175310442868
-5.667083854818523	2.0185346695070536
-5.657071339173967	1.7835757784152562
-5.647058823529411	1.5603835227965113
-5.637046307884856	1.3581736926139456
-5.627033792240301	1.182001451327327
-5.617021276595745	1.0324053612256343
-5.607008760951189	0.9063129944784015
-5.596996245306633	0.7987175886205956
-5.5869837296620775	0.7051477410649641
-5.576971214017522	0.6239669880319676
-5.566958698372966	0.5571279568752897
-5.55694618272841	0.5089737349547562
-5.546933667083855	0.48399296881523546
-5.536921151439299	0.4851082594595558
-5.526908635794744	0.5135943997089608
-5.516896120150188	0.5701936121078852
-5.5068836045056315	0.6558141443649308
-5.496871088861076	0.7708053827947685
-5.486858573216521	0.913398345959026
-5.476846057571965	1.0783546753972357
-5.466833541927409	1.2561187252928903
-5.456821026282853	1.4328214934891677
-5.446808510638298	1.592390784762686
-5.4367959949937426	1.72114449570011
-5.4267834793491865	1.812344154312937
-5.41677096370463	1.8673518060462284
-5.406758448060075	1.8932064334066987
-5.396745932415519	1.8992191592689638
-5.386733416770964	1.8939097069032484
-5.376720901126408	1.8818617206821042
-5.366708385481852	1.8618577439944457
-5.356695869837297	1.829182131231278
-5.346683354192741	1.7814405242314535
-5.336670838548185	1.7227538798350843
-5.326658322903629	1.6626824760174557
-5.316645807259073	1.6116663524776935
-5.306633291614518	1.5767990792208797
-5.296620775969963	1.559602864422962
-5.286608260325407	1.5560811316457477
-5.276595744680851	1.5596144440599973
-5.2665832290362955	1.5657221216679462
-5.256570713391739	1.5746646411144594
-5.246558197747184	1.5886437735002215
-5.236545682102628	1.6062810551745657
-5.226533166458072	1.6211012979988275
-5.216520650813517	1.6267220817168386
-5.206508135168962	1.6236217930411068
-5.196495619524406	1.6202789190939821
-5.18648310387985	1.6273005320061116
-5.1764705882352935	1.6498127180966549
-5.166458072590738	1.6843190482318053
-5.156445556946183	1.7219493613628039
-5.146433041301627	1.7551172488478937
-5.136420525657071	1.78247314093772
-5.126408010012516	1.8084459553174759
-5.11639549436796	1.83775326932891
-5.1063829787234045	1.8695446901328543
-5.0963704630788484	1.8964627749610874
-5.086357947434292	1.909500652603068
-5.076345431789737	1.904459195808934
-5.066332916145182	1.8852734297259235
-5.056320400500626	1.8626584173989027
-5.04630788485607	1.8490600425648536
-5.036295369211514	1.8518430901014553
-5.026282853566959	1.8678553153447495
-5.016270337922403	1.8833009122394662
-5.006257822277847	1.8802829187805798
-4.996245306633291	1.8458615171625665
-4.986232790988735	1.7767631120668193
-4.97622027534418	1.6771047446606944
-4.966207759699625	1.5531850903816191
-4.956195244055069	1.4106114488023658
-4.946182728410513	1.254560958777026
-4.9361702127659575	1.0906680149732142
-4.926157697121402	0.9250728758810204
-4.916145181476846	0.7641221579031573
-4.90613266583229	0.61416855675537
-4.896120150187734	0.4810768881738021
-4.886107634543179	0.3691429568927925
-4.876095118898624	0.27989401644193534
-4.866082603254068	0.21164739254241396
-4.8560700876095115	0.1603268947790068
-4.8460575719649555	0.1211504545155203
-4.8360450563204	0.09018847720426587
-4.826032540675845	0.06503845389285162
-4.816020025031289	0.04462808901955211
-4.806007509386733	0.028627949317678106
-4.795994993742178	0.016877562982139965
-4.785982478097623	0.009000729199529302
-4.7759699624530665	0.004282015092667832
-4.76595744680851	0.0017965388393421835
-4.755944931163954	0.0006587896932114076
-4.745932415519399	0.00020972536452363208
-4.735919899874844	5.7677314082032447e-05
-4.725907384230288	1.3654056142833592e-05
-4.715894868585732	2.775307284808823e-06
-4.705882352941176	4.834560235882593e-07
-4.6958698372966206	7.208175024244447e-08
-4.685857321652065	9.189642776395869e-09
-4.675844806007509	1.001082066744097e-09
-4.665832290362953	9.313418659843685e-11
-4.655819774718398	7.396782381009454e-12
-4.645807259073843	5.013443755532635e-13
-4.635794743429287	2.899230616428045e-14
-4.625782227784731	1.4302009873784691e-15
-4.615769712140175	6.017397425879058e-17
-4.605757196495619	2.1590297928613263e-18
-4.595744680851064	6.605361140857533e-20
-4.585732165206508	1.7229746821351455e-21
-4.575719649561952	3.8314870302273654e-23
-4.565707133917396	7.263200282131315e-25
-4.555694618272841	1.1736281480852303e-26
-4.545682102628286	1.6163950704461431e-28
-4.53566958698373	1.8973798858272643e-30
-4.5256570713391735	1.8981406591138942e-32
-4.515644555694618	1.618264048335099e-34
-4.505632040050063	1.175705773044434e-36
-4.495619524405507	7.278790088765877e-39
-4.485607008760951	3.839861039691573e-41
-4.475594493116395	1.7260502226647247e-43
-4.46558197747184	6.6108914664379686e-46
-4.4555694618272845	2.1573643893077678e-48
-4.4455569461827285	5.998367893103764e-51
-4.435544430538172	1.4209506276591522e-53
-4.425531914893616	2.867822227426188e-56
-4.415519399249061	4.931109663190282e-59
-4.405506883604506	7.2235198097939235e-62
-4.39549436795995	9.014841426678387e-65
-4.385481852315394	9.584427700591048e-68
-4.375469336670839	8.680956123634537e-71
-4.365456821026283	6.69818500699539e-74
-4.355444305381727	4.4028136443510375e-77
-4.345431789737171	2.4653743016976258e-80
-4.335419274092615	1.1760100058039062e-83
-4.32540675844806	4.778716942193022e-87
-4.315394242803505	1.6541717552018653e-90
-4.305381727158949	4.877710915802992e-94
-4.295369211514393	1.225222883036657e-97
-4.285356695869837	2.6216540932613243e-101
-4.275344180225281	4.7785354214751645e-105
-4.265331664580726	7.419445354397057e-109
-4.25531914893617	9.813039403288606e-113
-4.245306633291614	1.1055783877998318e-116
-4.235294117647059	1.0610308369592163e-120
-4.225281602002504	8.673964630166535e-125
-4.215269086357948	6.040283073105325e-129
-4.2052565707133915	3.582992351053143e-133
-4.1952440550688355	1.810432987110321e-137
-4.18523153942428	7.792308571151159e-142
-4.175219023779725	2.856907360667865e-146
-4.165206508135169	8.922196621634694e-151
-4.155193992490613	2.3735172506646723e-155
-4.145181476846057	5.3784530616047085e-160
-4.135168961201502	1.0381646397580793e-164
-4.1251564455569465	1.706940817875347e-169
-4.11514392991239	2.3906370385459763e-174
-4.105131414267834	2.852012225188284e-179
-4.095118898623279	1.0778341821505832e-182
-4.085106382978723	9.8198808751944e-178
-4.075093867334168	7.831436071938749e-173
-4.065081351689612	5.320104982417215e-168
-4.055068836045056	3.078527829126834e-163
-4.045056320400501	1.5174366816052319e-158
-4.035043804755945	6.371229728997028e-154
-4.025031289111389	2.278671816907273e-149
-4.015018773466833	6.942035455667418e-145
-4.005006257822277	1.8015203627444553e-140
-3.994993742177722	3.9823522550578456e-136
-3.9849812265331668	7.498756496630882e-132
-3.9749687108886107	1.2027875850278107e-127
-3.9649561952440546	1.643387034580229e-123
-3.9549436795994994	1.9126841066951125e-119
-3.9449311639549434	1.8962713236425987e-115
-3.934918648310388	1.6014487269209591e-111
-3.924906132665832	1.1520798419045145e-107
-3.914893617021277	7.060100823777593e-104
-3.904881101376721	3.6855304270777653e-100
-3.8948685857321648	1.6388984827199336e-96
-3.8848560700876096	6.2082536968837055e-93
-3.8748435544430535	2.0033408186227753e-89
-3.8648310387984983	5.506949500016954e-86
-3.8548185231539422	1.2895595068528217e-82
-3.844806007509387	2.5724633661445035e-79
-3.834793491864831	4.371579120115479e-76
-3.824780976220275	6.328678062284642e-73
-3.8147684605757197	7.805087350217997e-70
-3.8047559449311636	8.200449553327138e-67
-3.7947434292866085	7.340036014858345e-64
-3.7847309136420524	5.597129907096968e-61
-3.774718397997497	3.636183995282959e-58
-3.764705882352941	2.0125505966883013e-55
-3.754693366708385	9.49021736776318e-53
-3.74468085106383	3.8127870484897225e-50
-3.734668335419274	1.3051349659044842e-47
-3.7246558197747186	3.806493657693602e-45
-3.7146433041301625	9.459384695763149e-43
-3.7046307884856065	2.0030006131353327e-40
-3.6946182728410513	3.6140417084071044e-38
-3.684605757196495	5.556660185749643e-36
-3.67459324155194	7.280466504830351e-34
-3.664580725907384	8.129182589211325e-32
-3.6545682102628287	7.735638137560651e-30
-3.6445556946182727	6.273764295293527e-28
-3.6345431789737166	4.3367697345657425e-26
-3.6245306633291614	2.5552678016941722e-24
-3.6145181476846053	1.283414705922757e-22
-3.60450563204005	5.4952840296657725e-21
-3.594493116395494	2.0060507387886885e-19
-3.584480600750939	6.244007736976075e-18
-3.574468085106383	1.6573038326274597e-16
-3.5644555694618267	3.751574476471296e-15
-3.5544430538172715	7.243758193509597e-14
-3.5444305381727155	1.193256117588363e-12
-3.5344180225281603	1.6773453144351984e-11
-3.524405506883604	2.0125965349478807e-10
-3.514392991239049	2.0620531670435798e-09
-3.504380475594493	1.804960296585296e-08
-3.494367959949937	1.3506725564157298e-07
-3.4843554443053817	8.648542449125858e-07
-3.4743429286608256	4.7445291591929e-06
-3.4643304130162704	2.2338957264775703e-05
-3.4543178973717144	9.049376450360445e-05
-3.444305381727159	0.0003164823943418815
-3.434292866082603	0.0009600986712811391
-3.424280350438047	0.0025428128040392434
-3.414267834793492	0.005929584893881993
-3.4042553191489358	0.012304551617906464
-3.3942428035043806	0.023008622622543128
-3.3842302878598245	0.03930746803714479
-3.3742177722152693	0.06221921239003925
-3.3642052565707132	0.09251554256455108
-3.354192740926157	0.13096951167871107
-3.344180225281602	0.17881400078625276
-3.334167709637046	0.23810518671673325
-3.3241551939924907	0.31152934969656204
-3.3141426783479346	0.40161837509600984
-3.3041301627033794	0.5100176009161083
-3.2941176470588234	0.6373025306476497
-3.2841051314142673	0.7828955801449183
-3.274092615769712	0.9444744135671671
-3.264080100125156	1.1173522205634436
-3.254067584480601	1.2947997545733123
-3.2440550688360448	1.4692453896252073
-3.2340425531914896	1.6335206765068435
-3.2240300375469335	1.7818593715083344
-3.2140175219023774	1.9105950348774734
-3.2040050062578223	2.0178026577588963
-3.193992490613266	2.101519637918099
-3.183979974968711	2.1581711900615366
-3.173967459324155	2.1835649299859585
-3.1639549436795997	2.1766965612923945
-3.1539424280350437	2.143929964130909
-3.1439299123904876	2.1003780258450058
-3.1339173967459324	2.066461489661672
-3.1239048811013763	2.0600761842038757
-3.113892365456821	2.0881384629542405
-3.103879849812265	2.143097618451711
-3.09386733416771	2.207279045809276
-3.083854818523154	2.2619975866363218
-3.0738423028785977	2.295055255039694
-3.0638297872340425	2.302905421869022
-3.0538172715894865	2.2889971306530454
-3.0438047559449313	2.2617815853325567
-3.033792240300375	2.2333092473297746
-3.02377972465582	2.2163513613622077
-3.013767209011264	2.2188869330491694
-3.003754693366708	2.2391102627250796
-2.9937421777221527	2.266214133069518
-2.9837296620775966	2.287727092669327
-2.9737171464330414	2.2971490762381936
-2.9637046307884853	2.295069794135879
-2.95369211514393	2.2844378455437875
-2.943679599499374	2.2666858540155106
-2.933667083854818	2.242366361997145
-2.923654568210263	2.2129356140505068
-2.9136420525657067	2.1793608640887823
-2.9036295369211516	2.1388554939587383
-2.8936170212765955	2.0846578829099274
-2.8836045056320403	2.0103811327912555
-2.873591989987484	1.9147932199327635
-2.863579474342928	1.8020687890567408
-2.853566958698373	1.6772312510217013
-2.843554443053817	1.5413004421305927
-2.8335419274092617	1.3908979979427585
-2.8235294117647056	1.22289835566427
-2.8135168961201504	1.04009426131245
-2.8035043804755944	0.8529184628907792
-2.7934918648310383	0.6758285987527645
-2.783479349186483	0.5215086891267356
-2.773466833541927	0.39712190588388857
-2.763454317897372	0.30394970044653935
-2.7534418022528158	0.23871121120086272
-2.7434292866082606	0.19487978416199983
-2.7334167709637045	0.16416282508323046
-2.7234042553191484	0.1387970804581521
-2.7133917396745932	0.11396190931249586
-2.703379224030037	0.08872690031160427
-2.693366708385482	0.06490196243369534
-2.683354192740926	0.04480681697106196
-2.6733416770963707	0.029585356833002608
-2.6633291614518146	0.01890552175999458
-2.6533166458072586	0.011673541558213851
-2.6433041301627034	0.006835687085558543
-2.6332916145181473	0.0036911642637169283
-2.623279098873592	0.001789704146484813
-2.613266583229036	0.0007638017953865683
-2.603254067584481	0.0002831970869984138
-2.593241551939925	9.04966644758808e-05
-2.5832290362953687	2.4805539326171427e-05
-2.5732165206508135	5.815961761283123e-06
-2.5632040050062574	1.1644826767625855e-06
-2.5531914893617023	1.9890940906947875e-07
-2.543178973717146	2.8968826891131988e-08
-2.533166458072591	3.5958627461099843e-09
-2.523153942428035	3.803431924307328e-10
-2.513141426783479	3.42758979528884e-11
-2.5031289111389237	2.631512217989108e-12
-2.4931163954943676	1.7210830912120504e-13
-2.4831038798498124	9.588779819061358e-15
-2.4730913642052563	4.55072392820347e-16
-2.463078848560701	1.8397010481656855e-17
-2.453066332916145	6.335192245770877e-19
-2.443053817271589	1.858299243692969e-20
-2.433041301627034	4.643155463556259e-22
-2.4230287859824777	9.882151371214038e-24
-2.4130162703379225	1.791553666899919e-25
-2.4030037546933665	2.7666088421088493e-27
-2.3929912390488113	3.639192614085076e-29
-2.382978723404255	4.077570605510356e-31
-2.372966207759699	3.89167879416888e-33
-2.362953692115144	3.1638177779241216e-35
-2.352941176470588	2.190911647151225e-37
-2.3429286608260327	1.2923411192054053e-39
-2.3329161451814766	6.493342900189099e-42
-2.3229036295369214	2.77906289520102e-44
-2.3128911138923653	1.0131348823911904e-46
-2.3028785982478093	3.1461180197238127e-49
-2.292866082603254	8.321882843390111e-52
-2.282853566958698	1.8750248499712298e-54
-2.272841051314143	3.5986846028522315e-57
-2.2628285356695867	7.643549023334566e-59
-2.2528160200250316	4.100380182086621e-56
-2.2428035043804755	2.0310622841147761e-53
-2.2327909887359194	8.574901473076618e-51
-2.2227784730913642	3.085758249274353e-48
-2.212765957446808	9.465490364530566e-46
-2.202753441802253	2.4751178966198995e-43
-2.192740926157697	5.517532219711314e-41
-2.1827284105131417	1.0486157378877157e-38
-2.1727158948685856	1.6991759360127144e-36
-2.1627033792240296	2.347688776518731e-34
-2.1526908635794744	2.7660140607950256e-32
-2.1426783479349183	2.779157863839665e-30
-2.132665832290363	2.381508450069416e-28
-2.122653316645807	1.7406362911272503e-26
-2.112640801001252	1.085224684800554e-24
-2.1026282853566958	5.772016030103074e-23
-2.0926157697121397	2.619231645272788e-21
-2.0826032540675845	1.0141515294750028e-19
-2.0725907384230284	3.3508901471350137e-18
-2.0625782227784732	9.449170208405384e-17
-2.052565707133917	2.274328407546919e-15
-2.042553191489362	4.672950556814918e-14
-2.032540675844806	8.197163782851585e-13
-2.02252816020025	1.2278100860244781e-11
-2.0125156445556946	1.5705863564970753e-10
-2.0025031289111386	1.7160669969095229e-09
-1.9924906132665834	1.6019317940771057e-08
-1.9824780976220273	1.2779472434292366e-07
-1.9724655819774712	8.715727112628074e-07
-1.962453066332916	5.084435323598166e-06
-1.95244055068836	2.538964798738847e-05
-1.9424280350438048	0.00010864943038645386
-1.9324155193992487	0.0003990968057508342
-1.9224030037546935	0.0012615470182801983
-1.9123904881101375	0.003444771815900075
-1.9023779724655814	0.008172230731725167
-1.8923654568210262	0.01698720605173569
-1.8823529411764701	0.031315929561163
-1.872340425531915	0.052051074791699396
-1.8623279098873589	0.0796459752214334
-1.8523153942428037	0.1148816114005818
-1.8423028785982476	0.1598391294539844
-1.8322903629536915	0.21826384334678575
-1.8222778473091363	0.29463947535678836
-1.8122653316645803	0.3918771141812929
-1.802252816020025	0.5087181729064983
-1.792240300375469	0.6390635634548476
-1.7822277847309138	0.7746374952190062
-1.7722152690863577	0.9095039059399675
-1.7622027534418017	1.0430082138996908
-1.7521902377972465	1.1790945269997932
-1.7421777221526904	1.3228177917801496
-1.7321652065081352	1.4761163146214877
-1.7221526908635791	1.6345066692455232
-1.712140175219024	1.7861680974680882
-1.7021276595744679	1.914874997636849
-1.6921151439299118	2.006596584392253
-1.6821026282853566	2.056253302970202
-1.6720901126408005	2.0695582903962038
-1.6620775969962454	2.05838723000461
-1.6520650813516893	2.0341520571468936
-1.642052565707134	2.005118405800689
-1.632040050062578	1.9782106717449777
-1.622027534418022	1.9603041567957085
-1.6120150187734668	1.955483941345046
-1.6020025031289107	1.9611690044077528
-1.5919899874843555	1.9687771624730241
-1.5819774718397994	1.969922522491587
-1.5719649561952442	1.9627208290887972
-1.5619524405506882	1.952390562180544
-1.551939924906132	1.946145747757148
-1.541927409261577	1.9475308530806494
-1.5319148936170208	1.9548061749303418
-1.5219023779724656	1.9635081515408976
-1.5118898623279096	1.9699008174504111
-1.5018773466833544	1.9723357619246498
-1.4918648310387983	1.9702907092252964
-1.4818523153942422	1.9632279808363
-1.471839799749687	1.9514416593393555
-1.461827284105131	1.9385448068175055
-1.4518147684605758	1.932264225758444
-1.4418022528160197	1.9404622125389486
-1.4317897371714645	1.9640457412461485
-1.4217772215269084	1.993093362336764
-1.4117647058823524	2.010979006921091
-1.4017521902377972	2.003954212905218
-1.391739674593241	1.9683027421896007
-1.381727158948686	1.9097594180441142
-1.3717146433041298	1.837215812058178
-1.3617021276595747	1.756723963672934
-1.3516896120150186	1.669521362955315
-1.3416770963704625	1.5737289365392235
-1.3316645807259073	1.4679051899557267
-1.3216520650813512	1.354799460667555
-1.311639549436796	1.243025316650024
-1.30162703379224	1.1442164558084649
-1.2916145181476848	1.066098570093852
-1.2816020025031287	1.0062650055423175
-1.2715894868585726	0.9523185718405351
-1.2615769712140175	0.8893780165705546
-1.2515644555694614	0.8096995131593192
-1.2415519399249062	0.7172241680095324
-1.2315394242803501	0.624051199479379
-1.221526908635795	0.5422807624656711
-1.2115143929912389	0.47761403212142983
-1.2015018773466828	0.4284444518640494
-1.1914893617021276	0.38925788841533737
-1.1814768460575715	0.35468849633302607
-1.1714643304130163	0.32170231432414126
-1.1614518147684603	0.2896831442644513
-1.151439299123905	0.2593708196537807
-1.141426783479349	0.23158038756393384
-1.131414267834793	0.20637005971996855
-1.1214017521902377	0.18307390968202175
-1.1113892365456817	0.16112410837940486
-1.1013767209011265	0.14107748268831005
-1.0913642052565704	0.12514635984985606
-1.0813516896120152	0.11678269578553961
-1.0713391739674591	0.11930844896862322
-1.061326658322903	0.13424428575872885
-1.0513141426783479	0.16063016753929396
-1.0413016270337918	0.19648260445949428
-1.0312891113892366	0.24203274374564201
-1.0212765957446805	0.3023936502168931
-1.0112640801001254	0.38690270695640194
-1.0012515644555693	0.5046100422739752
-0.9912390488110132	0.6585504775659077
-0.981226533166458	0.842783700327974
-0.971214017521902	1.0446584358348794
-0.9612015018773468	1.2513551324806744
-0.9511889862327907	1.4564377035503184
-0.9411764705882355	1.6614023974036853
-0.9311639549436794	1.8707669328072594
-0.9211514392991234	2.084979946766859
-0.9111389236545682	2.2976625702549427
-0.9011264080100121	2.4994155313200563
-0.8911138923654569	2.6839851613943098
-0.8811013767209008	2.850920561810173
-0.8710888610763456	3.0030755126311153
-0.8610763454317896	3.1422263693195247
-0.8510638297872335	3.267095603843523
-0.8410513141426783	3.375228409263774
-0.8310387984981222	3.466463900744366
-0.821026282853567	3.5443356990685437
-0.811013767209011	3.61371596407531
-0.8010012515644558	3.6762694058416137
-0.7909887359198997	3.7268674434916935
-0.7809762202753436	3.7534959559911596
-0.7709637046307884	3.7413890565614207
-0.7609511889862324	3.6795768040159387
-0.7509386733416772	3.565777070876719
-0.7409261576971211	3.4060668902732147
-0.7309136420525659	3.209898722354306
-0.7209011264080099	2.985399553230703
-0.7108886107634538	2.7395195701301907
-0.7008760951188986	2.481920802389932
-0.6908635794743425	2.226681431703196
-0.6808510638297873	1.9882915194890418
-0.6708385481852313	1.7756679933589938
-0.6608260325406761	1.5909399858128672
-0.65081351689612	1.4346594246462934
-0.6408010012515639	1.312198342517732
-0.6307884856070087	1.2352375023744484
-0.6207759699624527	1.2172980150157917
-0.6107634543178975	1.2669257325276602
-0.6007509386733414	1.3825250491400347
-0.5907384230287862	1.5508777091811419
-0.5807259073842301	1.7501492073280593
-0.5707133917396741	1.9573064052530356
-0.5607008760951189	2.1573389314322164
-0.5506883604505628	2.34862943235729
-0.5406758448060076	2.5397597654347135
-0.5306633291614515	2.739656795272321
-0.5206508135168963	2.9493296474309822
-0.5106382978723403	3.1617775405948896
-0.5006257822277842	3.368259440894887
-0.490613266583229	3.5637026665124436
-0.48060075093867294	3.7468487894375135
-0.47058823529411775	3.916757886817506
-0.4605757196495617	4.069821968247676
-0.4505632040050065	4.200070549484184
-0.4405506883604504	4.303025554533452
-0.43053817271589434	4.380596340149072
-0.42052565707133915	4.442393700561922
-0.4105131414267831	4.500301396010133
-0.4005006257822279	4.558920309835349
-0.3904881101376718	4.60964982719888
-0.38047559449311663	4.634711808713494
-0.37046307884856056	4.6195182033726425
-0.3604505632040045	4.564256244852617
-0.3504380475594493	4.4855028439880655
-0.3404255319148932	4.406473928649323
-0.33041301627033803	4.3431797269636325
-0.32040050062578196	4.295988331267225
-0.3103879849812259	4.251263220756131
-0.3003754693366707	4.190933603379949
-0.2903629536921146	4.103823868433696
-0.28035043804755944	3.9923391573177054
-0.27033792240300336	3.8707093760392417
-0.2603254067584482	3.755858477519213
-0.2503128911138921	3.6574933566219507
-0.24030037546933602	3.5754716375767477
-0.23028785982478084	3.5062335432944263
-0.22027534418022476	3.450671373338494
-0.21026282853566958	3.4138433581302583
-0.2002503128911135	3.3960898391841594
-0.19023779724655832	3.3855967232088657
-0.18022528160200224	3.3619203936777473
-0.17021276595744617	3.3086590438771992
-0.16020025031289098	3.2238636256316267
-0.1501877346683349	3.119007760480805
-0.14017521902377972	3.0082264253525732
-0.13016270337922364	2.8976025858103363
-0.12015018773466846	2.782673456179719
-0.11013767209011238	2.654458772160543
-0.10012515644555631	2.5080271726498666
-0.09011264080100112	2.3471339526398216
-0.08010012515644505	2.1824318367885414
-0.07008760951188986	2.025443005436956
-0.060075093867333784	1.8829502632253725
-0.0500625782227786	1.755464457889961
-0.04005006257822252	1.6397658677164872
-0.030037546933666448	1.5324802587391613
-0.02002503128911126	1.432210053536956
-0.010012515644555187	1.3402794667458156
0.0	1.2606439071222182
