-8.0	0.5143293367134153
-7.989987484355444	0.6346187637817254
-7.979974968710889	0.7830906473173449
-7.969962453066333	0.9568936807686788
-7.9599499374217775	1.1479571403336462
-7.949937421777221	1.3459184417289503
-7.939924906132666	1.5426588228998395
-7.92991239048811	1.734841858253066
-7.919899874843554	1.922506963536106
-7.909887359198999	2.10541349459224
-7.899874843554443	2.2809243573305
-7.889862327909888	2.445831886111621
-7.8798498122653315	2.600777454575965
-7.869837296620776	2.753052498004825
-7.85982478097622	2.914461612229748
-7.849812265331664	3.0951897595234277
-7.839799749687109	3.298135611260041
-7.829787234042553	3.5171558999312365
-7.819774718397998	3.7386655155773405
-7.809762202753442	3.9443762520171
-7.7997496871088865	4.115103323410809
-7.78973717146433	4.236995768409168
-7.779724655819774	4.308894175848971
-7.769712140175219	4.345745064297545
-7.759699624530663	4.37340809609852
-7.749687108886108	4.41597910045103
-7.739674593241552	4.483367018135653
-7.729662077596997	4.567828181934955
-7.719649561952441	4.6515232488837945
-7.7096370463078845	4.7186275890711356
-7.699624530663329	4.763194827930537
-7.689612015018773	4.78925122763146
-7.679599499374218	4.805968425109802
-7.669586983729662	4.82254815198276
-7.659574468085107	4.845663425027982
-7.649561952440551	4.879905849869236
-7.639549436795995	4.9290505644350375
-7.629536921151439	4.994428719205433
-7.619524405506883	5.069985897782119
-7.609511889862328	5.140172754331045
-7.599499374217772	5.187492609964349
-7.589486858573217	5.2068638812847565
-7.579474342928661	5.213957138406675
-7.569461827284105	5.2377101161034325
-7.55944931163955	5.301839071014679
-7.5494367959949935	5.410811320436028
-7.539424280350438	5.55112673059189
-7.529411764705882	5.704001650390086
-7.519399249061326	5.855962320326612
-7.509386733416771	5.998980499443771
-7.499374217772215	6.12537229975938
-7.48936170212766	6.228600329738881
-7.479349186483104	6.311604255617546
-7.4693366708385485	6.391012985322956
-7.459324155193992	6.486887423247456
-7.449311639549437	6.604464134301552
-7.439299123904881	6.726731401903566
-7.429286608260325	6.827772362889085
-7.41927409261577	6.895064703655734
-7.409261576971214	6.939235083855224
-7.399249061326659	6.983395934520266
-7.3892365456821025	7.0447736705991995
-7.3792240300375465	7.125877039063514
-7.369211514392991	7.219349655060277
-7.359198998748435	7.317483484949691
-7.34918648310388	7.416522171055001
-7.339173967459324	7.513815445487917
-7.329161451814769	7.603116332730859
-7.319148936170213	7.674384904549436
-7.3091364205256575	7.719319090387425
-7.299123904881101	7.737149140120944
-7.289111389236545	7.734162483707869
-7.27909887359199	7.717355680463531
-7.269086357947434	7.689982086295635
-7.259073842302879	7.65465070396292
-7.249061326658323	7.6197024451281425
-7.239048811013767	7.599770623281847
-7.2290362953692116	7.60814877617466
-7.2190237797246555	7.647524595823045
-7.2090112640801	7.706343366674718
-7.198998748435544	7.763096589778664
-7.188986232790989	7.796921378733915
-7.178973717146433	7.799343647993513
-7.168961201501878	7.778368288358179
-7.158948685857322	7.749441801793004
-7.148936170212766	7.719737464478947
-7.13892365456821	7.679859170150315
-7.128911138923654	7.609757545946784
-7.118898623279099	7.491917986734763
-7.108886107634543	7.320481233716851
-7.098873591989987	7.101881458870694
-7.088861076345432	6.850601582917125
-7.078848560700876	6.585447146619659
-7.068836045056321	6.327821501124757
-7.0588235294117645	6.09853297983542
-7.048811013767209	5.909822282412266
-7.038798498122653	5.756389689447284
-7.028785982478098	5.61514114379507
-7.018773466833542	5.458250221852394
-7.008760951188986	5.27112298164324
-6.998748435544431	5.060629306735666
-6.988735919899875	4.8474563365046075
-6.9787234042553195	4.650749676099679
-6.968710888610763	4.47842324681045
-6.958698372966207	4.328837027561303
-6.948685857321652	4.198901419434222
-6.938673341677096	4.090506210308273
-6.928660826032541	4.011523343314078
-6.918648310387985	3.9726754948097085
-6.908635794743429	3.9831172410332623
-6.8986232790988735	4.046725722035965
-6.888610763454318	4.160140464169388
-6.878598247809762	4.312957493199282
-6.868585732165206	4.48964163552273
-6.858573216520651	4.672167135893457
-6.848560700876095	4.84304352863935
-6.83854818523154	4.989068272506004
-6.828535669586984	5.104601000382011
-6.818523153942428	5.1909400311830645
-6.808510638297872	5.250422801546445
-6.798498122653316	5.2797830871124996
-6.788485607008761	5.269131456165763
-6.778473091364205	5.206870026967728
-6.768460575719649	5.084733014075566
-6.758448060075094	4.899142942218133
-6.748435544430539	4.65100819738016
-6.7384230287859825	4.346703888717598
-6.7284105131414265	3.998875930412842
-6.718397997496871	3.624700522808893
-6.708385481852315	3.2424053319037105
-6.69837296620776	2.868308060397303
-6.688360450563204	2.514852301294794
-6.678347934918648	2.189318520763213
-6.668335419274093	1.8941237746033603
-6.658322903629537	1.6293561576887854
-6.648310387984981	1.3955078115826125
-6.638297872340425	1.1934019224507186
-6.628285356695869	1.0216912650693204
-6.618272841051314	0.8759636814506585
-6.608260325406759	0.7518568528300957
-6.598247809762203	0.6494406907178255
-6.588235294117647	0.5745370684439084
-6.578222778473092	0.536406328830976
-6.5682102628285355	0.5447195682102394
-6.55819774718398	0.6077249286982328
-6.548185231539424	0.7305405257080504
-6.538172715894868	0.9123451901382937
-6.528160200250313	1.144147306216633
-6.518147684605757	1.4101261672838519
-6.508135168961202	1.6923807638795885
-6.498122653316646	1.975133352648851
-6.4881101376720896	2.2453759495239214
-6.478097622027534	2.4913980190487575
-6.468085106382979	2.702824563405062
-6.458072590738423	2.8734782713764995
-6.448060075093867	3.0044179888244984
-6.438047559449312	3.1028947619291505
-6.428035043804756	3.175993718368834
-6.418022528160201	3.2235515141110613
-6.4080100125156445	3.237249609213421
-6.397997496871088	3.2076203698297174
-6.387984981226533	3.133044942975762
-6.377972465581977	3.023211068660781
-6.367959949937422	2.8951995085305726
-6.357947434292866	2.766595034314248
-6.34793491864831	2.6507637643097826
-6.337922403003755	2.5554810836495268
-6.3279098873591995	2.482801324214654
-6.317897371714643	2.428902527075594
-6.307884856070087	2.3852915846077734
-6.297872340425532	2.342577864959248
-6.287859824780976	2.2948057908255888
-6.277847309136421	2.2406464845724234
-6.267834793491865	2.1804740452754827
-6.257822277847309	2.1128233627670308
-6.2478097622027535	2.0348530079227842
-6.2377972465581975	1.947316753458551
-6.227784730913642	1.8589432341782683
-6.217772215269086	1.7843080062640322
-6.20775969962453	1.735205012469232
-6.197747183979975	1.712500773247464
-6.18773466833542	1.7057842767500984
-6.177722152690864	1.7010643995310963
-6.167709637046308	1.6895955639455222
-6.157697121401752	1.6706057031497
-6.147684605757196	1.6467720563711845
-6.137672090112641	1.6176149253703445
-6.127659574468085	1.5774074688811595
-6.117647058823529	1.52018708075614
-6.107634543178974	1.4482167830870667
-6.097622027534418	1.3763366460655366
-6.0876095118898625	1.326551389332726
-6.0775969962453065	1.3146953969999553
-6.06758448060075	1.3386214331467645
-6.057571964956195	1.3777081641552944
-6.04755944931164	1.4050146263515464
-6.037546933667084	1.4034095252966532
-6.027534418022528	1.3743888225617613
-6.017521902377973	1.3345660369359653
-6.007509386733417	1.3038071046260447
-5.997496871088861	1.2936158838426586
-5.987484355444305	1.3022710052127657
-5.977471839799749	1.317526832185789
-5.967459324155194	1.323608855741183
-5.957446808510639	1.3088476320450546
-5.947434292866083	1.271459092564388
-5.937421777221527	1.2214542247207116
-5.927409261576971	1.1771258241505487
-5.9173967459324155	1.1565820105073223
-5.90738423028786	1.167924696155983
-5.897371714643304	1.2036460817909826
-5.887359198998748	1.2436094206436579
-5.877346683354192	1.266312039007848
-5.867334167709637	1.2621732953504277
-5.857321652065082	1.2396955185063527
-5.847309136420526	1.2191752473967572
-5.83729662077597	1.2176764148253758
-5.827284105131414	1.23620127792226
-5.817271589486858	1.2590433997632
-5.807259073842303	1.2663106011699066
-5.797246558197747	1.2500711740468249
-5.787234042553191	1.2210349061610908
-5.777221526908636	1.2002729404394785
-5.767209011264081	1.2034084049072953
-5.7571964956195245	1.230648312002048
-5.747183979974968	1.2692438092663172
-5.737171464330412	1.3034783528189546
-5.727158948685857	1.3230383122179394
-5.717146433041302	1.3255498387547893
-5.707133917396746	1.3152030482626766
-5.69712140175219	1.3003657214494102
-5.687108886107635	1.2906628875121189
-5.677096370463079	1.2932098147743079
-5.667083854818523	1.3094355049339588
-5.657071339173967	1.3347836181826125
-5.647058823529411	1.3616781969042902
-5.637046307884856	1.3838608733512654
-5.627033792240301	1.3998552981082846
-5.617021276595745	1.4139024363195536
-5.607008760951189	1.4331987535387436
-5.596996245306633	1.4621269156675116
-5.5869837296620775	1.4974811738193528
-5.576971214017522	1.5294759414226378
-5.566958698372966	1.5487968206520002
-5.55694618272841	1.5540218361635487
-5.546933667083855	1.5530727636690462
-5.536921151439299	1.5577424076338688
-5.526908635794744	1.5758978407693824
-5.516896120150188	1.60688798637245
-5.5068836045056315	1.6427334364049246
-5.496871088861076	1.67365709930733
-5.486858573216521	1.6934926853678396
-5.476846057571965	1.7008763338859552
-5.466833541927409	1.6964332706900687
-5.456821026282853	1.67979394307811
-5.446808510638298	1.6488069732751516
-5.4367959949937426	1.5999087583337526
-5.4267834793491865	1.5287680562762678
-5.41677096370463	1.4324018955587758
-5.406758448060075	1.3127606149616549
-5.396745932415519	1.178429238680509
-5.386733416770964	1.0413965776481489
-5.376720901126408	0.9106583070268126
-5.366708385481852	0.7880833651731799
-5.356695869837297	0.670076943253057
-5.346683354192741	0.5532044145503079
-5.336670838548185	0.4386606478992824
-5.326658322903629	0.33215345486151787
-5.316645807259073	0.2401739814389917
-5.306633291614518	0.16633159863841673
-5.296620775969963	0.11040362860255029
-5.286608260325407	0.06980986860357985
-5.276595744680851	0.0414924212657556
-5.2665832290362955	0.02278418710836479
-5.256570713391739	0.011364330147755473
-5.246558197747184	0.005076484215385947
-5.236545682102628	0.0020091674427271194
-5.226533166458072	0.0006989657628588231
-5.216520650813517	0.00021248036542974286
-5.206508135168962	5.618704900776241e-05
-5.196495619524406	1.287769922665974e-05
-5.18648310387985	2.5505544683594314e-06
-5.1764705882352935	4.3545731243499356e-07
-5.166458072590738	6.395317412344854e-08
-5.156445556946183	8.06528084610292e-09
-5.146433041301627	8.72123567336854e-10
-5.136420525657071	8.076182952431664e-11
-5.126408010012516	6.398310497012582e-12
-5.11639549436796	4.3330722867658156e-13
-5.1063829787234045	2.506713752447415e-14
-5.0963704630788484	1.2380937671978926e-15
-5.086357947434292	5.218545120252426e-17
-5.076345431789737	1.8764484389894584e-18
-5.066332916145182	5.754258954748109e-20
-5.056320400500626	1.504549242557076e-21
-5.04630788485607	3.3535592740462304e-23
-5.036295369211514	6.3712160917378e-25
-5.026282853566959	1.0315787814117296e-26
-5.016270337922403	1.4233227578936213e-28
-5.006257822277847	1.6733653743014532e-30
-4.996245306633291	1.676241772316799e-32
-4.986232790988735	1.4306008732809766e-34
-4.97622027534418	1.040202787479924e-36
-4.966207759699625	6.443479745077908e-39
-4.956195244055069	3.400273698644534e-41
-4.946182728410513	1.528581249494636e-43
-4.9361702127659575	5.8537819469928735e-46
-4.926157697121402	1.9096400430098676e-48
-4.916145181476846	5.306745243989382e-51
-4.90613266583229	1.2562106994766172e-53
-4.896120150187734	2.533091130775115e-56
-4.886107634543179	4.3510133228984505e-59
-4.876095118898624	6.366181253817151e-62
-4.866082603254068	7.934411322055445e-65
-4.8560700876095115	8.423566875462073e-68
-4.8460575719649555	7.617662245272715e-71
-4.8360450563204	5.8680087643812715e-74
-4.826032540675845	3.8503687664975136e-77
-4.816020025031289	2.1520668349720664e-80
-4.806007509386733	1.0245908904304033e-83
-4.795994993742178	4.155144033032156e-87
-4.785982478097623	1.4353643794683875e-90
-4.7759699624530665	4.223557733649166e-94
-4.76595744680851	1.0586067264618451e-97
-4.755944931163954	2.2601153550442577e-101
-4.745932415519399	4.110230152492693e-105
-4.735919899874844	6.367091923939742e-109
-4.725907384230288	8.401472945800282e-113
-4.715894868585732	9.442978279996056e-117
-4.705882352941176	9.040692939881446e-121
-4.6958698372966206	7.372818754782461e-125
-4.685857321652065	5.121585861471681e-129
-4.675844806007509	3.030500632158237e-133
-4.665832290362953	1.5274369345016797e-137
-4.655819774718398	6.557694157846371e-142
-4.645807259073843	2.398158960518828e-146
-4.635794743429287	7.470397240546761e-151
-4.625782227784731	1.98220392412017e-155
-4.615769712140175	4.48014283930137e-160
-4.605757196495619	8.625301277569973e-165
-4.595744680851064	1.4144759327958204e-169
-4.585732165206508	1.975857956032711e-174
-4.575719649561952	2.3510114339179493e-179
-4.565707133917396	2.382827598709269e-184
-4.555694618272841	2.0571660922727206e-189
-4.545682102628286	1.512811946828686e-194
-4.53566958698373	9.476312710745023e-200
-4.5256570713391735	5.056298092827169e-205
-4.515644555694618	2.2980781957489184e-210
-4.505632040050063	8.896839983643377e-216
-4.495619524405507	2.9339019835461706e-221
-4.485607008760951	8.241272318936628e-227
-4.475594493116395	1.971885853193254e-232
-4.46558197747184	4.0189085062754124e-238
-4.4555694618272845	6.9770736641776e-244
-4.4455569461827285	1.0317567956919047e-249
-4.435544430538172	1.299631437406426e-255
-4.425531914893616	1.3959912923857248e-261
-4.415519399249061	1.5574937315988622e-258
-4.405506883604506	1.3377567421450145e-252
-4.39549436795995	9.787389855371966e-247
-4.385481852315394	6.09951822878868e-241
-4.375469336670839	3.237897498843365e-235
-4.365456821026283	1.46409611277108e-229
-4.355444305381727	5.639167839691973e-224
-4.345431789737171	1.850117927148913e-218
-4.335419274092615	5.170383739358814e-213
-4.32540675844806	1.2307933421804139e-207
-4.315394242803505	2.49566632268071e-202
-4.305381727158949	4.3104930056434444e-197
-4.295369211514393	6.34171101587875e-192
-4.285356695869837	7.947399846267248e-187
-4.275344180225281	8.483651756239978e-182
-4.265331664580726	7.7140029920656285e-177
-4.25531914893617	5.974698960144386e-172
-4.245306633291614	3.941772633460001e-167
-4.235294117647059	2.215167142300501e-162
-4.225281602002504	1.0603784740302461e-157
-4.215269086357948	4.323693208406599e-153
-4.2052565707133915	1.5017184378060464e-148
-4.1952440550688355	4.442853113017472e-144
-4.18523153942428	1.1196320988698831e-139
-4.175219023779725	2.4034153776562034e-135
-4.165206508135169	4.394633171785206e-131
-4.155193992490613	6.844739771449469e-127
-4.145181476846057	9.080965436322448e-123
-4.135168961201502	1.0262381666063216e-118
-4.1251564455569465	9.878834117485857e-115
-4.11514392991239	8.10037261254482e-111
-4.105131414267834	5.657785951702228e-107
-4.095118898623279	3.366128937784208e-103
-4.085106382978723	1.7059185081013633e-99
-4.075093867334168	7.364271346762466e-96
-4.065081351689612	2.7079835373692093e-92
-4.055068836045056	8.482187678870341e-89
-4.045056320400501	2.263165802609116e-85
-4.035043804755945	5.143664966273297e-82
-4.025031289111389	9.958137649927065e-79
-4.015018773466833	1.642231113954364e-75
-4.005006257822277	2.3069750938119653e-72
-3.994993742177722	2.7606163950022785e-69
-3.9849812265331668	2.814013030471348e-66
-3.9749687108886107	2.4434628609498827e-63
-3.9649561952440546	1.8073742915301194e-60
-3.9549436795994994	1.1388244266237799e-57
-3.9449311639549434	6.1127397033866484e-55
-3.934918648310388	2.795054351233444e-52
-3.924906132665832	1.0887428953876346e-49
-3.914893617021277	3.6128295220129195e-47
-3.904881101376721	1.0213250182295726e-44
-3.8948685857321648	2.4597064011417564e-42
-3.8848560700876096	5.0467885571551285e-40
-3.8748435544430535	8.822074861586938e-38
-3.8648310387984983	1.3139026081134938e-35
-3.8548185231539422	1.6672759631018867e-33
-3.844806007509387	1.8026904387691883e-31
-3.834793491864831	1.660827251972595e-29
-3.824780976220275	1.3038901674665696e-27
-3.8147684605757197	8.723651505395512e-26
-3.8047559449311636	4.974260204479997e-24
-3.7947434292866085	2.4175154312823324e-22
-3.7847309136420524	1.0015320879194686e-20
-3.774718397997497	3.537265245202719e-19
-3.764705882352941	1.0652205473231277e-17
-3.754693366708385	2.7356119841429313e-16
-3.74468085106383	5.9924045252532544e-15
-3.734668335419274	1.119918315613229e-13
-3.7246558197747186	1.786241431408642e-12
-3.7146433041301625	2.4323261881426582e-11
-3.7046307884856065	2.8289683020937737e-10
-3.6946182728410513	2.811927940917117e-09
-3.684605757196495	2.3903335309265725e-08
-3.67459324155194	1.7393308652410637e-07
-3.664580725907384	1.084615028870556e-06
-3.6545682102628287	5.804748955061609e-06
-3.6445556946182727	2.671415512406239e-05
-3.6345431789737166	0.00010598336323492785
-3.6245306633291614	0.0003636565988618769
-3.6145181476846053	0.0010838080072584522
-3.60450563204005	0.0028211132104408445
-3.594493116395494	0.006459299476930048
-3.584480600750939	0.013127229220130576
-3.574468085106383	0.023948448718499334
-3.5644555694618267	0.039758038665620436
-3.5544430538172715	0.06102191857914449
-3.5444305381727155	0.0880909229673593
-3.5344180225281603	0.12168045080977108
-3.524405506883604	0.16334048531135004
-3.514392991239049	0.21577798047024613
-3.504380475594493	0.2829487765631717
-3.494367959949937	0.36958358809207004
-3.4843554443053817	0.4796385531930806
-3.4743429286608256	0.6138132381015764
-3.4643304130162704	0.767497639893753
-3.4543178973717144	0.9308214761099021
-3.444305381727159	1.0912394808334651
-3.434292866082603	1.2375575990678356
-3.424280350438047	1.3635841745784056
-3.414267834793492	1.4693647769691005
-3.4042553191489358	1.558666762282442
-3.3942428035043806	1.634255581839681
-3.3842302878598245	1.6954024728212407
-3.3742177722152693	1.7402563629490018
-3.3642052565707132	1.7700022485993474
-3.354192740926157	1.7895138416700944
-3.344180225281602	1.803724716961644
-3.334167709637046	1.8140795965670942
-3.3241551939924907	1.8188341217625719
-3.3141426783479346	1.8162293313363558
-3.3041301627033794	1.8066200014111393
-3.2941176470588234	1.7914220993259813
-3.2841051314142673	1.7707649210853982
-3.274092615769712	1.743238837222748
-3.264080100125156	1.7086382015846406
-3.254067584480601	1.6712276020416852
-3.2440550688360448	1.6399554428414032
-3.2340425531914896	1.6238244597613636
-3.2240300375469335	1.6248914628300128
-3.2140175219023774	1.6352844161676332
-3.2040050062578223	1.642529432958306
-3.193992490613266	1.6391399152589432
-3.183979974968711	1.6274557303649353
-3.173967459324155	1.6161455325482137
-3.1639549436795997	1.6135096420612076
-3.1539424280350437	1.623673409916172
-3.1439299123904876	1.6460111877905836
-3.1339173967459324	1.6753506682227288
-3.1239048811013763	1.7032842449181487
-3.113892365456821	1.7224099535963
-3.103879849812265	1.7316012931348674
-3.09386733416771	1.7368830678812108
-3.083854818523154	1.7456812514970328
-3.0738423028785977	1.7597253465894538
-3.0638297872340425	1.7743697629959632
-3.0538172715894865	1.7851901106483652
-3.0438047559449313	1.7940853319847478
-3.033792240300375	1.8077206274895317
-3.02377972465582	1.8303372562010383
-3.013767209011264	1.8589741514132099
-3.003754693366708	1.8852306929223788
-2.9937421777221527	1.9002400414260474
-2.9837296620775966	1.897655819557146
-2.9737171464330414	1.8734538447841758
-2.9637046307884853	1.8249692395731436
-2.95369211514393	1.7510863200191815
-2.943679599499374	1.6528607416936973
-2.933667083854818	1.5330410392473621
-2.923654568210263	1.3948042676468602
-2.9136420525657067	1.2414847509969926
-2.9036295369211516	1.0778578747588674
-2.8936170212765955	0.911373423641335
-2.8836045056320403	0.7514620932393762
-2.873591989987484	0.6068467292003185
-2.863579474342928	0.48273316686991086
-2.853566958698373	0.379988130058557
-2.843554443053817	0.2965814774966605
-2.8335419274092617	0.2295304842020897
-2.8235294117647056	0.1757325400306802
-2.8135168961201504	0.13202013628718778
-2.8035043804755944	0.09565067756709085
-2.7934918648310383	0.06520921732203659
-2.783479349186483	0.04076539763500059
-2.773466833541927	0.022864434009810232
-2.763454317897372	0.011322991457665172
-2.7534418022528158	0.004897727345256532
-2.7434292866082606	0.001837427390609713
-2.7334167709637045	0.0005951812084805631
-2.7234042553191484	0.0001659749430598485
-2.7133917396745932	3.976934400098365e-05
-2.703379224030037	8.176917093050004e-06
-2.693366708385482	1.4412972047006916e-06
-2.683354192740926	2.1763664360892813e-07
-2.6733416770963707	2.813739869649083e-08
-2.6633291614518146	3.1132399441164122e-09
-2.6533166458072586	2.946804950255094e-10
-2.6433041301627034	2.385365773408578e-11
-2.6332916145181473	1.6507967006293008e-12
-2.623279098873592	9.764486053186605e-14
-2.613266583229036	4.935306832963605e-15
-2.603254067584481	2.1310211247019212e-16
-2.593241551939925	7.859177092272816e-18
-2.5832290362953687	2.4751147496742795e-19
-2.5732165206508135	6.6552070020074655e-21
-2.5632040050062574	1.5275667347538645e-22
-2.5531914893617023	2.9925451715191665e-24
-2.543178973717146	5.0028494223652254e-26
-2.533166458072591	7.136235475566428e-28
-2.523153942428035	8.684384704201495e-30
-2.513141426783479	9.015176763305321e-32
-2.5031289111389237	7.982257685969997e-34
-2.4931163954943676	6.027651552436718e-36
-2.4831038798498124	3.8814983490486506e-38
-2.4730913642052563	2.131280881937272e-40
-2.463078848560701	9.977829921908773e-43
-2.453066332916145	3.9824699034768705e-45
-2.443053817271589	1.3550625906661647e-47
-2.433041301627034	3.930325345866826e-50
-2.4230287859824777	9.717040409608674e-53
-2.4130162703379225	2.0476324520300696e-55
-2.4030037546933665	3.677566388132496e-58
-2.3929912390488113	5.629105116648845e-61
-2.382978723404255	7.354525106702663e-64
-2.372966207759699	1.0275125897318558e-63
-2.362953692115144	7.74990052644765e-61
-2.352941176470588	4.98299105850462e-58
-2.3429286608260327	2.7291300163372838e-55
-2.3329161451814766	1.2732064836601559e-52
-2.3229036295369214	5.059579369515055e-50
-2.3128911138923653	1.7126614649212297e-47
-2.3028785982478093	4.9382256211986226e-45
-2.292866082603254	1.2128681015330392e-42
-2.282853566958698	2.537468632198504e-40
-2.272841051314143	4.5220338444092477e-38
-2.2628285356695867	6.864595313757553e-36
-2.2528160200250316	8.876599236899962e-34
-2.2428035043804755	9.777595539373309e-32
-2.2327909887359194	9.174352971189757e-30
-2.2227784730913642	7.333005830341103e-28
-2.212765957446808	4.992965667012244e-26
-2.202753441802253	2.896101158202651e-24
-2.192740926157697	1.4310622006982538e-22
-2.1827284105131417	6.0243063068957755e-21
-2.1727158948685856	2.1606150281295268e-19
-2.1627033792240296	6.602260754032552e-18
-2.1526908635794744	1.7190262441767749e-16
-2.1426783479349183	3.814036796970677e-15
-2.132665832290363	7.211880946695891e-14
-2.122653316645807	1.162348088552739e-12
-2.112640801001252	1.5970870555577877e-11
-2.1026282853566958	1.8712418804775328e-10
-2.0926157697121397	1.870144481390878e-09
-2.0826032540675845	1.5949225815446568e-08
-2.0725907384230284	1.1613205128063685e-07
-2.0625782227784732	7.22458600715637e-07
-2.052565707133917	3.843431402922673e-06
-2.042553191489362	1.7506512301350957e-05
-2.032540675844806	6.838594456792685e-05
-2.02252816020025	0.00022961061746215204
-2.0125156445556946	0.0006646887871796374
-2.0025031289111386	0.0016662316755378503
-1.9924906132665834	0.003639555648800748
-1.9824780976220273	0.006990284849281573
-1.9724655819774712	0.011963355916399077
-1.962453066332916	0.018598855096416452
-1.95244055068836	0.026965446633416365
-1.9424280350438048	0.037615911179870745
-1.9324155193992487	0.05192846081998031
-1.9224030037546935	0.07194598296742905
-1.9123904881101375	0.09966263658121681
-1.9023779724655814	0.13626482340471288
-1.8923654568210262	0.18211997928767634
-1.8823529411764701	0.23781547752462193
-1.872340425531915	0.30541660642583085
-1.8623279098873589	0.3884138643297685
-1.8523153942428037	0.48962837056011677
-1.8423028785982476	0.6082200595941443
-1.8322903629536915	0.7380822797811089
-1.8222778473091363	0.8691239785721568
-1.8122653316645803	0.9910574430089405
-1.802252816020025	1.0978165850135513
-1.792240300375469	1.1900650512312942
-1.7822277847309138	1.2737370656433802
-1.7722152690863577	1.3551329914991126
-1.7622027534418017	1.4364508361778023
-1.7521902377972465	1.5154163077178044
-1.7421777221526904	1.5879127098295234
-1.7321652065081352	1.6494082299695616
-1.7221526908635791	1.6943183745611379
-1.712140175219024	1.7169734723108383
-1.7021276595744679	1.7159123919156287
-1.6921151439299118	1.697541046446764
-1.6821026282853566	1.674738695705441
-1.6720901126408005	1.6613107520379737
-1.6620775969962454	1.6664311766054278
-1.6520650813516893	1.691392312917057
-1.642052565707134	1.728803365929915
-1.632040050062578	1.764690991205813
-1.622027534418022	1.7841568583525134
-1.6120150187734668	1.7790916940072656
-1.6020025031289107	1.7535139588458941
-1.5919899874843555	1.7218636538229461
-1.5819774718397994	1.700033006026933
-1.5719649561952442	1.6953635609127498
-1.5619524405506882	1.703670300389097
-1.551939924906132	1.7153757673876509
-1.541927409261577	1.724530031365619
-1.5319148936170208	1.7324085623636494
-1.5219023779724656	1.7434532142504342
-1.5118898623279096	1.7590267961718082
-1.5018773466833544	1.7758358130970362
-1.4918648310387983	1.78989653185053
-1.4818523153942422	1.800761356524733
-1.471839799749687	1.8113463103159082
-1.461827284105131	1.8242435612307362
-1.4518147684605758	1.8385619060863052
-1.4418022528160197	1.8495881700820713
-1.4317897371714645	1.8508520908667792
-1.4217772215269084	1.8374898750333999
-1.4117647058823524	1.809617344952288
-1.4017521902377972	1.7733538907914592
-1.391739674593241	1.7373975796030101
-1.381727158948686	1.7064972182481255
-1.3717146433041298	1.676758718476037
-1.3617021276595747	1.6368704323679784
-1.3516896120150186	1.5745180588369576
-1.3416770963704625	1.483471931190813
-1.3316645807259073	1.3671141180133413
-1.3216520650813512	1.2371002837675298
-1.311639549436796	1.108598000881398
-1.30162703379224	0.994728614698772
-1.2916145181476848	0.9026539617642417
-1.2816020025031287	0.832750827350726
-1.2715894868585726	0.7806673606864382
-1.2615769712140175	0.7403720168150885
-1.2515644555694614	0.7061437361251964
-1.2415519399249062	0.6731814950811813
-1.2315394242803501	0.6379978043581968
-1.221526908635795	0.5992131669976379
-1.2115143929912389	0.5579846947809796
-1.2015018773466828	0.5172100526434347
-1.1914893617021276	0.4797866092574798
-1.1814768460575715	0.4469720312795324
-1.1714643304130163	0.4176874634634913
-1.1614518147684603	0.38912189906550887
-1.151439299123905	0.35851619271029883
-1.141426783479349	0.3251114206888159
-1.131414267834793	0.2905726664613216
-1.1214017521902377	0.25733299118971753
-1.1113892365456817	0.22664559318441183
-1.1013767209011265	0.19852638273857073
-1.0913642052565704	0.1733118319182641
-1.0813516896120152	0.1526222149662545
-1.0713391739674591	0.13862649049130288
-1.061326658322903	0.13265600473944594
-1.0513141426783479	0.13457937728241548
-1.0413016270337918	0.14320109028990052
-1.0312891113892366	0.15708249113535386
-1.0212765957446805	0.17519736941156158
-1.0112640801001254	0.19723328863216874
-1.0012515644555693	0.2236571483984169
-0.9912390488110132	0.2556893079371222
-0.981226533166458	0.29516928701889306
-0.971214017521902	0.34423543903965803
-0.9612015018773468	0.40489798522885073
-0.9511889862327907	0.47869476727919263
-0.9411764705882355	0.5664361080741116
-0.9311639549436794	0.6679284419937671
-0.9211514392991234	0.7820014960615954
-0.9111389236545682	0.9074843810574006
-0.9011264080100121	1.0448165360914987
-0.8911138923654569	1.1966393110986235
-0.8811013767209008	1.3664303238497537
-0.8710888610763456	1.556649499126069
-0.8610763454317896	1.7683107369477435
-0.8510638297872335	2.001329865048589
-0.8410513141426783	2.253512032896162
-0.8310387984981222	2.5184950334960177
-0.821026282853567	2.785769814730038
-0.811013767209011	3.044128792823016
-0.8010012515644558	3.2852898853361
-0.7909887359198997	3.5036802156977287
-0.7809762202753436	3.6932760495526766
-0.7709637046307884	3.846402679539934
-0.7609511889862324	3.956613924118245
-0.7509386733416772	4.022226130333186
-0.7409261576971211	4.046927203301093
-0.7309136420525659	4.0385408135745795
-0.7209011264080099	4.0084728252150486
-0.7108886107634538	3.970681241408931
-0.7008760951188986	3.937240709881698
-0.6908635794743425	3.9117378087983634
-0.6808510638297873	3.886353947072832
-0.6708385481852313	3.8468937883601395
-0.6608260325406761	3.7834246106142855
-0.65081351689612	3.6993783244483565
-0.6408010012515639	3.6129185775105945
-0.6307884856070087	3.5493474257084725
-0.6207759699624527	3.528637712242153
-0.6107634543178975	3.5553586923464953
-0.6007509386733414	3.617457947838653
-0.5907384230287862	3.6947400474265306
-0.5807259073842301	3.770670331699762
-0.5707133917396741	3.8387341339066006
-0.5607008760951189	3.899634366293854
-0.5506883604505628	3.953370946679433
-0.5406758448060076	3.993921130313372
-0.5306633291614515	4.011404903884358
-0.5206508135168963	3.99996167394712
-0.5106382978723403	3.964461397881611
-0.5006257822277842	3.919914434806819
-0.490613266583229	3.883102016454554
-0.48060075093867294	3.86141261173615
-0.47058823529411775	3.845731678273006
-0.4605757196495617	3.812540018577288
-0.4505632040050065	3.735595932598831
-0.4405506883604504	3.6010469991894394
-0.43053817271589434	3.4162104825582063
-0.42052565707133915	3.205924006060585
-0.4105131414267831	2.999140753120224
-0.4005006257822279	2.814975935559375
-0.3904881101376718	2.6566666241599415
-0.38047559449311663	2.5153798356049895
-0.37046307884856056	2.3792239877925727
-0.3604505632040045	2.2410320307580904
-0.3504380475594493	2.1015177874264728
-0.3404255319148932	1.9681332639928706
-0.33041301627033803	1.8513238970752584
-0.32040050062578196	1.759937615704443
-0.3103879849812259	1.697987517621761
-0.3003754693366707	1.664666331589296
-0.2903629536921146	1.6571555227227939
-0.28035043804755944	1.6734173074976335
-0.27033792240300336	1.712674811508565
-0.2603254067584482	1.7737922821406031
-0.2503128911138921	1.8530608716601273
-0.24030037546933602	1.9424632975436538
-0.23028785982478084	2.0294215181447988
-0.22027534418022476	2.099449289469774
-0.21026282853566958	2.141763391636937
-0.2002503128911135	2.154745449464472
-0.19023779724655832	2.1468643763510267
-0.18022528160200224	2.131746063772995
-0.17021276595744617	2.1208678097776597
-0.16020025031289098	2.1189651382216304
-0.1501877346683349	2.1243455056504184
-0.14017521902377972	2.1323590705218596
-0.13016270337922364	2.138884887084915
-0.12015018773466846	2.141855727729825
-0.11013767209011238	2.140769045672837
-0.10012515644555631	2.1358296775768024
-0.09011264080100112	2.1286400102175786
-0.08010012515644505	2.123903493665826
-0.07008760951188986	2.128642283165337
-0.060075093867333784	2.146853260046612
-0.0500625782227786	2.173529875990329
-0.04005006257822252	2.1953804923814233
-0.030037546933666448	2.2004514965900284
-0.02002503128911126	2.189352243274415
-0.010012515644555187	2.177263892230954
0.0	2.183169780850115
