-8.0	9.299268865310644
-7.989987484355444	9.400854334924075
-7.979974968710889	9.461470613995257
-7.969962453066333	9.470661410817186
-7.9599499374217775	9.426382523447842
-7.949937421777221	9.337257995324663
-7.939924906132666	9.221384348340278
-7.92991239048811	9.103641451630175
-7.919899874843554	9.009750396347847
-7.909887359198999	8.95632915971491
-7.899874843554443	8.943386297138565
-7.889862327909888	8.958063208683322
-7.8798498122653315	8.988563958279984
-7.869837296620776	9.034807891730347
-7.85982478097622	9.103960175336743
-7.849812265331664	9.19557345812833
-7.839799749687109	9.293664223626985
-7.829787234042553	9.375641461689055
-7.819774718397998	9.42915895785764
-7.809762202753442	9.460277998388817
-7.7997496871088865	9.486879701897292
-7.78973717146433	9.525261753193124
-7.779724655819774	9.581291265157065
-7.769712140175219	9.651298039296526
-7.759699624530663	9.729405970848259
-7.749687108886108	9.81330702517225
-7.739674593241552	9.90389645245116
-7.729662077596997	10.002201010667585
-7.719649561952441	10.108405380170185
-7.7096370463078845	10.220607287741439
-7.699624530663329	10.32862616311011
-7.689612015018773	10.407427145962298
-7.679599499374218	10.421424021601302
-7.669586983729662	10.341596282967641
-7.659574468085107	10.162056813924737
-7.649561952440551	9.901720427471108
-7.639549436795995	9.591568713457182
-7.629536921151439	9.260223875918033
-7.619524405506883	8.927438694915054
-7.609511889862328	8.604187528992902
-7.599499374217772	8.29349375352394
-7.589486858573217	7.990528827917247
-7.579474342928661	7.685207351014253
-7.569461827284105	7.36891004317387
-7.55944931163955	7.041823759127066
-7.5494367959949935	6.7154500404931055
-7.539424280350438	6.408314923172044
-7.529411764705882	6.137969852645434
-7.519399249061326	5.914542995731496
-7.509386733416771	5.739567060080768
-7.499374217772215	5.610177802227969
-7.48936170212766	5.524878261771004
-7.479349186483104	5.485553263703915
-7.4693366708385485	5.493781426896572
-7.459324155193992	5.545482327756689
-7.449311639549437	5.629815484731448
-7.439299123904881	5.733478199502922
-7.429286608260325	5.846266128040216
-7.41927409261577	5.963965560519832
-7.409261576971214	6.087876650357398
-7.399249061326659	6.221585160067661
-7.3892365456821025	6.365888802764016
-7.3792240300375465	6.514577094659557
-7.369211514392991	6.654795057172722
-7.359198998748435	6.772975862370745
-7.34918648310388	6.862796732481945
-7.339173967459324	6.929546551915481
-7.329161451814769	6.987252788578454
-7.319148936170213	7.049642750964881
-7.3091364205256575	7.120883960499214
-7.299123904881101	7.193190010857735
-7.289111389236545	7.2530630892358054
-7.27909887359199	7.289890646116125
-7.269086357947434	7.298845725192219
-7.259073842302879	7.2773140942050505
-7.249061326658323	7.2213081876849525
-7.239048811013767	7.1268588682232705
-7.2290362953692116	6.994807044932898
-7.2190237797246555	6.834670818137091
-7.2090112640801	6.665470880330457
-7.198998748435544	6.512874687603078
-7.188986232790989	6.401465388547454
-7.178973717146433	6.343538949254179
-7.168961201501878	6.332066070836946
-7.158948685857322	6.346042049503921
-7.148936170212766	6.365714125832202
-7.13892365456821	6.38371280932056
-7.128911138923654	6.401709139633667
-7.118898623279099	6.418876749678594
-7.108886107634543	6.427431792614461
-7.098873591989987	6.419803168317333
-7.088861076345432	6.396202206616224
-7.078848560700876	6.361554362671391
-7.068836045056321	6.314883349635488
-7.0588235294117645	6.242724618294005
-7.048811013767209	6.122586815764127
-7.038798498122653	5.933040876043967
-7.028785982478098	5.663824946679195
-7.018773466833542	5.321118684564827
-7.008760951188986	4.925568780759924
-6.998748435544431	4.503990183961636
-6.988735919899875	4.079701609998604
-6.9787234042553195	3.6672411864391568
-6.968710888610763	3.2734496771261936
-6.958698372966207	2.9026239878936013
-6.948685857321652	2.5617873777762497
-6.938673341677096	2.26256315321309
-6.928660826032541	2.0181199341198415
-6.918648310387985	1.8371481823537055
-6.908635794743429	1.719478174634941
-6.8986232790988735	1.656788468633534
-6.888610763454318	1.6378063625436887
-6.878598247809762	1.6544376527750615
-6.868585732165206	1.7053363202885998
-6.858573216520651	1.7952568602449117
-6.848560700876095	1.9307264175456336
-6.83854818523154	2.1146159239492004
-6.828535669586984	2.3427615784495153
-6.818523153942428	2.603781168060333
-6.808510638297872	2.880662248862957
-6.798498122653316	3.152936690666115
-6.788485607008761	3.400592411340206
-6.778473091364205	3.6105951355557484
-6.768460575719649	3.7825819982024975
-6.758448060075094	3.9277343707205623
-6.748435544430539	4.059596011807402
-6.7384230287859825	4.183520516509264
-6.7284105131414265	4.292945714168275
-6.718397997496871	4.374310000775298
-6.708385481852315	4.416136047492811
-6.69837296620776	4.416807102880521
-6.688360450563204	4.387300240669229
-6.678347934918648	4.347106911708744
-6.668335419274093	4.314975354532432
-6.658322903629537	4.300141148293242
-6.648310387984981	4.299924324072395
-6.638297872340425	4.304746182269958
-6.628285356695869	4.306423648178458
-6.618272841051314	4.30411998889408
-6.608260325406759	4.304144001357338
-6.598247809762203	4.313483615753468
-6.588235294117647	4.331514080892552
-6.578222778473092	4.346539457486533
-6.5682102628285355	4.340700000417869
-6.55819774718398	4.3004798188754965
-6.548185231539424	4.225750773350466
-6.538172715894868	4.130677051295193
-6.528160200250313	4.034894579477566
-6.518147684605757	3.951078821738943
-6.508135168961202	3.8789994546819266
-6.498122653316646	3.810415816573745
-6.4881101376720896	3.738341765808755
-6.478097622027534	3.661053348174112
-6.468085106382979	3.5793110034287356
-6.458072590738423	3.4932478493067713
-6.448060075093867	3.403391335100463
-6.438047559449312	3.313256673407737
-6.428035043804756	3.2291733592979397
-6.418022528160201	3.1571927743217176
-6.4080100125156445	3.0998291157492264
-6.397997496871088	3.0539228606109834
-6.387984981226533	3.009308380196389
-6.377972465581977	2.9492912418030675
-6.367959949937422	2.855017788714063
-6.357947434292866	2.713255252498201
-6.34793491864831	2.5234439491349336
-6.337922403003755	2.299708706731456
-6.3279098873591995	2.066910660118822
-6.317897371714643	1.8533017065362074
-6.307884856070087	1.6834594706949557
-6.297872340425532	1.573886789842239
-6.287859824780976	1.531460308665426
-6.277847309136421	1.5537401406111218
-6.267834793491865	1.6305695698674787
-6.257822277847309	1.7469564561990263
-6.2478097622027535	1.8865973846151385
-6.2377972465581975	2.034422258957288
-6.227784730913642	2.1771868597655266
-6.217772215269086	2.303428489355133
-6.20775969962453	2.4049978011324344
-6.197747183979975	2.479726111424848
-6.18773466833542	2.531743794920334
-6.177722152690864	2.567730741221291
-6.167709637046308	2.592734588543854
-6.157697121401752	2.6105250965201385
-6.147684605757196	2.6276667303702967
-6.137672090112641	2.654805540793762
-6.127659574468085	2.7012668558716224
-6.117647058823529	2.767353661345051
-6.107634543178974	2.8423971383946074
-6.097622027534418	2.9111583303438997
-6.0876095118898625	2.9630160783088164
-6.0775969962453065	2.9961918856584755
-6.06758448060075	3.014752253474511
-6.057571964956195	3.0232246293478804
-6.04755944931164	3.0247182582925607
-6.037546933667084	3.022557629553865
-6.027534418022528	3.0204401816939654
-6.017521902377973	3.018768553899881
-6.007509386733417	3.0110510964616832
-5.997496871088861	2.985102531684025
-5.987484355444305	2.928331054346166
-5.977471839799749	2.8322745222962418
-5.967459324155194	2.693347956676043
-5.957446808510639	2.5110676799502523
-5.947434292866083	2.2869207970306777
-5.937421777221527	2.0257515380449296
-5.927409261576971	1.7386715747548769
-5.9173967459324155	1.4440676366195644
-5.90738423028786	1.1638183835386564
-5.897371714643304	0.9159940824261109
-5.887359198998748	0.7091244548632426
-5.877346683354192	0.5419833162904769
-5.867334167709637	0.4079772179884035
-5.857321652065082	0.30014681307705104
-5.847309136420526	0.21386445656148945
-5.83729662077597	0.14689744492362464
-5.827284105131414	0.09792314663134044
-5.817271589486858	0.06486123195035669
-5.807259073842303	0.0441739350146722
-5.797246558197747	0.0315106427044947
-5.787234042553191	0.023045576663672546
-5.777221526908636	0.016448172150648463
-5.767209011264081	0.010919657624684678
-5.7571964956195245	0.006524115659013692
-5.747183979974968	0.0034396310167429975
-5.737171464330412	0.001582061310632767
-5.727158948685857	0.0006304790920335294
-5.717146433041302	0.00021674013066916469
-5.707133917396746	6.407993860212726e-05
-5.69712140175219	1.6258499982446344e-05
-5.687108886107635	3.5344005023016817e-06
-5.677096370463079	6.574982855589392e-07
-5.667083854818523	1.0456905778831878e-07
-5.657071339173967	1.420746983786676e-08
-5.647058823529411	1.648081323461439e-09
-5.637046307884856	1.6314926189165513e-10
-5.627033792240301	1.3777610206976611e-11
-5.617021276595745	9.922372124256507e-13
-5.607008760951189	6.092654666446045e-14
-5.596996245306633	3.1890727321840477e-15
-5.5869837296620775	1.4227318581190325e-16
-5.576971214017522	5.409158164115256e-18
-5.566958698372966	1.7524358118463026e-19
-5.55694618272841	4.837563481964631e-21
-5.546933667083855	1.137775132787571e-22
-5.536921151439299	2.279869071575945e-24
-5.526908635794744	3.891973955100284e-26
-5.516896120150188	5.660082939622702e-28
-5.5068836045056315	7.01225313524781e-30
-5.496871088861076	7.400576864391134e-32
-5.486858573216521	6.653341293874527e-34
-5.476846057571965	5.095358189539093e-36
-5.466833541927409	3.3240373744567005e-38
-5.456821026282853	1.8471825120243157e-40
-5.446808510638298	8.743868822875716e-43
-5.4367959949937426	3.52569815909132e-45
-5.4267834793491865	1.2109675446836495e-47
-5.41677096370463	3.542944348409768e-50
-5.406758448060075	8.82956832191465e-53
-5.396745932415519	1.8743773115536363e-55
-5.386733416770964	3.389348677664663e-58
-5.376720901126408	5.2205539176240484e-61
-5.366708385481852	6.849479471867573e-64
-5.356695869837297	7.65488782929766e-67
-5.346683354192741	7.287189805065782e-70
-5.336670838548185	5.909096554547529e-73
-5.326658322903629	4.081517474311176e-76
-5.316645807259073	2.4013842328855292e-79
-5.306633291614518	1.2034857495575994e-82
-5.296620775969963	5.137590181343481e-86
-5.286608260325407	1.8681730294692364e-89
-5.276595744680851	5.786471407963571e-93
-5.2665832290362955	1.5266853963287888e-96
-5.256570713391739	3.4310281346198023e-100
-5.246558197747184	6.568072911566847e-104
-5.236545682102628	1.0710027472407203e-107
-5.226533166458072	1.4875861251298948e-111
-5.216520650813517	1.759999531883402e-115
-5.206508135168962	1.773706969551347e-119
-5.196495619524406	1.5226148808370946e-123
-5.18648310387985	1.1133639030793322e-127
-5.1764705882352935	6.934626369699536e-132
-5.166458072590738	3.679153053657786e-136
-5.156445556946183	1.6626908144515653e-140
-5.146433041301627	6.4005013169336496e-145
-5.136420525657071	2.0987240230123862e-149
-5.126408010012516	5.861861092090673e-154
-5.11639549436796	1.3946157224180784e-158
-5.1063829787234045	2.8262621019798253e-163
-5.0963704630788484	4.878756645072879e-168
-5.086357947434292	7.173724907118826e-173
-5.076345431789737	8.985021545061311e-178
-5.066332916145182	9.585888384478618e-183
-5.056320400500626	8.711329749166613e-188
-5.04630788485607	6.74334499278214e-193
-5.036295369211514	4.4463770318130016e-198
-5.026282853566959	2.1019758335601903e-198
-5.016270337922403	3.2198586457240365e-193
-5.006257822277847	4.2013599631115146e-188
-4.996245306633291	4.669622980686916e-183
-4.986232790988735	4.420919241249952e-178
-4.97622027534418	3.565185933306783e-173
-4.966207759699625	2.4490103803568723e-168
-4.956195244055069	1.4329726662648187e-163
-4.946182728410513	7.142068737503683e-159
-4.9361702127659575	3.032138143660456e-154
-4.926157697121402	1.0965104646203076e-149
-4.916145181476846	3.377656000973884e-145
-4.90613266583229	8.8625131215412e-141
-4.896120150187734	1.980784389406498e-136
-4.886107634543179	3.7709984768380177e-132
-4.876095118898624	6.115251856407723e-128
-4.866082603254068	8.447168903997744e-124
-4.8560700876095115	9.939095120470062e-120
-4.8460575719649555	9.961422365664872e-116
-4.8360450563204	8.50422420017573e-112
-4.826032540675845	6.1842478461949674e-108
-4.816020025031289	3.830697962307057e-104
-4.806007509386733	2.0211929451489154e-100
-4.795994993742178	9.083986404206376e-97
-4.785982478097623	3.4776351454774497e-93
-4.7759699624530665	1.1340452811253817e-89
-4.76595744680851	3.1500367037814825e-86
-4.755944931163954	7.453146731800705e-83
-4.745932415519399	1.5021128709654588e-79
-4.735919899874844	2.5787206753504258e-76
-4.725907384230288	3.770898788516242e-73
-4.715894868585732	4.6970403238848507e-70
-4.705882352941176	4.983592688531948e-67
-4.6958698372966206	4.504012946963924e-64
-4.685857321652065	3.4673330507177e-61
-4.675844806007509	2.2736851600925654e-58
-4.665832290362953	1.2700006229816155e-55
-4.655819774718398	6.04249611131067e-53
-4.645807259073843	2.448880900323929e-50
-4.635794743429287	8.453913255722082e-48
-4.625782227784731	2.4859177161277638e-45
-4.615769712140175	6.226651371084542e-43
-4.605757196495619	1.3284988724128796e-40
-4.595744680851064	2.4143858032554325e-38
-4.585732165206508	3.737584208932688e-36
-4.575719649561952	4.928492982968903e-34
-4.565707133917396	5.535745781236472e-32
-4.555694618272841	5.296353595894756e-30
-4.545682102628286	4.316349918255876e-28
-4.53566958698373	2.99636804580644e-26
-4.5256570713391735	1.7717910697603276e-24
-4.515644555694618	8.924187773662656e-23
-4.505632040050063	3.828809262436367e-21
-4.495619524405507	1.399257383501068e-19
-4.485607008760951	4.355824068900733e-18
-4.475594493116395	1.1549998046955938e-16
-4.46558197747184	2.60874943771821e-15
-4.4555694618272845	5.0190525726675157e-14
-4.4455569461827285	8.225269301961622e-13
-4.435544430538172	1.1482003960893976e-11
-4.425531914893616	1.3652897220635374e-10
-4.415519399249061	1.3828411751419662e-09
-4.405506883604506	1.1930586704359422e-08
-4.39549436795995	8.76792505955419e-08
-4.385481852315394	5.488893791091697e-07
-4.375469336670839	2.92712744528339e-06
-4.365456821026283	1.329845285091547e-05
-4.355444305381727	5.147972000628089e-05
-4.345431789737171	0.0001698652986010182
-4.335419274092615	0.00047813526313092235
-4.32540675844806	0.0011500834025378174
-4.315394242803505	0.0023730103561839886
-4.305381727158949	0.00423527973446733
-4.295369211514393	0.00665480473246914
-4.285356695869837	0.009527209635982354
-4.275344180225281	0.013133414721019625
-4.265331664580726	0.018514150512446727
-4.25531914893617	0.027390930720313775
-4.245306633291614	0.041646489634977614
-4.235294117647059	0.06302888576206404
-4.225281602002504	0.09369775394569355
-4.215269086357948	0.1371480376042474
-4.2052565707133915	0.19800229705696037
-4.1952440550688355	0.27976441401113483
-4.18523153942428	0.38191425123034084
-4.175219023779725	0.49937362747461045
-4.165206508135169	0.6259372029779041
-4.155193992490613	0.7594335715563778
-4.145181476846057	0.9041150472379079
-4.135168961201502	1.0680115546509243
-4.1251564455569465	1.2575402842064654
-4.11514392991239	1.473236612617233
-4.105131414267834	1.7077659527678668
-4.095118898623279	1.9454203683364937
-4.085106382978723	2.164440973568195
-4.075093867334168	2.3447254147910366
-4.065081351689612	2.4783816562130476
-4.055068836045056	2.574643431499848
-4.045056320400501	2.6536247942967948
-4.035043804755945	2.7333136546370094
-4.025031289111389	2.8192690213194944
-4.015018773466833	2.9023632395383268
-4.005006257822277	2.964017537222525
-3.994993742177722	2.986299487173549
-3.9849812265331668	2.9630102789752386
-3.9749687108886107	2.9054107933294975
-3.9649561952440546	2.8375055470738793
-3.9549436795994994	2.7836638165713463
-3.9449311639549434	2.7581266295051226
-3.934918648310388	2.7627974425654953
-3.924906132665832	2.7906275356398136
-3.914893617021277	2.828598503498568
-3.904881101376721	2.859262390749685
-3.8948685857321648	2.864282867362281
-3.8848560700876096	2.8312867200227543
-3.8748435544430535	2.760217240696252
-3.8648310387984983	2.6638912513349617
-3.8548185231539422	2.561098521594217
-3.844806007509387	2.465797992199186
-3.834793491864831	2.3789709323110007
-3.824780976220275	2.28866899285383
-3.8147684605757197	2.1786427635314136
-3.8047559449311636	2.0395429948158
-3.7947434292866085	1.8745192520341218
-3.7847309136420524	1.6956267437357218
-3.774718397997497	1.5148010235287683
-3.764705882352941	1.3369047552520146
-3.754693366708385	1.1598154070173499
-3.74468085106383	0.9802924712923669
-3.734668335419274	0.7998534476809445
-3.7246558197747186	0.6259228522781649
-3.7146433041301625	0.46850453806238096
-3.7046307884856065	0.3360558201011484
-3.6946182728410513	0.23320843731935786
-3.684605757196495	0.16024770273917055
-3.67459324155194	0.11347667517280531
-3.664580725907384	0.08637820506394009
-3.6545682102628287	0.07153043573139065
-3.6445556946182727	0.06248777564951255
-3.6345431789737166	0.05483435643673105
-3.6245306633291614	0.046405919605713226
-3.6145181476846053	0.0370530748276523
-3.60450563204005	0.02804203151442273
-3.594493116395494	0.02108392247164654
-3.584480600750939	0.01734193780805594
-3.574468085106383	0.01699543140733848
-3.5644555694618267	0.019620464471865526
-3.5544430538172715	0.02506689083591058
-3.5444305381727155	0.03420550164125602
-3.5344180225281603	0.049097508465097243
-3.524405506883604	0.07260265770185974
-3.514392991239049	0.10783483613271527
-3.504380475594493	0.1579538611066552
-3.494367959949937	0.22646795165679398
-3.4843554443053817	0.3175669402205366
-3.4743429286608256	0.43544377333644035
-3.4643304130162704	0.5819829735857729
-3.4543178973717144	0.7539373275500096
-3.444305381727159	0.9422382230861633
-3.434292866082603	1.1349881664233579
-3.424280350438047	1.3221610221495055
-3.414267834793492	1.497992934883384
-3.4042553191489358	1.6595358704592473
-3.3942428035043806	1.804139369910914
-3.3842302878598245	1.9291083181008308
-3.3742177722152693	2.0330118381397133
-3.3642052565707132	2.1158593461636515
-3.354192740926157	2.1778556487665472
-3.344180225281602	2.2193077947960465
-3.334167709637046	2.242664262001068
-3.3241551939924907	2.254179137122515
-3.3141426783479346	2.262663255840326
-3.3041301627033794	2.2757800059517437
-3.2941176470588234	2.2961339159710255
-3.2841051314142673	2.3192631963155055
-3.274092615769712	2.3353785008346133
-3.264080100125156	2.3353073761611944
-3.254067584480601	2.3173595888320904
-3.2440550688360448	2.2895045453444482
-3.2340425531914896	2.264740086598014
-3.2240300375469335	2.253765767442974
-3.2140175219023774	2.260737423809972
-3.2040050062578223	2.2837081739180736
-3.193992490613266	2.3172135482646636
-3.183979974968711	2.3545561705762807
-3.173967459324155	2.3895759820653093
-3.1639549436795997	2.418211850522711
-3.1539424280350437	2.438892133349938
-3.1439299123904876	2.450645792296922
-3.1339173967459324	2.4500777139491046
-3.1239048811013763	2.4305194833270534
-3.113892365456821	2.385384875577356
-3.103879849812265	2.313436686405753
-3.09386733416771	2.2210901533072294
-3.083854818523154	2.119570062540937
-3.0738423028785977	2.0196660901708894
-3.0638297872340425	1.9280053556742516
-3.0538172715894865	1.8458193022660536
-3.0438047559449313	1.769342660628562
-3.033792240300375	1.6920773223497498
-3.02377972465582	1.609168788958522
-3.013767209011264	1.5213955577779545
-3.003754693366708	1.4352242175541297
-2.9937421777221527	1.359015054185923
-2.9837296620775966	1.2995161360207501
-2.9737171464330414	1.2618097644193862
-2.9637046307884853	1.2512881409734802
-2.95369211514393	1.2740826662600564
-2.943679599499374	1.3349064292794623
-2.933667083854818	1.434616850264094
-2.923654568210263	1.5698240120878955
-2.9136420525657067	1.7341863148665853
-2.9036295369211516	1.919343288965824
-2.8936170212765955	2.1146999109983677
-2.8836045056320403	2.3077049340589793
-2.873591989987484	2.4866493915261128
-2.863579474342928	2.6455564579909585
-2.853566958698373	2.78791027694333
-2.843554443053817	2.925633855802936
-2.8335419274092617	3.0723871603450346
-2.8235294117647056	3.2341618593464276
-2.8135168961201504	3.4028941348937485
-2.8035043804755944	3.5582916694557625
-2.7934918648310383	3.6781740244357852
-2.783479349186483	3.7506861839238326
-2.773466833541927	3.779168197312902
-2.763454317897372	3.7763017464592035
-2.7534418022528158	3.7534439333960865
-2.7434292866082606	3.714428782665081
-2.7334167709637045	3.6575896909490684
-2.7234042553191484	3.5814056183410323
-2.7133917396745932	3.4862686004065635
-2.703379224030037	3.3702064044471753
-2.693366708385482	3.2244537621382667
-2.683354192740926	3.036380422901463
-2.6733416770963707	2.7997386488882046
-2.6633291614518146	2.523517519403043
-2.6533166458072586	2.2307235374776755
-2.6433041301627034	1.947195626391383
-2.6332916145181473	1.6890758954778993
-2.623279098873592	1.4581768167971039
-2.613266583229036	1.247523402997414
-2.603254067584481	1.05115835985712
-2.593241551939925	0.8697979153504913
-2.5832290362953687	0.7089078025046381
-2.5732165206508135	0.5728524971520916
-2.5632040050062574	0.4610499778855438
-2.5531914893617023	0.36869691922194364
-2.543178973717146	0.2903253116174901
-2.533166458072591	0.22292492495060828
-2.523153942428035	0.16654704418228503
-2.513141426783479	0.12252910618504068
-2.5031289111389237	0.09118127510585407
-2.4931163954943676	0.07079466553806779
-2.4831038798498124	0.05831804593728102
-2.4730913642052563	0.050642125871255265
-2.463078848560701	0.045393819823607386
-2.453066332916145	0.04101022916007943
-2.443053817271589	0.0364887472678807
-2.433041301627034	0.031228803733754314
-2.4230287859824777	0.02509027613863143
-2.4130162703379225	0.01848778867817883
-2.4030037546933665	0.012245610631620354
-2.3929912390488113	0.007177550707825187
-2.382978723404255	0.0036804933236204668
-2.372966207759699	0.0016379980416925202
-2.362953692115144	0.0006292939167137411
-2.352941176470588	0.00020794662415134164
-2.3429286608260327	5.89589329619105e-05
-2.3329161451814766	1.4319495512726931e-05
-2.3229036295369214	2.9757029898395946e-06
-2.3128911138923653	5.286696772301858e-07
-2.3028785982478093	8.025230495220536e-08
-2.292866082603254	1.040442988647053e-08
-2.282853566958698	1.1516468178528883e-09
-2.272841051314143	1.0880350125117127e-10
-2.2628285356695867	8.771868199273954e-12
-2.2528160200250316	6.033720053950453e-13
-2.2428035043804755	3.5403923355706924e-14
-2.2327909887359194	1.7718573445532314e-15
-2.2227784730913642	7.562441863833842e-17
-2.212765957446808	2.752337870477317e-18
-2.202753441802253	8.540889766306478e-20
-2.192740926157697	2.2595690717862456e-21
-2.1827284105131417	5.096035410840161e-23
-2.1727158948685856	9.796931770652578e-25
-2.1627033792240296	1.6053440312065758e-26
-2.1526908635794744	2.2420168363527295e-28
-2.1426783479349183	2.6685614590007876e-30
-2.132665832290363	2.7068259827161027e-32
-2.122653316645807	2.3397399421003023e-34
-2.112640801001252	1.7235862279813128e-36
-2.1026282853566958	4.846057640711764e-38
-2.0926157697121397	5.7668414283597624e-36
-2.0826032540675845	7.527550960192072e-34
-2.0725907384230284	8.372895428528683e-32
-2.0625782227784732	7.936314179421243e-30
-2.052565707133917	6.410689608561219e-28
-2.042553191489362	4.413237143968222e-26
-2.032540675844806	2.5894228383265515e-24
-2.02252816020025	1.2950049215616069e-22
-2.0125156445556946	5.5207163858907975e-21
-2.0025031289111386	2.0063724133563687e-19
-1.9924906132665834	6.216707178674978e-18
-1.9824780976220273	1.642431936660795e-16
-1.9724655819774712	3.700353299912208e-15
-1.962453066332916	7.11024936560129e-14
-1.95244055068836	1.1654044848455134e-12
-1.9424280350438048	1.629641302946243e-11
-1.9324155193992487	1.9445317104059592e-10
-1.9224030037546935	1.980357241969583e-09
-1.9123904881101375	1.7218401097195923e-08
-1.9023779724655814	1.2785002381895804e-07
-1.8923654568210262	8.110274740463339e-07
-1.8823529411764701	4.397500803346482e-06
-1.872340425531915	2.039282660284819e-05
-1.8623279098873589	8.094625971601335e-05
-1.8523153942428037	0.00027531606514131867
-1.8423028785982476	0.0008035952763658006
-1.8322903629536915	0.0020173302973567862
-1.8222778473091363	0.0043705511270176025
-1.8122653316645803	0.008217026049392907
-1.802252816020025	0.013530223789255271
-1.792240300375469	0.019812611357731477
-1.7822277847309138	0.026430101447970363
-1.7722152690863577	0.03321511084295771
-1.7622027534418017	0.04079329359925241
-1.7521902377972465	0.050283707373338996
-1.7421777221526904	0.06273152973362725
-1.7321652065081352	0.07898176530999586
-1.7221526908635791	0.10012752110678594
-1.712140175219024	0.12784064034277962
-1.7021276595744679	0.16395231045338324
-1.6921151439299118	0.20964157065564623
-1.6821026282853566	0.26526164373439637
-1.6720901126408005	0.331188786073823
-1.6620775969962454	0.4087991183684948
-1.6520650813516893	0.5004194794131206
-1.642052565707134	0.608246850133365
-1.632040050062578	0.7333688876637233
-1.622027534418022	0.8759163469552051
-1.6120150187734668	1.0362547115564815
-1.6020025031289107	1.2158830989677512
-1.5919899874843555	1.416454401244992
-1.5819774718397994	1.6369210500847136
-1.5719649561952442	1.8711051846712505
-1.5619524405506882	2.1080959370532732
-1.551939924906132	2.335272404427626
-1.541927409261577	2.5418187193603097
-1.5319148936170208	2.721603230553838
-1.5219023779724656	2.875784025797369
-1.5118898623279096	3.014363314416586
-1.5018773466833544	3.1534514433096867
-1.4918648310387983	3.3057042314331904
-1.4818523153942422	3.4674400384872555
-1.471839799749687	3.612885399595573
-1.461827284105131	3.7046834186192523
-1.4518147684605758	3.7167340122800137
-1.4418022528160197	3.651679047363593
-1.4317897371714645	3.5375985682792175
-1.4217772215269084	3.4074281431709337
-1.4117647058823524	3.280114762240187
-1.4017521902377972	3.157530358820331
-1.391739674593241	3.033378837110236
-1.381727158948686	2.9011895104788645
-1.3717146433041298	2.7555289995323835
-1.3617021276595747	2.591188751127928
-1.3516896120150186	2.4059259951187433
-1.3416770963704625	2.205033199793381
-1.3316645807259073	2.001730704283142
-1.3216520650813512	1.811478464173213
-1.311639549436796	1.6450230755609887
-1.30162703379224	1.5060321936730134
-1.2916145181476848	1.3940529428509938
-1.2816020025031287	1.308992836138033
-1.2715894868585726	1.2537122241525682
-1.2615769712140175	1.2340228670424687
-1.2515644555694614	1.2564829655910816
-1.2415519399249062	1.3244135466901445
-1.2315394242803501	1.4340692985112484
-1.221526908635795	1.5746867500244384
-1.2115143929912389	1.7340686104707632
-1.2015018773466828	1.9056075406848603
-1.1914893617021276	2.0899419925025216
-1.1814768460575715	2.289406180882813
-1.1714643304130163	2.5009954096917655
-1.1614518147684603	2.714933366121537
-1.151439299123905	2.9199255296001714
-1.141426783479349	3.1098032302387684
-1.131414267834793	3.28568561701011
-1.1214017521902377	3.452617706179973
-1.1113892365456817	3.614683401767419
-1.1013767209011265	3.77289215105088
-1.0913642052565704	3.925762374213306
-1.0813516896120152	4.069182072886473
-1.0713391739674591	4.194521014993319
-1.061326658322903	4.288704776734994
-1.0513141426783479	4.339517646839956
-1.0413016270337918	4.343374714898377
-1.0312891113892366	4.309197415639565
-1.0212765957446805	4.255585065047639
-1.0112640801001254	4.204021700928182
-1.0012515644555693	4.171838543381151
-0.9912390488110132	4.166569207634519
-0.981226533166458	4.183130904401591
-0.971214017521902	4.205993267501848
-0.9612015018773468	4.216147218297233
-0.9511889862327907	4.199080014468854
-0.9411764705882355	4.150090811153057
-0.9311639549436794	4.076148210795927
-0.9211514392991234	3.9945243523014717
-0.9111389236545682	3.928170067471531
-0.9011264080100121	3.8991173472527634
-0.8911138923654569	3.922198772369249
-0.8811013767209008	4.0001534722182415
-0.8710888610763456	4.121528183727845
-0.8610763454317896	4.2654553062735205
-0.8510638297872335	4.414827204221795
-0.8410513141426783	4.569680535574117
-0.8310387984981222	4.748063490128287
-0.821026282853567	4.971544071873667
-0.811013767209011	5.247086037625215
-0.8010012515644558	5.55985566619409
-0.7909887359198997	5.880603013347293
-0.7809762202753436	6.179231656764834
-0.7709637046307884	6.4341515360450545
-0.7609511889862324	6.634112251382754
-0.7509386733416772	6.7763871421909405
-0.7409261576971211	6.865688747414484
-0.7309136420525659	6.913691863531139
-0.7209011264080099	6.936261748144822
-0.7108886107634538	6.947898724564609
-0.7008760951188986	6.95679507953924
-0.6908635794743425	6.963613293536851
-0.6808510638297873	6.962907320939894
-0.6708385481852313	6.944079802646941
-0.6608260325406761	6.892139974735757
-0.65081351689612	6.79209612876021
-0.6408010012515639	6.6375753406565
-0.6307884856070087	6.436813046460223
-0.6207759699624527	6.208399639903156
-0.6107634543178975	5.968997306692103
-0.6007509386733414	5.724729105676098
-0.5907384230287862	5.474631289368572
-0.5807259073842301	5.221486428906592
-0.5707133917396741	4.9777881165031275
-0.5607008760951189	4.76068396513712
-0.5506883604505628	4.581303707675439
-0.5406758448060076	4.438152461451506
-0.5306633291614515	4.319036476115738
-0.5206508135168963	4.209000420749882
-0.5106382978723403	4.0990593017393016
-0.5006257822277842	3.9913264042394596
-0.490613266583229	3.898074472722215
-0.48060075093867294	3.8354312322091992
-0.47058823529411775	3.8160204641340654
-0.4605757196495617	3.8452223389766576
-0.4505632040050065	3.921758206173346
-0.4405506883604504	4.039738973652594
-0.43053817271589434	4.19029423329599
-0.42052565707133915	4.363860304701849
-0.4105131414267831	4.553861125853954
-0.4005006257822279	4.758862696178065
-0.3904881101376718	4.979135711404443
-0.38047559449311663	5.208512758037644
-0.37046307884856056	5.428792101505055
-0.3604505632040045	5.613639205980978
-0.3504380475594493	5.740850170292204
-0.3404255319148932	5.803999243849005
-0.33041301627033803	5.814796901972381
-0.32040050062578196	5.794970842258056
-0.3103879849812259	5.763887453769712
-0.3003754693366707	5.730209561165735
-0.2903629536921146	5.69214936975419
-0.28035043804755944	5.643942252126352
-0.27033792240300336	5.581448601283336
-0.2603254067584482	5.502365816563404
-0.2503128911138921	5.40392732222935
-0.24030037546933602	5.283808251060653
-0.23028785982478084	5.144281417207695
-0.22027534418022476	4.993567710556763
-0.21026282853566958	4.8409726910220465
-0.2002503128911135	4.6906971933013475
-0.19023779724655832	4.5419802966369165
-0.18022528160200224	4.396454093131762
-0.17021276595744617	4.265086595734707
-0.16020025031289098	4.166395323275561
-0.1501877346683349	4.115560899074389
-0.14017521902377972	4.112853739028584
-0.13016270337922364	4.141157855313392
-0.12015018773466846	4.175256506672399
-0.11013767209011238	4.196265966912632
-0.10012515644555631	4.200754021483057
-0.09011264080100112	4.198583606136169
-0.08010012515644505	4.202730128596011
-0.07008760951188986	4.220379411274477
-0.060075093867333784	4.25201813001943
-0.0500625782227786	4.296825810073145
-0.04005006257822252	4.357118655662151
-0.030037546933666448	4.436907062724979
-0.02002503128911126	4.536417744808686
-0.010012515644555187	4.648594969804865
0.0	4.761586224157203
