-8.0	6.1645578777138565
-7.989987484355444	6.221170132246558
-7.979974968710889	6.3322973203209365
-7.969962453066333	6.5169056848106965
-7.9599499374217775	6.764364728668866
-7.949937421777221	7.036856250839404
-7.939924906132666	7.287926354693823
-7.92991239048811	7.484258467231221
-7.919899874843554	7.615179939574518
-7.909887359198999	7.687059392114507
-7.899874843554443	7.713676675329617
-7.889862327909888	7.712720326435266
-7.8798498122653315	7.706725068304534
-7.869837296620776	7.720858255952684
-7.85982478097622	7.775357544444637
-7.849812265331664	7.877383896167862
-7.839799749687109	8.017837789139014
-7.829787234042553	8.175250946876691
-7.819774718397998	8.325071625906084
-7.809762202753442	8.449637429429275
-7.7997496871088865	8.543535938221522
-7.78973717146433	8.612408649737286
-7.779724655819774	8.667714813233601
-7.769712140175219	8.721348081759439
-7.759699624530663	8.782546848228005
-7.749687108886108	8.857458128450018
-7.739674593241552	8.949311222161421
-7.729662077596997	9.056224297004484
-7.719649561952441	9.167374871466329
-7.7096370463078845	9.263276409587439
-7.699624530663329	9.323878682514396
-7.689612015018773	9.339667103972335
-7.679599499374218	9.317150133527026
-7.669586983729662	9.275939539404442
-7.659574468085107	9.24085052810534
-7.649561952440551	9.232102994508091
-7.639549436795995	9.255948565247733
-7.629536921151439	9.301575191295154
-7.619524405506883	9.349639636801525
-7.609511889862328	9.387445789035038
-7.599499374217772	9.416909338591633
-7.589486858573217	9.447450177155217
-7.579474342928661	9.481510185359006
-7.569461827284105	9.507810123213693
-7.55944931163955	9.509125822668334
-7.5494367959949935	9.477062464746162
-7.539424280350438	9.420327487133058
-7.529411764705882	9.35975189995549
-7.519399249061326	9.31525239772848
-7.509386733416771	9.296006977926465
-7.499374217772215	9.300430800893615
-7.48936170212766	9.322272524301347
-7.479349186483104	9.353957867725448
-7.4693366708385485	9.383670620273312
-7.459324155193992	9.392357993882396
-7.449311639549437	9.35913329049182
-7.439299123904881	9.274412958881475
-7.429286608260325	9.149057623168263
-7.41927409261577	9.008581558110558
-7.409261576971214	8.875756172467044
-7.399249061326659	8.757394317620564
-7.3892365456821025	8.64669241068044
-7.3792240300375465	8.536036047070311
-7.369211514392991	8.425974154120958
-7.359198998748435	8.32332088322838
-7.34918648310388	8.23394684984237
-7.339173967459324	8.158920581539803
-7.329161451814769	8.095761621106828
-7.319148936170213	8.04040395221415
-7.3091364205256575	7.986590551125251
-7.299123904881101	7.924226780891437
-7.289111389236545	7.840420272786496
-7.27909887359199	7.724778863740586
-7.269086357947434	7.576235531123265
-7.259073842302879	7.405825001618185
-7.249061326658323	7.2318344713253655
-7.239048811013767	7.069947202271123
-7.2290362953692116	6.925336934015965
-7.2190237797246555	6.791575424303037
-7.2090112640801	6.655735096837754
-7.198998748435544	6.506042467528888
-7.188986232790989	6.338738145838695
-7.178973717146433	6.161584180404653
-7.168961201501878	5.992051151424872
-7.158948685857322	5.850289690847277
-7.148936170212766	5.750233869981835
-7.13892365456821	5.6935492711324915
-7.128911138923654	5.668970251491422
-7.118898623279099	5.656136008890252
-7.108886107634543	5.631695414991082
-7.098873591989987	5.57638003187922
-7.088861076345432	5.481842359375116
-7.078848560700876	5.353895626828754
-7.068836045056321	5.208309939477863
-7.0588235294117645	5.060666500671794
-7.048811013767209	4.9186807534373855
-7.038798498122653	4.784327643399845
-7.028785982478098	4.662867249854543
-7.018773466833542	4.567537737733896
-7.008760951188986	4.512468193051796
-6.998748435544431	4.4990071031230014
-6.988735919899875	4.508796970009234
-6.9787234042553195	4.511655527745108
-6.968710888610763	4.482801862314913
-6.958698372966207	4.415775614304768
-6.948685857321652	4.322062893520701
-6.938673341677096	4.220296249595908
-6.928660826032541	4.125225121102261
-6.918648310387985	4.043762294564787
-6.908635794743429	3.977022642333417
-6.8986232790988735	3.9225055968655194
-6.888610763454318	3.8734865545812975
-6.878598247809762	3.8184514733687536
-6.868585732165206	3.7443001799744513
-6.858573216520651	3.6422638592305137
-6.848560700876095	3.5121381675275254
-6.83854818523154	3.3628541622553945
-6.828535669586984	3.2107682455360447
-6.818523153942428	3.076217362457737
-6.808510638297872	2.9772588486507527
-6.798498122653316	2.92212230290231
-6.788485607008761	2.9056516607938714
-6.778473091364205	2.9134826776215244
-6.768460575719649	2.9313099414992614
-6.758448060075094	2.952072223537443
-6.748435544430539	2.976049950075045
-6.7384230287859825	3.0057136171255463
-6.7284105131414265	3.041582014882841
-6.718397997496871	3.082487554112767
-6.708385481852315	3.1275765400587026
-6.69837296620776	3.1764954491314628
-6.688360450563204	3.2287708818777223
-6.678347934918648	3.2849114635116137
-6.668335419274093	3.347516853542424
-6.658322903629537	3.418830285630726
-6.648310387984981	3.496458736767788
-6.638297872340425	3.5733899039804053
-6.628285356695869	3.6437565528321723
-6.618272841051314	3.7077706381952633
-6.608260325406759	3.769670876834845
-6.598247809762203	3.831306003261889
-6.588235294117647	3.8890755438481093
-6.578222778473092	3.9371002149380017
-6.5682102628285355	3.972276702992862
-6.55819774718398	3.9962680842232556
-6.548185231539424	4.013897124324368
-6.538172715894868	4.030057382223083
-6.528160200250313	4.046783277175696
-6.518147684605757	4.061748215893625
-6.508135168961202	4.069762954745441
-6.498122653316646	4.067502380494682
-6.4881101376720896	4.058703314441302
-6.478097622027534	4.055508572329362
-6.468085106382979	4.073464766096533
-6.458072590738423	4.121866577523962
-6.448060075093867	4.195153016530148
-6.438047559449312	4.2720366630076665
-6.428035043804756	4.324774390874367
-6.418022528160201	4.33322699499353
-6.4080100125156445	4.294021345353684
-6.397997496871088	4.2194592561474495
-6.387984981226533	4.1295295951542625
-6.377972465581977	4.043971275304191
-6.367959949937422	3.97757013203251
-6.357947434292866	3.937827352640641
-6.34793491864831	3.924673653984346
-6.337922403003755	3.9332332145372106
-6.3279098873591995	3.958395701084732
-6.317897371714643	3.997108998268228
-6.307884856070087	4.046049224355443
-6.297872340425532	4.097389377377455
-6.287859824780976	4.13785468295589
-6.277847309136421	4.153565226631737
-6.267834793491865	4.138049708326809
-6.257822277847309	4.0973530702244245
-6.2478097622027535	4.047266151571597
-6.2377972465581975	4.003649008706354
-6.227784730913642	3.97307278577645
-6.217772215269086	3.9509017343465382
-6.20775969962453	3.927008408786387
-6.197747183979975	3.8932533437518084
-6.18773466833542	3.847613989848889
-6.177722152690864	3.7943239576962933
-6.167709637046308	3.741704263217313
-6.157697121401752	3.6990352193716025
-6.147684605757196	3.673566474869376
-6.137672090112641	3.668984920667685
-6.127659574468085	3.68582196423992
-6.117647058823529	3.722426772808784
-6.107634543178974	3.7745535651200797
-6.097622027534418	3.833856343397343
-6.0876095118898625	3.8882307411531665
-6.0775969962453065	3.9257873129217873
-6.06758448060075	3.939906545855167
-6.057571964956195	3.931122258296088
-6.04755944931164	3.9050269620660893
-6.037546933667084	3.869233320667433
-6.027534418022528	3.831824274196921
-6.017521902377973	3.8003742277733865
-6.007509386733417	3.7795213296978725
-5.997496871088861	3.7678022802539104
-5.987484355444305	3.7574135756254914
-5.977471839799749	3.7390086543792442
-5.967459324155194	3.7080690580028857
-5.957446808510639	3.6666411935667327
-5.947434292866083	3.618986946695194
-5.937421777221527	3.566570392120161
-5.927409261576971	3.507741908833015
-5.9173967459324155	3.441005058551989
-5.90738423028786	3.367224495104159
-5.897371714643304	3.2893137524944676
-5.887359198998748	3.211244824525339
-5.877346683354192	3.136947156960511
-5.867334167709637	3.068211577052976
-5.857321652065082	3.0029550772139713
-5.847309136420526	2.9367770458107954
-5.83729662077597	2.8672130080078175
-5.827284105131414	2.795854779138882
-5.817271589486858	2.7255381258870353
-5.807259073842303	2.6563386365364146
-5.797246558197747	2.5861854792800405
-5.787234042553191	2.5158526623413815
-5.777221526908636	2.451441645984177
-5.767209011264081	2.3994160093048325
-5.7571964956195245	2.358180929492961
-5.747183979974968	2.3154292054173644
-5.737171464330412	2.2555658933390017
-5.727158948685857	2.1714383047167
-5.717146433041302	2.0697525159389856
-5.707133917396746	1.9652937264580925
-5.69712140175219	1.8699418877010652
-5.687108886107635	1.7869763200580413
-5.677096370463079	1.7146048279501651
-5.667083854818523	1.6531237862251023
-5.657071339173967	1.6080159753729626
-5.647058823529411	1.5868062308835766
-5.637046307884856	1.5930846570862054
-5.627033792240301	1.62231795555044
-5.617021276595745	1.6623477608877864
-5.607008760951189	1.6988833879193999
-5.596996245306633	1.7231104473652112
-5.5869837296620775	1.736145158404445
-5.576971214017522	1.7465230818959614
-5.566958698372966	1.762320446959212
-5.55694618272841	1.7840374100252925
-5.546933667083855	1.8036788594223867
-5.536921151439299	1.8106246586133494
-5.526908635794744	1.8000551114038894
-5.516896120150188	1.7779064060424448
-5.5068836045056315	1.7586248897969756
-5.496871088861076	1.757120557958793
-5.486858573216521	1.7803552137329428
-5.476846057571965	1.823677142925715
-5.466833541927409	1.8735337730824568
-5.456821026282853	1.914879967330651
-5.446808510638298	1.93941577231541
-5.4367959949937426	1.9495730645215907
-5.4267834793491865	1.9548300798636948
-5.41677096370463	1.9626068853164904
-5.406758448060075	1.9714296616676037
-5.396745932415519	1.9727988565139112
-5.386733416770964	1.9600351146394905
-5.376720901126408	1.9352747268347912
-5.366708385481852	1.9076889929962777
-5.356695869837297	1.8852645484650659
-5.346683354192741	1.8686863352423138
-5.336670838548185	1.8522671093687648
-5.326658322903629	1.8291476118999968
-5.316645807259073	1.795755576622287
-5.306633291614518	1.7538050272232344
-5.296620775969963	1.7100444983768313
-5.286608260325407	1.673113023799355
-5.276595744680851	1.647754959503986
-5.2665832290362955	1.6299251364128375
-5.256570713391739	1.607246544514731
-5.246558197747184	1.56555326047034
-5.236545682102628	1.4972803860219557
-5.226533166458072	1.4058944804780056
-5.216520650813517	1.3036379343751232
-5.206508135168962	1.2048585418974442
-5.196495619524406	1.1198902491972538
-5.18648310387985	1.0528354428862017
-5.1764705882352935	1.0028079710179765
-5.166458072590738	0.9661190354648155
-5.156445556946183	0.9377656274382916
-5.146433041301627	0.9122054277597665
-5.136420525657071	0.8838268854663184
-5.126408010012516	0.8473547029538989
-5.11639549436796	0.7985929152450492
-5.1063829787234045	0.7357534027448839
-5.0963704630788484	0.6607182765339806
-5.086357947434292	0.5791221492827529
-5.076345431789737	0.4989666035315725
-5.066332916145182	0.42850199444563497
-5.056320400500626	0.3740797477626955
-5.04630788485607	0.3382228801022786
-5.036295369211514	0.318467273675253
-5.026282853566959	0.3080245091447907
-5.016270337922403	0.2985619551449802
-5.006257822277847	0.2836799320987131
-4.996245306633291	0.26097054646409634
-4.986232790988735	0.23177340841718852
-4.97622027534418	0.19946193752941327
-4.966207759699625	0.16759070397334122
-4.956195244055069	0.13864102519080215
-4.946182728410513	0.11354169241642852
-4.9361702127659575	0.09193390666250947
-4.926157697121402	0.07294213290407545
-4.916145181476846	0.05598415586897616
-4.90613266583229	0.04116996172665906
-4.896120150187734	0.029126989703615706
-4.886107634543179	0.020436158537729877
-4.876095118898624	0.015079727010532423
-4.866082603254068	0.012293979342882769
-4.8560700876095115	0.01095106633190523
-4.8460575719649555	0.010173779801849575
-4.8360450563204	0.00965777041260666
-4.826032540675845	0.009443434717866439
-4.816020025031289	0.009444551961132126
-4.806007509386733	0.009284194206884484
-4.795994993742178	0.008611825694339378
-4.785982478097623	0.007516958626754525
-4.7759699624530665	0.006552920431428808
-4.76595744680851	0.006305532986940851
-4.755944931163954	0.00688730654028675
-4.745932415519399	0.007791132348182961
-4.735919899874844	0.008224560455934483
-4.725907384230288	0.0076567032361808665
-4.715894868585732	0.0061457953862272974
-4.705882352941176	0.0042192737986233315
-4.6958698372966206	0.002470780748184637
-4.685857321652065	0.0012330175667856112
-4.675844806007509	0.0005242153985196707
-4.665832290362953	0.00018985032016248271
-4.655819774718398	5.856783055547129e-05
-4.645807259073843	1.5390341202423222e-05
-4.635794743429287	3.444903182700272e-06
-4.625782227784731	6.568177912004109e-07
-4.615769712140175	1.0667235940612496e-07
-4.605757196495619	1.475770131262237e-08
-4.595744680851064	1.7491132825587613e-09
-4.585732165206508	2.965553303202798e-10
-4.575719649561952	1.2601071341169988e-09
-4.565707133917396	1.0825992125738783e-08
-4.555694618272841	8.016519205229601e-08
-4.545682102628286	5.057573303375935e-07
-4.53566958698373	2.7185543235364058e-06
-4.5256570713391735	1.2452337743524707e-05
-4.515644555694618	4.8620548596326066e-05
-4.505632040050063	0.000161917535500033
-4.495619524405507	0.00046038467165932396
-4.485607008760951	0.0011197235706865856
-4.475594493116395	0.0023374195176796685
-4.46558197747184	0.004213879990123518
-4.4555694618272845	0.0066343426811419
-4.4455569461827285	0.009301778726060108
-4.435544430538172	0.011984207732138905
-4.425531914893616	0.014796321237617465
-4.415519399249061	0.018204171476618715
-4.405506883604506	0.022650297060014396
-4.39549436795995	0.028080735547492616
-4.385481852315394	0.0338110622018019
-4.375469336670839	0.03889819061553906
-4.365456821026283	0.04270350973417768
-4.355444305381727	0.04513642821359188
-4.345431789737171	0.0464571450873403
-4.335419274092615	0.04707984922607469
-4.32540675844806	0.047779575113516486
-4.315394242803505	0.050041363014616536
-4.305381727158949	0.05586959048937198
-4.295369211514393	0.06680276334414055
-4.285356695869837	0.08276780754468321
-4.275344180225281	0.10185168079452239
-4.265331664580726	0.12146272113636762
-4.25531914893617	0.14005642618217118
-4.245306633291614	0.15790363032096782
-4.235294117647059	0.1761816747852509
-4.225281602002504	0.1952133003887439
-4.215269086357948	0.21339187411142319
-4.2052565707133915	0.22769209608588298
-4.1952440550688355	0.23547884582930576
-4.18523153942428	0.2364958920949291
-4.175219023779725	0.23368707507233244
-4.165206508135169	0.23192162527931678
-4.155193992490613	0.23501683997162465
-4.145181476846057	0.24321903910749565
-4.135168961201502	0.25360048326137047
-4.1251564455569465	0.2633665089417157
-4.11514392991239	0.2729786646286443
-4.105131414267834	0.28600854330560854
-4.095118898623279	0.30597123317145924
-4.085106382978723	0.333167132322792
-4.075093867334168	0.3639448867122809
-4.065081351689612	0.3922953631701433
-4.055068836045056	0.4123762474488062
-4.045056320400501	0.4209937748658453
-4.035043804755945	0.4194317601700318
-4.025031289111389	0.41354935426631556
-4.015018773466833	0.41128701630743714
-4.005006257822277	0.41868556221657915
-3.994993742177722	0.4373757623657028
-3.9849812265331668	0.4655262126194984
-3.9749687108886107	0.5008963005378665
-3.9649561952440546	0.5425899595491439
-3.9549436795994994	0.5898716934690447
-3.9449311639549434	0.6400717161619657
-3.934918648310388	0.6887186472213601
-3.924906132665832	0.7320890008206576
-3.914893617021277	0.7692323149359652
-3.904881101376721	0.80148962060858
-3.8948685857321648	0.8309543099990969
-3.8848560700876096	0.8600993248539222
-3.8748435544430535	0.892183735567065
-3.8648310387984983	0.930492193235903
-3.8548185231539422	0.9763168618622553
-3.844806007509387	1.0279512024006408
-3.834793491864831	1.0824711717767719
-3.824780976220275	1.1391749456763363
-3.8147684605757197	1.2013014929509291
-3.8047559449311636	1.2737011914638043
-3.7947434292866085	1.3581250547558068
-3.7847309136420524	1.4505245410210277
-3.774718397997497	1.5425905430985154
-3.764705882352941	1.6254343554173414
-3.754693366708385	1.6925278746336445
-3.74468085106383	1.741444525524642
-3.734668335419274	1.7744253861899946
-3.7246558197747186	1.796364999434371
-3.7146433041301625	1.8105379267809427
-3.7046307884856065	1.816487313978895
-3.6946182728410513	1.8136258563175265
-3.684605757196495	1.8071228778720467
-3.67459324155194	1.808644330319178
-3.664580725907384	1.829715484686572
-3.6545682102628287	1.873701824330006
-3.6445556946182727	1.9336059483215917
-3.6345431789737166	1.9964589250548168
-3.6245306633291614	2.049357599847055
-3.6145181476846053	2.0828770892390964
-3.60450563204005	2.091821436538002
-3.594493116395494	2.0752183244031417
-3.584480600750939	2.0359896057906615
-3.574468085106383	1.9796289780732585
-3.5644555694618267	1.9126797479189779
-3.5544430538172715	1.842720024350988
-3.5444305381727155	1.7790656731453962
-3.5344180225281603	1.7310153348618305
-3.524405506883604	1.7029224710738062
-3.514392991239049	1.6900442450166533
-3.504380475594493	1.6795675390887645
-3.494367959949937	1.656937550219685
-3.4843554443053817	1.613581349052834
-3.4743429286608256	1.551363397717794
-3.4643304130162704	1.4810752014416597
-3.4543178973717144	1.4157377524376031
-3.444305381727159	1.3629102784343143
-3.434292866082603	1.3210372612445809
-3.424280350438047	1.2819533097464333
-3.414267834793492	1.237136685750685
-3.4042553191489358	1.182860923822711
-3.3942428035043806	1.1209866573892935
-3.3842302878598245	1.0562258204044543
-3.3742177722152693	0.9933829268013787
-3.3642052565707132	0.9367978261642632
-3.354192740926157	0.8908156911220686
-3.344180225281602	0.85876566553102
-3.334167709637046	0.8401965957251089
-3.3241551939924907	0.8292413325279308
-3.3141426783479346	0.8170099069289601
-3.3041301627033794	0.7971481807076035
-3.2941176470588234	0.7700489290836969
-3.2841051314142673	0.7420505115747836
-3.274092615769712	0.720610579044614
-3.264080100125156	0.7097734345689738
-3.254067584480601	0.7090719515112763
-3.2440550688360448	0.7153937161289324
-3.2340425531914896	0.7252772937923656
-3.2240300375469335	0.7359080345293002
-3.2140175219023774	0.7449956992911588
-3.2040050062578223	0.7507323819475556
-3.193992490613266	0.7526814395573109
-3.183979974968711	0.7531858678733249
-3.173967459324155	0.7576264952833633
-3.1639549436795997	0.772173671626312
-3.1539424280350437	0.8000746837165665
-3.1439299123904876	0.8395724148380687
-3.1339173967459324	0.8853598125652213
-3.1239048811013763	0.9321012861790626
-3.113892365456821	0.9770371611062035
-3.103879849812265	1.0203623457398654
-3.09386733416771	1.0641287341252854
-3.083854818523154	1.1107507920377637
-3.0738423028785977	1.1618466128311085
-3.0638297872340425	1.2180067628727254
-3.0538172715894865	1.2792771038393267
-3.0438047559449313	1.3451216201116347
-3.033792240300375	1.4134788674872307
-3.02377972465582	1.480595818354356
-3.013767209011264	1.5430565743788496
-3.003754693366708	1.6003308904895142
-2.9937421777221527	1.6545786715778767
-2.9837296620775966	1.707160360858693
-2.9737171464330414	1.7552277383606087
-2.9637046307884853	1.7921176941073063
-2.95369211514393	1.8116895053943185
-2.943679599499374	1.8132812749858778
-2.933667083854818	1.8038864426077028
-2.923654568210263	1.7965558920248565
-2.9136420525657067	1.8059257948715808
-2.9036295369211516	1.8422091347995304
-2.8936170212765955	1.9055105010515225
-2.8836045056320403	1.983493497397495
-2.873591989987484	2.0550459166580426
-2.863579474342928	2.099074213503262
-2.853566958698373	2.1036277783198507
-2.843554443053817	2.0703548708404163
-2.8335419274092617	2.01268172718459
-2.8235294117647056	1.9493612334725816
-2.8135168961201504	1.8963938016323312
-2.8035043804755944	1.8607458175129032
-2.7934918648310383	1.83880471811126
-2.783479349186483	1.8200996396813847
-2.773466833541927	1.7934952986725514
-2.763454317897372	1.751684688114283
-2.7534418022528158	1.6917894457013667
-2.7434292866082606	1.6135526582570054
-2.7334167709637045	1.5185078191170667
-2.7234042553191484	1.4115911437602167
-2.7133917396745932	1.3029511783362673
-2.703379224030037	1.2064780061178033
-2.693366708385482	1.134339278854759
-2.683354192740926	1.0907021326059325
-2.6733416770963707	1.0690723061429124
-2.6633291614518146	1.0552256206461494
-2.6533166458072586	1.0337138196681293
-2.6433041301627034	0.9937921763336275
-2.6332916145181473	0.9318891908290423
-2.623279098873592	0.8507846755531939
-2.613266583229036	0.7576004408137592
-2.603254067584481	0.6621993540568163
-2.593241551939925	0.5756921312390608
-2.5832290362953687	0.5077690379476522
-2.5732165206508135	0.4629049927653187
-2.5632040050062574	0.437848809075412
-2.5531914893617023	0.4230808884788029
-2.543178973717146	0.40793935229820727
-2.533166458072591	0.38585093270144877
-2.523153942428035	0.3562402628475892
-2.513141426783479	0.3227779618434173
-2.5031289111389237	0.2900789474152802
-2.4931163954943676	0.26101024119221666
-2.4831038798498124	0.23567080046316957
-2.4730913642052563	0.21215045836020333
-2.463078848560701	0.1883315471398126
-2.453066332916145	0.16341354190827803
-2.443053817271589	0.13823395243052264
-2.433041301627034	0.11460796885999704
-2.4230287859824777	0.09452024922981825
-2.4130162703379225	0.07958373881602822
-2.4030037546933665	0.07065831626567125
-2.3929912390488113	0.06756515702580569
-2.382978723404255	0.06901027953753347
-2.372966207759699	0.07279580634382335
-2.362953692115144	0.07640044932022376
-2.352941176470588	0.077967658070957
-2.3429286608260327	0.07729535791151586
-2.3329161451814766	0.07602741914152063
-2.3229036295369214	0.0767030035830499
-2.3128911138923653	0.08131321976585483
-2.3028785982478093	0.09043522925877741
-2.292866082603254	0.10348204088789294
-2.282853566958698	0.11970328569835871
-2.272841051314143	0.1390114020347882
-2.2628285356695867	0.16190859137574534
-2.2528160200250316	0.1886300747123515
-2.2428035043804755	0.21828030445382554
-2.2327909887359194	0.2485735107355169
-2.2227784730913642	0.27628415387484956
-2.212765957446808	0.2983838044807437
-2.202753441802253	0.3136764675098503
-2.192740926157697	0.3240066003489415
-2.1827284105131417	0.3337488906909769
-2.1727158948685856	0.3474206075188768
-2.1627033792240296	0.36698147222576377
-2.1526908635794744	0.3907940763424512
-2.1426783479349183	0.4149826173560439
-2.132665832290363	0.43628072045911226
-2.122653316645807	0.4544387438159029
-2.112640801001252	0.4724142764726449
-2.1026282853566958	0.49422351512368407
-2.0926157697121397	0.5224241164360036
-2.0826032540675845	0.5572962062738724
-2.0725907384230284	0.5974937523192623
-2.0625782227784732	0.6404450292908471
-2.052565707133917	0.6822620360371302
-2.042553191489362	0.7187750597172029
-2.032540675844806	0.7482168115378012
-2.02252816020025	0.7733076404116396
-2.0125156445556946	0.799969323465803
-2.0025031289111386	0.8328105229808831
-1.9924906132665834	0.8710074302816213
-1.9824780976220273	0.908422769704119
-1.9724655819774712	0.9380566525952659
-1.962453066332916	0.9569811805228823
-1.95244055068836	0.9680560437007825
-1.9424280350438048	0.9782477102305668
-1.9324155193992487	0.9956913988858427
-1.9224030037546935	1.0269575884931699
-1.9123904881101375	1.0750167325210727
-1.9023779724655814	1.1386807394968168
-1.8923654568210262	1.2138878051483997
-1.8823529411764701	1.2955795775490464
-1.872340425531915	1.3787392544321109
-1.8623279098873589	1.4588343316196741
-1.8523153942428037	1.5323992637106243
-1.8423028785982476	1.597317179238641
-1.8322903629536915	1.6524298685500713
-1.8222778473091363	1.6973714569470435
-1.8122653316645803	1.7329317229140648
-1.802252816020025	1.7606140336588405
-1.792240300375469	1.781095226027794
-1.7822277847309138	1.793807466705605
-1.7722152690863577	1.7989125516938012
-1.7622027534418017	1.7992009717838788
-1.7521902377972465	1.7991318212554261
-1.7421777221526904	1.8024949998366553
-1.7321652065081352	1.8123206391219053
-1.7221526908635791	1.832737707324243
-1.712140175219024	1.8681764200444106
-1.7021276595744679	1.9177783428488469
-1.6921151439299118	1.9700639768175696
-1.6821026282853566	2.005503034262487
-1.6720901126408005	2.0076841629160636
-1.6620775969962454	1.9739424400915497
-1.6520650813516893	1.9155106437807379
-1.642052565707134	1.8478124395315505
-1.632040050062578	1.7812322859118792
-1.622027534418022	1.7199863743695898
-1.6120150187734668	1.6662130003049884
-1.6020025031289107	1.6218545078794975
-1.5919899874843555	1.586221049092832
-1.5819774718397994	1.5535371895792154
-1.5719649561952442	1.5147021734587391
-1.5619524405506882	1.4627016664139791
-1.551939924906132	1.3974759157004781
-1.541927409261577	1.3265626627545257
-1.5319148936170208	1.2612405084718583
-1.5219023779724656	1.2109397405295739
-1.5118898623279096	1.1791237801354493
-1.5018773466833544	1.1622387984836227
-1.4918648310387983	1.1517071819279663
-1.4818523153942422	1.1381221934678452
-1.471839799749687	1.1160971217337141
-1.461827284105131	1.087372846454034
-1.4518147684605758	1.0599645300760294
-1.4418022528160197	1.043429850215952
-1.4317897371714645	1.0434340904446662
-1.4217772215269084	1.0593347053543851
-1.4117647058823524	1.0854268407204712
-1.4017521902377972	1.1134079065473377
-1.391739674593241	1.134317319742331
-1.381727158948686	1.140867545667897
-1.3717146433041298	1.13090413814319
-1.3617021276595747	1.1096430944653524
-1.3516896120150186	1.0875238732613408
-1.3416770963704625	1.0744786917341638
-1.3316645807259073	1.075502299095145
-1.3216520650813512	1.090946061153476
-1.311639549436796	1.1195577806702783
-1.30162703379224	1.1599315455773707
-1.2916145181476848	1.2092253042141778
-1.2816020025031287	1.261708957441688
-1.2715894868585726	1.3094427794685368
-1.2615769712140175	1.3450229996637169
-1.2515644555694614	1.365225308082202
-1.2415519399249062	1.3740492348077735
-1.2315394242803501	1.3828965381872609
-1.221526908635795	1.4061854846832316
-1.2115143929912389	1.4539808841104729
-1.2015018773466828	1.5264650223413294
-1.1914893617021276	1.6145276889307023
-1.1814768460575715	1.7062853984601776
-1.1714643304130163	1.7945194445083967
-1.1614518147684603	1.8790919378329562
-1.151439299123905	1.9627776250569762
-1.141426783479349	2.0450884959443365
-1.131414267834793	2.1204851677485035
-1.1214017521902377	2.1826588402920253
-1.1113892365456817	2.2302401977272788
-1.1013767209011265	2.2682703731605414
-1.0913642052565704	2.304800492517563
-1.0813516896120152	2.3467606094210405
-1.0713391739674591	2.3983300393718108
-1.061326658322903	2.4606014083119927
-1.0513141426783479	2.5300640678482402
-1.0413016270337918	2.5973568943307273
-1.0312891113892366	2.6506494643292857
-1.0212765957446805	2.6839398856889223
-1.0112640801001254	2.703540900585617
-1.0012515644555693	2.725652093337746
-0.9912390488110132	2.7658345929827166
-0.981226533166458	2.8286249232251848
-0.971214017521902	2.904772627731905
-0.9612015018773468	2.9766671127384785
-0.9511889862327907	3.026995599419104
-0.9411764705882355	3.0456575645313153
-0.9311639549436794	3.0329767382749355
-0.9211514392991234	2.999052352949711
-0.9111389236545682	2.959446782468146
-0.9011264080100121	2.928884113896324
-0.8911138923654569	2.91672901485313
-0.8811013767209008	2.9269144470594823
-0.8710888610763456	2.9603319404975776
-0.8610763454317896	3.0151722440749333
-0.8510638297872335	3.0844336782166315
-0.8410513141426783	3.1551777228248588
-0.8310387984981222	3.2133771656001944
-0.821026282853567	3.2519244510274232
-0.811013767209011	3.2755588220941254
-0.8010012515644558	3.298955372194114
-0.7909887359198997	3.339119408865374
-0.7809762202753436	3.4064632116843123
-0.7709637046307884	3.4997118377465415
-0.7609511889862324	3.607685854622588
-0.7509386733416772	3.7165151700479737
-0.7409261576971211	3.8171954447294283
-0.7309136420525659	3.9084519939527436
-0.7209011264080099	3.993292865549633
-0.7108886107634538	4.072485464500457
-0.7008760951188986	4.141316610221514
-0.6908635794743425	4.193393836265729
-0.6808510638297873	4.227844462756366
-0.6708385481852313	4.252310166324365
-0.6608260325406761	4.279133024064029
-0.65081351689612	4.319685050236134
-0.6408010012515639	4.381801681363817
-0.6307884856070087	4.468895269760448
-0.6207759699624527	4.577179201325159
-0.6107634543178975	4.692884027100707
-0.6007509386733414	4.795079718452881
-0.5907384230287862	4.864765718931207
-0.5807259073842301	4.893807093627085
-0.5707133917396741	4.88759573491398
-0.5607008760951189	4.861393783749023
-0.5506883604505628	4.833879483285483
-0.5406758448060076	4.820417540968713
-0.5306633291614515	4.827684513680856
-0.5206508135168963	4.852200317875659
-0.5106382978723403	4.884271367652527
-0.5006257822277842	4.91460307463485
-0.490613266583229	4.9385553780875755
-0.48060075093867294	4.956107374508917
-0.47058823529411775	4.969601126511974
-0.4605757196495617	4.981382839477957
-0.4505632040050065	4.9917769578852695
-0.4405506883604504	4.997985023560822
-0.43053817271589434	4.994928140495232
-0.42052565707133915	4.97771358003796
-0.4105131414267831	4.944164053398147
-0.4005006257822279	4.896152378781767
-0.3904881101376718	4.838960823831942
-0.38047559449311663	4.778195770412826
-0.37046307884856056	4.7152374045618055
-0.3604505632040045	4.644097872029724
-0.3504380475594493	4.552684062045879
-0.3404255319148932	4.4293524281884515
-0.33041301627033803	4.27212620923696
-0.32040050062578196	4.094291184254664
-0.3103879849812259	3.9201636068378973
-0.3003754693366707	3.772151039229461
-0.2903629536921146	3.659340990031387
-0.28035043804755944	3.5770329103736342
-0.27033792240300336	3.514943809163944
-0.2603254067584482	3.4638023078754197
-0.2503128911138921	3.4155009059973467
-0.24030037546933602	3.361395028930125
-0.23028785982478084	3.293427373267394
-0.22027534418022476	3.2063299884001655
-0.21026282853566958	3.097740259333657
-0.2002503128911135	2.967719267189035
-0.19023779724655832	2.820917397107479
-0.18022528160200224	2.670063733023438
-0.17021276595744617	2.5354254195487242
-0.16020025031289098	2.4376480934294875
-0.1501877346683349	2.3879327608278995
-0.14017521902377972	2.382385657241975
-0.13016270337922364	2.404198155521894
-0.12015018773466846	2.431889857999589
-0.11013767209011238	2.448471897243848
-0.10012515644555631	2.446616855883023
-0.09011264080100112	2.428241840147663
-0.08010012515644505	2.400927571904064
-0.07008760951188986	2.374805254566793
-0.060075093867333784	2.360975745929965
-0.0500625782227786	2.3695975241053064
-0.04005006257822252	2.4062311411998447
-0.030037546933666448	2.4681407229605052
-0.02002503128911126	2.543944611700952
-0.010012515644555187	2.617948504011437
0.0	2.6767294724094555
