-8.0	4.858279142182531
-7.989987484355444	4.874868534696061
-7.979974968710889	4.88847312251852
-7.969962453066333	4.903607146748329
-7.9599499374217775	4.920144427723492
-7.949937421777221	4.932438706696025
-7.939924906132666	4.9335254487103395
-7.92991239048811	4.91849829507334
-7.919899874843554	4.884676330568532
-7.909887359198999	4.8315215493221535
-7.899874843554443	4.7625037045552
-7.889862327909888	4.686563390589535
-7.8798498122653315	4.615843113377329
-7.869837296620776	4.560163532256109
-7.85982478097622	4.522330922206784
-7.849812265331664	4.498060643875793
-7.839799749687109	4.480827788638257
-7.829787234042553	4.468261886749323
-7.819774718397998	4.465119337034408
-7.809762202753442	4.479310590218233
-7.7997496871088865	4.5123330334240865
-7.78973717146433	4.552064849637934
-7.779724655819774	4.577199355901672
-7.769712140175219	4.572604739688578
-7.759699624530663	4.5416354123157525
-7.749687108886108	4.502292231305048
-7.739674593241552	4.471168250249295
-7.729662077596997	4.4520711838326195
-7.719649561952441	4.439297878256953
-7.7096370463078845	4.428838585520303
-7.699624530663329	4.42476206781804
-7.689612015018773	4.436473431071246
-7.679599499374218	4.472015639096737
-7.669586983729662	4.533150900193076
-7.659574468085107	4.613479344520725
-7.649561952440551	4.699078762734689
-7.639549436795995	4.772368990641151
-7.629536921151439	4.819370597270434
-7.619524405506883	4.8371005017777975
-7.609511889862328	4.83561029882685
-7.599499374217772	4.83197734010327
-7.589486858573217	4.840021438307112
-7.579474342928661	4.863414559159804
-7.569461827284105	4.896684187444606
-7.55944931163955	4.931681963335874
-7.5494367959949935	4.963656348275389
-7.539424280350438	4.993087302670257
-7.529411764705882	5.0229765750527156
-7.519399249061326	5.053903024812744
-7.509386733416771	5.081140433082715
-7.499374217772215	5.097386994668577
-7.48936170212766	5.099095301866723
-7.479349186483104	5.089515802170427
-7.4693366708385485	5.0751827459109355
-7.459324155193992	5.061123399685367
-7.449311639549437	5.051536895954096
-7.439299123904881	5.054638525708427
-7.429286608260325	5.083803684212833
-7.41927409261577	5.150483389854032
-7.409261576971214	5.25346188017838
-7.399249061326659	5.374247508118218
-7.3892365456821025	5.484251649640136
-7.3792240300375465	5.55892265307072
-7.369211514392991	5.5877080801507075
-7.359198998748435	5.574061324558583
-7.34918648310388	5.529868059171019
-7.339173967459324	5.470795233291451
-7.329161451814769	5.412892060793038
-7.319148936170213	5.367707334207094
-7.3091364205256575	5.337674114788265
-7.299123904881101	5.31714067370134
-7.289111389236545	5.300007703120303
-7.27909887359199	5.287131266353126
-7.269086357947434	5.285422128719195
-7.259073842302879	5.298777270474357
-7.249061326658323	5.320646081448972
-7.239048811013767	5.337954799931005
-7.2290362953692116	5.3443481986411605
-7.2190237797246555	5.349223560425186
-7.2090112640801	5.371724181389863
-7.198998748435544	5.424238159952022
-7.188986232790989	5.501038446186284
-7.178973717146433	5.581992006296958
-7.168961201501878	5.645998600650412
-7.158948685857322	5.681372119388253
-7.148936170212766	5.686856533317425
-7.13892365456821	5.667263445614898
-7.128911138923654	5.630439844285678
-7.118898623279099	5.587185811137296
-7.108886107634543	5.550544258635921
-7.098873591989987	5.5313933234407315
-7.088861076345432	5.532567416422218
-7.078848560700876	5.547778622932172
-7.068836045056321	5.568544506670547
-7.0588235294117645	5.593186087458414
-7.048811013767209	5.626986561869407
-7.038798498122653	5.671095117551191
-7.028785982478098	5.712613780362559
-7.018773466833542	5.730008646823562
-7.008760951188986	5.711103273681314
-6.998748435544431	5.665344905655863
-6.988735919899875	5.617276996906361
-6.9787234042553195	5.587314340976786
-6.968710888610763	5.5772078298547845
-6.958698372966207	5.571710305749838
-6.948685857321652	5.55330510327063
-6.938673341677096	5.516376681113305
-6.928660826032541	5.468827192073322
-6.918648310387985	5.421505691813232
-6.908635794743429	5.377340183348343
-6.8986232790988735	5.330924575686528
-6.888610763454318	5.277317219873639
-6.878598247809762	5.219517640219671
-6.868585732165206	5.1667035813850655
-6.858573216520651	5.1257224363802925
-6.848560700876095	5.09537209263177
-6.83854818523154	5.069630071015051
-6.828535669586984	5.0458909900656455
-6.818523153942428	5.0288519524986235
-6.808510638297872	5.0262186007464065
-6.798498122653316	5.041537918822796
-6.788485607008761	5.0710819044910025
-6.778473091364205	5.105948397062225
-6.768460575719649	5.136096379022726
-6.758448060075094	5.153479838615495
-6.748435544430539	5.153345976994987
-6.7384230287859825	5.133747434328318
-6.7284105131414265	5.093932500243817
-6.718397997496871	5.03263132736366
-6.708385481852315	4.94739940209901
-6.69837296620776	4.836664030467093
-6.688360450563204	4.7053057218811505
-6.678347934918648	4.570291070578676
-6.668335419274093	4.458724676359201
-6.658322903629537	4.394472974557457
-6.648310387984981	4.38107320878818
-6.638297872340425	4.395745318374035
-6.628285356695869	4.401665607698471
-6.618272841051314	4.369618187347921
-6.608260325406759	4.292587005852365
-6.598247809762203	4.18474334659992
-6.588235294117647	4.0694080923436164
-6.578222778473092	3.9660751794714426
-6.5682102628285355	3.8833484139878998
-6.55819774718398	3.819365869716435
-6.548185231539424	3.7673888851618815
-6.538172715894868	3.7214844448862343
-6.528160200250313	3.677654712468112
-6.518147684605757	3.6311446031191075
-6.508135168961202	3.5757220636762557
-6.498122653316646	3.5080444494461975
-6.4881101376720896	3.432450127049422
-6.478097622027534	3.359574027060202
-6.468085106382979	3.2992440657666307
-6.458072590738423	3.254574313200172
-6.448060075093867	3.222017714474082
-6.438047559449312	3.1956030298320064
-6.428035043804756	3.1709938742194863
-6.418022528160201	3.147270553366237
-6.4080100125156445	3.126619293584262
-6.397997496871088	3.1122928795477685
-6.387984981226533	3.1053698082691086
-6.377972465581977	3.102177282723952
-6.367959949937422	3.0947333133581316
-6.357947434292866	3.074425441711607
-6.34793491864831	3.036104691625769
-6.337922403003755	2.9794001981748437
-6.3279098873591995	2.907302184937179
-6.317897371714643	2.8251600281145888
-6.307884856070087	2.7417158971286244
-6.297872340425532	2.6692992720759223
-6.287859824780976	2.6197113899547606
-6.277847309136421	2.5975449727507782
-6.267834793491865	2.596856343498034
-6.257822277847309	2.60443950838758
-6.2478097622027535	2.6067749424677906
-6.2377972465581975	2.5951708089206327
-6.227784730913642	2.5665909603114248
-6.217772215269086	2.5219817398095206
-6.20775969962453	2.4650285468207884
-6.197747183979975	2.4019910099356996
-6.18773466833542	2.3409960973103443
-6.177722152690864	2.2896381030152764
-6.167709637046308	2.2521892346099786
-6.157697121401752	2.2289532042348097
-6.147684605757196	2.218181811130288
-6.137672090112641	2.2177030707701406
-6.127659574468085	2.2236960288976633
-6.117647058823529	2.228381232440616
-6.107634543178974	2.2209874412148394
-6.097622027534418	2.193045233588485
-6.0876095118898625	2.143802166023094
-6.0775969962453065	2.0809610657135345
-6.06758448060075	2.0163067376479864
-6.057571964956195	1.9597538020951286
-6.04755944931164	1.9155779242769642
-6.037546933667084	1.8825345400031874
-6.027534418022528	1.8573459122757157
-6.017521902377973	1.8389718740671903
-6.007509386733417	1.8300378603727325
-5.997496871088861	1.8337676852777207
-5.987484355444305	1.849073969543277
-5.977471839799749	1.8685925233881098
-5.967459324155194	1.881522754959089
-5.957446808510639	1.8784217529704295
-5.947434292866083	1.8540868266108743
-5.937421777221527	1.8078244785165798
-5.927409261576971	1.743117643085858
-5.9173967459324155	1.6678822021737307
-5.90738423028786	1.5941096558659555
-5.897371714643304	1.5352321446276302
-5.887359198998748	1.501499041224966
-5.877346683354192	1.495578118181451
-5.867334167709637	1.5107207067677657
-5.857321652065082	1.5327579587268878
-5.847309136420526	1.5457750230706317
-5.83729662077597	1.5393412041457915
-5.827284105131414	1.5134503251677096
-5.817271589486858	1.4780413458908304
-5.807259073842303	1.447332266155292
-5.797246558197747	1.4323464420064158
-5.787234042553191	1.435611542815223
-5.777221526908636	1.4504808145425585
-5.767209011264081	1.4651157179137788
-5.7571964956195245	1.4686398762535322
-5.747183979974968	1.4556849118351252
-5.737171464330412	1.427035737810989
-5.727158948685857	1.3874042481971494
-5.717146433041302	1.3430746872492276
-5.707133917396746	1.3005732874814178
-5.69712140175219	1.2653087373518748
-5.687108886107635	1.2396790864480003
-5.677096370463079	1.222375055128148
-5.667083854818523	1.2105305867772826
-5.657071339173967	1.203226888612817
-5.647058823529411	1.2026049722246512
-5.637046307884856	1.2108637113930585
-5.627033792240301	1.225980392607653
-5.617021276595745	1.2409806332887718
-5.607008760951189	1.2482843065367433
-5.596996245306633	1.2453063755220652
-5.5869837296620775	1.2361387925151588
-5.576971214017522	1.2283026928655258
-5.566958698372966	1.2281164677948384
-5.55694618272841	1.238260682428489
-5.546933667083855	1.2580668714230279
-5.536921151439299	1.285222060742329
-5.526908635794744	1.317683022007023
-5.516896120150188	1.3546172863329653
-5.5068836045056315	1.395269212491287
-5.496871088861076	1.4365438728535402
-5.486858573216521	1.4724416644013136
-5.476846057571965	1.4972495227400047
-5.466833541927409	1.5096888155363057
-5.456821026282853	1.5131553517457488
-5.446808510638298	1.5115027806703247
-5.4367959949937426	1.505277373920042
-5.4267834793491865	1.4925837360894267
-5.41677096370463	1.4730013687969856
-5.406758448060075	1.449772702373617
-5.396745932415519	1.4281497146363906
-5.386733416770964	1.4121110427863512
-5.376720901126408	1.402673249033207
-5.366708385481852	1.3986210096003762
-5.356695869837297	1.398104154298752
-5.346683354192741	1.3996353424259347
-5.336670838548185	1.402560012780353
-5.326658322903629	1.4074949623610828
-5.316645807259073	1.416252801434856
-5.306633291614518	1.4305333245882736
-5.296620775969963	1.4499602197199084
-5.286608260325407	1.4709980308715762
-5.276595744680851	1.4875636710103952
-5.2665832290362955	1.4929339457667181
-5.256570713391739	1.4822810015353607
-5.246558197747184	1.4552438293381869
-5.236545682102628	1.4172389452274456
-5.226533166458072	1.3777466132997636
-5.216520650813517	1.3455926517271408
-5.206508135168962	1.3242998397585448
-5.196495619524406	1.3110816788974362
-5.18648310387985	1.2997915077803142
-5.1764705882352935	1.284814161693298
-5.166458072590738	1.2631081108213758
-5.156445556946183	1.2343065159727382
-5.146433041301627	1.200269842605713
-5.136420525657071	1.1643893104192344
-5.126408010012516	1.1297139401868188
-5.11639549436796	1.0962316660151687
-5.1063829787234045	1.0599355237341461
-5.0963704630788484	1.0157361871185717
-5.086357947434292	0.9624475913523134
-5.076345431789737	0.9053865093470856
-5.066332916145182	0.8540504867882184
-5.056320400500626	0.8168518919255431
-5.04630788485607	0.7970745607202331
-5.036295369211514	0.7921951516027411
-5.026282853566959	0.7955059343152989
-5.016270337922403	0.7982628804538741
-5.006257822277847	0.7920273535320108
-4.996245306633291	0.7714200093362646
-4.986232790988735	0.736275115923517
-4.97622027534418	0.6914975027165254
-4.966207759699625	0.6444364496827091
-4.956195244055069	0.6017015817471166
-4.946182728410513	0.5674974940218356
-4.9361702127659575	0.5436731633555493
-4.926157697121402	0.5300963913631509
-4.916145181476846	0.5243829857221561
-4.90613266583229	0.52159582765103
-4.896120150187734	0.5151887464996978
-4.886107634543179	0.4994823398195637
-4.876095118898624	0.47252767579440563
-4.866082603254068	0.43763259389892867
-4.8560700876095115	0.4022837466051649
-4.8460575719649555	0.37450802379086434
-4.8360450563204	0.35858849189708186
-4.826032540675845	0.35307039256868866
-4.816020025031289	0.3524061182400002
-4.806007509386733	0.35038958038619317
-4.795994993742178	0.3424159337198796
-4.785982478097623	0.3258673113529657
-4.7759699624530665	0.300149503341156
-4.76595744680851	0.26716290579399576
-4.755944931163954	0.23120651229606146
-4.745932415519399	0.1975496880740062
-4.735919899874844	0.17048837610147155
-4.725907384230288	0.1521226868436223
-4.715894868585732	0.1421724715034906
-4.705882352941176	0.13845283070429387
-4.6958698372966206	0.13763145954185255
-4.685857321652065	0.1360178246318542
-4.675844806007509	0.13030991011164755
-4.665832290362953	0.11849362273696931
-4.655819774718398	0.10089610520283153
-4.645807259073843	0.0806608721764991
-4.635794743429287	0.06273287688228832
-4.625782227784731	0.05147538928913863
-4.615769712140175	0.04831008133941515
-4.605757196495619	0.050960049236247244
-4.595744680851064	0.054853929279151656
-4.585732165206508	0.055836225511139446
-4.575719649561952	0.05245039181667522
-4.565707133917396	0.04634439784327689
-4.555694618272841	0.04069980890954201
-4.545682102628286	0.037982027687304375
-4.53566958698373	0.03859400315146572
-4.5256570713391735	0.041071516719633466
-4.515644555694618	0.043277236016422936
-4.505632040050063	0.043604533800647736
-4.495619524405507	0.04155653110260182
-4.485607008760951	0.03764277618520321
-4.475594493116395	0.032875027663753796
-4.46558197747184	0.028199473412094708
-4.4555694618272845	0.024116479904646194
-4.4455569461827285	0.020604424079811393
-4.435544430538172	0.01732152634481723
-4.425531914893616	0.013943160427206029
-4.415519399249061	0.01043106782252223
-4.405506883604506	0.007068087351566005
-4.39549436795995	0.004254011338498354
-4.385481852315394	0.0022429514546887176
-4.375469336670839	0.001026295861232876
-4.365456821026283	0.00040496242667820116
-4.355444305381727	0.00013722275755349156
-4.345431789737171	3.9820248820927934e-05
-4.335419274092615	9.877680217889372e-06
-4.32540675844806	2.0919745191653934e-06
-4.315394242803505	3.7797564863970574e-07
-4.305381727158949	5.82304637177323e-08
-4.295369211514393	7.646558314913562e-09
-4.285356695869837	8.556819496945475e-10
-4.275344180225281	8.158760925334604e-11
-4.265331664580726	6.6276340171663985e-12
-4.25531914893617	4.586558274016842e-13
-4.245306633291614	2.7039001610123888e-14
-4.235294117647059	1.3578673396262426e-15
-4.225281602002504	5.808698130537116e-17
-4.215269086357948	2.116652877612647e-18
-4.2052565707133915	6.570013664675934e-20
-4.1952440550688355	1.7371060861016367e-21
-4.18523153942428	3.9122652215212624e-23
-4.175219023779725	7.505352310705664e-25
-4.165206508135169	1.2264618511395084e-26
-4.155193992490613	1.7071698059907438e-28
-4.145181476846057	2.024131933193642e-30
-4.135168961201502	2.0442788430909343e-32
-4.1251564455569465	1.7586545647981242e-34
-4.11514392991239	1.2887241276394278e-36
-4.105131414267834	8.044116002303321e-39
-4.095118898623279	4.276964072566405e-41
-4.085106382978723	1.9370095706071364e-43
-4.075093867334168	7.472515107567869e-46
-4.065081351689612	2.4555042882096492e-48
-4.055068836045056	6.87312310916441e-51
-4.045056320400501	2.1825781237349417e-53
-4.035043804755945	2.347828932523767e-51
-4.025031289111389	8.633257020437122e-49
-4.015018773466833	2.704131989336613e-46
-4.005006257822277	7.214727625501003e-44
-3.994993742177722	1.639648790682719e-41
-3.9849812265331668	3.1740997065146744e-39
-3.9749687108886107	5.233944771251906e-37
-3.9649561952440546	7.351509879298366e-35
-3.9549436795994994	8.795545783565164e-33
-3.9449311639549434	8.9637117196951e-31
-3.934918648310388	7.781293683961211e-29
-3.924906132665832	5.753797481836704e-27
-3.914893617021277	3.6240666454893434e-25
-3.904881101376721	1.9443597325790307e-23
-3.8948685857321648	8.88578702810708e-22
-3.8848560700876096	3.4590275481871096e-20
-3.8748435544430535	1.1469671542589735e-18
-3.8648310387984983	3.239565624410433e-17
-3.8548185231539422	7.79401837056529e-16
-3.844806007509387	1.597257422701865e-14
-3.834793491864831	2.788221436091619e-13
-3.824780976220275	4.145896803943049e-12
-3.8147684605757197	5.2510801132153475e-11
-3.8047559449311636	5.6652339152172e-10
-3.7947434292866085	5.2062660454511055e-09
-3.7847309136420524	4.075442545791433e-08
-3.774718397997497	2.7174681775536194e-07
-3.764705882352941	1.5434713384293976e-06
-3.754693366708385	7.467655975347233e-06
-3.74468085106383	3.0777856709842065e-05
-3.734668335419274	0.0001080686304167393
-3.7246558197747186	0.0003233397418359708
-3.7146433041301625	0.0008247663989118467
-3.7046307884856065	0.0017956554741620538
-3.6946182728410513	0.003346128256416635
-3.684605757196495	0.0053721461608187355
-3.67459324155194	0.007544651681129449
-3.664580725907384	0.009575870852376744
-3.6545682102628287	0.011644509869528129
-3.6445556946182727	0.014550102010236758
-3.6345431789737166	0.019236091073912154
-3.6245306633291614	0.02588922055048727
-3.6145181476846053	0.03339259245244906
-3.60450563204005	0.03980473237966455
-3.594493116395494	0.043668578845973555
-3.584480600750939	0.04508432765374452
-3.574468085106383	0.04557225245127348
-3.5644555694618267	0.046876326587405905
-3.5544430538172715	0.049877349775693344
-3.5444305381727155	0.054540681105302524
-3.5344180225281603	0.060619472080451195
-3.524405506883604	0.06811936216075073
-3.514392991239049	0.0770406018885506
-3.504380475594493	0.08682259416183435
-3.494367959949937	0.09613129002178931
-3.4843554443053817	0.10319345679981615
-3.4743429286608256	0.10653852349020072
-3.4643304130162704	0.1059559288299166
-3.4543178973717144	0.1032998525605033
-3.444305381727159	0.10244217137627348
-3.434292866082603	0.10783359616094156
-3.424280350438047	0.12212366348814434
-3.414267834793492	0.14434240934833042
-3.4042553191489358	0.17008020840463556
-3.3942428035043806	0.19373228752206925
-3.3842302878598245	0.21129591773953862
-3.3742177722152693	0.22174716015522591
-3.3642052565707132	0.2261627523218568
-3.354192740926157	0.22570870600387535
-3.344180225281602	0.22063889681572965
-3.334167709637046	0.2113099191021191
-3.3241551939924907	0.19998975749728243
-3.3141426783479346	0.19145749817184982
-3.3041301627033794	0.19180952885303368
-3.2941176470588234	0.20645527135820763
-3.2841051314142673	0.23826628931279184
-3.274092615769712	0.286168555258202
-3.264080100125156	0.3446515760234052
-3.254067584480601	0.4050916377250209
-3.2440550688360448	0.45895063224432037
-3.2340425531914896	0.5012421479343377
-3.2240300375469335	0.5320936944980236
-3.2140175219023774	0.5555083718883681
-3.2040050062578223	0.5763127990225153
-3.193992490613266	0.5973131256879026
-3.183979974968711	0.6183683053921852
-3.173967459324155	0.6376558046256202
-3.1639549436795997	0.6537378479181019
-3.1539424280350437	0.6665892542151114
-3.1439299123904876	0.6771036746761927
-3.1339173967459324	0.6862699550594674
-3.1239048811013763	0.6951895378338774
-3.113892365456821	0.7055438812082362
-3.103879849812265	0.7192551833010425
-3.09386733416771	0.7372039786243804
-3.083854818523154	0.7584847575766702
-3.0738423028785977	0.7814057749356632
-3.0638297872340425	0.805240920312507
-3.0538172715894865	0.8304436259511635
-3.0438047559449313	0.8567951531122204
-3.033792240300375	0.881870909422381
-3.02377972465582	0.9023539850148747
-3.013767209011264	0.9175805373467901
-3.003754693366708	0.9318912202714104
-2.9937421777221527	0.9529332284058377
-2.9837296620775966	0.986470391315376
-2.9737171464330414	1.0316722401391392
-2.9637046307884853	1.081216751580682
-2.95369211514393	1.1266748186834703
-2.943679599499374	1.164453041220089
-2.933667083854818	1.1965761281966751
-2.923654568210263	1.2257538749141759
-2.9136420525657067	1.2503856139545295
-2.9036295369211516	1.2653674136178337
-2.8936170212765955	1.2681626960295522
-2.8836045056320403	1.2635139974323808
-2.873591989987484	1.2612043750753346
-2.863579474342928	1.2684353906009884
-2.853566958698373	1.2840069357091244
-2.843554443053817	1.299667311249113
-2.8335419274092617	1.306915476419083
-2.8235294117647056	1.3027632086740146
-2.8135168961201504	1.2901071692712895
-2.8035043804755944	1.2741910569965924
-2.7934918648310383	1.2593820590517388
-2.783479349186483	1.2482114035080316
-2.773466833541927	1.2417250326565688
-2.763454317897372	1.2401737516108524
-2.7534418022528158	1.2440643174067827
-2.7434292866082606	1.254964742064159
-2.7334167709637045	1.2746356044048384
-2.7234042553191484	1.3024198382654721
-2.7133917396745932	1.3330982273739118
-2.703379224030037	1.3575966929406447
-2.693366708385482	1.3667178922794174
-2.683354192740926	1.3558020093355985
-2.6733416770963707	1.3275967667866053
-2.6633291614518146	1.2915002980350285
-2.6533166458072586	1.259131130558596
-2.6433041301627034	1.238416627805142
-2.6332916145181473	1.2298045373564144
-2.623279098873592	1.2270363518637728
-2.613266583229036	1.2215059126067613
-2.603254067584481	1.2067686613648017
-2.593241551939925	1.1806588733208108
-2.5832290362953687	1.145041861261575
-2.5732165206508135	1.1044043898828066
-2.5632040050062574	1.0641348681970928
-2.5531914893617023	1.0290796583353212
-2.543178973717146	1.002701716797259
-2.533166458072591	0.986453115599197
-2.523153942428035	0.9791412565175609
-2.513141426783479	0.9773007440048472
-2.5031289111389237	0.9772433267026261
-2.4931163954943676	0.9771052914255196
-2.4831038798498124	0.9766854679793843
-2.4730913642052563	0.9756632905474183
-2.463078848560701	0.9726966730952805
-2.453066332916145	0.9661066620643767
-2.443053817271589	0.9547398691203324
-2.433041301627034	0.9383693315344646
-2.4230287859824777	0.918194964960573
-2.4130162703379225	0.8969692190360183
-2.4030037546933665	0.8775771209543012
-2.3929912390488113	0.8610533327922386
-2.382978723404255	0.846648196215901
-2.372966207759699	0.8339721586378183
-2.362953692115144	0.8238864840368662
-2.352941176470588	0.8163949720087553
-2.3429286608260327	0.8085891793608423
-2.3329161451814766	0.79646053167876
-2.3229036295369214	0.7794312140893299
-2.3128911138923653	0.7624302055131056
-2.3028785982478093	0.7527176005078382
-2.292866082603254	0.7543641808901607
-2.282853566958698	0.7654922605902073
-2.272841051314143	0.7803280206636004
-2.2628285356695867	0.7938937220932666
-2.2528160200250316	0.8055757911555171
-2.2428035043804755	0.8190693019034386
-2.2327909887359194	0.8388380789561526
-2.2227784730913642	0.8656943962406303
-2.212765957446808	0.8948554584499441
-2.202753441802253	0.9182142750475707
-2.192740926157697	0.9295295982474787
-2.1827284105131417	0.9287425203192154
-2.1727158948685856	0.9217773361592709
-2.1627033792240296	0.9157062630561082
-2.1526908635794744	0.9133491517980877
-2.1426783479349183	0.9119173371402591
-2.132665832290363	0.9065156834901259
-2.122653316645807	0.8951688010384141
-2.112640801001252	0.8812991914687943
-2.1026282853566958	0.8722084054404232
-2.0926157697121397	0.8753137965300618
-2.0826032540675845	0.8949870641671905
-2.0725907384230284	0.9314227678722898
-2.0625782227784732	0.9810033030884792
-2.052565707133917	1.0370296253447069
-2.042553191489362	1.0904445697980907
-2.032540675844806	1.1312214323795549
-2.02252816020025	1.1513505120502934
-2.0125156445556946	1.1489498564491434
-2.0025031289111386	1.1307256267295895
-1.9924906132665834	1.1098246790514217
-1.9824780976220273	1.0995078899605406
-1.9724655819774712	1.106754364005573
-1.962453066332916	1.1298255877668968
-1.95244055068836	1.1605739024696664
-1.9424280350438048	1.1894110446967774
-1.9324155193992487	1.2099681962202926
-1.9224030037546935	1.221142994282413
-1.9123904881101375	1.225987174605683
-1.9023779724655814	1.2287855954696913
-1.8923654568210262	1.2322917425722224
-1.8823529411764701	1.2364465181117306
-1.872340425531915	1.2391321591402071
-1.8623279098873589	1.2386208593028443
-1.8523153942428037	1.2359178390128651
-1.8423028785982476	1.2345290407459981
-1.8322903629536915	1.2372943897974065
-1.8222778473091363	1.243475199880179
-1.8122653316645803	1.2496748907498887
-1.802252816020025	1.2538398363618748
-1.792240300375469	1.2576690351507112
-1.7822277847309138	1.2647086714181024
-1.7722152690863577	1.2767886140973341
-1.7622027534418017	1.2930457628646244
-1.7521902377972465	1.3119214113662727
-1.7421777221526904	1.3328927192020812
-1.7321652065081352	1.3555499806391467
-1.7221526908635791	1.3769223993003434
-1.712140175219024	1.3900322395118372
-1.7021276595744679	1.386294707285037
-1.6921151439299118	1.3615372046085739
-1.6821026282853566	1.3213768909710835
-1.6720901126408005	1.2805211903275793
-1.6620775969962454	1.255031724317897
-1.6520650813516893	1.2531107879656795
-1.642052565707134	1.2717197528938193
-1.632040050062578	1.3011727776096444
-1.622027534418022	1.3327494016252448
-1.6120150187734668	1.3625577394836734
-1.6020025031289107	1.3901158263966997
-1.5919899874843555	1.4158403430051045
-1.5819774718397994	1.4407918503744763
-1.5719649561952442	1.466987953674467
-1.5619524405506882	1.4955286567370405
-1.551939924906132	1.5240066699624895
-1.541927409261577	1.547088060926788
-1.5319148936170208	1.5606896595409567
-1.5219023779724656	1.5656847014914752
-1.5118898623279096	1.5675063748521691
-1.5018773466833544	1.5723642735576393
-1.4918648310387983	1.5836733146209132
-1.4818523153942422	1.6013374165039478
-1.471839799749687	1.623791783599274
-1.461827284105131	1.6507320528927893
-1.4518147684605758	1.684061263904705
-1.4418022528160197	1.7259098306449747
-1.4317897371714645	1.7752911191808607
-1.4217772215269084	1.8269337336376077
-1.4117647058823524	1.8743375414274537
-1.4017521902377972	1.9146103115242024
-1.391739674593241	1.9499345453132197
-1.381727158948686	1.9836562648525111
-1.3717146433041298	2.0152811078940838
-1.3617021276595747	2.0404213728678573
-1.3516896120150186	2.056014858170409
-1.3416770963704625	2.0647806977877257
-1.3316645807259073	2.0740440900354415
-1.3216520650813512	2.0909521278342362
-1.311639549436796	2.1195015130132218
-1.30162703379224	2.161072434572799
-1.2916145181476848	2.21561524584005
-1.2816020025031287	2.2813499570565217
-1.2715894868585726	2.3541160210941734
-1.2615769712140175	2.42771323421669
-1.2515644555694614	2.4946217054453323
-1.2415519399249062	2.5468985126486174
-1.2315394242803501	2.5788207262138187
-1.221526908635795	2.5913120900248163
-1.2115143929912389	2.5943450584497487
-1.2015018773466828	2.6034590289928503
-1.1914893617021276	2.6317545136688416
-1.1814768460575715	2.683358289970589
-1.1714643304130163	2.7531138131134743
-1.1614518147684603	2.8317176650674964
-1.151439299123905	2.9114625074862457
-1.141426783479349	2.988510582404124
-1.131414267834793	3.061479652985592
-1.1214017521902377	3.129029960984195
-1.1113892365456817	3.1888970730685045
-1.1013767209011265	3.2386176898425223
-1.0913642052565704	3.2766616526860606
-1.0813516896120152	3.3029319582593155
-1.0713391739674591	3.318729051740835
-1.061326658322903	3.326867342954641
-1.0513141426783479	3.33196605581103
-1.0413016270337918	3.33988767365988
-1.0312891113892366	3.35572804078528
-1.0212765957446805	3.3816584104794516
-1.0112640801001254	3.41672347420665
-1.0012515644555693	3.458875345508231
-0.9912390488110132	3.5067903256884647
-0.981226533166458	3.558508278754453
-0.971214017521902	3.607254594653915
-0.9612015018773468	3.639573530679045
-0.9511889862327907	3.6411714279675187
-0.9411764705882355	3.6085807073879383
-0.9311639549436794	3.5563379264155683
-0.9211514392991234	3.5107467519752324
-0.9111389236545682	3.4936058770134606
-0.9011264080100121	3.5095380182361744
-0.8911138923654569	3.5467273099877614
-0.8811013767209008	3.5876917879458436
-0.8710888610763456	3.6195169139445627
-0.8610763454317896	3.6375418752158644
-0.8510638297872335	3.6437561029967123
-0.8410513141426783	3.6427892371243424
-0.8310387984981222	3.637292597249642
-0.821026282853567	3.6254169237404286
-0.811013767209011	3.602948685956711
-0.8010012515644558	3.5683268256364418
-0.7909887359198997	3.5252788506457695
-0.7809762202753436	3.480604954031557
-0.7709637046307884	3.4400693992371214
-0.7609511889862324	3.4065255406863053
-0.7509386733416772	3.380960856308822
-0.7409261576971211	3.3638857102984407
-0.7309136420525659	3.3545628080393413
-0.7209011264080099	3.3486239364645103
-0.7108886107634538	3.337597422193818
-0.7008760951188986	3.3127994982387916
-0.6908635794743425	3.271051677062711
-0.6808510638297873	3.2168019048320913
-0.6708385481852313	3.1586634128846898
-0.6608260325406761	3.1039107256129226
-0.65081351689612	3.0553084855262296
-0.6408010012515639	3.0110925053726807
-0.6307884856070087	2.966783091795571
-0.6207759699624527	2.9184466771025575
-0.6107634543178975	2.8667541348152845
-0.6007509386733414	2.818498137088397
-0.5907384230287862	2.7825330084826883
-0.5807259073842301	2.7627613898150383
-0.5707133917396741	2.754904296834838
-0.5607008760951189	2.749928944330741
-0.5506883604505628	2.7397915580163654
-0.5406758448060076	2.7199465484485885
-0.5306633291614515	2.6885015600597457
-0.5206508135168963	2.64573431041385
-0.5106382978723403	2.595277275059844
-0.5006257822277842	2.544379222981145
-0.490613266583229	2.5012560178381835
-0.48060075093867294	2.4713348011557676
-0.47058823529411775	2.4557053744932538
-0.4605757196495617	2.4527071330059713
-0.4505632040050065	2.4604811769630697
-0.4405506883604504	2.477555176771859
-0.43053817271589434	2.5005163298356408
-0.42052565707133915	2.521080930811243
-0.4105131414267831	2.5265873525453157
-0.4005006257822279	2.505703110074254
-0.3904881101376718	2.4561897811575326
-0.38047559449311663	2.388663715332654
-0.37046307884856056	2.3227002490693702
-0.3604505632040045	2.277403717665506
-0.3504380475594493	2.2625055944211656
-0.3404255319148932	2.275005532201358
-0.33041301627033803	2.302079679787022
-0.32040050062578196	2.3274744615275753
-0.3103879849812259	2.3377909026169554
-0.3003754693366707	2.3262132158931013
-0.2903629536921146	2.2932288587991083
-0.28035043804755944	2.245615284354837
-0.27033792240300336	2.194973451632481
-0.2603254067584482	2.155396981439473
-0.2503128911138921	2.1390153537525936
-0.24030037546933602	2.1502377297266624
-0.23028785982478084	2.1827312924585662
-0.22027534418022476	2.2229022651862547
-0.21026282853566958	2.258297140769892
-0.2002503128911135	2.2841137883120393
-0.19023779724655832	2.3027362338542927
-0.18022528160200224	2.3185354607037283
-0.17021276595744617	2.3340708447282528
-0.16020025031289098	2.3501198604149667
-0.1501877346683349	2.367025288400068
-0.14017521902377972	2.385074168177352
-0.13016270337922364	2.4044914170628857
-0.12015018773466846	2.425956087592651
-0.11013767209011238	2.4508446384806737
-0.10012515644555631	2.4800980970867066
-0.09011264080100112	2.5121871169876404
-0.08010012515644505	2.542197860655786
-0.07008760951188986	2.563876736335669
-0.060075093867333784	2.5739559918753816
-0.0500625782227786	2.575080303979441
-0.04005006257822252	2.5739415300024655
-0.030037546933666448	2.5757156954450275
-0.02002503128911126	2.580021420880145
-0.010012515644555187	2.582343833067463
0.0	2.5792964207169646
