-8.0	2.6572720238810903
-7.989987484355444	2.691769290524595
-7.979974968710889	2.725998736645089
-7.969962453066333	2.7568712036143364
-7.9599499374217775	2.782296600949837
-7.949937421777221	2.8039808896882414
-7.939924906132666	2.8254654118659777
-7.92991239048811	2.846626725642314
-7.919899874843554	2.860751803203842
-7.909887359198999	2.858743178434323
-7.899874843554443	2.836963089156287
-7.889862327909888	2.800642940238174
-7.8798498122653315	2.7600919383728475
-7.869837296620776	2.7245151291532363
-7.85982478097622	2.6982775228842386
-7.849812265331664	2.679910054703014
-7.839799749687109	2.6633199549013957
-7.829787234042553	2.6423420798125927
-7.819774718397998	2.6176754843781316
-7.809762202753442	2.600813996574789
-7.7997496871088865	2.609705210302776
-7.78973717146433	2.6571961394864143
-7.779724655819774	2.7404009495777113
-7.769712140175219	2.840148948629281
-7.759699624530663	2.9322114481606527
-7.749687108886108	3.001760720144284
-7.739674593241552	3.0496503981144896
-7.729662077596997	3.086918756380908
-7.719649561952441	3.124223784908031
-7.7096370463078845	3.1656892977342515
-7.699624530663329	3.2107166579902113
-7.689612015018773	3.25976501610417
-7.679599499374218	3.317836242525378
-7.669586983729662	3.39294740469171
-7.659574468085107	3.491452875452653
-7.649561952440551	3.6137482196437145
-7.639549436795995	3.753103581922846
-7.629536921151439	3.8989404390963562
-7.619524405506883	4.04344061359044
-7.609511889862328	4.186952512868826
-7.599499374217772	4.336863666579251
-7.589486858573217	4.499663217482189
-7.579474342928661	4.672993366573183
-7.569461827284105	4.845300626803762
-7.55944931163955	5.0031810892056665
-7.5494367959949935	5.138830431674849
-7.539424280350438	5.25108443643367
-7.529411764705882	5.341663224800665
-7.519399249061326	5.412894136959775
-7.509386733416771	5.468994299234046
-7.499374217772215	5.517151396993773
-7.48936170212766	5.56588228542726
-7.479349186483104	5.623117988112061
-7.4693366708385485	5.69613448396663
-7.459324155193992	5.791050124646302
-7.449311639549437	5.9096516018624925
-7.439299123904881	6.045606231616312
-7.429286608260325	6.1832307385967225
-7.41927409261577	6.299919854675114
-7.409261576971214	6.373276001782585
-7.399249061326659	6.393128099144929
-7.3892365456821025	6.372109493329218
-7.3792240300375465	6.343811522407055
-7.369211514392991	6.34554694429919
-7.359198998748435	6.397467714331023
-7.34918648310388	6.493906258517598
-7.339173967459324	6.61166986678663
-7.329161451814769	6.726579800263705
-7.319148936170213	6.826073151732732
-7.3091364205256575	6.9114084551672805
-7.299123904881101	6.990709382756589
-7.289111389236545	7.0692048412410795
-7.27909887359199	7.143820849882857
-7.269086357947434	7.20506610000571
-7.259073842302879	7.242672179649598
-7.249061326658323	7.249131339740098
-7.239048811013767	7.220035731342484
-7.2290362953692116	7.155252772290104
-7.2190237797246555	7.062386259213964
-7.2090112640801	6.957940592035133
-7.198998748435544	6.862940897507201
-7.188986232790989	6.79674626336628
-7.178973717146433	6.773639092017282
-7.168961201501878	6.800913751076539
-7.158948685857322	6.875741202157976
-7.148936170212766	6.983236437584206
-7.13892365456821	7.100297298806531
-7.128911138923654	7.204872485097452
-7.118898623279099	7.284792336663354
-7.108886107634543	7.340026016408769
-7.098873591989987	7.37712293232329
-7.088861076345432	7.401020988074512
-7.078848560700876	7.411805374732668
-7.068836045056321	7.409007000564072
-7.0588235294117645	7.3980759744995295
-7.048811013767209	7.391444417297923
-7.038798498122653	7.402497226029734
-7.028785982478098	7.4380137601036935
-7.018773466833542	7.49562018921838
-7.008760951188986	7.567328546919165
-6.998748435544431	7.644693371724448
-6.988735919899875	7.721131077353989
-6.9787234042553195	7.79175602675221
-6.968710888610763	7.854285013349845
-6.958698372966207	7.911551836739798
-6.948685857321652	7.9711520761031815
-6.938673341677096	8.039263753038453
-6.928660826032541	8.11370790387845
-6.918648310387985	8.184767036211271
-6.908635794743429	8.2442562743713
-6.8986232790988735	8.293021515756616
-6.888610763454318	8.33871653500123
-6.878598247809762	8.388158992697232
-6.868585732165206	8.444986403971306
-6.858573216520651	8.514354749894629
-6.848560700876095	8.604270535739206
-6.83854818523154	8.715839407574222
-6.828535669586984	8.830720911261308
-6.818523153942428	8.912381641215637
-6.808510638297872	8.925353187282225
-6.798498122653316	8.857269846632281
-6.788485607008761	8.725082566968387
-6.778473091364205	8.562272639377506
-6.768460575719649	8.399476068914005
-6.758448060075094	8.252315762523862
-6.748435544430539	8.121337773451407
-6.7384230287859825	8.000513869635684
-6.7284105131414265	7.887169241384847
-6.718397997496871	7.786587732307087
-6.708385481852315	7.708276090259433
-6.69837296620776	7.656769327655417
-6.688360450563204	7.624287214685571
-6.678347934918648	7.591600636504119
-6.668335419274093	7.537078759805527
-6.658322903629537	7.447264407052269
-6.648310387984981	7.3217034684773505
-6.638297872340425	7.170412833994254
-6.628285356695869	7.007981713335345
-6.618272841051314	6.848669473775323
-6.608260325406759	6.70336042343955
-6.598247809762203	6.576675416522923
-6.588235294117647	6.463718204719368
-6.578222778473092	6.34922990026311
-6.5682102628285355	6.212606297455924
-6.55819774718398	6.0378747017479535
-6.548185231539424	5.82245146945066
-6.538172715894868	5.578524889074409
-6.528160200250313	5.326465279261349
-6.518147684605757	5.085018114200632
-6.508135168961202	4.863832382702665
-6.498122653316646	4.661244445810449
-6.4881101376720896	4.467586504506375
-6.478097622027534	4.2725932626185745
-6.468085106382979	4.073447455027727
-6.458072590738423	3.8781892441148327
-6.448060075093867	3.701006466593243
-6.438047559449312	3.552222890137059
-6.428035043804756	3.4309641268785085
-6.418022528160201	3.3261304866076666
-6.4080100125156445	3.2236609378293135
-6.397997496871088	3.113818578846527
-6.387984981226533	2.9946142819759265
-6.377972465581977	2.871185288990523
-6.367959949937422	2.751949233780409
-6.357947434292866	2.6430843561913218
-6.34793491864831	2.5449161537210516
-6.337922403003755	2.453523532505219
-6.3279098873591995	2.3664207829100232
-6.317897371714643	2.286987804776456
-6.307884856070087	2.223266279393501
-6.297872340425532	2.181913464613966
-6.287859824780976	2.1626077414395435
-6.277847309136421	2.157927729541371
-6.267834793491865	2.1586214864701856
-6.257822277847309	2.159124354945068
-6.2478097622027535	2.1587199824728325
-6.2377972465581975	2.1590192862613766
-6.227784730913642	2.1617634799551055
-6.217772215269086	2.1689037978187926
-6.20775969962453	2.1832719613660765
-6.197747183979975	2.2074512967463775
-6.18773466833542	2.240643903377012
-6.177722152690864	2.276095566836631
-6.167709637046308	2.3026886673184546
-6.157697121401752	2.3114850264940836
-6.147684605757196	2.302627540972122
-6.137672090112641	2.286221429921302
-6.127659574468085	2.2758355533576693
-6.117647058823529	2.2798382177773764
-6.107634543178974	2.2971604870105375
-6.097622027534418	2.319918455833916
-6.0876095118898625	2.3397712614926793
-6.0775969962453065	2.3522786787607703
-6.06758448060075	2.3563371545394567
-6.057571964956195	2.351338397215168
-6.04755944931164	2.33615133132372
-6.037546933667084	2.309767306560088
-6.027534418022528	2.270673090263369
-6.017521902377973	2.2154646212233056
-6.007509386733417	2.1407832162418194
-5.997496871088861	2.049076127671176
-5.987484355444305	1.9519218601974528
-5.977471839799749	1.8648919635878427
-5.967459324155194	1.796696691946772
-5.957446808510639	1.7425631477798775
-5.947434292866083	1.6883193712796916
-5.937421777221527	1.6210700328773644
-5.927409261576971	1.5366364981402845
-5.9173967459324155	1.4388679420379595
-5.90738423028786	1.3347078034241617
-5.897371714643304	1.2314290615710182
-5.887359198998748	1.1373331844031067
-5.877346683354192	1.0618454196082383
-5.867334167709637	1.0117861857892916
-5.857321652065082	0.9860870719552349
-5.847309136420526	0.9743774592702483
-5.83729662077597	0.9617589418647458
-5.827284105131414	0.9363637599222312
-5.817271589486858	0.89430343580527
-5.807259073842303	0.8395798178028956
-5.797246558197747	0.7803239800998614
-5.787234042553191	0.7240727425957156
-5.777221526908636	0.6743117853453319
-5.767209011264081	0.6298316410613581
-5.7571964956195245	0.5872757096608934
-5.747183979974968	0.5449911297057326
-5.737171464330412	0.5047940460812992
-5.727158948685857	0.4700605640240021
-5.717146433041302	0.44234449531194286
-5.707133917396746	0.4201566274329167
-5.69712140175219	0.40104522623279265
-5.687108886107635	0.38478411717967015
-5.677096370463079	0.37468171766132957
-5.667083854818523	0.3758336455737622
-5.657071339173967	0.39152616166157767
-5.647058823529411	0.42040710971825046
-5.637046307884856	0.4567636624831161
-5.627033792240301	0.49401432045471955
-5.617021276595745	0.5285708865735965
-5.607008760951189	0.5605663482034007
-5.596996245306633	0.5910672929653219
-5.5869837296620775	0.619213238597339
-5.576971214017522	0.6426492826850512
-5.566958698372966	0.6606352408739087
-5.55694618272841	0.6762016562729148
-5.546933667083855	0.6951028907831601
-5.536921151439299	0.7228873327123148
-5.526908635794744	0.7627229182776885
-5.516896120150188	0.8148463082518307
-5.5068836045056315	0.8768180722478809
-5.496871088861076	0.9442448631821904
-5.486858573216521	1.0124550583177387
-5.476846057571965	1.078700202013039
-5.466833541927409	1.1431354095727444
-5.456821026282853	1.2074837275603203
-5.446808510638298	1.2724950361188747
-5.4367959949937426	1.3366111791960726
-5.4267834793491865	1.3971577835668294
-5.41677096370463	1.452773160277286
-5.406758448060075	1.5043325886033658
-5.396745932415519	1.5532520950202728
-5.386733416770964	1.5991745469316812
-5.376720901126408	1.6398400771211845
-5.366708385481852	1.6732265420901111
-5.356695869837297	1.6992895074524061
-5.346683354192741	1.7195947764015191
-5.336670838548185	1.7363195165419056
-5.326658322903629	1.7526082309093336
-5.316645807259073	1.773378249039862
-5.306633291614518	1.804123355309327
-5.296620775969963	1.8476998365218256
-5.286608260325407	1.9018557705341264
-5.276595744680851	1.9593045238071445
-5.2665832290362955	2.009190765765245
-5.256570713391739	2.03855190404553
-5.246558197747184	2.035069476215231
-5.236545682102628	1.9930336250367986
-5.226533166458072	1.920316318744472
-5.216520650813517	1.8398406141652206
-5.206508135168962	1.781031054354132
-5.196495619524406	1.7647310442651032
-5.18648310387985	1.7914472313274572
-5.1764705882352935	1.840937934201937
-5.166458072590738	1.8828667629041556
-5.156445556946183	1.8912700920905552
-5.146433041301627	1.8549396913389424
-5.136420525657071	1.779788301469583
-5.126408010012516	1.683670177167429
-5.11639549436796	1.5868572334285
-5.1063829787234045	1.5025107338996289
-5.0963704630788484	1.4316324257304465
-5.086357947434292	1.3655471809191249
-5.076345431789737	1.2946487022218698
-5.066332916145182	1.2169023670396721
-5.056320400500626	1.1392556574079453
-5.04630788485607	1.0715340086427028
-5.036295369211514	1.01902222693929
-5.026282853566959	0.979881922231827
-5.016270337922403	0.9482550934553676
-5.006257822277847	0.919385004816544
-4.996245306633291	0.8923787496097889
-4.986232790988735	0.8687458253206207
-4.97622027534418	0.8486437880662794
-4.966207759699625	0.828812813290145
-4.956195244055069	0.8042236467503165
-4.946182728410513	0.7714375256942337
-4.9361702127659575	0.7302131578298509
-4.926157697121402	0.6824345739551354
-4.916145181476846	0.6304462276060824
-4.90613266583229	0.5767581295151814
-4.896120150187734	0.5245817899142455
-4.886107634543179	0.477298560059249
-4.876095118898624	0.43643552207009856
-4.866082603254068	0.4001228549374111
-4.8560700876095115	0.36420071833362505
-4.8460575719649555	0.3255010225859404
-4.8360450563204	0.2843226162885142
-4.826032540675845	0.24388118917277837
-4.816020025031289	0.20767761597321086
-4.806007509386733	0.1775050904422103
-4.795994993742178	0.15350672336022686
-4.785982478097623	0.1353631676557869
-4.7759699624530665	0.12291143680576172
-4.76595744680851	0.11558269721894684
-4.755944931163954	0.11155081730040499
-4.745932415519399	0.10789645192381452
-4.735919899874844	0.10204152240143705
-4.725907384230288	0.09330679622407818
-4.715894868585732	0.08319413069704135
-4.705882352941176	0.07411824780154622
-4.6958698372966206	0.06763375724284423
-4.685857321652065	0.06353625744860199
-4.675844806007509	0.06037158452566521
-4.665832290362953	0.05667776333373574
-4.655819774718398	0.051852351843662735
-4.645807259073843	0.046182369504599086
-4.635794743429287	0.04037695335930527
-4.625782227784731	0.035087333486305106
-4.615769712140175	0.0306530246461074
-4.605757196495619	0.02713607971012303
-4.595744680851064	0.02450263529017418
-4.585732165206508	0.022642220488293733
-4.575719649561952	0.021166738290888935
-4.565707133917396	0.019371182847581055
-4.555694618272841	0.01663290519755299
-4.545682102628286	0.012921959501693815
-4.53566958698373	0.008866309298670355
-4.5256570713391735	0.005298159379329185
-4.515644555694618	0.0027362614120771227
-4.505632040050063	0.0012163089099524087
-4.495619524405507	0.0004642666632843598
-4.485607008760951	0.0001519497797365457
-4.475594493116395	4.259963864069707e-05
-4.46558197747184	1.022229952475824e-05
-4.4555694618272845	2.0982051705847263e-06
-4.4455569461827285	3.681805097604415e-07
-4.435544430538172	5.520424665664534e-08
-4.425531914893616	7.069569713212137e-09
-4.415519399249061	7.729556506469168e-10
-4.405506883604506	7.21290467233869e-11
-4.39549436795995	5.742905905330338e-12
-4.385481852315394	3.900391525698219e-13
-4.375469336670839	2.2591459225164376e-14
-4.365456821026283	1.1157278115447584e-15
-4.355444305381727	4.69764850816239e-17
-4.345431789737171	1.685978223653224e-18
-4.335419274092615	5.1573020317084915e-20
-4.32540675844806	1.3444668966246617e-21
-4.315394242803505	2.986751191503134e-23
-4.305381727158949	5.653787387948388e-25
-4.295369211514393	9.118980958285396e-27
-4.285356695869837	1.2531369256788706e-28
-4.275344180225281	1.4671635310804292e-30
-4.265331664580726	1.4634287073644333e-32
-4.25531914893617	1.243556031685991e-34
-4.245306633291614	9.002219651214856e-37
-4.235294117647059	5.551568801014134e-39
-4.225281602002504	2.9164635783895823e-41
-4.215269086357948	1.3051671100883732e-43
-4.2052565707133915	4.975530971198153e-46
-4.1952440550688355	1.6157432117342912e-48
-4.18523153942428	4.4695250454974396e-51
-4.175219023779725	1.0531825449844574e-53
-4.165206508135169	2.113960005444759e-56
-4.155193992490613	3.6144207954133636e-59
-4.145181476846057	5.2641447167198556e-62
-4.135168961201502	6.530744576361982e-65
-4.1251564455569465	6.901479285530534e-68
-4.11514392991239	6.212484610202838e-71
-4.105131414267834	4.763556335852765e-74
-4.095118898623279	3.1112825899094466e-77
-4.085106382978723	1.730968749676743e-80
-4.075093867334168	8.203140443626907e-84
-4.065081351689612	3.31140142336715e-87
-4.055068836045056	1.138633500924681e-90
-4.045056320400501	3.335003222808749e-94
-4.035043804755945	8.320482453719939e-98
-4.025031289111389	1.7682372084124032e-101
-4.015018773466833	3.2235105689770548e-105
-4.005006257822277	1.3678397433846574e-103
-3.994993742177722	7.04856818913825e-100
-3.9849812265331668	3.093905174027393e-96
-3.9749687108886107	1.1567830883478506e-92
-3.9649561952440546	3.6841364062207006e-89
-3.9549436795994994	9.99443646358962e-86
-3.9449311639549434	2.3095095373135118e-82
-3.934918648310388	4.545901774705767e-79
-3.924906132665832	7.621828524828288e-76
-3.914893617021277	1.0885218198160265e-72
-3.904881101376721	1.3242010966376062e-69
-3.8948685857321648	1.372175264741419e-66
-3.8848560700876096	1.2111671092621108e-63
-3.8748435544430535	9.106204305891015e-61
-3.8648310387984983	5.8318930453529004e-58
-3.8548185231539422	3.1814166598796787e-55
-3.844806007509387	1.4783266004496088e-52
-3.834793491864831	5.851390373692735e-50
-3.824780976220275	1.9728160673242725e-47
-3.8147684605757197	5.665692025819839e-45
-3.8047559449311636	1.3859838746346813e-42
-3.7947434292866085	2.8880336056467533e-40
-3.7847309136420524	5.12607747130993e-38
-3.774718397997497	7.750093774079654e-36
-3.764705882352941	9.980852448210494e-34
-3.754693366708385	1.0948817725597968e-31
-3.74468085106383	1.023070991545545e-29
-3.734668335419274	8.142979392163748e-28
-3.7246558197747186	5.520774689738015e-26
-3.7146433041301625	3.1882766208163092e-24
-3.7046307884856065	1.568380743212349e-22
-3.6946182728410513	6.571839351465981e-21
-3.684605757196495	2.3456484575626516e-19
-3.67459324155194	7.131492497796567e-18
-3.664580725907384	1.846889751562676e-16
-3.6545682102628287	4.074243010767297e-15
-3.6445556946182727	7.656001861116573e-14
-3.6345431789737166	1.2254966089076732e-12
-3.6245306633291614	1.671038001858663e-11
-3.6145181476846053	1.9410601576181152e-10
-3.60450563204005	1.920846046311843e-09
-3.594493116395494	1.619504454003001e-08
-3.584480600750939	1.1634902556823326e-07
-3.574468085106383	7.123942251649591e-07
-3.5644555694618267	3.7186860758625e-06
-3.5544430538172715	1.6556937062557363e-05
-3.5444305381727155	6.292434896707092e-05
-3.5344180225281603	0.00020436817829594763
-3.524405506883604	0.0005682608628098496
-3.514392991239049	0.0013565138089412395
-3.504380475594493	0.002791668552748482
-3.494367959949937	0.004983987563743564
-3.4843554443053817	0.007789185139843228
-3.4743429286608256	0.010791800356517283
-3.4643304130162704	0.013479383858785962
-3.4543178973717144	0.015501264580100791
-3.444305381727159	0.016831412364056754
-3.434292866082603	0.017771778924639145
-3.424280350438047	0.018873554221703264
-3.414267834793492	0.020837748637312373
-3.4042553191489358	0.02436052758136645
-3.3942428035043806	0.029926920176639903
-3.3842302878598245	0.037725819439987374
-3.3742177722152693	0.047852665553123445
-3.3642052565707132	0.060626572915061606
-3.354192740926157	0.07659421837538843
-3.344180225281602	0.09610337679094262
-3.334167709637046	0.11887002682311945
-3.3241551939924907	0.14395947756355068
-3.3141426783479346	0.17007535513029995
-3.3041301627033794	0.19582398111529278
-3.2941176470588234	0.21998502855878302
-3.2841051314142673	0.24201731732840376
-3.274092615769712	0.2625042064106603
-3.264080100125156	0.28277763238708997
-3.254067584480601	0.30366455411905113
-3.2440550688360448	0.3246286401422077
-3.2340425531914896	0.3446563505123964
-3.2240300375469335	0.3645086274600124
-3.2140175219023774	0.38821531262634074
-3.2040050062578223	0.4219050816104644
-3.193992490613266	0.4702547140644352
-3.183979974968711	0.5331757151335103
-3.173967459324155	0.6056153954887654
-3.1639549436795997	0.6808304995727361
-3.1539424280350437	0.7543194417828398
-3.1439299123904876	0.8251328157032174
-3.1339173967459324	0.8941694956862621
-3.1239048811013763	0.9620418661386395
-3.113892365456821	1.0288159136998107
-3.103879849812265	1.0950182647021243
-3.09386733416771	1.161472820235349
-3.083854818523154	1.2271249204504802
-3.0738423028785977	1.2871364944367252
-3.0638297872340425	1.3341877540819382
-3.0538172715894865	1.3629173842863698
-3.0438047559449313	1.3740593944651203
-3.033792240300375	1.374807102835473
-3.02377972465582	1.3750769495719368
-3.013767209011264	1.382514139250828
-3.003754693366708	1.3998450066755386
-2.9937421777221527	1.4261425698166088
-2.9837296620775966	1.4601247749964354
-2.9737171464330414	1.501856356751627
-2.9637046307884853	1.5513898311647112
-2.95369211514393	1.606569790686091
-2.943679599499374	1.6628598010553193
-2.933667083854818	1.7153440333224739
-2.923654568210263	1.760889434383968
-2.9136420525657067	1.7988153356887902
-2.9036295369211516	1.8298535130602593
-2.8936170212765955	1.8543249845341148
-2.8836045056320403	1.871072634672143
-2.873591989987484	1.878233055054635
-2.863579474342928	1.8752644538952563
-2.853566958698373	1.8642571912940118
-2.843554443053817	1.8490366963504266
-2.8335419274092617	1.8326271427061163
-2.8235294117647056	1.8153537420527404
-2.8135168961201504	1.7953868191315732
-2.8035043804755944	1.7711446226280174
-2.7934918648310383	1.743362189279461
-2.783479349186483	1.7154841311285869
-2.773466833541927	1.6924426612205556
-2.763454317897372	1.6779390721584397
-2.7534418022528158	1.6708406127566844
-2.7434292866082606	1.6636192465530741
-2.7334167709637045	1.646209290340435
-2.7234042553191484	1.6137579954204748
-2.7133917396745932	1.571028529823543
-2.703379224030037	1.5279497917532991
-2.693366708385482	1.4898347573804167
-2.683354192740926	1.4520166120744329
-2.6733416770963707	1.404485707230104
-2.6633291614518146	1.3419854633916513
-2.6533166458072586	1.2699148198377523
-2.6433041301627034	1.2010809564649052
-2.6332916145181473	1.1469449976092245
-2.623279098873592	1.1106953978898229
-2.613266583229036	1.086270824767854
-2.603254067584481	1.062474561450032
-2.593241551939925	1.029144135414926
-2.5832290362953687	0.9824378840755226
-2.5732165206508135	0.9266724602151181
-2.5632040050062574	0.8714094759562339
-2.5531914893617023	0.8256000892384201
-2.543178973717146	0.79317841535065
-2.533166458072591	0.7731597485037013
-2.523153942428035	0.7628776169231551
-2.513141426783479	0.7603253448777524
-2.5031289111389237	0.7635426154876276
-2.4931163954943676	0.7689248997155524
-2.4831038798498124	0.7714608943509705
-2.4730913642052563	0.7672239189603245
-2.463078848560701	0.7556011190399233
-2.453066332916145	0.7391723997243406
-2.443053817271589	0.7218995640437527
-2.433041301627034	0.7076896879018284
-2.4230287859824777	0.7000107379054819
-2.4130162703379225	0.7014503297947716
-2.4030037546933665	0.7125570728023476
-2.3929912390488113	0.7311532354546719
-2.382978723404255	0.7535641485816075
-2.372966207759699	0.7771666255832248
-2.362953692115144	0.8019839891307093
-2.352941176470588	0.8300332914932154
-2.3429286608260327	0.8635485049867266
-2.3329161451814766	0.9039910505428437
-2.3229036295369214	0.9520619071327187
-2.3128911138923653	1.0073570030628578
-2.3028785982478093	1.0672728812984413
-2.292866082603254	1.1267308208706759
-2.282853566958698	1.1799868770816853
-2.272841051314143	1.223430264377086
-2.2628285356695867	1.2571353416870403
-2.2528160200250316	1.2842026651087717
-2.2428035043804755	1.3084561695350474
-2.2327909887359194	1.3315576231741204
-2.2227784730913642	1.3511292048312087
-2.212765957446808	1.3619855718457525
-2.202753441802253	1.360869210847292
-2.192740926157697	1.351204098606922
-2.1827284105131417	1.342710665501682
-2.1727158948685856	1.3447746476803983
-2.1627033792240296	1.3590390031354254
-2.1526908635794744	1.3782966068286453
-2.1426783479349183	1.3927046691266407
-2.132665832290363	1.3970308748537894
-2.122653316645807	1.3923575830537447
-2.112640801001252	1.382357940268487
-2.1026282853566958	1.3696646052017687
-2.0926157697121397	1.3559321613674944
-2.0826032540675845	1.3435146975082863
-2.0725907384230284	1.3352136443153975
-2.0625782227784732	1.332479864825812
-2.052565707133917	1.33496330567683
-2.042553191489362	1.3416562841463373
-2.032540675844806	1.3511128685247882
-2.02252816020025	1.3601857477435175
-2.0125156445556946	1.3640384163083903
-2.0025031289111386	1.35922810982929
-1.9924906132665834	1.3473354029056839
-1.9824780976220273	1.3347153034634205
-1.9724655819774712	1.327362554803333
-1.962453066332916	1.3253510109254907
-1.95244055068836	1.322714450179671
-1.9424280350438048	1.313476948825305
-1.9324155193992487	1.2978246102546207
-1.9224030037546935	1.282100739994146
-1.9123904881101375	1.2731998166190164
-1.9023779724655814	1.273615669994129
-1.8923654568210262	1.2812595119893917
-1.8823529411764701	1.29218140166952
-1.872340425531915	1.3024695665692714
-1.8623279098873589	1.3086181890790964
-1.8523153942428037	1.3079634142236958
-1.8423028785982476	1.2996709368449724
-1.8322903629536915	1.2850519707089096
-1.8222778473091363	1.266524932885005
-1.8122653316645803	1.246323254045491
-1.802252816020025	1.2264009523248267
-1.792240300375469	1.2093093222696558
-1.7822277847309138	1.1983164186650277
-1.7722152690863577	1.195828440647324
-1.7622027534418017	1.2012893963619509
-1.7521902377972465	1.2105212024563476
-1.7421777221526904	1.217318546024866
-1.7321652065081352	1.2165637415372637
-1.7221526908635791	1.2071427253368137
-1.712140175219024	1.192813467006407
-1.7021276595744679	1.1804600943967059
-1.6921151439299118	1.17708915274327
-1.6821026282853566	1.1871904865903058
-1.6720901126408005	1.2106600949117496
-1.6620775969962454	1.24136761396411
-1.6520650813516893	1.2682496760661095
-1.642052565707134	1.2806061589996338
-1.632040050062578	1.27515777279118
-1.622027534418022	1.2590451383029495
-1.6120150187734668	1.2454604928444621
-1.6020025031289107	1.2449743011236634
-1.5919899874843555	1.2591091675394819
-1.5819774718397994	1.2803391452409425
-1.5719649561952442	1.2977711692136273
-1.5619524405506882	1.3046152991688031
-1.551939924906132	1.3030199219346472
-1.541927409261577	1.3030948887023581
-1.5319148936170208	1.3162151024566922
-1.5219023779724656	1.347209943476363
-1.5118898623279096	1.391721572651172
-1.5018773466833544	1.4407052028964096
-1.4918648310387983	1.4871469408089388
-1.4818523153942422	1.528096450725587
-1.471839799749687	1.5608193507707426
-1.461827284105131	1.5790759633359046
-1.4518147684605758	1.5756842337478127
-1.4418022528160197	1.5501080615388112
-1.4317897371714645	1.5133241640270394
-1.4217772215269084	1.484005704148909
-1.4117647058823524	1.478136273734807
-1.4017521902377972	1.5002886993897515
-1.391739674593241	1.5432087091237072
-1.381727158948686	1.594902665105307
-1.3717146433041298	1.6465246731858187
-1.3617021276595747	1.6952295625019786
-1.3516896120150186	1.7415252821968812
-1.3416770963704625	1.7846800872011372
-1.3316645807259073	1.8202065053747125
-1.3216520650813512	1.8416610816204422
-1.311639549436796	1.8458146524929775
-1.30162703379224	1.8369457025962772
-1.2916145181476848	1.8259238598055902
-1.2816020025031287	1.8241023352021395
-1.2715894868585726	1.8367362557425826
-1.2615769712140175	1.860966958560875
-1.2515644555694614	1.8895223929156995
-1.2415519399249062	1.916926952098706
-1.2315394242803501	1.9434174109202649
-1.221526908635795	1.9738614746903007
-1.2115143929912389	2.0129881224429917
-1.2015018773466828	2.060748142688926
-1.1914893617021276	2.1110284893811317
-1.1814768460575715	2.154730302158426
-1.1714643304130163	2.185812500773563
-1.1614518147684603	2.206421648951656
-1.151439299123905	2.226481466393075
-1.141426783479349	2.2569166698905434
-1.131414267834793	2.3018239319347837
-1.1214017521902377	2.3562000005290473
-1.1113892365456817	2.409992068120065
-1.1013767209011265	2.4534651581384055
-1.0913642052565704	2.480063013390285
-1.0813516896120152	2.4878984635236447
-1.0713391739674591	2.482035165895506
-1.061326658322903	2.4759762545910067
-1.0513141426783479	2.488567215473681
-1.0413016270337918	2.535791361728423
-1.0312891113892366	2.6221029016459014
-1.0212765957446805	2.7371212028352674
-1.0112640801001254	2.859887869511607
-1.0012515644555693	2.9682872181191797
-0.9912390488110132	3.048498827833695
-0.981226533166458	3.0992248422898645
-0.971214017521902	3.1287253182362407
-0.9612015018773468	3.1480824253088957
-0.9511889862327907	3.1663076773581458
-0.9411764705882355	3.1892549791013023
-0.9311639549436794	3.220003111604495
-0.9211514392991234	3.2589536077040893
-0.9111389236545682	3.304809609985205
-0.9011264080100121	3.3572770187102097
-0.8911138923654569	3.4192641895071927
-0.8811013767209008	3.4957043743069254
-0.8710888610763456	3.5895430379354347
-0.8610763454317896	3.6985241431122047
-0.8510638297872335	3.8149578824723993
-0.8410513141426783	3.9271687116925653
-0.8310387984981222	4.021391869268667
-0.821026282853567	4.085556123545492
-0.811013767209011	4.115360712651087
-0.8010012515644558	4.118313159227674
-0.7909887359198997	4.110598500575882
-0.7809762202753436	4.107730925697178
-0.7709637046307884	4.116039865017337
-0.7609511889862324	4.131350765638155
-0.7509386733416772	4.144999185997809
-0.7409261576971211	4.151579660722685
-0.7309136420525659	4.15206109007934
-0.7209011264080099	4.150422480553342
-0.7108886107634538	4.147885923691062
-0.7008760951188986	4.140704014284887
-0.6908635794743425	4.123435140728697
-0.6808510638297873	4.0939766946304275
-0.6708385481852313	4.055428165458771
-0.6608260325406761	4.013822492622375
-0.65081351689612	3.974487354254673
-0.6408010012515639	3.9394680449629167
-0.6307884856070087	3.9065613317188053
-0.6207759699624527	3.8703671605744256
-0.6107634543178975	3.8258181317340623
-0.6007509386733414	3.7725131934913643
-0.5907384230287862	3.716163274064029
-0.5807259073842301	3.6651354154197766
-0.5707133917396741	3.6242697274406224
-0.5607008760951189	3.590690593237832
-0.5506883604505628	3.5554161160827538
-0.5406758448060076	3.5107467576596445
-0.5306633291614515	3.4582491779056
-0.5206508135168963	3.4098083654765126
-0.5106382978723403	3.3790529413273256
-0.5006257822277842	3.369538733183278
-0.490613266583229	3.369828207722904
-0.48060075093867294	3.3595757407877946
-0.47058823529411775	3.321634530154475
-0.4605757196495617	3.2518240297473557
-0.4505632040050065	3.161033278739824
-0.4405506883604504	3.069102706873781
-0.43053817271589434	2.9940710897427993
-0.42052565707133915	2.9433813167094036
-0.4105131414267831	2.9128512589739297
-0.4005006257822279	2.893198063710217
-0.3904881101376718	2.8776289649189897
-0.38047559449311663	2.8642854376261226
-0.37046307884856056	2.8535374681246313
-0.3604505632040045	2.8447322596149194
-0.3504380475594493	2.8356212136405246
-0.3404255319148932	2.8238302728419216
-0.33041301627033803	2.808230641862366
-0.32040050062578196	2.7890126222270673
-0.3103879849812259	2.7666775152673
-0.3003754693366707	2.74123910247014
-0.2903629536921146	2.7127671765284056
-0.28035043804755944	2.6824968930236186
-0.27033792240300336	2.6524266980859537
-0.2603254067584482	2.6232006978290943
-0.2503128911138921	2.5930118148927686
-0.24030037546933602	2.559752488786623
-0.23028785982478084	2.5246944397087745
-0.22027534418022476	2.4936083566370146
-0.21026282853566958	2.4735291224367306
-0.2002503128911135	2.467638807316136
-0.19023779724655832	2.47235265911601
-0.18022528160200224	2.4785089569028615
-0.17021276595744617	2.4755392066426882
-0.16020025031289098	2.4564421145469577
-0.1501877346683349	2.42156749014769
-0.14017521902377972	2.379104491014467
-0.13016270337922364	2.341289637262907
-0.12015018773466846	2.318709616370687
-0.11013767209011238	2.3166993195904877
-0.10012515644555631	2.334729660444652
-0.09011264080100112	2.3665345497603654
-0.08010012515644505	2.4005673128308582
-0.07008760951188986	2.4231740077433908
-0.060075093867333784	2.42456753350747
-0.0500625782227786	2.4034658243191824
-0.04005006257822252	2.367091415582286
-0.030037546933666448	2.327713435186515
-0.02002503128911126	2.298317852567478
-0.010012515644555187	2.2880759866667493
0.0	2.298328159374639
