-8.0	4.2904623899035235
-7.989987484355444	4.249742016876879
-7.979974968710889	4.219586074600382
-7.969962453066333	4.196574652761395
-7.9599499374217775	4.172814658922604
-7.949937421777221	4.1438094611063
-7.939924906132666	4.114210642821583
-7.92991239048811	4.095994531727575
-7.919899874843554	4.099114940053955
-7.909887359198999	4.121375493827642
-7.899874843554443	4.146383402785476
-7.889862327909888	4.152340964681704
-7.8798498122653315	4.124984802608003
-7.869837296620776	4.0650256202303625
-7.85982478097622	3.9863169719207643
-7.849812265331664	3.9077494675569997
-7.839799749687109	3.8435765285024965
-7.829787234042553	3.7964879574691355
-7.819774718397998	3.7578386044752037
-7.809762202753442	3.7161704074438875
-7.7997496871088865	3.667873486656325
-7.78973717146433	3.62068283288593
-7.779724655819774	3.5870407553550767
-7.769712140175219	3.573501558327854
-7.759699624530663	3.5747503096966966
-7.749687108886108	3.5757444529656497
-7.739674593241552	3.5592756285642166
-7.729662077596997	3.5139082198182
-7.719649561952441	3.4387698575539085
-7.7096370463078845	3.343825165215886
-7.699624530663329	3.2453548410859305
-7.689612015018773	3.1581968710941775
-7.679599499374218	3.089321464580949
-7.669586983729662	3.0373087980117632
-7.659574468085107	2.997111155498576
-7.649561952440551	2.9646222004182508
-7.639549436795995	2.937120772146365
-7.629536921151439	2.9113335021313116
-7.619524405506883	2.883531086664597
-7.609511889862328	2.8528820624214464
-7.599499374217772	2.8241497261289448
-7.589486858573217	2.8051274891221287
-7.579474342928661	2.7999679293670656
-7.569461827284105	2.8051997392642627
-7.55944931163955	2.8126297150689576
-7.5494367959949935	2.8154012869911136
-7.539424280350438	2.811177241139517
-7.529411764705882	2.801711527011678
-7.519399249061326	2.7916609133720547
-7.509386733416771	2.7871784655132608
-7.499374217772215	2.7930122247653264
-7.48936170212766	2.809250327004065
-7.479349186483104	2.830728759170201
-7.4693366708385485	2.850021766323196
-7.459324155193992	2.861995334680167
-7.449311639549437	2.8671221545431202
-7.439299123904881	2.8715010290997887
-7.429286608260325	2.8833766583669673
-7.41927409261577	2.9086498810948873
-7.409261576971214	2.9483783877132828
-7.399249061326659	2.998325035689589
-7.3892365456821025	3.048981954149783
-7.3792240300375465	3.0870413411232756
-7.369211514392991	3.1004736300475053
-7.359198998748435	3.085168256280554
-7.34918648310388	3.0476432287794877
-7.339173967459324	3.001814427872818
-7.329161451814769	2.9633941438070166
-7.319148936170213	2.9454825662125748
-7.3091364205256575	2.9552598416514035
-7.299123904881101	2.9913105076364137
-7.289111389236545	3.043755958603849
-7.27909887359199	3.0989474633505387
-7.269086357947434	3.146307865882702
-7.259073842302879	3.182868546989423
-7.249061326658323	3.213481371401076
-7.239048811013767	3.247496788421718
-7.2290362953692116	3.2933818231971457
-7.2190237797246555	3.3534192909732012
-7.2090112640801	3.4218664458196164
-7.198998748435544	3.4888493426274225
-7.188986232790989	3.5478766255800416
-7.178973717146433	3.600917316091866
-7.168961201501878	3.6563395879492426
-7.158948685857322	3.7216402324973554
-7.148936170212766	3.797774643186315
-7.13892365456821	3.878973761289907
-7.128911138923654	3.955874160845821
-7.118898623279099	4.019116743453551
-7.108886107634543	4.06333061911934
-7.098873591989987	4.090336494405331
-7.088861076345432	4.108097295733457
-7.078848560700876	4.1253960171057145
-7.068836045056321	4.147338311869933
-7.0588235294117645	4.1748034026772824
-7.048811013767209	4.205080518613579
-7.038798498122653	4.231045135919888
-7.028785982478098	4.24150425803195
-7.018773466833542	4.22599545133114
-7.008760951188986	4.181690306009511
-6.998748435544431	4.116714613620972
-6.988735919899875	4.047276690158455
-6.9787234042553195	3.9904162695393057
-6.968710888610763	3.95615624270248
-6.958698372966207	3.9435307858095014
-6.948685857321652	3.9438390077388967
-6.938673341677096	3.9496090610367394
-6.928660826032541	3.962273461986629
-6.918648310387985	3.9915046205328353
-6.908635794743429	4.045617298201092
-6.8986232790988735	4.120104410743015
-6.888610763454318	4.19386379686365
-6.878598247809762	4.23771430512397
-6.868585732165206	4.230739166120542
-6.858573216520651	4.173416152305993
-6.848560700876095	4.087704114296582
-6.83854818523154	4.003502837219266
-6.828535669586984	3.941798411893193
-6.818523153942428	3.9073904032370073
-6.808510638297872	3.8944616955717377
-6.798498122653316	3.8958293599022173
-6.788485607008761	3.9055168540639067
-6.778473091364205	3.9150481842595775
-6.768460575719649	3.912293840889088
-6.758448060075094	3.887376298400536
-6.748435544430539	3.839745814188016
-6.7384230287859825	3.7778873216420865
-6.7284105131414265	3.711350135717282
-6.718397997496871	3.6435763092703026
-6.708385481852315	3.5729224005715987
-6.69837296620776	3.499885182274454
-6.688360450563204	3.4317497175573664
-6.678347934918648	3.3789892454698056
-6.668335419274093	3.346689726733906
-6.658322903629537	3.3290965993488806
-6.648310387984981	3.3117009860426094
-6.638297872340425	3.2783599391055085
-6.628285356695869	3.2182699942054342
-6.618272841051314	3.1298858832137
-6.608260325406759	3.0212473390827603
-6.598247809762203	2.9065756112945613
-6.588235294117647	2.7999927330116887
-6.578222778473092	2.7096621420453473
-6.5682102628285355	2.6361516825619282
-6.55819774718398	2.5753699955284195
-6.548185231539424	2.52253761108021
-6.538172715894868	2.4738729899339935
-6.528160200250313	2.426203457639554
-6.518147684605757	2.376826606912883
-6.508135168961202	2.324541485182033
-6.498122653316646	2.270338512632075
-6.4881101376720896	2.2161743298826564
-6.478097622027534	2.1629841844150506
-6.468085106382979	2.1110408559147498
-6.458072590738423	2.0631104015141144
-6.448060075093867	2.025911839632788
-6.438047559449312	2.005666692139895
-6.428035043804756	2.0007015168137294
-6.418022528160201	1.9993056272344718
-6.4080100125156445	1.9865810453544206
-6.397997496871088	1.954552496810404
-6.387984981226533	1.9064684740978823
-6.377972465581977	1.8523053421079503
-6.367959949937422	1.800508890548491
-6.357947434292866	1.7529503812089675
-6.34793491864831	1.705845093340084
-6.337922403003755	1.6544330343517304
-6.3279098873591995	1.597537509440162
-6.317897371714643	1.5394605178031786
-6.307884856070087	1.4886376966101573
-6.297872340425532	1.4536425442813605
-6.287859824780976	1.4381487979759258
-6.277847309136421	1.4377567510671216
-6.267834793491865	1.4414617379608943
-6.257822277847309	1.437635401070872
-6.2478097622027535	1.4206761936525028
-6.2377972465581975	1.393576938406283
-6.227784730913642	1.364838789036844
-6.217772215269086	1.342758485846259
-6.20775969962453	1.3316511655857763
-6.197747183979975	1.331638921765772
-6.18773466833542	1.3400999396925728
-6.177722152690864	1.3528561112532407
-6.167709637046308	1.365406612219963
-6.157697121401752	1.374975915610444
-6.147684605757196	1.3823163952069244
-6.137672090112641	1.3911036691745153
-6.127659574468085	1.4044121094697606
-6.117647058823529	1.4209481750962052
-6.107634543178974	1.4349982706316264
-6.097622027534418	1.4409237497283935
-6.0876095118898625	1.4379745131498554
-6.0775969962453065	1.4304299804892064
-6.06758448060075	1.4234505054199296
-6.057571964956195	1.4199314425703298
-6.04755944931164	1.4215005465877273
-6.037546933667084	1.43070827347727
-6.027534418022528	1.4500182788545108
-6.017521902377973	1.478130153926192
-6.007509386733417	1.5083270351513955
-5.997496871088861	1.5315147108206342
-5.987484355444305	1.5415805104223101
-5.977471839799749	1.5388232467180023
-5.967459324155194	1.529478913455946
-5.957446808510639	1.5221392918012973
-5.947434292866083	1.5229651477478343
-5.937421777221527	1.5319924950914747
-5.927409261576971	1.5428921099490522
-5.9173967459324155	1.546866156252477
-5.90738423028786	1.5381951676147807
-5.897371714643304	1.5173772307817743
-5.887359198998748	1.489857953411193
-5.877346683354192	1.461972610051006
-5.867334167709637	1.4372773312225997
-5.857321652065082	1.415175655634802
-5.847309136420526	1.3919645188236713
-5.83729662077597	1.3636598068579835
-5.827284105131414	1.3293754658258554
-5.817271589486858	1.2932377039498888
-5.807259073842303	1.2632192792252086
-5.797246558197747	1.247258253482442
-5.787234042553191	1.2487884290475824
-5.777221526908636	1.2640619130763997
-5.767209011264081	1.2827647905527393
-5.7571964956195245	1.2919767006666127
-5.747183979974968	1.28189984648081
-5.737171464330412	1.2506779420263792
-5.727158948685857	1.2056089640896221
-5.717146433041302	1.1594956455469898
-5.707133917396746	1.12371971291414
-5.69712140175219	1.102159323357454
-5.687108886107635	1.0897847171819333
-5.677096370463079	1.076597450269211
-5.667083854818523	1.054242033155997
-5.657071339173967	1.0212837747119525
-5.647058823529411	0.9839413064580258
-5.637046307884856	0.9516608700060541
-5.627033792240301	0.9306094650682539
-5.617021276595745	0.920169231181219
-5.607008760951189	0.9149778601980411
-5.596996245306633	0.9098567033151271
-5.5869837296620775	0.9027680723360225
-5.576971214017522	0.8939152937894083
-5.566958698372966	0.8832033820125551
-5.55694618272841	0.8691132993048291
-5.546933667083855	0.8498645157367929
-5.536921151439299	0.825470202990649
-5.526908635794744	0.7986295972770862
-5.516896120150188	0.7734165440425361
-5.5068836045056315	0.7528373615146773
-5.496871088861076	0.7377787439692571
-5.486858573216521	0.7283692001505752
-5.476846057571965	0.7254138882096673
-5.466833541927409	0.7291610812149242
-5.456821026282853	0.7367149490880205
-5.446808510638298	0.7422525090644791
-5.4367959949937426	0.7410495306271411
-5.4267834793491865	0.7332648800139447
-5.41677096370463	0.7236146096198243
-5.406758448060075	0.7180328808018532
-5.396745932415519	0.7212708011388799
-5.386733416770964	0.7368854629770096
-5.376720901126408	0.7673751786203091
-5.366708385481852	0.8123901279212898
-5.356695869837297	0.866373682820911
-5.346683354192741	0.9188963697854916
-5.336670838548185	0.9588214532433452
-5.326658322903629	0.9797573764822067
-5.316645807259073	0.982997067203632
-5.306633291614518	0.976317409239345
-5.296620775969963	0.9700050791484626
-5.286608260325407	0.9724539483675517
-5.276595744680851	0.9868695993439615
-5.2665832290362955	1.0100601859034768
-5.256570713391739	1.0341360939851165
-5.246558197747184	1.0507666410581564
-5.236545682102628	1.05588958944334
-5.226533166458072	1.052326910841111
-5.216520650813517	1.0488158889506087
-5.206508135168962	1.05544810407399
-5.196495619524406	1.0773873219628507
-5.18648310387985	1.110802037449491
-5.1764705882352935	1.1448101029186801
-5.166458072590738	1.1690113042296888
-5.156445556946183	1.1808006140087555
-5.146433041301627	1.1860611586786105
-5.136420525657071	1.1927550053786629
-5.126408010012516	1.2036624666209008
-5.11639549436796	1.2149684617792191
-5.1063829787234045	1.2212133689949274
-5.0963704630788484	1.2209888441346979
-5.086357947434292	1.2177941553471865
-5.076345431789737	1.2159860387432178
-5.066332916145182	1.2166987343006517
-5.056320400500626	1.218124334462238
-5.04630788485607	1.2195698584497714
-5.036295369211514	1.2246226985762105
-5.026282853566959	1.2397919388947258
-5.016270337922403	1.2698166577484389
-5.006257822277847	1.3140180884156814
-4.996245306633291	1.366378610339533
-4.986232790988735	1.4181108847804276
-4.97622027534418	1.460144089244585
-4.966207759699625	1.4848756468995825
-4.956195244055069	1.4879631994033191
-4.946182728410513	1.469736969247005
-4.9361702127659575	1.434783877528248
-4.926157697121402	1.3899823316245643
-4.916145181476846	1.3429975441309383
-4.90613266583229	1.3015661074362075
-4.896120150187734	1.2715694256658494
-4.886107634543179	1.2536252494699545
-4.876095118898624	1.2417014771059942
-4.866082603254068	1.2268592415944597
-4.8560700876095115	1.2039984105038835
-4.8460575719649555	1.1756243604921308
-4.8360450563204	1.1491181351668869
-4.826032540675845	1.1303638177240338
-4.816020025031289	1.1197834442371992
-4.806007509386733	1.1133984682424691
-4.795994993742178	1.1061247835375785
-4.785982478097623	1.0937697402081261
-4.7759699624530665	1.0737279428341606
-4.76595744680851	1.0461198028132084
-4.755944931163954	1.0148989536314001
-4.745932415519399	0.9866211347300753
-4.735919899874844	0.9666013655414724
-4.725907384230288	0.9553936158376157
-4.715894868585732	0.9484051064437216
-4.705882352941176	0.9383790937792796
-4.6958698372966206	0.9186007130577197
-4.685857321652065	0.8855288622681344
-4.675844806007509	0.8406612496203971
-4.665832290362953	0.7910669862976404
-4.655819774718398	0.7474879856269814
-4.645807259073843	0.719820945273547
-4.635794743429287	0.711775243730059
-4.625782227784731	0.7179529076288231
-4.615769712140175	0.7259819994165898
-4.605757196495619	0.7232284576629692
-4.595744680851064	0.7038864896535
-4.585732165206508	0.6714057741415582
-4.575719649561952	0.6347413834398822
-4.565707133917396	0.6018002967664163
-4.555694618272841	0.5750839056513235
-4.545682102628286	0.5518060045754462
-4.53566958698373	0.5269755277209653
-4.5256570713391735	0.4965680968801644
-4.515644555694618	0.45920479247472784
-4.505632040050063	0.416470223377099
-4.495619524405507	0.37242307509671596
-4.485607008760951	0.3323617260347933
-4.475594493116395	0.30085738931544775
-4.46558197747184	0.2797316410184373
-4.4555694618272845	0.2670755767624919
-4.4455569461827285	0.2580525022550652
-4.435544430538172	0.24742091487058193
-4.425531914893616	0.23265914976616622
-4.415519399249061	0.2156564860521747
-4.405506883604506	0.2013853662174324
-4.39549436795995	0.19420212912007762
-4.385481852315394	0.1945599222961065
-4.375469336670839	0.19868434721435563
-4.365456821026283	0.20122207066241507
-4.355444305381727	0.19837697388656977
-4.345431789737171	0.18897832083507132
-4.335419274092615	0.17334949818805695
-4.32540675844806	0.15209809957787127
-4.315394242803505	0.1264581374879572
-4.305381727158949	0.09939609141502653
-4.295369211514393	0.07550726504313153
-4.285356695869837	0.05910159723620675
-4.275344180225281	0.05190765443027601
-4.265331664580726	0.05222060857334253
-4.25531914893617	0.05601974400828423
-4.245306633291614	0.05915253817687911
-4.235294117647059	0.05924743985006992
-4.225281602002504	0.05643530043549962
-4.215269086357948	0.052636798743821836
-4.2052565707133915	0.049877964970287805
-4.1952440550688355	0.048706099685419404
-4.18523153942428	0.04782034414079453
-4.175219023779725	0.045162379499466165
-4.165206508135169	0.039521591079539974
-4.155193992490613	0.03134929150431723
-4.145181476846057	0.02230842313863107
-4.135168961201502	0.01417861828813386
-4.1251564455569465	0.008026644816504806
-4.11514392991239	0.004033819955947403
-4.105131414267834	0.0017911989266023256
-4.095118898623279	0.000698753709418713
-4.085106382978723	0.0002380306273074312
-4.075093867334168	7.040705045866432e-05
-4.065081351689612	1.7996003595102628e-05
-4.055068836045056	3.959425390980183e-06
-4.045056320400501	7.476525060282882e-07
-4.035043804755945	1.209006183479922e-07
-4.025031289111389	1.6715941187105e-08
-4.015018773466833	1.9738625592325065e-09
-4.005006257822277	1.9890296271314365e-10
-3.994993742177722	1.7094709367856696e-11
-3.9849812265331668	1.2525909482808906e-12
-3.9749687108886107	7.822870263101498e-14
-3.9649561952440546	4.163421087042633e-15
-3.9549436795994994	1.8880125099196703e-16
-3.9449311639549434	7.294407504918175e-18
-3.934918648310388	2.4009225492384e-19
-3.924906132665832	6.732091017193467e-21
-3.914893617021277	1.6080222609987898e-22
-3.904881101376721	3.2718620767485182e-24
-3.8948685857321648	5.670902786595021e-26
-3.8848560700876096	8.372576044539349e-28
-3.8748435544430535	1.0529614216558121e-29
-3.8648310387984983	1.1280023877654147e-31
-3.8548185231539422	1.029319477657981e-33
-3.844806007509387	8.000771373218455e-36
-3.834793491864831	5.297296022482633e-38
-3.824780976220275	2.9875610313422424e-40
-3.8147684605757197	1.4352220604671702e-42
-3.8047559449311636	5.873012350563924e-45
-3.7947434292866085	2.047114014669173e-47
-3.7847309136420524	6.078022687449094e-50
-3.774718397997497	1.5371691992308801e-52
-3.764705882352941	3.311463970938328e-55
-3.754693366708385	6.076553838325812e-58
-3.74468085106383	9.498031101467923e-61
-3.734668335419274	1.2645870260896722e-63
-3.7246558197747186	1.434183400098785e-66
-3.7146433041301625	8.938173141208847e-69
-3.7046307884856065	7.527778161662474e-66
-3.6946182728410513	6.39163838679863e-63
-3.684605757196495	4.6232146803214564e-60
-3.67459324155194	2.8488392132486376e-57
-3.664580725907384	1.4955125952072368e-54
-3.6545682102628287	6.688325937140699e-52
-3.6445556946182727	2.548342239050334e-49
-3.6345431789737166	8.272174268880664e-47
-3.6245306633291614	2.2877722852150835e-44
-3.6145181476846053	5.39073247026913e-42
-3.60450563204005	1.0822721330392998e-39
-3.594493116395494	1.8513649057346882e-37
-3.584480600750939	2.698540840955482e-35
-3.574468085106383	3.35168734248233e-33
-3.5644555694618267	3.5474260850053634e-31
-3.5544430538172715	3.199618702491505e-29
-3.5444305381727155	2.4594601077205062e-27
-3.5344180225281603	1.6112460340027395e-25
-3.524405506883604	8.996853317951306e-24
-3.514392991239049	4.282080338650558e-22
-3.504380475594493	1.7373437883183552e-20
-3.494367959949937	6.009215595219521e-19
-3.4843554443053817	1.7721001006547482e-17
-3.4743429286608256	4.455924989694834e-16
-3.4643304130162704	9.554566201202965e-15
-3.4543178973717144	1.7472532528619814e-13
-3.444305381727159	2.7253689149913467e-12
-3.434292866082603	3.626413116183349e-11
-3.424280350438047	4.1169546968832633e-10
-3.414267834793492	3.98835722075285e-09
-3.4042553191489358	3.2977229781943986e-08
-3.3942428035043806	2.3277392324039026e-07
-3.3842302878598245	1.4030520478451614e-06
-3.3742177722152693	7.2240938002067704e-06
-3.3642052565707132	3.17878698891476e-05
-3.354192740926157	0.00011961306966545759
-3.344180225281602	0.000385227600815418
-3.334167709637046	0.0010632481902449649
-3.3241551939924907	0.0025197912324966447
-3.3141426783479346	0.005142695299447712
-3.3041301627033794	0.00908122643563163
-3.2941176470588234	0.01398073799785507
-3.2841051314142673	0.019003756960175137
-3.274092615769712	0.023290852810648136
-3.264080100125156	0.026598835063384698
-3.254067584480601	0.029576399860487032
-3.2440550688360448	0.033363054589155575
-3.2340425531914896	0.03874912674667516
-3.2240300375469335	0.045509074398102596
-3.2140175219023774	0.05243008857561863
-3.2040050062578223	0.0580736007800655
-3.193992490613266	0.06173705780984555
-3.183979974968711	0.06388450378336585
-3.173967459324155	0.06574388744645107
-3.1639549436795997	0.06844943741397395
-3.1539424280350437	0.07236546029109676
-3.1439299123904876	0.07696888712784046
-3.1339173967459324	0.08137364749986749
-3.1239048811013763	0.0853873706295915
-3.113892365456821	0.09056854504074463
-3.103879849812265	0.10028946605343972
-3.09386733416771	0.11816679551172285
-3.083854818523154	0.1455720298641049
-3.0738423028785977	0.18004715703071938
-3.0638297872340425	0.21601072392126175
-3.0538172715894865	0.24739655877265046
-3.0438047559449313	0.27041132623652836
-3.033792240300375	0.28465027492551614
-3.02377972465582	0.2921547674288353
-3.013767209011264	0.29545864685079315
-3.003754693366708	0.29620400232264554
-2.9937421777221527	0.29522535578251774
-2.9837296620775966	0.29369798153312743
-2.9737171464330414	0.29408993755759627
-2.9637046307884853	0.2999071359644806
-2.95369211514393	0.31423030567926546
-2.943679599499374	0.33790043799084996
-2.933667083854818	0.36839914437274746
-2.923654568210263	0.40019656936678505
-2.9136420525657067	0.4268781131294187
-2.9036295369211516	0.44450602232320596
-2.8936170212765955	0.4544743370532756
-2.8836045056320403	0.46374357666470667
-2.873591989987484	0.4817922937698356
-2.863579474342928	0.5158539759180242
-2.853566958698373	0.567058161238369
-2.843554443053817	0.6295619800251543
-2.8335419274092617	0.6933754143086931
-2.8235294117647056	0.7495417979741956
-2.8135168961201504	0.7943647094793175
-2.8035043804755944	0.8297669483621167
-2.7934918648310383	0.8602044572785281
-2.783479349186483	0.8892320123333931
-2.773466833541927	0.9177630829572312
-2.763454317897372	0.9437364243554529
-2.7534418022528158	0.9629383855080312
-2.7434292866082606	0.971610677496962
-2.7334167709637045	0.9699703598547857
-2.7234042553191484	0.9635782855176138
-2.7133917396745932	0.9606000692580335
-2.703379224030037	0.966926731543539
-2.693366708385482	0.9833982452538697
-2.683354192740926	1.0072691369286213
-2.6733416770963707	1.035632450131641
-2.6633291614518146	1.0667681510756346
-2.6533166458072586	1.0986911296549153
-2.6433041301627034	1.1283947679895836
-2.6332916145181473	1.1543847716883002
-2.623279098873592	1.1799338911997581
-2.613266583229036	1.2122434522778367
-2.603254067584481	1.2567514432454079
-2.593241551939925	1.3112596923368411
-2.5832290362953687	1.3652110651639122
-2.5732165206508135	1.4051755522496836
-2.5632040050062574	1.4227783340392055
-2.5531914893617023	1.4195640402152052
-2.543178973717146	1.4054411849426895
-2.533166458072591	1.3918889621369726
-2.523153942428035	1.3849047368334224
-2.513141426783479	1.3826371271752387
-2.5031289111389237	1.3786377223279016
-2.4931163954943676	1.367280039157183
-2.4831038798498124	1.3471476062260728
-2.4730913642052563	1.3211952493735803
-2.463078848560701	1.295404282095755
-2.453066332916145	1.2773978396524146
-2.443053817271589	1.2743882034314802
-2.433041301627034	1.2895254713342732
-2.4230287859824777	1.3182036104919468
-2.4130162703379225	1.3480921417998484
-2.4030037546933665	1.3649748785031641
-2.3929912390488113	1.361243062401173
-2.382978723404255	1.3402289855663703
-2.372966207759699	1.3123767910286561
-2.362953692115144	1.2867278421924566
-2.352941176470588	1.2654863291927774
-2.3429286608260327	1.24566981361841
-2.3329161451814766	1.2244985547277456
-2.3229036295369214	1.2025066793663322
-2.3128911138923653	1.182299401931194
-2.3028785982478093	1.1656557721512455
-2.292866082603254	1.1520184586598485
-2.282853566958698	1.1387025807697415
-2.272841051314143	1.1218961821531823
-2.2628285356695867	1.0983868653028641
-2.2528160200250316	1.0679014219359233
-2.2428035043804755	1.034312512166398
-2.2327909887359194	1.003821452816102
-2.2227784730913642	0.9809496666324228
-2.212765957446808	0.96564608569779
-2.202753441802253	0.9538194689740505
-2.192740926157697	0.9402856287560063
-2.1827284105131417	0.9212588867299701
-2.1727158948685856	0.8947410089577474
-2.1627033792240296	0.8595499162671146
-2.1526908635794744	0.8147372691717532
-2.1426783479349183	0.7603693328185147
-2.132665832290363	0.6992706647022523
-2.122653316645807	0.6382449397872679
-2.112640801001252	0.5870075140756078
-2.1026282853566958	0.5542755027443466
-2.0926157697121397	0.5429103857035157
-2.0826032540675845	0.5475722628002293
-2.0725907384230284	0.556954799061128
-2.0625782227784732	0.5591628706934798
-2.052565707133917	0.5465474992677006
-2.042553191489362	0.5174750043256235
-2.032540675844806	0.4754285431951599
-2.02252816020025	0.42721218282710843
-2.0125156445556946	0.381028665813618
-2.0025031289111386	0.34404530975651554
-1.9924906132665834	0.31960218965336845
-1.9824780976220273	0.3056347864206715
-1.9724655819774712	0.2960123296279991
-1.962453066332916	0.28447054775142194
-1.95244055068836	0.26833242275826724
-1.9424280350438048	0.24910721184627085
-1.9324155193992487	0.2299641538648457
-1.9224030037546935	0.21294752065212919
-1.9123904881101375	0.19838806396400754
-1.9023779724655814	0.18614796902045247
-1.8923654568210262	0.17678012003503302
-1.8823529411764701	0.1716745189917632
-1.872340425531915	0.172601240259971
-1.8623279098873589	0.1810478612609939
-1.8523153942428037	0.19732043686157041
-1.8423028785982476	0.2196638296189827
-1.8322903629536915	0.24409235102637092
-1.8222778473091363	0.2653165586503426
-1.8122653316645803	0.2783939372033712
-1.802252816020025	0.2803553130851657
-1.792240300375469	0.2712561058988274
-1.7822277847309138	0.25438117670030624
-1.7722152690863577	0.23542677436113074
-1.7622027534418017	0.22077303000721496
-1.7521902377972465	0.21559572720689188
-1.7421777221526904	0.22275187985295244
-1.7321652065081352	0.24254327495161385
-1.7221526908635791	0.27265517749182444
-1.712140175219024	0.30813036953608774
-1.7021276595744679	0.34238243108811234
-1.6921151439299118	0.3698151983849929
-1.6821026282853566	0.38856892166799406
-1.6720901126408005	0.40099343927329567
-1.6620775969962454	0.41130532321273383
-1.6520650813516893	0.4225188159996068
-1.642052565707134	0.43517708078470313
-1.632040050062578	0.44848020092381
-1.622027534418022	0.4623854787682796
-1.6120150187734668	0.47881409484558113
-1.6020025031289107	0.5010339330704453
-1.5919899874843555	0.531602829155393
-1.5819774718397994	0.5701331177599468
-1.5719649561952442	0.6121979384341633
-1.5619524405506882	0.6501876644036076
-1.551939924906132	0.6762500861709855
-1.541927409261577	0.6864051994001595
-1.5319148936170208	0.6835222594408705
-1.5219023779724656	0.6765983476624932
-1.5118898623279096	0.6760675147620873
-1.5018773466833544	0.6881471087568677
-1.4918648310387983	0.7122296159343124
-1.4818523153942422	0.7430577593799957
-1.471839799749687	0.7759164634795771
-1.461827284105131	0.8108448619420846
-1.4518147684605758	0.8523720255399729
-1.4418022528160197	0.904626343766972
-1.4317897371714645	0.9657229550525827
-1.4217772215269084	1.026366386680672
-1.4117647058823524	1.0741274346763636
-1.4017521902377972	1.100100325634934
-1.391739674593241	1.1032883209242694
-1.381727158948686	1.0907314588917134
-1.3717146433041298	1.0744028484753316
-1.3617021276595747	1.0665284532832928
-1.3516896120150186	1.0744998966994923
-1.3416770963704625	1.0971194149353445
-1.3316645807259073	1.1248293381374637
-1.3216520650813512	1.1452772430158413
-1.311639549436796	1.1515573766259861
-1.30162703379224	1.1471115723993985
-1.2916145181476848	1.1428822079815781
-1.2816020025031287	1.1486845245507105
-1.2715894868585726	1.1659090399276373
-1.2615769712140175	1.1871460660974456
-1.2515644555694614	1.201953593587006
-1.2415519399249062	1.2035380756032028
-1.2315394242803501	1.1920992831189077
-1.221526908635795	1.1741959369212653
-1.2115143929912389	1.159552497418951
-1.2015018773466828	1.1567202787914048
-1.1914893617021276	1.168978762764292
-1.1814768460575715	1.1925147311563125
-1.1714643304130163	1.2186222687109347
-1.1614518147684603	1.2391490444366409
-1.151439299123905	1.2512959750293062
-1.141426783479349	1.257713784298927
-1.131414267834793	1.26191785827862
-1.1214017521902377	1.2636525478939482
-1.1113892365456817	1.2588081783359748
-1.1013767209011265	1.2437872311977896
-1.0913642052565704	1.2201033533711763
-1.0813516896120152	1.1951552680215636
-1.0713391739674591	1.1783160759556557
-1.061326658322903	1.1750852722967573
-1.0513141426783479	1.1839442017805168
-1.0413016270337918	1.1985694517335184
-1.0312891113892366	1.2130666764376794
-1.0212765957446805	1.2252688911192677
-1.0112640801001254	1.2359614482016672
-1.0012515644555693	1.2461037125423267
-0.9912390488110132	1.2548904018404612
-0.981226533166458	1.2597146779503925
-0.971214017521902	1.2578329926981202
-0.9612015018773468	1.2489145361040503
-0.9511889862327907	1.236694575728441
-0.9411764705882355	1.2277427703601271
-0.9311639549436794	1.2273565128372204
-0.9211514392991234	1.2354899410067945
-0.9111389236545682	1.2462318896339017
-0.9011264080100121	1.2514206459196178
-0.8911138923654569	1.2452947077354708
-0.8811013767209008	1.2266371563606429
-0.8710888610763456	1.1980039050140134
-0.8610763454317896	1.1642517439193856
-0.8510638297872335	1.1316233101056898
-0.8410513141426783	1.1063760063721881
-0.8310387984981222	1.0923486870664454
-0.821026282853567	1.0892454583252746
-0.811013767209011	1.0935902044429033
-0.8010012515644558	1.1015464426514332
-0.7909887359198997	1.1109784020203621
-0.7809762202753436	1.1214448444122185
-0.7709637046307884	1.1329039449151046
-0.7609511889862324	1.1443221036694622
-0.7509386733416772	1.1528532343930717
-0.7409261576971211	1.1541286311503711
-0.7309136420525659	1.1440321012294898
-0.7209011264080099	1.1214081188947664
-0.7108886107634538	1.0900396077555137
-0.7008760951188986	1.0581649691887172
-0.6908635794743425	1.0353847464261439
-0.6808510638297873	1.0289934214248966
-0.6708385481852313	1.042198415970855
-0.6608260325406761	1.0745333535905446
-0.65081351689612	1.1225889853796092
-0.6408010012515639	1.1797286816487997
-0.6307884856070087	1.2358008168772858
-0.6207759699624527	1.2789320409487666
-0.6107634543178975	1.300015969360234
-0.6007509386733414	1.2977627493720036
-0.5907384230287862	1.2805204328408446
-0.5807259073842301	1.2625464531686217
-0.5707133917396741	1.2564329120014068
-0.5607008760951189	1.2664349348599357
-0.5506883604505628	1.2868550279854836
-0.5406758448060076	1.3063143104613877
-0.5306633291614515	1.3150984903745775
-0.5206508135168963	1.31079353449069
-0.5106382978723403	1.2987153884459737
-0.5006257822277842	1.2875896265500455
-0.490613266583229	1.2839611015494519
-0.48060075093867294	1.2885834378432148
-0.47058823529411775	1.2963221682063493
-0.4605757196495617	1.2998326914409775
-0.4505632040050065	1.2954141909010057
-0.4405506883604504	1.286794347881554
-0.43053817271589434	1.2827341864822566
-0.42052565707133915	1.2894543427804077
-0.4105131414267831	1.3044569162392425
-0.4005006257822279	1.317734789180588
-0.3904881101376718	1.3196841726614963
-0.38047559449311663	1.3090482447810945
-0.37046307884856056	1.294332878163386
-0.3604505632040045	1.2875336564534055
-0.3504380475594493	1.2950919372624945
-0.3404255319148932	1.3133833041549767
-0.33041301627033803	1.3325865119688989
-0.32040050062578196	1.345416954575289
-0.3103879849812259	1.3525194247724903
-0.3003754693366707	1.3598492328182292
-0.2903629536921146	1.3717279827582363
-0.28035043804755944	1.3868171568370713
-0.27033792240300336	1.3997381371638062
-0.2603254067584482	1.4053914004224881
-0.2503128911138921	1.4023513093705722
-0.24030037546933602	1.393958575711357
-0.23028785982478084	1.3869419886028942
-0.22027534418022476	1.3880062090312335
-0.21026282853566958	1.4000925775513842
-0.2002503128911135	1.420589273127475
-0.19023779724655832	1.4425136905662657
-0.18022528160200224	1.457772996976908
-0.17021276595744617	1.4605759160003928
-0.16020025031289098	1.4494485638485706
-0.1501877346683349	1.4275167399924789
-0.14017521902377972	1.4013411275117453
-0.13016270337922364	1.3782839284987833
-0.12015018773466846	1.3628907588598727
-0.11013767209011238	1.3546473551267901
-0.10012515644555631	1.3497066973632397
-0.09011264080100112	1.345651678580052
-0.08010012515644505	1.3446154591176807
-0.07008760951188986	1.3513403752618451
-0.060075093867333784	1.3681440793644621
-0.0500625782227786	1.3919711897866789
-0.04005006257822252	1.4162739878371442
-0.030037546933666448	1.435523605244423
-0.02002503128911126	1.4478768417729961
-0.010012515644555187	1.4538828640744892
0.0	1.4536031869000507
