-8.0	4.679757190474258
-7.989987484355444	4.493005092081887
-7.979974968710889	4.262808765284395
-7.969962453066333	4.013506918492591
-7.9599499374217775	3.763569447424028
-7.949937421777221	3.517521235532782
-7.939924906132666	3.2674641757253235
-7.92991239048811	3.0037006225945952
-7.919899874843554	2.7259289895761434
-7.909887359198999	2.445616147218686
-7.899874843554443	2.1786323678046715
-7.889862327909888	1.9361505711774984
-7.8798498122653315	1.7213488509948787
-7.869837296620776	1.531754757853994
-7.85982478097622	1.3625618024938286
-7.849812265331664	1.208701051016973
-7.839799749687109	1.0666060396671047
-7.829787234042553	0.9358246982616505
-7.819774718397998	0.8190777244697718
-7.809762202753442	0.720493999132348
-7.7997496871088865	0.6435462563039873
-7.78973717146433	0.5899287233189054
-7.779724655819774	0.5592988759721143
-7.769712140175219	0.5494574852357798
-7.759699624530663	0.5570197223331207
-7.749687108886108	0.5788188416343031
-7.739674593241552	0.613824419755943
-7.729662077596997	0.6646412783059897
-7.719649561952441	0.7375013180982134
-7.7096370463078845	0.8406779542619411
-7.699624530663329	0.9826083815277282
-7.689612015018773	1.1707866187513534
-7.679599499374218	1.410490859544427
-7.669586983729662	1.7015057951292423
-7.659574468085107	2.033710331363471
-7.649561952440551	2.3863893358571926
-7.639549436795995	2.7355919402484448
-7.629536921151439	3.0668007198687386
-7.619524405506883	3.3828803791354085
-7.609511889862328	3.698818057563756
-7.599499374217772	4.026093700821016
-7.589486858573217	4.360076960269066
-7.579474342928661	4.681909884393421
-7.569461827284105	4.972702202496871
-7.55944931163955	5.226422360138012
-7.5494367959949935	5.45045667263565
-7.539424280350438	5.655697532860715
-7.529411764705882	5.846858443920709
-7.519399249061326	6.0205362026190326
-7.509386733416771	6.169390128316404
-7.499374217772215	6.286387311198261
-7.48936170212766	6.366108087054937
-7.479349186483104	6.40462454442514
-7.4693366708385485	6.400171192181195
-7.459324155193992	6.354580283902055
-7.449311639549437	6.273505085418192
-7.439299123904881	6.1636476279445915
-7.429286608260325	6.027932649346272
-7.41927409261577	5.862632960009033
-7.409261576971214	5.65972070680239
-7.399249061326659	5.412968725979375
-7.3892365456821025	5.122877110443753
-7.3792240300375465	4.797044034851301
-7.369211514392991	4.446812914834446
-7.359198998748435	4.083675160471796
-7.34918648310388	3.718063904029887
-7.339173967459324	3.3599429989494873
-7.329161451814769	3.0186411492808363
-7.319148936170213	2.7012312106830314
-7.3091364205256575	2.4116081976290347
-7.299123904881101	2.151849107641451
-7.289111389236545	1.9244126911473174
-7.27909887359199	1.7327982512734326
-7.269086357947434	1.5803710010476535
-7.259073842302879	1.4690361520930348
-7.249061326658323	1.3991857348515135
-7.239048811013767	1.37075330364478
-7.2290362953692116	1.384167965620642
-7.2190237797246555	1.440328350124058
-7.2090112640801	1.5397820715303696
-7.198998748435544	1.6818798852229206
-7.188986232790989	1.8642999064395795
-7.178973717146433	2.0826953808022415
-7.168961201501878	2.3302878476162654
-7.158948685857322	2.597976848993466
-7.148936170212766	2.8757042973985127
-7.13892365456821	3.1546291954921206
-7.128911138923654	3.4285837997584836
-7.118898623279099	3.6942735228202883
-7.108886107634543	3.95159519126079
-7.098873591989987	4.204790592925964
-7.088861076345432	4.462083924353987
-7.078848560700876	4.731180237952111
-7.068836045056321	5.012739902576834
-7.0588235294117645	5.297791292121246
-7.048811013767209	5.572066849616298
-7.038798498122653	5.823548041813428
-7.028785982478098	6.046837031593739
-7.018773466833542	6.241785229157743
-7.008760951188986	6.409529740510308
-6.998748435544431	6.550909523296293
-6.988735919899875	6.66895425097804
-6.9787234042553195	6.77275332215759
-6.968710888610763	6.878348222651134
-6.958698372966207	7.003640530454198
-6.948685857321652	7.158321422845485
-6.938673341677096	7.335557936244647
-6.928660826032541	7.513886240382102
-6.918648310387985	7.669947561074909
-6.908635794743429	7.791391704141287
-6.8986232790988735	7.878170651139415
-6.888610763454318	7.932515547191671
-6.878598247809762	7.949831660055509
-6.868585732165206	7.921384698539518
-6.858573216520651	7.847036620810934
-6.848560700876095	7.745523517050801
-6.83854818523154	7.650807025617772
-6.828535669586984	7.594573337989171
-6.818523153942428	7.586738104794942
-6.808510638297872	7.607656032658373
-6.798498122653316	7.616640218229109
-6.788485607008761	7.570285584917217
-6.778473091364205	7.440289515317349
-6.768460575719649	7.224160851437837
-6.758448060075094	6.946255254358189
-6.748435544430539	6.647586235983239
-6.7384230287859825	6.366127756143929
-6.7284105131414265	6.118068741639104
-6.718397997496871	5.895054349207353
-6.708385481852315	5.6814103427002065
-6.69837296620776	5.4761417667998575
-6.688360450563204	5.298960918340065
-6.678347934918648	5.17549177365682
-6.668335419274093	5.116434255941911
-6.658322903629537	5.108352236878682
-6.648310387984981	5.1205532512660294
-6.638297872340425	5.119740637021573
-6.628285356695869	5.082290558992967
-6.618272841051314	4.999587345839046
-6.608260325406759	4.8767448145428505
-6.598247809762203	4.726523701890317
-6.588235294117647	4.560973222208701
-6.578222778473092	4.38505039173584
-6.5682102628285355	4.196413017094603
-6.55819774718398	3.9909266506163177
-6.548185231539424	3.7680693855735865
-6.538172715894868	3.531477376962555
-6.528160200250313	3.2865465859455116
-6.518147684605757	3.039894696195215
-6.508135168961202	2.800405072384434
-6.498122653316646	2.5770311554970395
-6.4881101376720896	2.373004526530661
-6.478097622027534	2.1834981571801566
-6.468085106382979	2.001743617476307
-6.458072590738423	1.8282663157691463
-6.448060075093867	1.6735212190668667
-6.438047559449312	1.55183289690598
-6.428035043804756	1.4735625986441698
-6.418022528160201	1.441960676465726
-6.4080100125156445	1.4544427752519227
-6.397997496871088	1.504745926049132
-6.387984981226533	1.5844175189030012
-6.377972465581977	1.6839451953524267
-6.367959949937422	1.7934221189765973
-6.357947434292866	1.9029384954286477
-6.34793491864831	2.0043097649050834
-6.337922403003755	2.094732351951075
-6.3279098873591995	2.1794746756270733
-6.317897371714643	2.2698928064853616
-6.307884856070087	2.37700729027266
-6.297872340425532	2.5049901376923747
-6.287859824780976	2.648624302835417
-6.277847309136421	2.7953307274149912
-6.267834793491865	2.9298239199015677
-6.257822277847309	3.039219481514008
-6.2478097622027535	3.1166971017848293
-6.2377972465581975	3.162051750812272
-6.227784730913642	3.1792990067298117
-6.217772215269086	3.1740497105981955
-6.20775969962453	3.1527086464459964
-6.197747183979975	3.1221138995604525
-6.18773466833542	3.087807664342996
-6.177722152690864	3.0525975959712035
-6.167709637046308	3.017773792305262
-6.157697121401752	2.9849948871750054
-6.147684605757196	2.9545106707620747
-6.137672090112641	2.919984292584893
-6.127659574468085	2.8662656977328917
-6.117647058823529	2.7756597655797
-6.107634543178974	2.6400777354048945
-6.097622027534418	2.4692115427447234
-6.0876095118898625	2.2866650019976764
-6.0775969962453065	2.1159280944724164
-6.06758448060075	1.9667618501019706
-6.057571964956195	1.8318515013418304
-6.04755944931164	1.694886765461266
-6.037546933667084	1.5429723169600993
-6.027534418022528	1.37476523691185
-6.017521902377973	1.2002731043911727
-6.007509386733417	1.0341217087832562
-5.997496871088861	0.8875399784931985
-5.987484355444305	0.76404560251961
-5.977471839799749	0.6604981092172894
-5.967459324155194	0.5711783246479425
-5.957446808510639	0.49108959650956596
-5.947434292866083	0.4168602835187481
-5.937421777221527	0.3465661640861882
-5.927409261576971	0.2799912442694716
-5.9173967459324155	0.21890950784388066
-5.90738423028786	0.16626192416502292
-5.897371714643304	0.12447780658334945
-5.887359198998748	0.09424971529861394
-5.877346683354192	0.07439050057874666
-5.867334167709637	0.06233934977240878
-5.857321652065082	0.05484120227820094
-5.847309136420526	0.04877913559518296
-5.83729662077597	0.042101288358234394
-5.827284105131414	0.03438856171093343
-5.817271589486858	0.026591776447797727
-5.807259073842303	0.020034107301188906
-5.797246558197747	0.015406138242119335
-5.787234042553191	0.012500840264658775
-5.777221526908636	0.010745500093989621
-5.767209011264081	0.009868014676746209
-5.7571964956195245	0.010030248101081041
-5.747183979974968	0.011414476540329411
-5.737171464330412	0.013807326600646784
-5.727158948685857	0.01664429803586823
-5.717146433041302	0.01945743855909274
-5.707133917396746	0.022306692338335755
-5.69712140175219	0.025898512882899148
-5.687108886107635	0.03147291397400683
-5.677096370463079	0.040678227701741176
-5.667083854818523	0.05539504929866989
-5.657071339173967	0.07725651732884276
-5.647058823529411	0.10690586324185282
-5.637046307884856	0.14356983002186446
-5.627033792240301	0.18556270479294282
-5.617021276595745	0.23163105136626383
-5.607008760951189	0.28220455658722093
-5.596996245306633	0.339500705265025
-5.5869837296620775	0.40637636889846107
-5.576971214017522	0.48501427119815543
-5.566958698372966	0.5765220725403829
-5.55694618272841	0.6811979786953614
-5.546933667083855	0.7984455036763453
-5.536921151439299	0.9262428872825098
-5.526908635794744	1.0611534520640646
-5.516896120150188	1.1993704315230638
-5.5068836045056315	1.3380044509531877
-5.496871088861076	1.4754476153642424
-5.486858573216521	1.6103649244237523
-5.476846057571965	1.739902420663057
-5.466833541927409	1.8585345924787573
-5.456821026282853	1.959023916590382
-5.446808510638298	2.0356703273016916
-5.4367959949937426	2.087897934469857
-5.4267834793491865	2.121147453876152
-5.41677096370463	2.1437547639065855
-5.406758448060075	2.162147008369265
-5.396745932415519	2.178570763513228
-5.386733416770964	2.1930214601165487
-5.376720901126408	2.206505515098262
-5.366708385481852	2.221689928637511
-5.356695869837297	2.2408542665891105
-5.346683354192741	2.2646835579777096
-5.336670838548185	2.2937001375846364
-5.326658322903629	2.3295416736147043
-5.316645807259073	2.3728065584914684
-5.306633291614518	2.419015458286306
-5.296620775969963	2.457887947990602
-5.286608260325407	2.478449258883735
-5.276595744680851	2.4762431253017434
-5.2665832290362955	2.4560361507673067
-5.256570713391739	2.427156665651253
-5.246558197747184	2.39549211891773
-5.236545682102628	2.3592810049095205
-5.226533166458072	2.3120841245660944
-5.216520650813517	2.249882644840983
-5.206508135168962	2.1763706992493135
-5.196495619524406	2.102469317797605
-5.18648310387985	2.0399801189114264
-5.1764705882352935	1.9929426709594433
-5.166458072590738	1.9524863102232242
-5.156445556946183	1.89979658882245
-5.146433041301627	1.8165594346007288
-5.136420525657071	1.6961814089663598
-5.126408010012516	1.5475600297582353
-5.11639549436796	1.3885985979654112
-5.1063829787234045	1.235033574128995
-5.0963704630788484	1.0936483085780773
-5.086357947434292	0.9640506948678698
-5.076345431789737	0.8451326588498211
-5.066332916145182	0.7392270673147586
-5.056320400500626	0.6507773952142092
-5.04630788485607	0.5818889502245863
-5.036295369211514	0.529167254469705
-5.026282853566959	0.48438293934960364
-5.016270337922403	0.43835682629051614
-5.006257822277847	0.385245295289318
-4.996245306633291	0.3244207641245114
-4.986232790988735	0.25939123004054515
-4.97622027534418	0.19547394696310685
-4.966207759699625	0.13795718168350135
-4.956195244055069	0.09099209368546693
-4.946182728410513	0.05677544300753985
-4.9361702127659575	0.035104613887936495
-4.926157697121402	0.023716510741101628
-4.916145181476846	0.019331516497170128
-4.90613266583229	0.018747330282553428
-4.896120150187734	0.0194167873734114
-4.886107634543179	0.019546890340784072
-4.876095118898624	0.01812626118521229
-4.866082603254068	0.015032808721583876
-4.8560700876095115	0.01095678079585688
-4.8460575719649555	0.006943353554443555
-4.8360450563204	0.0038003971789720013
-4.826032540675845	0.0017894197535903177
-4.816020025031289	0.0007230208297268016
-4.806007509386733	0.0002503109040353436
-4.795994993742178	7.417668795220122e-05
-4.785982478097623	1.8802492148851468e-05
-4.7759699624530665	4.074754321454362e-06
-4.76595744680851	7.546534014263793e-07
-4.755944931163954	1.1939959880426154e-07
-4.745932415519399	1.6133720199344096e-08
-4.735919899874844	1.8613276311107681e-09
-4.725907384230288	1.8329851436692852e-10
-4.715894868585732	1.5404359096619357e-11
-4.705882352941176	1.104552862429625e-12
-4.6958698372966206	6.756247090924614e-14
-4.685857321652065	3.524735668707515e-15
-4.675844806007509	1.5681329975750327e-16
-4.665832290362953	5.9486004375617455e-18
-4.655819774718398	1.9238400772832786e-19
-4.645807259073843	5.303932937145829e-21
-4.635794743429287	1.2464073372716674e-22
-4.625782227784731	2.4964209072092865e-24
-4.615769712140175	4.2612675373975245e-26
-4.605757196495619	6.198609152334181e-28
-4.595744680851064	7.683497821048028e-30
-4.585732165206508	8.115418000319251e-32
-4.575719649561952	7.3034947338249815e-34
-4.565707133917396	5.6001749924257126e-36
-4.555694618272841	3.658548548483309e-38
-4.545682102628286	2.036289766749198e-40
-4.53566958698373	9.6556765021215e-43
-4.5256570713391735	3.9005737718390594e-45
-4.515644555694618	1.3423584510322418e-47
-4.505632040050063	3.935458913344466e-50
-4.495619524405507	9.828851283777083e-53
-4.485607008760951	2.091149625261348e-55
-4.475594493116395	3.7899860353083716e-58
-4.46558197747184	5.8513502822271e-61
-4.4555694618272845	7.695501952918945e-64
-4.4455569461827285	8.621384967426742e-67
-4.435544430538172	8.22760875241473e-70
-4.425531914893616	6.688432894265328e-73
-4.415519399249061	4.6315592097797696e-76
-4.405506883604506	2.731998129930564e-79
-4.39549436795995	1.3727212908343567e-82
-4.385481852315394	5.8753237775782235e-86
-4.375469336670839	2.1420398664144795e-89
-4.365456821026283	6.652250642636702e-93
-4.355444305381727	1.7597626789973266e-96
-4.345431789737171	3.9653661560837496e-100
-4.335419274092615	7.611242028964244e-104
-4.32540675844806	1.2444293626050415e-107
-4.315394242803505	1.7331133227040202e-111
-4.305381727158949	2.056010094481039e-115
-4.295369211514393	2.0776133607211148e-119
-4.285356695869837	1.7883194685833418e-123
-4.275344180225281	1.311191403565654e-127
-4.265331664580726	8.188935641520991e-132
-4.25531914893617	4.3564124713258255e-136
-4.245306633291614	1.9741062301513432e-140
-4.235294117647059	7.61994581109212e-145
-4.225281602002504	2.5053762155734324e-149
-4.215269086357948	7.016711254732394e-154
-4.2052565707133915	1.6739163354990578e-158
-4.1952440550688355	3.401522049320966e-163
-4.18523153942428	5.88778792588335e-168
-4.175219023779725	8.68101060626678e-173
-4.165206508135169	1.0902538241997814e-177
-4.155193992490613	1.166337140288788e-182
-4.145181476846057	1.0628199659100894e-187
-4.135168961201502	8.249628263101444e-193
-4.1251564455569465	5.454413993817261e-198
-4.11514392991239	3.071855860009709e-203
-4.105131414267834	1.473643937243431e-208
-4.095118898623279	6.0217577537332115e-214
-4.085106382978723	7.810563016166539e-216
-4.075093867334168	2.0203168096633696e-210
-4.065081351689612	4.452582896952337e-205
-4.055068836045056	8.358789511353945e-200
-4.045056320400501	1.3366373828471871e-194
-4.035043804755945	1.8206340309091675e-189
-4.025031289111389	2.1123727094261614e-184
-4.015018773466833	2.0876480236790195e-179
-4.005006257822277	1.7574494744574602e-174
-3.994993742177722	1.2602225791591594e-169
-3.9849812265331668	7.697514287686193e-165
-3.9749687108886107	4.0049084213870217e-160
-3.9649561952440546	1.7748984679979872e-155
-3.9549436795994994	6.700285033997713e-151
-3.9449311639549434	2.1545267014812227e-146
-3.934918648310388	5.9013221354623226e-142
-3.924906132665832	1.3768467453778224e-137
-3.914893617021277	2.7362811671166453e-133
-3.904881101376721	4.632065364586858e-129
-3.8948685857321648	6.679246567575508e-125
-3.8848560700876096	8.20387645398037e-121
-3.8748435544430535	8.583206988582621e-117
-3.8648310387984983	7.649250774018122e-113
-3.8548185231539422	5.806668742241047e-109
-3.844806007509387	3.7546896205171486e-105
-3.834793491864831	2.0680444628821876e-101
-3.824780976220275	9.702519861198088e-98
-3.8147684605757197	3.8774664419257436e-94
-3.8047559449311636	1.3199284629625394e-90
-3.7947434292866085	3.8272918376340175e-87
-3.7847309136420524	9.453042340727147e-84
-3.774718397997497	1.9887970444832483e-80
-3.764705882352941	3.564085939797549e-77
-3.754693366708385	5.4405738274329045e-74
-3.74468085106383	7.074244848995427e-71
-3.734668335419274	7.835276110802174e-68
-3.7246558197747186	7.392091982575208e-65
-3.7146433041301625	5.940448814141191e-62
-3.7046307884856065	4.06639902698489e-59
-3.6946182728410513	2.371043742853398e-56
-3.684605757196495	1.1776276079134645e-53
-3.67459324155194	4.9821319985859435e-51
-3.664580725907384	1.7954004087309346e-48
-3.6545682102628287	5.511200974645035e-46
-3.6445556946182727	1.4410200257678356e-43
-3.6345431789737166	3.2094648431423667e-41
-3.6245306633291614	6.088833075433732e-39
-3.6145181476846053	9.8395299570644e-37
-3.60450563204005	1.3544203656007461e-34
-3.594493116395494	1.58807656630647e-32
-3.584480600750939	1.586091501940905e-30
-3.574468085106383	1.3493477157364741e-28
-3.5644555694618267	9.778187424017655e-27
-3.5544430538172715	6.035756019782519e-25
-3.5444305381727155	3.1735389683447937e-23
-3.5344180225281603	1.4213297181981026e-21
-3.524405506883604	5.422314243569016e-20
-3.514392991239049	1.762030333159648e-18
-3.504380475594493	4.8773165275972195e-17
-3.494367959949937	1.1499723269099324e-15
-3.4843554443053817	2.30957873912565e-14
-3.4743429286608256	3.9510924010866884e-13
-3.4643304130162704	5.757591087613522e-12
-3.4543178973717144	7.146675107169551e-11
-3.444305381727159	7.556272163068518e-10
-3.434292866082603	6.8053888728819675e-09
-3.424280350438047	5.220871791673379e-08
-3.414267834793492	3.4118007827725194e-07
-3.4042553191489358	1.8992690463160552e-06
-3.3942428035043806	9.006889217554177e-06
-3.3842302878598245	3.6391136726978424e-05
-3.3742177722152693	0.00012529802380809434
-3.3642052565707132	0.0003678038310425424
-3.354192740926157	0.0009213385641275104
-3.344180225281602	0.0019734173537140944
-3.334167709637046	0.003629907853566792
-3.3241551939924907	0.005789073915910563
-3.3141426783479346	0.008175977759098297
-3.3041301627033794	0.010683826808188884
-3.2941176470588234	0.013917794722664112
-3.2841051314142673	0.019557193522422977
-3.274092615769712	0.03014488070998836
-3.264080100125156	0.048239841858815066
-3.254067584480601	0.07536089748140176
-3.2440550688360448	0.1115553132738747
-3.2340425531914896	0.15626979667634489
-3.2240300375469335	0.2101149709307752
-3.2140175219023774	0.2759287249073372
-3.2040050062578223	0.3579156502539668
-3.193992490613266	0.45947639098466064
-3.183979974968711	0.5812602855473635
-3.173967459324155	0.7199610529888084
-3.1639549436795997	0.8676777653334261
-3.1539424280350437	1.0127596672084114
-3.1439299123904876	1.1434689571167187
-3.1339173967459324	1.253223017245309
-3.1239048811013763	1.3433715853013943
-3.113892365456821	1.4208637469186847
-3.103879849812265	1.4928248647620825
-3.09386733416771	1.562465215138141
-3.083854818523154	1.6285761885646473
-3.0738423028785977	1.6875729787112488
-3.0638297872340425	1.7359242573055442
-3.0538172715894865	1.7714011486305425
-3.0438047559449313	1.7927004693290283
-3.033792240300375	1.7985834096299795
-3.02377972465582	1.7884955411478627
-3.013767209011264	1.7648963048649509
-3.003754693366708	1.7347438453580053
-2.9937421777221527	1.7076424518978477
-2.9837296620775966	1.6914967466644275
-2.9737171464330414	1.6890732410322344
-2.9637046307884853	1.6977889864209441
-2.95369211514393	1.7120369396944357
-2.943679599499374	1.7257329721172978
-2.933667083854818	1.733726448613825
-2.923654568210263	1.7327034737991027
-2.9136420525657067	1.7225705227567856
-2.9036295369211516	1.7073403403151923
-2.8936170212765955	1.6932219545180447
-2.8836045056320403	1.6839964560989322
-2.873591989987484	1.6777325908600322
-2.863579474342928	1.6688717969575195
-2.853566958698373	1.6543598330280058
-2.843554443053817	1.6376601963690407
-2.8335419274092617	1.6263380275287056
-2.8235294117647056	1.6258392613027215
-2.8135168961201504	1.6359676527021059
-2.8035043804755944	1.6527228751668945
-2.7934918648310383	1.6717438283682409
-2.783479349186483	1.6889560475072813
-2.773466833541927	1.6993042743392135
-2.763454317897372	1.6976278435849559
-2.7534418022528158	1.6823834825282888
-2.7434292866082606	1.6582939873197584
-2.7334167709637045	1.6345936531408374
-2.7234042553191484	1.619815585625106
-2.7133917396745932	1.6164948700240989
-2.703379224030037	1.6189749608552944
-2.693366708385482	1.6166150817800966
-2.683354192740926	1.6015851838030701
-2.6733416770963707	1.5750964695391312
-2.6633291614518146	1.545416902991511
-2.6533166458072586	1.5191195122880992
-2.6433041301627034	1.4944207444399842
-2.6332916145181473	1.462309595855462
-2.623279098873592	1.4124631815685027
-2.613266583229036	1.3381762034002376
-2.603254067584481	1.2384447153625997
-2.593241551939925	1.1181044574821164
-2.5832290362953687	0.9860968493028093
-2.5732165206508135	0.8519148736676966
-2.5632040050062574	0.7223945651011237
-2.5531914893617023	0.6012938560876964
-2.543178973717146	0.4910942086779859
-2.533166458072591	0.39422804823035046
-2.523153942428035	0.31240795593954046
-2.513141426783479	0.2454042168851957
-2.5031289111389237	0.19099917700343527
-2.4931163954943676	0.14622204758028962
-2.4831038798498124	0.1087343920777339
-2.4730913642052563	0.07741023368920279
-2.463078848560701	0.05202575547867771
-2.453066332916145	0.03258032584877207
-2.443053817271589	0.018772652719165377
-2.433041301627034	0.009828879870798606
-2.4230287859824777	0.004622961959813889
-2.4130162703379225	0.0019478852168551089
-2.4030037546933665	0.000794802217671814
-2.3929912390488113	0.0005415191646848023
-2.382978723404255	0.0010401165616722025
-2.372966207759699	0.0026495977932799075
-2.362953692115144	0.006214050777004074
-2.352941176470588	0.012904225821611817
-2.3429286608260327	0.023882734512198914
-2.3329161451814766	0.03997224074479085
-2.3229036295369214	0.0616678735492824
-2.3128911138923653	0.08961021257976197
-2.3028785982478093	0.1251183792065054
-2.292866082603254	0.17018587258145998
-2.282853566958698	0.22681534130833683
-2.272841051314143	0.29617868158465355
-2.2628285356695867	0.3781088420482354
-2.2528160200250316	0.4710123272827968
-2.2428035043804755	0.5721332205193099
-2.2327909887359194	0.6782269419890681
-2.2227784730913642	0.7865055435013121
-2.212765957446808	0.8951761686844103
-2.202753441802253	1.0027991306589892
-2.192740926157697	1.106510583260563
-2.1827284105131417	1.2004404703775404
-2.1727158948685856	1.2763645799191177
-2.1627033792240296	1.3275201197761075
-2.1526908635794744	1.3534832537493873
-2.1426783479349183	1.361746803553334
-2.132665832290363	1.3635828944709911
-2.122653316645807	1.3669963331369506
-2.112640801001252	1.372524381701703
-2.1026282853566958	1.3748938598934053
-2.0926157697121397	1.368276258895712
-2.0826032540675845	1.3506787878984567
-2.0725907384230284	1.325170936980561
-2.0625782227784732	1.2986055424141505
-2.052565707133917	1.279037912968438
-2.042553191489362	1.2721186025806848
-2.032540675844806	1.2773333693721016
-2.02252816020025	1.2870451341432547
-2.0125156445556946	1.2908830219804668
-2.0025031289111386	1.2832462298995035
-1.9924906132665834	1.2674665653471189
-1.9824780976220273	1.2525321421633384
-1.9724655819774712	1.2453341415655972
-1.962453066332916	1.2453628686351774
-1.95244055068836	1.2460053827736552
-1.9424280350438048	1.2407170635431135
-1.9324155193992487	1.2286589317341794
-1.9224030037546935	1.2153545059269941
-1.9123904881101375	1.2084210938711144
-1.9023779724655814	1.2124324156200206
-1.8923654568210262	1.2267114013639573
-1.8823529411764701	1.246348705779117
-1.872340425531915	1.2645077500550823
-1.8623279098873589	1.274702678363538
-1.8523153942428037	1.2726679743408855
-1.8423028785982476	1.257357603378701
-1.8322903629536915	1.2309825375023444
-1.8222778473091363	1.1989066506174644
-1.8122653316645803	1.169770822653041
-1.802252816020025	1.1545441950489344
-1.792240300375469	1.1629551888307563
-1.7822277847309138	1.1980489740688853
-1.7722152690863577	1.2522884534163836
-1.7622027534418017	1.3087521945460594
-1.7521902377972465	1.3478967682083718
-1.7421777221526904	1.35629637508877
-1.7321652065081352	1.3321963150200606
-1.7221526908635791	1.2850490187267538
-1.712140175219024	1.2302507895524961
-1.7021276595744679	1.1826598781925983
-1.6921151439299118	1.1520596735476627
-1.6821026282853566	1.1418227043732823
-1.6720901126408005	1.1500588652086006
-1.6620775969962454	1.1714050477166846
-1.6520650813516893	1.1980617908138396
-1.642052565707134	1.2204507644366738
-1.632040050062578	1.2291820926497576
-1.622027534418022	1.218978914059404
-1.6120150187734668	1.192126266448167
-1.6020025031289107	1.157372931379649
-1.5919899874843555	1.1234369907596067
-1.5819774718397994	1.0921536928368178
-1.5719649561952442	1.057721560132776
-1.5619524405506882	1.0125763812264565
-1.551939924906132	0.9537632857399491
-1.541927409261577	0.8841633692407461
-1.5319148936170208	0.8091668646368927
-1.5219023779724656	0.7333437673721258
-1.5118898623279096	0.6598032846675157
-1.5018773466833544	0.5913239827894236
-1.4918648310387983	0.5313933985453776
-1.4818523153942422	0.4844526680105173
-1.471839799749687	0.45531608258828404
-1.461827284105131	0.44774110879277046
-1.4518147684605758	0.46266652489605564
-1.4418022528160197	0.497235554981329
-1.4317897371714645	0.545123408879949
-1.4217772215269084	0.5976365859561014
-1.4117647058823524	0.64523571509236
-1.4017521902377972	0.6800024941892795
-1.391739674593241	0.6989623965975816
-1.381727158948686	0.7061746887964289
-1.3717146433041298	0.7111013045309609
-1.3617021276595747	0.7236147784883133
-1.3516896120150186	0.7493546805901168
-1.3416770963704625	0.7889050813547023
-1.3316645807259073	0.8404306539512791
-1.3216520650813512	0.902353736332487
-1.311639549436796	0.9736489370342493
-1.30162703379224	1.0525692845784522
-1.2916145181476848	1.136029169059873
-1.2816020025031287	1.2204002036795585
-1.2715894868585726	1.3026176374530816
-1.2615769712140175	1.3804356842793317
-1.2515644555694614	1.451960289672597
-1.2415519399249062	1.5154385910735266
-1.2315394242803501	1.5697498895567885
-1.221526908635795	1.6148816003669366
-1.2115143929912389	1.6515324264657396
-1.2015018773466828	1.6802870194964128
-1.1914893617021276	1.7017331628107408
-1.1814768460575715	1.7177280643712602
-1.1714643304130163	1.732000058752818
-1.1614518147684603	1.748306805286499
-1.151439299123905	1.7670608321230958
-1.141426783479349	1.7837990256032166
-1.131414267834793	1.791956539489596
-1.1214017521902377	1.7884212003226791
-1.1113892365456817	1.7772114246211432
-1.1013767209011265	1.7678704030383359
-1.0913642052565704	1.7697604161840252
-1.0813516896120152	1.786656513740731
-1.0713391739674591	1.8151090053285648
-1.061326658322903	1.8469904124246412
-1.0513141426783479	1.8744732592931639
-1.0413016270337918	1.8946700113317432
-1.0312891113892366	1.9108550128204904
-1.0212765957446805	1.9287966481944259
-1.0112640801001254	1.950494494673262
-1.0012515644555693	1.970368736839947
-0.9912390488110132	1.9775289869501824
-0.981226533166458	1.9632015263769138
-0.971214017521902	1.928359641607581
-0.9612015018773468	1.8856347433687854
-0.9511889862327907	1.8528141733229575
-0.9411764705882355	1.8418565265430367
-0.9311639549436794	1.8521756571734656
-0.9211514392991234	1.8737077767407502
-0.9111389236545682	1.8959628780133557
-0.9011264080100121	1.9142794800516818
-0.8911138923654569	1.9293862224077434
-0.8811013767209008	1.9439391152272707
-0.8710888610763456	1.9604507531134001
-0.8610763454317896	1.9802850752013705
-0.8510638297872335	2.001705772148305
-0.8410513141426783	2.0185737021325294
-0.8310387984981222	2.0234132350384835
-0.821026282853567	2.0143338761741036
-0.811013767209011	1.999399352329337
-0.8010012515644558	1.992666682065071
-0.7909887359198997	2.0039683629350327
-0.7809762202753436	2.0313089074634
-0.7709637046307884	2.0628344125993454
-0.7609511889862324	2.0864451747200885
-0.7509386733416772	2.098243372920552
-0.7409261576971211	2.102610697878111
-0.7309136420525659	2.1047202245034735
-0.7209011264080099	2.103103457204232
-0.7108886107634538	2.0895820812679107
-0.7008760951188986	2.056908295556125
-0.6908635794743425	2.007264198231045
-0.6808510638297873	1.9540597636356973
-0.6708385481852313	1.9155781323821413
-0.6608260325406761	1.9056872807986722
-0.65081351689612	1.928169832898676
-0.6408010012515639	1.9772856576569606
-0.6307884856070087	2.042393573936649
-0.6207759699624527	2.112559928808363
-0.6107634543178975	2.1787021604986285
-0.6007509386733414	2.234068110668188
-0.5907384230287862	2.2755968698724347
-0.5807259073842301	2.3067619976422633
-0.5707133917396741	2.338710895001007
-0.5607008760951189	2.386037763390718
-0.5506883604505628	2.4584102923176165
-0.5406758448060076	2.554463181714845
-0.5306633291614515	2.6634312323281835
-0.5206508135168963	2.7733938289297435
-0.5106382978723403	2.879363778084554
-0.5006257822277842	2.984806488088825
-0.490613266583229	3.0958331967650787
-0.48060075093867294	3.213520123455413
-0.47058823529411775	3.3312593887839124
-0.4605757196495617	3.4392779765129915
-0.4505632040050065	3.532027488511974
-0.4405506883604504	3.6120601607287623
-0.43053817271589434	3.68743997547459
-0.42052565707133915	3.765189646366077
-0.4105131414267831	3.8463998432343884
-0.4005006257822279	3.926711794055697
-0.3904881101376718	4.0004135971733294
-0.38047559449311663	4.063281215304963
-0.37046307884856056	4.112241481640405
-0.3604505632040045	4.144716709354113
-0.3504380475594493	4.160567763923532
-0.3404255319148932	4.165290667706374
-0.33041301627033803	4.170564264885674
-0.32040050062578196	4.190168746481144
-0.3103879849812259	4.232962459809821
-0.3003754693366707	4.296944661152854
-0.2903629536921146	4.36842481410877
-0.28035043804755944	4.427655550159184
-0.27033792240300336	4.458198213294307
-0.2603254067584482	4.454987818817734
-0.2503128911138921	4.427035620339257
-0.24030037546933602	4.393281073757234
-0.23028785982478084	4.373153204001465
-0.22027534418022476	4.376845623943801
-0.21026282853566958	4.40155103772192
-0.2002503128911135	4.435911530086044
-0.19023779724655832	4.468463233961001
-0.18022528160200224	4.49351949889935
-0.17021276595744617	4.511570326596825
-0.16020025031289098	4.526081189393895
-0.1501877346683349	4.540095645644431
-0.14017521902377972	4.55461065926731
-0.13016270337922364	4.568899651571272
-0.12015018773466846	4.58206292778026
-0.11013767209011238	4.594675793341024
-0.10012515644555631	4.609353403136699
-0.09011264080100112	4.630039874495686
-0.08010012515644505	4.661192472154974
-0.07008760951188986	4.707613162114339
-0.060075093867333784	4.773650100113433
-0.0500625782227786	4.860192199370691
-0.04005006257822252	4.960616150245357
-0.030037546933666448	5.0592196996709475
-0.02002503128911126	5.134705929272094
-0.010012515644555187	5.1684356875581905
0.0	5.154358776366972
