-8.0	5.950084022167343
-7.989987484355444	6.115272714742098
-7.979974968710889	6.290587635267536
-7.969962453066333	6.467857362900362
-7.9599499374217775	6.630177054029978
-7.949937421777221	6.755478662523786
-7.939924906132666	6.827924535432891
-7.92991239048811	6.849356836543434
-7.919899874843554	6.839135475727541
-7.909887359198999	6.820265461370513
-7.899874843554443	6.801943156126176
-7.889862327909888	6.772024058922906
-7.8798498122653315	6.705772233820415
-7.869837296620776	6.584769002502493
-7.85982478097622	6.411036996951669
-7.849812265331664	6.205172391880064
-7.839799749687109	5.991882640802817
-7.829787234042553	5.786929110206188
-7.819774718397998	5.594692786345334
-7.809762202753442	5.412914747351241
-7.7997496871088865	5.236725073377025
-7.78973717146433	5.060357723785114
-7.779724655819774	4.8798240971638505
-7.769712140175219	4.696681705980922
-7.759699624530663	4.519031455594683
-7.749687108886108	4.357763051888508
-7.739674593241552	4.220609055696677
-7.729662077596997	4.108455158878213
-7.719649561952441	4.0168490059050495
-7.7096370463078845	3.941790052876884
-7.699624530663329	3.884888238233375
-7.689612015018773	3.853167789403025
-7.679599499374218	3.8540901163425696
-7.669586983729662	3.8910019882637306
-7.659574468085107	3.962817910064513
-7.649561952440551	4.06629347160116
-7.639549436795995	4.196245694246257
-7.629536921151439	4.34233056720084
-7.619524405506883	4.4871613459798905
-7.609511889862328	4.61139041778536
-7.599499374217772	4.703707860221557
-7.589486858573217	4.76627610854183
-7.579474342928661	4.809653488445106
-7.569461827284105	4.842655023498104
-7.55944931163955	4.86776995352666
-7.5494367959949935	4.88545304752756
-7.539424280350438	4.900163825823823
-7.529411764705882	4.91986536139604
-7.519399249061326	4.949496129824233
-7.509386733416771	4.986541824183425
-7.499374217772215	5.023943159904783
-7.48936170212766	5.056558690095674
-7.479349186483104	5.084632858041739
-7.4693366708385485	5.1137832114784345
-7.459324155193992	5.155006752912998
-7.449311639549437	5.224006851425894
-7.439299123904881	5.33595071150247
-7.429286608260325	5.4973071407138425
-7.41927409261577	5.70217832333607
-7.409261576971214	5.936317836188693
-7.399249061326659	6.183719493731279
-7.3892365456821025	6.429973865931302
-7.3792240300375465	6.66240767409826
-7.369211514392991	6.869871946184419
-7.359198998748435	7.043034517212471
-7.34918648310388	7.174814704803043
-7.339173967459324	7.261741969393954
-7.329161451814769	7.306497545094526
-7.319148936170213	7.318847015255303
-7.3091364205256575	7.311293381045038
-7.299123904881101	7.290114463615666
-7.289111389236545	7.24831403436082
-7.27909887359199	7.167568695298756
-7.269086357947434	7.0292624805950314
-7.259073842302879	6.826314578046057
-7.249061326658323	6.566459181842056
-7.239048811013767	6.265229659997798
-7.2290362953692116	5.93553539111906
-7.2190237797246555	5.582645032640342
-7.2090112640801	5.207749086282018
-7.198998748435544	4.815443639991004
-7.188986232790989	4.417648514338375
-7.178973717146433	4.031422648936117
-7.168961201501878	3.6747704352007013
-7.158948685857322	3.3644893157239584
-7.148936170212766	3.1150165648560586
-7.13892365456821	2.936021712538311
-7.128911138923654	2.8303691009375727
-7.118898623279099	2.7953851639143013
-7.108886107634543	2.826625159001954
-7.098873591989987	2.9206625890495763
-7.088861076345432	3.075201522406156
-7.078848560700876	3.287242920042311
-7.068836045056321	3.5503398107187594
-7.0588235294117645	3.852354118765939
-7.048811013767209	4.176308366204065
-7.038798498122653	4.505340143627298
-7.028785982478098	4.82797111092636
-7.018773466833542	5.1381545980441174
-7.008760951188986	5.429811694878789
-6.998748435544431	5.692046731203099
-6.988735919899875	5.9106750986980945
-6.9787234042553195	6.074646943699193
-6.968710888610763	6.1809498262673905
-6.958698372966207	6.234046162310838
-6.948685857321652	6.241986834174207
-6.938673341677096	6.213797056379154
-6.928660826032541	6.1597169245890475
-6.918648310387985	6.091748737129847
-6.908635794743429	6.021513659095936
-6.8986232790988735	5.955910440021602
-6.888610763454318	5.894105411930313
-6.878598247809762	5.828459804582262
-6.868585732165206	5.749176456163463
-6.858573216520651	5.651075823968241
-6.848560700876095	5.539904236834244
-6.83854818523154	5.4336973705789635
-6.828535669586984	5.355781274228281
-6.818523153942428	5.322564126448278
-6.808510638297872	5.33534430175574
-6.798498122653316	5.382438052457293
-6.788485607008761	5.447467149870596
-6.778473091364205	5.513873923477623
-6.768460575719649	5.562725700333597
-6.758448060075094	5.57196860360536
-6.748435544430539	5.524894951630124
-6.7384230287859825	5.422957608610815
-6.7284105131414265	5.289436212198282
-6.718397997496871	5.157534374766295
-6.708385481852315	5.0517090199153545
-6.69837296620776	4.977453483046411
-6.688360450563204	4.9255669074706585
-6.678347934918648	4.882855087773579
-6.668335419274093	4.838246587091924
-6.658322903629537	4.783130296129926
-6.648310387984981	4.712341277383051
-6.638297872340425	4.627485690273135
-6.628285356695869	4.5366217511982585
-6.618272841051314	4.44699603271055
-6.608260325406759	4.356878260300394
-6.598247809762203	4.254876392642483
-6.588235294117647	4.1275575373963544
-6.578222778473092	3.968537078843172
-6.5682102628285355	3.7820799141008945
-6.55819774718398	3.579681288482217
-6.548185231539424	3.37303214895431
-6.538172715894868	3.168082859432975
-6.528160200250313	2.9633951160100236
-6.518147684605757	2.7535101341492343
-6.508135168961202	2.535301068668728
-6.498122653316646	2.3128477632208044
-6.4881101376720896	2.0968161949452395
-6.478097622027534	1.898746428967343
-6.468085106382979	1.7247579276946206
-6.458072590738423	1.5724749038728003
-6.448060075093867	1.4319100555229005
-6.438047559449312	1.2901277945934477
-6.428035043804756	1.1389236200156638
-6.418022528160201	0.9813205110927379
-6.4080100125156445	0.8307001657012809
-6.397997496871088	0.701659847011879
-6.387984981226533	0.5999843505258629
-6.377972465581977	0.5203131036287818
-6.367959949937422	0.45239225264885363
-6.357947434292866	0.38913364351059754
-6.34793491864831	0.32976272003413376
-6.337922403003755	0.2772803594614816
-6.3279098873591995	0.2342459298592144
-6.317897371714643	0.2007404177874968
-6.307884856070087	0.17513842375846797
-6.297872340425532	0.1558067207710423
-6.287859824780976	0.14190243712209
-6.277847309136421	0.13308701924927183
-6.267834793491865	0.12909938792870948
-6.257822277847309	0.12979634755478942
-6.2478097622027535	0.1354001786103588
-6.2377972465581975	0.14659240206015223
-6.227784730913642	0.16465940462457626
-6.217772215269086	0.19199728255753734
-6.20775969962453	0.23264650120882127
-6.197747183979975	0.2922316431186824
-6.18773466833542	0.37735802148563025
-6.177722152690864	0.49502540714098553
-6.167709637046308	0.6517467673633867
-6.157697121401752	0.8510507134173664
-6.147684605757196	1.089348913516007
-6.137672090112641	1.3531515015539448
-6.127659574468085	1.621286854926424
-6.117647058823529	1.8722090861926135
-6.107634543178974	2.09209827430548
-6.097622027534418	2.278670255368219
-6.0876095118898625	2.438593572598565
-6.0775969962453065	2.580386371583284
-6.06758448060075	2.7074817025594093
-6.057571964956195	2.816295853098175
-6.04755944931164	2.9005100084964117
-6.037546933667084	2.9575036656441047
-6.027534418022528	2.99120748597044
-6.017521902377973	3.009632680030244
-6.007509386733417	3.0203139040548517
-5.997496871088861	3.02736743019377
-5.987484355444305	3.030670279053779
-5.977471839799749	3.0260920330822265
-5.967459324155194	3.0073326687824298
-5.957446808510639	2.970370227212639
-5.947434292866083	2.918128593760372
-5.937421777221527	2.8604013376465036
-5.927409261576971	2.8075600497591124
-5.9173967459324155	2.762989075720046
-5.90738423028786	2.7209131225598706
-5.897371714643304	2.6715335919910017
-5.887359198998748	2.609110531099955
-5.877346683354192	2.5360253217780246
-5.867334167709637	2.458934994439689
-5.857321652065082	2.380015818197902
-5.847309136420526	2.291338467918179
-5.83729662077597	2.178412858125501
-5.827284105131414	2.031006509558077
-5.817271589486858	1.8525291716651129
-5.807259073842303	1.6599131759107493
-5.797246558197747	1.4737696242501588
-5.787234042553191	1.3067540523336958
-5.777221526908636	1.1590065899662967
-5.767209011264081	1.0226861683459159
-5.7571964956195245	0.8901331862134074
-5.747183979974968	0.7589394784615289
-5.737171464330412	0.6317155608970614
-5.727158948685857	0.5129685246257262
-5.717146433041302	0.4064320432681261
-5.707133917396746	0.3142464416193485
-5.69712140175219	0.2373130254065662
-5.687108886107635	0.17559167650864865
-5.677096370463079	0.12795825591307172
-5.667083854818523	0.09221697910954757
-5.657071339173967	0.06577844012120873
-5.647058823529411	0.0465771493700216
-5.637046307884856	0.0333680909218937
-5.627033792240301	0.025231208692312664
-5.617021276595745	0.020977124853806272
-5.607008760951189	0.019100389347388558
-5.596996245306633	0.018192477630545812
-5.5869837296620775	0.017295252233470546
-5.576971214017522	0.015919453159667238
-5.566958698372966	0.013886447726353628
-5.55694618272841	0.011244771088748107
-5.546933667083855	0.008277202471625505
-5.536921151439299	0.005434487175905247
-5.526908635794744	0.003135120265851567
-5.516896120150188	0.0015720865932422675
-5.5068836045056315	0.0006802206035825722
-5.496871088861076	0.00025275775802873526
-5.486858573216521	8.041186503095796e-05
-5.476846057571965	2.1860696337566358e-05
-5.466833541927409	5.072407746940884e-06
-5.456821026282853	1.0038000219158503e-06
-5.446808510638298	1.694187049518137e-07
-5.4367959949937426	2.5211213984120394e-08
-5.4267834793491865	1.0793726852051564e-08
-5.41677096370463	6.04749433115403e-08
-5.406758448060075	3.962538000771037e-07
-5.396745932415519	2.234729277632274e-06
-5.386733416770964	1.0818121505277877e-05
-5.376720901126408	4.5098909303740446e-05
-5.366708385481852	0.00016270410670398452
-5.356695869837297	0.0005116302127266577
-5.346683354192741	0.0014164819514023517
-5.336670838548185	0.0034988475481524707
-5.326658322903629	0.007832610529447767
-5.316645807259073	0.01614103677107354
-5.306633291614518	0.03098452909682991
-5.296620775969963	0.05570630297770838
-5.286608260325407	0.09376763331223012
-5.276595744680851	0.14740854830214886
-5.2665832290362955	0.21637142734189857
-5.256570713391739	0.29795128025889567
-5.246558197747184	0.38892294607347283
-5.236545682102628	0.48817630110559623
-5.226533166458072	0.5978197980693075
-5.216520650813517	0.7214299780835397
-5.206508135168962	0.860382228745789
-5.196495619524406	1.0108641874721558
-5.18648310387985	1.1640463092959783
-5.1764705882352935	1.3099563189238264
-5.166458072590738	1.4425847917868686
-5.156445556946183	1.5618732728745333
-5.146433041301627	1.6705156600188946
-5.136420525657071	1.768886685714713
-5.126408010012516	1.8535291639007787
-5.11639549436796	1.920195718848322
-5.1063829787234045	1.9672935187375462
-5.0963704630788484	1.9963928199937526
-5.086357947434292	2.0108007898418063
-5.076345431789737	2.0145502971252327
-5.066332916145182	2.0120685557983595
-5.056320400500626	2.00745288833407
-5.04630788485607	2.003091801194568
-5.036295369211514	1.9985887706973466
-5.026282853566959	1.9913483064364803
-5.016270337922403	1.9792504551384227
-5.006257822277847	1.9635667633862288
-4.996245306633291	1.949036894854207
-4.986232790988735	1.9405235582244775
-4.97622027534418	1.939563644592535
-4.966207759699625	1.9440741515482187
-4.956195244055069	1.9504711992381245
-4.946182728410513	1.9553001079092833
-4.9361702127659575	1.9556057679604206
-4.926157697121402	1.9495521902814925
-4.916145181476846	1.9377607710314066
-4.90613266583229	1.9237527158392966
-4.896120150187734	1.9124151082169796
-4.886107634543179	1.9078422300934565
-4.876095118898624	1.912506895196571
-4.866082603254068	1.927662255585718
-4.8560700876095115	1.9534676506870972
-4.8460575719649555	1.9884367362065907
-4.8360450563204	2.028937704112441
-4.826032540675845	2.0688409495346733
-4.816020025031289	2.0992302218526455
-4.806007509386733	2.109541598914689
-4.795994993742178	2.0913807673030766
-4.785982478097623	2.042946186197583
-4.7759699624530665	1.9697966191873526
-4.76595744680851	1.880701809247045
-4.755944931163954	1.7822586807098215
-4.745932415519399	1.6766103645497445
-4.735919899874844	1.5626822578810406
-4.725907384230288	1.4382776659338405
-4.715894868585732	1.301332865816134
-4.705882352941176	1.1510631203847494
-4.6958698372966206	0.9898856484081057
-4.685857321652065	0.8249214531113205
-4.675844806007509	0.666838201583967
-4.665832290362953	0.525830736517377
-4.655819774718398	0.40754158368700755
-4.645807259073843	0.31198110429861065
-4.635794743429287	0.23565069618765475
-4.625782227784731	0.17453247812858955
-4.615769712140175	0.12584178194002646
-4.605757196495619	0.08817865696665876
-4.595744680851064	0.06072777206459151
-4.585732165206508	0.042241446908412444
-4.575719649561952	0.030511357007273178
-4.565707133917396	0.022789308618754982
-4.555694618272841	0.01683164129577013
-4.545682102628286	0.011621479256849617
-4.53566958698373	0.00719225647475989
-4.5256570713391735	0.0038935485374638062
-4.515644555694618	0.0018208348154630798
-4.505632040050063	0.000731124195067739
-4.495619524405507	0.0002513222289651816
-4.485607008760951	7.385266766484406e-05
-4.475594493116395	1.853872678512205e-05
-4.46558197747184	3.973727776620954e-06
-4.4555694618272845	7.271325678012137e-07
-4.4455569461827285	1.1356650187822213e-07
-4.435544430538172	1.5137235837557548e-08
-4.425531914893616	1.7216632006320305e-09
-4.415519399249061	1.6707232162915767e-10
-4.405506883604506	1.383143771354356e-11
-4.39549436795995	9.767656925710522e-13
-4.385481852315394	5.883412563301479e-14
-4.375469336670839	3.0223274096246908e-15
-4.365456821026283	1.3239953556285798e-16
-4.355444305381727	4.945676135181514e-18
-4.345431789737171	1.5751531689798125e-19
-4.335419274092615	4.277043087871966e-21
-4.32540675844806	9.900477744780175e-23
-4.315394242803505	1.9535767878588443e-24
-4.305381727158949	3.285782684146171e-26
-4.295369211514393	4.710374473108265e-28
-4.285356695869837	5.755147482573679e-30
-4.275344180225281	5.99266408538341e-32
-4.265331664580726	5.3177222585307205e-34
-4.25531914893617	4.021194182237636e-36
-4.245306633291614	2.5911413722391234e-38
-4.235294117647059	1.4227162011147194e-40
-4.225281602002504	6.656138251226808e-43
-4.215269086357948	2.653324150832139e-45
-4.2052565707133915	9.011776023550674e-48
-4.1952440550688355	2.6077852122511133e-50
-4.18523153942428	6.429316719653824e-53
-4.175219023779725	1.3504562394555232e-55
-4.165206508135169	2.4166337994887677e-58
-4.155193992490613	3.6842449817072594e-61
-4.145181476846057	4.785054167730458e-64
-4.135168961201502	5.294438646946453e-67
-4.1251564455569465	4.990479261831477e-70
-4.11514392991239	4.00727319377373e-73
-4.105131414267834	2.74116744391845e-76
-4.095118898623279	1.597342624040918e-79
-4.085106382978723	7.929263830160145e-83
-4.075093867334168	3.353023904288663e-86
-4.065081351689612	1.2078318108670178e-89
-4.055068836045056	3.7062920396494885e-93
-4.045056320400501	9.687991668386186e-97
-4.035043804755945	2.1571812926297776e-100
-4.025031289111389	4.091629850153993e-104
-4.015018773466833	6.610907234164758e-108
-4.005006257822277	9.09869738645548e-112
-3.994993742177722	1.0667173787910654e-115
-3.9849812265331668	1.0652957924057113e-119
-3.9749687108886107	9.062344596654084e-124
-3.9649561952440546	6.566884768463787e-128
-3.9549436795994994	4.053458484392998e-132
-3.9449311639549434	2.1312711924004827e-136
-3.934918648310388	9.545475740365169e-141
-3.924906132665832	3.641678668941693e-145
-3.914893617021277	1.1834508297683033e-149
-3.904881101376721	3.2759917588659144e-154
-3.8948685857321648	7.724650842243107e-159
-3.8848560700876096	1.5515219771081334e-163
-3.8748435544430535	2.6544809116657486e-168
-3.8648310387984983	3.868508095057896e-173
-3.8548185231539422	4.8023002028117053e-178
-3.844806007509387	5.0780466909845365e-183
-3.834793491864831	4.573886572623547e-188
-3.824780976220275	3.509256890505353e-193
-3.8147684605757197	2.2934315419535618e-198
-3.8047559449311636	1.2767240820444257e-203
-3.7947434292866085	6.054088831282017e-209
-3.7847309136420524	2.4453489172384005e-214
-3.774718397997497	2.503422581617305e-218
-3.764705882352941	6.782242676871086e-213
-3.754693366708385	1.619792208944283e-207
-3.74468085106383	3.295698212054516e-202
-3.734668335419274	5.712676585416373e-197
-3.7246558197747186	8.436025418299027e-192
-3.7146433041301625	1.0613147029284408e-186
-3.7046307884856065	1.137524108782807e-181
-3.6946182728410513	1.0386979762446124e-176
-3.684605757196495	8.080390991066681e-172
-3.67459324155194	5.3554022777359794e-167
-3.664580725907384	3.0239229623550784e-162
-3.6545682102628287	1.4546903726750354e-157
-3.6445556946182727	5.962027713326251e-153
-3.6345431789737166	2.0818211426157948e-148
-3.6245306633291614	6.19328834380081e-144
-3.6145181476846053	1.5697487844447383e-139
-3.60450563204005	3.38978798250241e-135
-3.594493116395494	6.236645236906367e-131
-3.584480600750939	9.776160267936092e-127
-3.574468085106383	1.3056507924959638e-122
-3.5644555694618267	1.4856959412218117e-118
-3.5544430538172715	1.440388932097677e-114
-3.5444305381727155	1.1898147561396946e-110
-3.5344180225281603	8.373971792333813e-107
-3.524405506883604	5.021564739836809e-103
-3.514392991239049	2.565694587180675e-99
-3.504380475594493	1.116945758913414e-95
-3.494367959949937	4.143080561891773e-92
-3.4843554443053817	1.3094285194653576e-88
-3.4743429286608256	3.526227297305971e-85
-3.4643304130162704	8.091180275603225e-82
-3.4543178973717144	1.5819381580039997e-78
-3.444305381727159	2.635397680916372e-75
-3.434292866082603	3.7409752102603353e-72
-3.424280350438047	4.5248947897320537e-69
-3.414267834793492	4.663586997258174e-66
-3.4042553191489358	4.095647389972221e-63
-3.3942428035043806	3.064917783373117e-60
-3.3842302878598245	1.9543924395252766e-57
-3.3742177722152693	1.0619504182390786e-54
-3.3642052565707132	4.916986681175939e-52
-3.354192740926157	1.9399873766876497e-49
-3.344180225281602	6.522386905461682e-47
-3.334167709637046	1.868635658890352e-44
-3.3241551939924907	4.5620044199868755e-42
-3.3141426783479346	9.490787879439615e-40
-3.3041301627033794	1.6825452414018648e-37
-3.2941176470588234	2.5418592121222937e-35
-3.2841051314142673	3.272342430461141e-33
-3.274092615769712	3.589968726637596e-31
-3.264080100125156	3.356211531808836e-29
-3.254067584480601	2.673847902491653e-27
-3.2440550688360448	1.815326204777252e-25
-3.2340425531914896	1.0502799390938236e-23
-3.2240300375469335	5.178328975921116e-22
-3.2140175219023774	2.1757556332699132e-20
-3.2040050062578223	7.790553019551842e-19
-3.193992490613266	2.3772019093334668e-17
-3.183979974968711	6.181668160462622e-16
-3.173967459324155	1.3699033527446839e-14
-3.1639549436795997	2.587155754699084e-13
-3.1539424280350437	4.1639845078142585e-12
-3.1439299123904876	5.711600673432963e-11
-3.1339173967459324	6.677006880430573e-10
-3.1239048811013763	6.6527623610727774e-09
-3.113892365456821	5.650052827493838e-08
-3.103879849812265	4.090623690229485e-07
-3.09386733416771	2.525263041728044e-06
-3.083854818523154	1.3297221794907256e-05
-3.0738423028785977	5.976110698583519e-05
-3.0638297872340425	0.00022947459919282043
-3.0538172715894865	0.0007542080382272076
-3.0438047559449313	0.0021283263772300413
-3.033792240300375	0.005184384644365722
-3.02377972465582	0.011000026062437985
-3.013767209011264	0.020630153284843793
-3.003754693366708	0.03495954502635989
-2.9937421777221527	0.0550688981993536
-2.9837296620775966	0.08296632551002217
-2.9737171464330414	0.12178264241599505
-2.9637046307884853	0.17475401801130905
-2.95369211514393	0.24368146737924484
-2.943679599499374	0.3283656565017229
-2.933667083854818	0.42751416372525053
-2.923654568210263	0.5401001959932313
-2.9136420525657067	0.6659816990660368
-2.9036295369211516	0.8053801660369211
-2.8936170212765955	0.9572319479392877
-2.8836045056320403	1.1168073750988259
-2.873591989987484	1.2740931235523163
-2.863579474342928	1.4149522342684335
-2.853566958698373	1.5254604056183119
-2.843554443053817	1.597336625401512
-2.8335419274092617	1.6315631876682475
-2.8235294117647056	1.6383964858875082
-2.8135168961201504	1.6336019021049861
-2.8035043804755944	1.6323435953239775
-2.7934918648310383	1.6435548671474893
-2.783479349186483	1.6676641294627497
-2.773466833541927	1.6985032880929074
-2.763454317897372	1.7275444567112672
-2.7534418022528158	1.7476808104791675
-2.7434292866082606	1.7549953145138757
-2.7334167709637045	1.7486121957193603
-2.7234042553191484	1.7295665033496874
-2.7133917396745932	1.6998176993937384
-2.703379224030037	1.6620546974459527
-2.693366708385482	1.6197844142650357
-2.683354192740926	1.576707489358044
-2.6733416770963707	1.53546757288694
-2.6633291614518146	1.4968968950359283
-2.6533166458072586	1.4602776471804293
-2.6433041301627034	1.424131997125592
-2.6332916145181473	1.3872536823363
-2.623279098873592	1.3501282916820945
-2.613266583229036	1.3161500376224253
-2.603254067584481	1.29116036498688
-2.593241551939925	1.2806109381300148
-2.5832290362953687	1.2858155361887476
-2.5732165206508135	1.3022199360646292
-2.5632040050062574	1.3215299716883713
-2.5531914893617023	1.3362509929157451
-2.543178973717146	1.3429613861509493
-2.533166458072591	1.3422740711641008
-2.523153942428035	1.3369021496034144
-2.513141426783479	1.3301188517918912
-2.5031289111389237	1.3249051821075004
-2.4931163954943676	1.3228257660992628
-2.4831038798498124	1.322747577164314
-2.4730913642052563	1.3209232441701089
-2.463078848560701	1.3135425258251925
-2.453066332916145	1.3005669411205392
-2.443053817271589	1.2876049256619428
-2.433041301627034	1.2834318076346527
-2.4230287859824777	1.2944558918550106
-2.4130162703379225	1.3202603129785615
-2.4030037546933665	1.3533454022685436
-2.3929912390488113	1.382953617388366
-2.382978723404255	1.4007403891999135
-2.372966207759699	1.405622629192751
-2.362953692115144	1.4051269546885816
-2.352941176470588	1.4114738133086273
-2.3429286608260327	1.4337309387696562
-2.3329161451814766	1.4709297466239695
-2.3229036295369214	1.5112379598775216
-2.3128911138923653	1.5380169683157174
-2.3028785982478093	1.5382246757396985
-2.292866082603254	1.5069150802980278
-2.282853566958698	1.445380131083061
-2.272841051314143	1.3563127087234144
-2.2628285356695867	1.241224912107024
-2.2528160200250316	1.1017264163501377
-2.2428035043804755	0.9421911451379017
-2.2327909887359194	0.7711960151565967
-2.2227784730913642	0.6011733572169524
-2.212765957446808	0.44654635441335766
-2.202753441802253	0.3205456302724824
-2.192740926157697	0.23176067822636187
-2.1827284105131417	0.18244353028468105
-2.1727158948685856	0.16977103316090345
-2.1627033792240296	0.18921579098245755
-2.1526908635794744	0.23793392692551954
-2.1426783479349183	0.3163023352641102
-2.132665832290363	0.426652239202198
-2.122653316645807	0.5694181965585869
-2.112640801001252	0.7383290600467429
-2.1026282853566958	0.917341247114102
-2.0926157697121397	1.0819708463670201
-2.0826032540675845	1.2062519809855639
-2.0725907384230284	1.2737075367148805
-2.0625782227784732	1.2870109124619569
-2.052565707133917	1.2691049983749867
-2.042553191489362	1.2521788422907338
-2.032540675844806	1.2597855922101622
-2.02252816020025	1.2943632050829172
-2.0125156445556946	1.339506105622481
-2.0025031289111386	1.3745424468839818
-1.9924906132665834	1.389150436508762
-1.9824780976220273	1.387262720988642
-1.9724655819774712	1.3799590970086724
-1.962453066332916	1.3757142182660267
-1.95244055068836	1.3761411376661028
-1.9424280350438048	1.378636682464209
-1.9324155193992487	1.3813778331196702
-1.9224030037546935	1.385592733874045
-1.9123904881101375	1.3938880060373922
-1.9023779724655814	1.40724570668307
-1.8923654568210262	1.4238059011442605
-1.8823529411764701	1.4401956898098225
-1.872340425531915	1.453919868974807
-1.8623279098873589	1.4650848501096236
-1.8523153942428037	1.4766507496057861
-1.8423028785982476	1.4929178470005466
-1.8322903629536915	1.5163019620532932
-1.8222778473091363	1.5439809067566277
-1.8122653316645803	1.5677936750160846
-1.802252816020025	1.5794406883185803
-1.792240300375469	1.577941557314638
-1.7822277847309138	1.5727276009674394
-1.7722152690863577	1.5787753508655606
-1.7622027534418017	1.607230444002778
-1.7521902377972465	1.658592013430106
-1.7421777221526904	1.7227390566175536
-1.7321652065081352	1.7848094537264072
-1.7221526908635791	1.8328866752673902
-1.712140175219024	1.8633732805623642
-1.7021276595744679	1.881422344860534
-1.6921151439299118	1.896333735964557
-1.6821026282853566	1.9151614870707623
-1.6720901126408005	1.9396403159910367
-1.6620775969962454	1.9687639716713454
-1.6520650813516893	2.0031803750174024
-1.642052565707134	2.0450688162099464
-1.632040050062578	2.092675598123199
-1.622027534418022	2.1359394946331123
-1.6120150187734668	2.158994663018642
-1.6020025031289107	2.1475896950051934
-1.5919899874843555	2.0948152769149595
-1.5819774718397994	2.001903275149167
-1.5719649561952442	1.8760283897436003
-1.5619524405506882	1.7274549517726654
-1.551939924906132	1.566311146159719
-1.541927409261577	1.399704817604575
-1.5319148936170208	1.2313736098726207
-1.5219023779724656	1.0643661562597482
-1.5118898623279096	0.903841432895867
-1.5018773466833544	0.7569282008669046
-1.4918648310387983	0.6299032982197373
-1.4818523153942422	0.525264884991565
-1.471839799749687	0.44064690603191026
-1.461827284105131	0.37004010860672226
-1.4518147684605758	0.30681792579022305
-1.4418022528160197	0.24705030933661495
-1.4317897371714645	0.19101040605523154
-1.4217772215269084	0.14191984759625031
-1.4117647058823524	0.10308639272368693
-1.4017521902377972	0.07552976400649004
-1.391739674593241	0.057406078406203986
-1.381727158948686	0.04519542503315736
-1.3717146433041298	0.03565935137512341
-1.3617021276595747	0.027248613071694523
-1.3516896120150186	0.020111572619904674
-1.3416770963704625	0.014958492356874756
-1.3316645807259073	0.011894135487923691
-1.3216520650813512	0.010146645744807056
-1.311639549436796	0.008668622335707945
-1.30162703379224	0.006865152044715791
-1.2916145181476848	0.0048070169421127774
-1.2816020025031287	0.0029109599976938193
-1.2715894868585726	0.0015105779520786142
-1.2615769712140175	0.0006692823125319542
-1.2515644555694614	0.00025282086582273296
-1.2415519399249062	8.137875828844505e-05
-1.2315394242803501	2.2315622033347786e-05
-1.221526908635795	5.212783293769928e-06
-1.2115143929912389	1.0372383526267398e-06
-1.2015018773466828	1.75804501592868e-07
-1.1914893617021276	2.538175848709587e-08
-1.1814768460575715	3.1214245008719587e-09
-1.1714643304130163	3.2698138367678183e-10
-1.1614518147684603	2.917643040515035e-11
-1.151439299123905	2.217602543377244e-12
-1.141426783479349	1.4402214620371936e-13
-1.131414267834793	1.7428234325231776e-14
-1.1214017521902377	1.712076092015877e-13
-1.1113892365456817	2.6143571993353646e-12
-1.1013767209011265	3.4087654468228505e-11
-1.0913642052565704	3.787341721060899e-10
-1.0813516896120152	3.5863377115131493e-09
-1.0713391739674591	2.895079528477395e-08
-1.061326658322903	1.9931068621644013e-07
-1.0513141426783479	1.1708780620353396e-06
-1.0413016270337918	5.874582798289633e-06
-1.0312891113892366	2.5204862497180973e-05
-1.0212765957446805	9.26545187171641e-05
-1.0112640801001254	0.0002926608730404043
-1.0012515644555693	0.0007976524397384123
-0.9912390488110132	0.0018875203550315666
-0.981226533166458	0.003912179038258762
-0.971214017521902	0.007188810775971795
-0.9612015018773468	0.011898636229379993
-0.9511889862327907	0.018086855122097248
-0.9411764705882355	0.02580312117042915
-0.9311639549436794	0.03529986243086937
-0.9211514392991234	0.04714317689926099
-0.9111389236545682	0.062110019695986625
-0.9011264080100121	0.08084039417645854
-0.8911138923654569	0.10343560686656762
-0.8811013767209008	0.12943570273676586
-0.8710888610763456	0.15849985518636003
-0.8610763454317896	0.19150870781027965
-0.8510638297872335	0.2312232551977775
-0.8410513141426783	0.28177257603200084
-0.8310387984981222	0.3471123582637056
-0.821026282853567	0.42941257504083524
-0.811013767209011	0.5283858385668755
-0.8010012515644558	0.641986037138278
-0.7909887359198997	0.7682449496014082
-0.7809762202753436	0.9073672529066797
-0.7709637046307884	1.062581227909081
-0.7609511889862324	1.2384824184368954
-0.7509386733416772	1.4373460262915845
-0.7409261576971211	1.6558720266898768
-0.7309136420525659	1.8850897571993528
-0.7209011264080099	2.114306950592792
-0.7108886107634538	2.337093965977706
-0.7008760951188986	2.554981283125859
-0.6908635794743425	2.775192266426501
-0.6808510638297873	3.0032839450251845
-0.6708385481852313	3.2362783038553875
-0.6608260325406761	3.4613450941429655
-0.65081351689612	3.6599117554996967
-0.6408010012515639	3.8136397790365844
-0.6307884856070087	3.91000075050053
-0.6207759699624527	3.9469490622389545
-0.6107634543178975	3.934865025942434
-0.6007509386733414	3.8927303768039003
-0.5907384230287862	3.8386305132076837
-0.5807259073842301	3.7800747078049195
-0.5707133917396741	3.7110978505301877
-0.5607008760951189	3.617980999183777
-0.5506883604505628	3.488289929212071
-0.5406758448060076	3.3163320662686466
-0.5306633291614515	3.1034252723689146
-0.5206508135168963	2.856355210625824
-0.5106382978723403	2.5864064262306403
-0.5006257822277842	2.308013562371735
-0.490613266583229	2.036010721071905
-0.48060075093867294	1.7823731113481198
-0.47058823529411775	1.5535795704074895
-0.4605757196495617	1.3492698220070078
-0.4505632040050065	1.1635369875827917
-0.4405506883604504	0.9896284225832628
-0.43053817271589434	0.8254808588645446
-0.42052565707133915	0.6754915453037899
-0.4105131414267831	0.5470145399510424
-0.4005006257822279	0.44501771699874826
-0.3904881101376718	0.36931509992636263
-0.38047559449311663	0.31550395355295513
-0.37046307884856056	0.2776772875936849
-0.3604505632040045	0.2508332083435519
-0.3504380475594493	0.232284465011189
-0.3404255319148932	0.2221295492056346
-0.33041301627033803	0.2228370110501598
-0.32040050062578196	0.23819928557456121
-0.3103879849812259	0.272330629334999
-0.3003754693366707	0.3290905929526807
-0.2903629536921146	0.411319322278935
-0.28035043804755944	0.5190638828321937
-0.27033792240300336	0.6475199883573944
-0.2603254067584482	0.7871214991030747
-0.2503128911138921	0.9272782580732413
-0.24030037546933602	1.0616804966398787
-0.23028785982478084	1.1907722099972189
-0.22027534418022476	1.319175803549826
-0.21026282853566958	1.4504820430250132
-0.2002503128911135	1.5838674684987117
-0.19023779724655832	1.7146324228699281
-0.18022528160200224	1.837110101986596
-0.17021276595744617	1.9473507907846341
-0.16020025031289098	2.0446567559443243
-0.1501877346683349	2.132241904253209
-0.14017521902377972	2.2162941566962964
-0.13016270337922364	2.302107365987841
-0.12015018773466846	2.388596068605725
-0.11013767209011238	2.466044998842714
-0.10012515644555631	2.520891152422235
-0.09011264080100112	2.544955583894544
-0.08010012515644505	2.541439338411939
-0.07008760951188986	2.5226699202432434
-0.060075093867333784	2.50246875973267
-0.0500625782227786	2.4898710272016227
-0.04005006257822252	2.4873801165174108
-0.030037546933666448	2.4926825848411602
-0.02002503128911126	2.5028589890553343
-0.010012515644555187	2.520186252193347
0.0	2.5549996882222556
