-8.0	4.487794987739779
-7.989987484355444	4.438691515229656
-7.979974968710889	4.3728754050630485
-7.969962453066333	4.286570631070202
-7.9599499374217775	4.1762893766503595
-7.949937421777221	4.0392477414738055
-7.939924906132666	3.873937526688029
-7.92991239048811	3.6818217340096475
-7.919899874843554	3.4698736690112555
-7.909887359198999	3.25202074752773
-7.899874843554443	3.0470629647705265
-7.889862327909888	2.872357916711506
-7.8798498122653315	2.736062522101729
-7.869837296620776	2.6331160820924153
-7.85982478097622	2.5483348655683074
-7.849812265331664	2.4650023472103775
-7.839799749687109	2.3737358178227566
-7.829787234042553	2.2767337727447345
-7.819774718397998	2.185504094544031
-7.809762202753442	2.1137937835899074
-7.7997496871088865	2.070064810963667
-7.78973717146433	2.053865665082869
-7.779724655819774	2.0577696902371287
-7.769712140175219	2.0732424464583166
-7.759699624530663	2.0966339664364684
-7.749687108886108	2.1311909947588616
-7.739674593241552	2.183450063740555
-7.729662077596997	2.2570456719585983
-7.719649561952441	2.3497386432172918
-7.7096370463078845	2.45656165763113
-7.699624530663329	2.575768405831923
-7.689612015018773	2.7114027053967096
-7.679599499374218	2.869750401221855
-7.669586983729662	3.052893280174082
-7.659574468085107	3.2551779179677256
-7.649561952440551	3.465324899233939
-7.639549436795995	3.6713001217698698
-7.629536921151439	3.8631132302764075
-7.619524405506883	4.03263757252108
-7.609511889862328	4.173750500595569
-7.599499374217772	4.28460896786139
-7.589486858573217	4.369436475419539
-7.579474342928661	4.436481834526283
-7.569461827284105	4.492316937958475
-7.55944931163955	4.536126803493159
-7.5494367959949935	4.558740559409229
-7.539424280350438	4.548690763173036
-7.529411764705882	4.501406278722762
-7.519399249061326	4.42336446043088
-7.509386733416771	4.327452071235117
-7.499374217772215	4.224754136052575
-7.48936170212766	4.120183032093544
-7.479349186483104	4.013297440994759
-7.4693366708385485	3.900940078529866
-7.459324155193992	3.7797127033467963
-7.449311639549437	3.6484271669021218
-7.439299123904881	3.5095375588581375
-7.429286608260325	3.367922686371497
-7.41927409261577	3.228389156015358
-7.409261576971214	3.095687211866886
-7.399249061326659	2.9778435498592177
-7.3892365456821025	2.8884764784979033
-7.3792240300375465	2.8438264479367663
-7.369211514392991	2.8560941806818385
-7.359198998748435	2.928938542404002
-7.34918648310388	3.0584172040614104
-7.339173967459324	3.2368568800443014
-7.329161451814769	3.455117251164165
-7.319148936170213	3.701990227324973
-7.3091364205256575	3.9633234044105072
-7.299123904881101	4.223445683372288
-7.289111389236545	4.468405988797782
-7.27909887359199	4.688620394419008
-7.269086357947434	4.8797142305240175
-7.259073842302879	5.042104205214257
-7.249061326658323	5.179617655744533
-7.239048811013767	5.296836308978323
-7.2290362953692116	5.396271867941319
-7.2190237797246555	5.478024325406408
-7.2090112640801	5.54298343410084
-7.198998748435544	5.597015021817413
-7.188986232790989	5.652157902037938
-7.178973717146433	5.72347211819642
-7.168961201501878	5.824010475498992
-7.158948685857322	5.961261078812139
-7.148936170212766	6.13623269933026
-7.13892365456821	6.3446363869794515
-7.128911138923654	6.57903041287492
-7.118898623279099	6.829736832908443
-7.108886107634543	7.083302340625251
-7.098873591989987	7.321947015976453
-7.088861076345432	7.528670719382555
-7.078848560700876	7.695579528280302
-7.068836045056321	7.827508142632743
-7.0588235294117645	7.938704038460315
-7.048811013767209	8.047915821457044
-7.038798498122653	8.174147964926263
-7.028785982478098	8.329028534803847
-7.018773466833542	8.506418370780835
-7.008760951188986	8.679907172529417
-6.998748435544431	8.816487628685058
-6.988735919899875	8.89898730126483
-6.9787234042553195	8.939000823755979
-6.968710888610763	8.969048079156495
-6.958698372966207	9.020505906242049
-6.948685857321652	9.105236041566778
-6.938673341677096	9.213729534784445
-6.928660826032541	9.3267641796668
-6.918648310387985	9.42680230601457
-6.908635794743429	9.499856227532918
-6.8986232790988735	9.531933724443062
-6.888610763454318	9.510480178967505
-6.878598247809762	9.433519488863542
-6.868585732165206	9.317289339799517
-6.858573216520651	9.191430869969654
-6.848560700876095	9.081943339455927
-6.83854818523154	8.994937338565327
-6.828535669586984	8.915103000736265
-6.818523153942428	8.81959782318553
-6.808510638297872	8.69378976840549
-6.798498122653316	8.535213952224296
-6.788485607008761	8.345589608644717
-6.778473091364205	8.121826879226468
-6.768460575719649	7.854830474501453
-6.758448060075094	7.53578901568228
-6.748435544430539	7.164594725899348
-6.7384230287859825	6.755489807348973
-6.7284105131414265	6.336464908746339
-6.718397997496871	5.940881342238341
-6.708385481852315	5.594262968227385
-6.69837296620776	5.303821512255522
-6.688360450563204	5.057865327449721
-6.678347934918648	4.835801999980395
-6.668335419274093	4.621886091181193
-6.658322903629537	4.413288995493352
-6.648310387984981	4.2174849590719194
-6.638297872340425	4.041905996123258
-6.628285356695869	3.8844483241173653
-6.618272841051314	3.732595068668807
-6.608260325406759	3.5718734802245797
-6.598247809762203	3.396361386275048
-6.588235294117647	3.2122426312162746
-6.578222778473092	3.0320312182068685
-6.5682102628285355	2.8655389068359978
-6.55819774718398	2.715535525362287
-6.548185231539424	2.5801816829769524
-6.538172715894868	2.4575840947772365
-6.528160200250313	2.3472952175162227
-6.518147684605757	2.248655823362369
-6.508135168961202	2.1595635417181462
-6.498122653316646	2.077618525121964
-6.4881101376720896	2.0022791603366814
-6.478097622027534	1.9359183983662562
-6.468085106382979	1.8826976482626276
-6.458072590738423	1.8452599485622083
-6.448060075093867	1.8210859208359933
-6.438047559449312	1.802008840530269
-6.428035043804756	1.778475202109714
-6.418022528160201	1.7453927465954675
-6.4080100125156445	1.704765759194551
-6.397997496871088	1.664033736798395
-6.387984981226533	1.6327178401080984
-6.377972465581977	1.619312633898751
-6.367959949937422	1.6284047369055468
-6.357947434292866	1.6585844737172422
-6.34793491864831	1.702803928467096
-6.337922403003755	1.751250786785952
-6.3279098873591995	1.7944080473621848
-6.317897371714643	1.8244678293844039
-6.307884856070087	1.8360240941540156
-6.297872340425532	1.8277697349530941
-6.287859824780976	1.8042323772520463
-6.277847309136421	1.7743524230651317
-6.267834793491865	1.7461212927667626
-6.257822277847309	1.7212234964995092
-6.2478097622027535	1.6943285329930466
-6.2377972465581975	1.6572294706188058
-6.227784730913642	1.6039618673697924
-6.217772215269086	1.5332935635925602
-6.20775969962453	1.4476640102620377
-6.197747183979975	1.3497750962294146
-6.18773466833542	1.239237236856043
-6.177722152690864	1.1120787083831944
-6.167709637046308	0.964381198582842
-6.157697121401752	0.7978589339530577
-6.147684605757196	0.6228692658563038
-6.137672090112641	0.455960365963453
-6.127659574468085	0.3133559965146552
-6.117647058823529	0.2046645169531221
-6.107634543178974	0.13037508756600677
-6.097622027534418	0.0837750749462599
-6.0876095118898625	0.05536866855755155
-6.0775969962453065	0.03703356272796082
-6.06758448060075	0.023987782380351288
-6.057571964956195	0.01437612589482995
-6.04755944931164	0.007716566290936011
-6.037546933667084	0.0036384206642678645
-6.027534418022528	0.001490816181739607
-6.017521902377973	0.0005276735457202089
-6.007509386733417	0.00016078631738239503
-5.997496871088861	4.2088756844958634e-05
-5.987484355444305	9.451809736041722e-06
-5.977471839799749	1.8191326085716308e-06
-5.967459324155194	2.9983471745171094e-07
-5.957446808510639	4.229577673611487e-08
-5.947434292866083	5.103646062697485e-09
-5.937421777221527	5.265429067853665e-10
-5.927409261576971	4.642817829143532e-11
-5.9173967459324155	3.497932846577656e-12
-5.90738423028786	2.32631016687965e-13
-5.897371714643304	1.5319739446359616e-13
-5.887359198998748	2.228327772079234e-12
-5.877346683354192	3.005919127593803e-11
-5.867334167709637	3.4602010218060215e-10
-5.857321652065082	3.3986661229675666e-09
-5.847309136420526	2.8489371796024346e-08
-5.83729662077597	2.038601314163624e-07
-5.827284105131414	1.245667792049697e-06
-5.817271589486858	6.502789045101665e-06
-5.807259073842303	2.9022440169914567e-05
-5.797246558197747	0.00011086300409426129
-5.787234042553191	0.0003631047083049002
-5.777221526908636	0.0010226843352312536
-5.767209011264081	0.0024890350885491993
-5.7571964956195245	0.005277323510639552
-5.747183979974968	0.009876598229326097
-5.737171464330412	0.016651140895489438
-5.727158948685857	0.02601520477029754
-5.717146433041302	0.0389249086136053
-5.707133917396746	0.05735620862135072
-5.69712140175219	0.08431585951966421
-5.687108886107635	0.12326501556809502
-5.677096370463079	0.1772580538156307
-5.667083854818523	0.24825791906617656
-5.657071339173967	0.33702607862157064
-5.647058823529411	0.4436411637913809
-5.637046307884856	0.5679425560091764
-5.627033792240301	0.7087492233163138
-5.617021276595745	0.8617781732590061
-5.607008760951189	1.0183427209688989
-5.596996245306633	1.167454768278551
-5.5869837296620775	1.301014335049918
-5.576971214017522	1.4178607233039182
-5.566958698372966	1.522628674187942
-5.55694618272841	1.6202483948181863
-5.546933667083855	1.7108346976398188
-5.536921151439299	1.78842394736196
-5.526908635794744	1.8436413664279379
-5.516896120150188	1.8691588974025324
-5.5068836045056315	1.8661665078765635
-5.496871088861076	1.8475568713430797
-5.486858573216521	1.8329083534206692
-5.476846057571965	1.836398427072218
-5.466833541927409	1.8569828076768733
-5.456821026282853	1.8800453563631
-5.446808510638298	1.8893594207584647
-5.4367959949937426	1.8786289699108991
-5.4267834793491865	1.8535346603758922
-5.41677096370463	1.825144274927103
-5.406758448060075	1.8023369244819738
-5.396745932415519	1.7888965709582498
-5.386733416770964	1.7848718172935705
-5.376720901126408	1.7887817215875
-5.366708385481852	1.7988099478612263
-5.356695869837297	1.8135575176684795
-5.346683354192741	1.832842342942823
-5.336670838548185	1.8574076188222641
-5.326658322903629	1.8866516215694444
-5.316645807259073	1.9161526778630362
-5.306633291614518	1.938311727606243
-5.296620775969963	1.9471437190504441
-5.286608260325407	1.9439411128946205
-5.276595744680851	1.9386313157896478
-5.2665832290362955	1.9446086721119242
-5.256570713391739	1.9703728321848857
-5.246558197747184	2.014166506808029
-5.236545682102628	2.0652121518197344
-5.226533166458072	2.109922492040487
-5.216520650813517	2.1382616062539137
-5.206508135168962	2.145989713434418
-5.196495619524406	2.131992217207861
-5.18648310387985	2.0943412001089983
-5.1764705882352935	2.0303206122013124
-5.166458072590738	1.9411136166713874
-5.156445556946183	1.8349695788600802
-5.146433041301627	1.7227394839534103
-5.136420525657071	1.6088252971523649
-5.126408010012516	1.4877700362310606
-5.11639549436796	1.351289195550646
-5.1063829787234045	1.19830547707881
-5.0963704630788484	1.0372215343528632
-5.086357947434292	0.8792861353996888
-5.076345431789737	0.7315207676063396
-5.066332916145182	0.5959216340622059
-5.056320400500626	0.4731706726085595
-5.04630788485607	0.3652765441084161
-5.036295369211514	0.27488271445506884
-5.026282853566959	0.2031263640745129
-5.016270337922403	0.1485017649940711
-5.006257822277847	0.107468804890845
-4.996245306633291	0.07609589760866188
-4.986232790988735	0.051548363361335094
-4.97622027534418	0.03253491761561342
-4.966207759699625	0.018678991669981722
-4.956195244055069	0.00957536872835768
-4.946182728410513	0.0043253028528236325
-4.9361702127659575	0.0017061267001066938
-4.926157697121402	0.0005840883700015816
-4.916145181476846	0.0001728206847543345
-4.90613266583229	4.406437378104716e-05
-4.896120150187734	9.661337406524948e-06
-4.886107634543179	1.8187169940467658e-06
-4.876095118898624	2.935973609747099e-07
-4.866082603254068	4.0606010148819675e-08
-4.8560700876095115	4.807847236365312e-09
-4.8460575719649555	4.870371148316663e-10
-4.8360450563204	4.2188786696355325e-11
-4.826032540675845	3.1236470904564552e-12
-4.816020025031289	1.976014548628121e-13
-4.806007509386733	1.0676693770531674e-14
-4.795994993742178	4.925783304505035e-16
-4.785982478097623	1.9399671657936524e-17
-4.7759699624530665	6.520722928037503e-19
-4.76595744680851	1.8702184964515766e-20
-4.755944931163954	4.576219474099933e-22
-4.745932415519399	9.551473548916598e-24
-4.735919899874844	1.7002841736890667e-25
-4.725907384230288	2.5811031079072033e-27
-4.715894868585732	3.3409715386862127e-29
-4.705882352941176	3.6870562552286733e-31
-4.6958698372966206	3.468860531419406e-33
-4.685857321652065	2.782009179516833e-35
-4.675844806007509	1.901792269587427e-37
-4.665832290362953	1.1080816503122412e-39
-4.655819774718398	5.502484822226094e-42
-4.645807259073843	2.328633591154872e-44
-4.635794743429287	8.398037137773339e-47
-4.625782227784731	2.5808926003427974e-49
-4.615769712140175	6.758660304800728e-52
-4.605757196495619	1.5081153275413186e-54
-4.595744680851064	2.8673317185680293e-57
-4.585732165206508	4.644920915750826e-60
-4.575719649561952	6.410980742272746e-63
-4.565707133917396	7.538869721922095e-66
-4.555694618272841	7.552912623559047e-69
-4.545682102628286	6.446750504371062e-72
-4.53566958698373	4.687895994624842e-75
-4.5256570713391735	2.904149822873014e-78
-4.515644555694618	1.5327026303262528e-81
-4.505632040050063	6.891108683938339e-85
-4.495619524405507	2.6394145827381966e-88
-4.485607008760951	8.612097145058077e-92
-4.475594493116395	2.3938059073194826e-95
-4.46558197747184	5.668184174567269e-99
-4.4555694618272845	1.1433274365229288e-102
-4.4455569461827285	1.9645628013234597e-106
-4.435544430538172	2.875590749929879e-110
-4.425531914893616	3.585515627133151e-114
-4.415519399249061	3.8083537768494345e-118
-4.405506883604506	3.4457362341891063e-122
-4.39549436795995	2.655730485525757e-126
-4.385481852315394	1.7435785254625832e-130
-4.375469336670839	9.751087250795098e-135
-4.365456821026283	4.645336815604635e-139
-4.355444305381727	1.8850928855978841e-143
-4.345431789737171	6.516262047032666e-148
-4.335419274092615	1.9187285321568636e-152
-4.32540675844806	4.8125670584303544e-157
-4.315394242803505	1.028223366671281e-161
-4.305381727158949	1.8713058896269925e-166
-4.295369211514393	2.9010020553312367e-171
-4.285356695869837	3.83086269091799e-176
-4.275344180225281	4.309132534139251e-181
-4.265331664580726	4.12883289163245e-186
-4.25531914893617	3.3698336923386546e-191
-4.245306633291614	2.3427875218541487e-196
-4.235294117647059	1.3873952749948066e-201
-4.225281602002504	6.99858165061557e-207
-4.215269086357948	3.007198124308254e-212
-4.2052565707133915	1.1006669766163657e-217
-4.1952440550688355	3.431558808097656e-223
-4.18523153942428	9.113145890883461e-229
-4.175219023779725	2.061514254271247e-234
-4.165206508135169	3.9723298025617955e-240
-4.155193992490613	6.519961120329165e-246
-4.145181476846057	9.115600725703144e-252
-4.135168961201502	1.0855904370647239e-257
-4.1251564455569465	1.1012527582634042e-263
-4.11514392991239	9.515862688775151e-270
-4.105131414267834	7.0040520464811345e-276
-4.095118898623279	4.3912735984886614e-282
-4.085106382978723	2.3451545344419403e-288
-4.075093867334168	1.0668225426610896e-294
-4.065081351689612	4.133829599473988e-301
-4.055068836045056	1.3644340609229802e-307
-4.045056320400501	3.8361189246e-314
-4.035043804755945	9.185e-321
-4.025031289111389	0.0
-4.015018773466833	0.0
-4.005006257822277	0.0
-3.994993742177722	0.0
-3.9849812265331668	0.0
-3.9749687108886107	0.0
-3.9649561952440546	0.0
-3.9549436795994994	0.0
-3.9449311639549434	0.0
-3.934918648310388	0.0
-3.924906132665832	0.0
-3.914893617021277	0.0
-3.904881101376721	0.0
-3.8948685857321648	0.0
-3.8848560700876096	0.0
-3.8748435544430535	0.0
-3.8648310387984983	0.0
-3.8548185231539422	0.0
-3.844806007509387	0.0
-3.834793491864831	0.0
-3.824780976220275	0.0
-3.8147684605757197	0.0
-3.8047559449311636	0.0
-3.7947434292866085	0.0
-3.7847309136420524	4e-323
-3.774718397997497	1.68613365e-316
-3.764705882352941	6.3507986872098e-310
-3.754693366708385	2.037527775800986e-303
-3.74468085106383	5.568235157585049e-297
-3.734668335419274	1.2961952847090028e-290
-3.7246558197747186	2.570171746966355e-284
-3.7146433041301625	4.341029049125891e-278
-3.7046307884856065	6.245426155123574e-272
-3.6946182728410513	7.653680030946856e-266
-3.684605757196495	7.989458873574415e-260
-3.67459324155194	7.10400515138494e-254
-3.664580725907384	5.380566566465235e-248
-3.6545682102628287	3.4712955258868166e-242
-3.6445556946182727	1.9076294007059747e-236
-3.6345431789737166	8.929667021079389e-231
-3.6245306633291614	3.560535835273513e-225
-3.6145181476846053	1.2093006778705214e-219
-3.60450563204005	3.4985821044151727e-214
-3.594493116395494	8.621616147179541e-209
-3.584480600750939	1.809773126071696e-203
-3.574468085106383	3.235924837629773e-198
-3.5644555694618267	4.928463617417887e-193
-3.5544430538172715	6.393865894625003e-188
-3.5444305381727155	7.065685947136743e-183
-3.5344180225281603	6.650954489233409e-178
-3.524405506883604	5.332765182430661e-173
-3.514392991239049	3.64216640701406e-168
-3.504380475594493	2.1188779758097064e-163
-3.494367959949937	1.0500039868351404e-158
-3.4843554443053817	4.432153450496678e-154
-3.4743429286608256	1.593593197037995e-149
-3.4643304130162704	4.880664835716722e-145
-3.4543178973717144	1.2732665840440914e-140
-3.444305381727159	2.829427282968468e-136
-3.434292866082603	5.355704060160097e-132
-3.424280350438047	8.635220750611625e-128
-3.414267834793492	1.1859575829674488e-123
-3.4042553191489358	1.3874064433430788e-119
-3.3942428035043806	1.3825380627785606e-115
-3.3842302878598245	1.1735168375712905e-111
-3.3742177722152693	8.484776218844061e-108
-3.3642052565707132	5.2255294381313673e-104
-3.354192740926157	2.741315638862857e-100
-3.344180225281602	1.2249733134502324e-96
-3.334167709637046	4.662652508644527e-93
-3.3241551939924907	1.511744202301654e-89
-3.3141426783479346	4.1750570289804875e-86
-3.3041301627033794	9.821670298479092e-83
-3.2941176470588234	1.9680998551602897e-79
-3.2841051314142673	3.359291927587716e-76
-3.274092615769712	4.884129856192007e-73
-3.264080100125156	6.04874807552373e-70
-3.254067584480601	6.380910169641794e-67
-3.2440550688360448	5.7337480237320375e-64
-3.2340425531914896	4.388674946426074e-61
-3.2240300375469335	2.8613241913511013e-58
-3.2140175219023774	1.5890572992658446e-55
-3.2040050062578223	7.517109707325691e-53
-3.193992490613266	3.0290124631678913e-50
-3.183979974968711	1.0396569805705891e-47
-3.173967459324155	3.0396104652229426e-45
-3.1639549436795997	7.569803996937579e-43
-3.1539424280350437	1.6057953224849916e-40
-3.1439299123904876	2.901580337394275e-38
-3.1339173967459324	4.465991355131905e-36
-3.1239048811013763	5.85517716207186e-34
-3.113892365456821	6.538846033175366e-32
-3.103879849812265	6.2201539167824984e-30
-3.09386733416771	5.040111712326501e-28
-3.083854818523154	3.478710615964317e-26
-3.0738423028785977	2.0451996246986675e-24
-3.0638297872340425	1.0242184805020796e-22
-3.0538172715894865	4.369073877637701e-21
-3.0438047559449313	1.5875471569895683e-19
-3.033792240300375	4.913661879541749e-18
-3.02377972465582	1.2954681323198557e-16
-3.013767209011264	2.9093320716565715e-15
-3.003754693366708	5.5655551984902874e-14
-2.9937421777221527	9.069386000842775e-13
-2.9837296620775966	1.2589548832582176e-11
-2.9737171464330414	1.4887403331197033e-10
-2.9637046307884853	1.4997731348255233e-09
-2.95369211514393	1.2872514104041199e-08
-2.943679599499374	9.414224457101742e-08
-2.933667083854818	5.867736439714961e-07
-2.923654568210263	3.117803050709755e-06
-2.9136420525657067	1.41291712671156e-05
-2.9036295369211516	5.4648927978881755e-05
-2.8936170212765955	0.00018059994430193866
-2.8836045056320403	0.0005108012765218298
-2.873591989987484	0.0012396300429325536
-2.863579474342928	0.0025912556442994603
-2.853566958698373	0.004692685408128684
-2.843554443053817	0.007427467509777745
-2.8335419274092617	0.01041723912678183
-2.8235294117647056	0.0132461290591583
-2.8135168961201504	0.01587932314320125
-2.8035043804755944	0.019062990646748858
-2.7934918648310383	0.024425593338788663
-2.783479349186483	0.03404128703775875
-2.773466833541927	0.04945638000101421
-2.763454317897372	0.07066242917614832
-2.7534418022528158	0.09583920270777649
-2.7434292866082606	0.12233885527808852
-2.7334167709637045	0.14844598603156625
-2.7234042553191484	0.1747429815675766
-2.7133917396745932	0.2040738690872034
-2.703379224030037	0.24004994356583015
-2.693366708385482	0.2851688026401405
-2.683354192740926	0.34004911986295494
-2.6733416770963707	0.4043664763704265
-2.6633291614518146	0.47840353249431666
-2.6533166458072586	0.5635145893564858
-2.6433041301627034	0.661138556842991
-2.6332916145181473	0.7716996474461559
-2.623279098873592	0.8947258820287852
-2.613266583229036	1.0300052493655032
-2.603254067584481	1.178500910422282
-2.593241551939925	1.3420188169027076
-2.5832290362953687	1.5216022254562689
-2.5732165206508135	1.715435595724032
-2.5632040050062574	1.9174741094551604
-2.5531914893617023	2.1180379151998996
-2.543178973717146	2.3067464758689575
-2.533166458072591	2.4763713126826357
-2.523153942428035	2.624991258386564
-2.513141426783479	2.755038020908905
-2.5031289111389237	2.8707284708662946
-2.4931163954943676	2.976801390788121
-2.4831038798498124	3.0793294910063302
-2.4730913642052563	3.185932068410243
-2.463078848560701	3.302660425942681
-2.453066332916145	3.429108251890948
-2.443053817271589	3.556897829402489
-2.433041301627034	3.674536775885794
-2.4230287859824777	3.7750401010972934
-2.4130162703379225	3.8585538071796344
-2.4030037546933665	3.926237549699743
-2.3929912390488113	3.9714763340926305
-2.382978723404255	3.9794669287254076
-2.372966207759699	3.9385314336050112
-2.362953692115144	3.852898467629453
-2.352941176470588	3.743167259380067
-2.3429286608260327	3.632829672388145
-2.3329161451814766	3.5338156215098433
-2.3229036295369214	3.444464803000487
-2.3128911138923653	3.35958066447927
-2.3028785982478093	3.2800975344682493
-2.292866082603254	3.212082516853431
-2.282853566958698	3.157463313578396
-2.272841051314143	3.1078261065051915
-2.2628285356695867	3.049120209499596
-2.2528160200250316	2.9734971975960813
-2.2428035043804755	2.886637831826833
-2.2327909887359194	2.802816275633818
-2.2227784730913642	2.7321966747971658
-2.212765957446808	2.672895562327725
-2.202753441802253	2.6150948573033657
-2.192740926157697	2.5515997788738316
-2.1827284105131417	2.483526198173987
-2.1727158948685856	2.41694475988043
-2.1627033792240296	2.3561924914958228
-2.1526908635794744	2.3009145092225545
-2.1426783479349183	2.2479789896929985
-2.132665832290363	2.1946988094710007
-2.122653316645807	2.140252223685471
-2.112640801001252	2.0853368872447406
-2.1026282853566958	2.0317596006424585
-2.0926157697121397	1.982306517537873
-2.0826032540675845	1.9396216147608092
-2.0725907384230284	1.9042375037567703
-2.0625782227784732	1.8743246579869763
-2.052565707133917	1.848400737360749
-2.042553191489362	1.8280824990174862
-2.032540675844806	1.8170152439621572
-2.02252816020025	1.8162824066956977
-2.0125156445556946	1.820832251487922
-2.0025031289111386	1.8208898851866786
-1.9924906132665834	1.807863309257461
-1.9824780976220273	1.7803980768562608
-1.9724655819774712	1.7459730185512754
-1.962453066332916	1.7164206367079113
-1.95244055068836	1.6999925402882508
-1.9424280350438048	1.6955449930795783
-1.9324155193992487	1.6933612263361588
-1.9224030037546935	1.681865080658115
-1.9123904881101375	1.6545346181218545
-1.9023779724655814	1.6116639092665743
-1.8923654568210262	1.5566134971356322
-1.8823529411764701	1.4906740078109093
-1.872340425531915	1.4109965758589254
-1.8623279098873589	1.3128717972490467
-1.8523153942428037	1.19404442684342
-1.8423028785982476	1.0574695232903981
-1.8322903629536915	0.9106311111495706
-1.8222778473091363	0.7625113797697635
-1.8122653316645803	0.6208029597389931
-1.802252816020025	0.4909114451910285
-1.792240300375469	0.3762788875563782
-1.7822277847309138	0.27880992275003835
-1.7722152690863577	0.19897891849868335
-1.7622027534418017	0.13600091916783305
-1.7521902377972465	0.08827938237699738
-1.7421777221526904	0.05383985574219124
-1.7321652065081352	0.030491820473540286
-1.7221526908635791	0.015852528911577728
-1.712140175219024	0.007485154591612047
-1.7021276595744679	0.0031794086865999382
-1.6921151439299118	0.0012095620114738093
-1.6821026282853566	0.0004337345811824972
-1.6720901126408005	0.000237592679281203
-1.6620775969962454	0.0004156040995102526
-1.6520650813516893	0.0010674575205765185
-1.642052565707134	0.0025006355715418006
-1.632040050062578	0.005062536091815388
-1.622027534418022	0.008889360319170973
-1.6120150187734668	0.013771204241130713
-1.6020025031289107	0.019466458589765312
-1.5919899874843555	0.026528479100837526
-1.5819774718397994	0.037125327816567605
-1.5719649561952442	0.05510989839948128
-1.5619524405506882	0.08518564192204094
-1.551939924906132	0.13183625219428577
-1.541927409261577	0.1987429335223566
-1.5319148936170208	0.2886547553538171
-1.5219023779724656	0.4031158696715738
-1.5118898623279096	0.5417283054502788
-1.5018773466833544	0.7011890927385305
-1.4918648310387983	0.8745081496857544
-1.4818523153942422	1.05091797171637
-1.471839799749687	1.2172868818625309
-1.461827284105131	1.3612543104040136
-1.4518147684605758	1.4744528352147344
-1.4418022528160197	1.553534249019744
-1.4317897371714645	1.5989951623110206
-1.4217772215269084	1.6140336819954266
-1.4117647058823524	1.6045389274820376
-1.4017521902377972	1.5789077045235542
-1.391739674593241	1.546467330276826
-1.381727158948686	1.5150791227910505
-1.3717146433041298	1.4891115478325385
-1.3617021276595747	1.4684937283221173
-1.3516896120150186	1.4494955528415447
-1.3416770963704625	1.4276165126776936
-1.3316645807259073	1.4012466413935583
-1.3216520650813512	1.3730302573998372
-1.311639549436796	1.3472025608994829
-1.30162703379224	1.325405725143028
-1.2916145181476848	1.3056652594869746
-1.2816020025031287	1.2857141435350308
-1.2715894868585726	1.2665350526086196
-1.2615769712140175	1.2517425908020776
-1.2515644555694614	1.2435102294667613
-1.2415519399249062	1.2396188437031512
-1.2315394242803501	1.2347607777466345
-1.221526908635795	1.2250382213538817
-1.2115143929912389	1.2118476322991079
-1.2015018773466828	1.2015717079978063
-1.1914893617021276	1.2004787895124365
-1.1814768460575715	1.2085353303163957
-1.1714643304130163	1.217917322756442
-1.1614518147684603	1.2187356513840555
-1.151439299123905	1.2078381241840919
-1.141426783479349	1.192889594365902
-1.131414267834793	1.1873559789841241
-1.1214017521902377	1.1997441831944378
-1.1113892365456817	1.2256430782955452
-1.1013767209011265	1.2493767721254085
-1.0913642052565704	1.2547523100704565
-1.0813516896120152	1.236942879192124
-1.0713391739674591	1.2060012544197005
-1.061326658322903	1.17907250946094
-1.0513141426783479	1.1681189226664952
-1.0413016270337918	1.1736518313336672
-1.0312891113892366	1.188663661230871
-1.0212765957446805	1.207253466980427
-1.0112640801001254	1.2292922069893057
-1.0012515644555693	1.2581166769746432
-0.9912390488110132	1.295455552838492
-0.981226533166458	1.3389071897925708
-0.971214017521902	1.3828862700555031
-0.9612015018773468	1.42063016531445
-0.9511889862327907	1.4457200108907615
-0.9411764705882355	1.4534157860125618
-0.9311639549436794	1.4419789036558843
-0.9211514392991234	1.4133793486068762
-0.9111389236545682	1.373147189116549
-0.9011264080100121	1.3297262682353126
-0.8911138923654569	1.2932697951827163
-0.8811013767209008	1.2732210972665179
-0.8710888610763456	1.27471282257753
-0.8610763454317896	1.2954684146487907
-0.8510638297872335	1.3255029242810648
-0.8410513141426783	1.3502757890649753
-0.8310387984981222	1.3554980943515142
-0.821026282853567	1.3311332093734891
-0.811013767209011	1.2735201075959994
-0.8010012515644558	1.1857855653830771
-0.7909887359198997	1.0766362836822987
-0.7809762202753436	0.9574686733951187
-0.7709637046307884	0.8385494599269688
-0.7609511889862324	0.7259715924706965
-0.7509386733416772	0.6209493340037001
-0.7409261576971211	0.5217963361766073
-0.7309136420525659	0.42744860364970516
-0.7209011264080099	0.34032549598184314
-0.7108886107634538	0.26639626256840654
-0.7008760951188986	0.21216686440811755
-0.6908635794743425	0.18088180361415165
-0.6808510638297873	0.17095336618416762
-0.6708385481852313	0.17756024845440935
-0.6608260325406761	0.19577156731567175
-0.65081351689612	0.2229174797928867
-0.6408010012515639	0.2590639023093105
-0.6307884856070087	0.3057521802157313
-0.6207759699624527	0.363955556003823
-0.6107634543178975	0.43263969719592166
-0.6007509386733414	0.509173038195118
-0.5907384230287862	0.5917017398183965
-0.5807259073842301	0.6819232741709583
-0.5707133917396741	0.7858517879724877
-0.5607008760951189	0.9113571613839015
-0.5506883604505628	1.0639619489093382
-0.5406758448060076	1.244172445516857
-0.5306633291614515	1.4484378025818043
-0.5206508135168963	1.672545183032073
-0.5106382978723403	1.9140876465937173
-0.5006257822277842	2.1718495602888566
-0.490613266583229	2.4432830374343673
-0.48060075093867294	2.722833490983476
-0.47058823529411775	3.0019234139089783
-0.4605757196495617	3.2692349300079853
-0.4505632040050065	3.5111422815665576
-0.4405506883604504	3.714274281922164
-0.43053817271589434	3.8705093213665767
-0.42052565707133915	3.980787927895539
-0.4105131414267831	4.054055916750193
-0.4005006257822279	4.102390157428131
-0.3904881101376718	4.1368927999373675
-0.38047559449311663	4.166701632310503
-0.37046307884856056	4.198571109280283
-0.3604505632040045	4.233704634458241
-0.3504380475594493	4.263452941089237
-0.3404255319148932	4.269963673332883
-0.33041301627033803	4.235237033562227
-0.32040050062578196	4.153767242185065
-0.3103879849812259	4.03873243789493
-0.3003754693366707	3.915803245550682
-0.2903629536921146	3.808625484497524
-0.28035043804755944	3.7263891178215207
-0.27033792240300336	3.661311420174654
-0.2603254067584482	3.596062688122868
-0.2503128911138921	3.515355492288872
-0.24030037546933602	3.4148910709769438
-0.23028785982478084	3.302810632727492
-0.22027534418022476	3.19270889249551
-0.21026282853566958	3.0930697761846178
-0.2002503128911135	3.0017304274359233
-0.19023779724655832	2.910122707237877
-0.18022528160200224	2.81279625723203
-0.17021276595744617	2.7129967604257237
-0.16020025031289098	2.6198453840075775
-0.1501877346683349	2.5407248993031293
-0.14017521902377972	2.4755448880112976
-0.13016270337922364	2.4167586747617698
-0.12015018773466846	2.354469928696645
-0.11013767209011238	2.282779226611682
-0.10012515644555631	2.2031267042915728
-0.09011264080100112	2.12310918082881
-0.08010012515644505	2.052674127229566
-0.07008760951188986	2.0003059573350894
-0.060075093867333784	1.9701599041433406
-0.0500625782227786	1.9604822834430444
-0.04005006257822252	1.9645831596673953
-0.030037546933666448	1.974731951977729
-0.02002503128911126	1.9860053415727157
-0.010012515644555187	1.9962577145651008
0.0	2.002877410334771
