-8.0	1.973552192665674
-7.989987484355444	1.9642783354733924
-7.979974968710889	1.967900819718141
-7.969962453066333	1.9810842308686305
-7.9599499374217775	1.995285453341037
-7.949937421777221	2.0022751660500533
-7.939924906132666	1.9987580700072602
-7.92991239048811	1.9865427726454217
-7.919899874843554	1.9688760397244667
-7.909887359198999	1.9470130307077027
-7.899874843554443	1.9203093498699477
-7.889862327909888	1.888921236454604
-7.8798498122653315	1.8552863017569121
-7.869837296620776	1.8222974962258036
-7.85982478097622	1.7903240638101336
-7.849812265331664	1.7568707263555223
-7.839799749687109	1.7198735970595604
-7.829787234042553	1.6817242371335483
-7.819774718397998	1.650358178815526
-7.809762202753442	1.6366037038310637
-7.7997496871088865	1.6500487074239432
-7.78973717146433	1.6960141510118933
-7.779724655819774	1.7745144482251265
-7.769712140175219	1.880665288774766
-7.759699624530663	2.005613450698415
-7.749687108886108	2.1373473936346477
-7.739674593241552	2.26169972862345
-7.729662077596997	2.3647793531780934
-7.719649561952441	2.4372859532268114
-7.7096370463078845	2.4786712561674005
-7.699624530663329	2.497661510275862
-7.689612015018773	2.5075485920377525
-7.679599499374218	2.5188107307007335
-7.669586983729662	2.534287550594451
-7.659574468085107	2.5501728884777624
-7.649561952440551	2.5607929370867124
-7.639549436795995	2.562297431964557
-7.629536921151439	2.5533328197822813
-7.619524405506883	2.5348111426462636
-7.609511889862328	2.5101193996261815
-7.599499374217772	2.4841053982520043
-7.589486858573217	2.4603419337130013
-7.579474342928661	2.439991885575062
-7.569461827284105	2.4247671401002457
-7.55944931163955	2.420684136431939
-7.5494367959949935	2.4367931431548135
-7.539424280350438	2.47829377778919
-7.529411764705882	2.540407814901501
-7.519399249061326	2.6095816580421065
-7.509386733416771	2.671782204060749
-7.499374217772215	2.7212407378583787
-7.48936170212766	2.7629956869178285
-7.479349186483104	2.8080806884420695
-7.4693366708385485	2.8658677012911333
-7.459324155193992	2.9393630305379257
-7.449311639549437	3.025579160190085
-7.439299123904881	3.118253812972931
-7.429286608260325	3.2092641319449617
-7.41927409261577	3.2888267477056408
-7.409261576971214	3.347636071317691
-7.399249061326659	3.3817570411790365
-7.3892365456821025	3.396357170858469
-7.3792240300375465	3.4042091896916733
-7.369211514392991	3.420060782254152
-7.359198998748435	3.4556835682819678
-7.34918648310388	3.518129517324785
-7.339173967459324	3.6090633188292176
-7.329161451814769	3.722373153996719
-7.319148936170213	3.841775606301049
-7.3091364205256575	3.944112747206502
-7.299123904881101	4.010510929652748
-7.289111389236545	4.037982175690234
-7.27909887359199	4.040160533543517
-7.269086357947434	4.03525629238637
-7.259073842302879	4.032324461832015
-7.249061326658323	4.027855563255555
-7.239048811013767	4.013089114489947
-7.2290362953692116	3.9828814341937497
-7.2190237797246555	3.9388412370858075
-7.2090112640801	3.8872041383807945
-7.198998748435544	3.8357004113981645
-7.188986232790989	3.7916537969817843
-7.178973717146433	3.760769667929151
-7.168961201501878	3.74603408875777
-7.158948685857322	3.747354455469918
-7.148936170212766	3.7622602019977456
-7.13892365456821	3.7866853871774118
-7.128911138923654	3.8153342826580934
-7.118898623279099	3.8430423879111375
-7.108886107634543	3.8680255842862894
-7.098873591989987	3.894450962324122
-7.088861076345432	3.9306942934389313
-7.078848560700876	3.984011283971387
-7.068836045056321	4.057023142320011
-7.0588235294117645	4.149949368395686
-7.048811013767209	4.266209904083347
-7.038798498122653	4.41509028482694
-7.028785982478098	4.607877412710825
-7.018773466833542	4.850152875454736
-7.008760951188986	5.136345637407205
-6.998748435544431	5.450431448824655
-6.988735919899875	5.771891873122778
-6.9787234042553195	6.083035483318084
-6.968710888610763	6.373748153105785
-6.958698372966207	6.6418757247658275
-6.948685857321652	6.890675643922056
-6.938673341677096	7.126508948943951
-6.928660826032541	7.357811244527215
-6.918648310387985	7.593196268753393
-6.908635794743429	7.837538121749472
-6.8986232790988735	8.088671179277444
-6.888610763454318	8.337459314222771
-6.878598247809762	8.570175962909278
-6.868585732165206	8.770864288304876
-6.858573216520651	8.924072979912435
-6.848560700876095	9.01944608330571
-6.83854818523154	9.056851306911334
-6.828535669586984	9.048269113861974
-6.818523153942428	9.013320133102338
-6.808510638297872	8.968223717192654
-6.798498122653316	8.912987826992795
-6.788485607008761	8.826612519848394
-6.778473091364205	8.67737327612782
-6.768460575719649	8.44238092513176
-6.758448060075094	8.120538382093564
-6.748435544430539	7.7292836903326245
-6.7384230287859825	7.291312895686294
-6.7284105131414265	6.824262252485834
-6.718397997496871	6.339357772850099
-6.708385481852315	5.8459153253928555
-6.69837296620776	5.3559895912082816
-6.688360450563204	4.885410590724032
-6.678347934918648	4.450526291429182
-6.668335419274093	4.063594340361451
-6.658322903629537	3.731086547436626
-6.648310387984981	3.455269078040419
-6.638297872340425	3.234960669902101
-6.628285356695869	3.063507139538643
-6.618272841051314	2.927873671731773
-6.608260325406759	2.8127696770461372
-6.598247809762203	2.707144951047341
-6.588235294117647	2.6067589649570744
-6.578222778473092	2.5107934003436747
-6.5682102628285355	2.4166355874388574
-6.55819774718398	2.3181275191458584
-6.548185231539424	2.2090303471405415
-6.538172715894868	2.0888466718367544
-6.528160200250313	1.9653893069030268
-6.518147684605757	1.8503958905456737
-6.508135168961202	1.7510787239936392
-6.498122653316646	1.6653900574977576
-6.4881101376720896	1.5854756623192021
-6.478097622027534	1.5055849962611392
-6.468085106382979	1.4273106959442736
-6.458072590738423	1.359123106258392
-6.448060075093867	1.3118592831380724
-6.438047559449312	1.292362649330786
-6.428035043804756	1.2971942463710342
-6.418022528160201	1.310246321376487
-6.4080100125156445	1.3082261442466285
-6.397997496871088	1.2725491339435564
-6.387984981226533	1.1999683570518238
-6.377972465581977	1.1050474860235842
-6.367959949937422	1.0143847437875062
-6.357947434292866	0.9568338996837432
-6.34793491864831	0.9526655907263065
-6.337922403003755	1.0034492863019937
-6.3279098873591995	1.0871832946357336
-6.317897371714643	1.1646671278233405
-6.307884856070087	1.1973619798131852
-6.297872340425532	1.1674833855367797
-6.287859824780976	1.0875712298897542
-6.277847309136421	0.9935484494234132
-6.267834793491865	0.926213543763544
-6.257822277847309	0.9121227084901443
-6.2478097622027535	0.953068161944756
-6.2377972465581975	1.0275174189837835
-6.227784730913642	1.1016580116758712
-6.217772215269086	1.1441104999238019
-6.20775969962453	1.1378912129670955
-6.197747183979975	1.085596314594878
-6.18773466833542	1.0070920952636055
-6.177722152690864	0.9314825802809641
-6.167709637046308	0.8865701476216407
-6.157697121401752	0.8894309402987163
-6.147684605757196	0.9408087977443956
-6.137672090112641	1.0245007799894352
-6.127659574468085	1.1120224055810954
-6.117647058823529	1.172229222603178
-6.107634543178974	1.1836189788431482
-6.097622027534418	1.144147757811964
-6.0876095118898625	1.0728008272458902
-6.0775969962453065	1.0010628212633743
-6.06758448060075	0.9585587698761316
-6.057571964956195	0.9606062711008035
-6.04755944931164	1.0036005816519074
-6.037546933667084	1.0689945912067185
-6.027534418022528	1.1323845276027418
-6.017521902377973	1.1732374562114103
-6.007509386733417	1.1820182104470185
-5.997496871088861	1.1628650360808266
-5.987484355444305	1.13116795914026
-5.977471839799749	1.1069424261609457
-5.967459324155194	1.106442255088542
-5.957446808510639	1.1353298213621703
-5.947434292866083	1.1865853105638342
-5.937421777221527	1.2446123918296879
-5.927409261576971	1.2934760683698687
-5.9173967459324155	1.324013051761837
-5.90738423028786	1.335140631640889
-5.897371714643304	1.3294837303974065
-5.887359198998748	1.3081212576830845
-5.877346683354192	1.269102751792784
-5.867334167709637	1.2098429025989679
-5.857321652065082	1.1297859489781643
-5.847309136420526	1.0306102492996223
-5.83729662077597	0.914825566101658
-5.827284105131414	0.7853797090424195
-5.817271589486858	0.6471806555925106
-5.807259073842303	0.508596461381985
-5.797246558197747	0.3803400268596733
-5.787234042553191	0.27163447839001525
-5.777221526908636	0.18659487596113092
-5.767209011264081	0.12379049237092342
-5.7571964956195245	0.07885288080372602
-5.747183979974968	0.047425538923126793
-5.737171464330412	0.026342750705387153
-5.727158948685857	0.013234294067850585
-5.717146433041302	0.005916874956113506
-5.707133917396746	0.002328141891548682
-5.69712140175219	0.0008027973097749132
-5.687108886107635	0.0002533580915490122
-5.677096370463079	0.0001189693480748012
-5.667083854818523	0.00020612384464085835
-5.657071339173967	0.0005640981928272118
-5.647058823529411	0.0014458359627289915
-5.637046307884856	0.0033554792057126103
-5.627033792240301	0.00722786282462171
-5.617021276595745	0.014846728790558886
-5.607008760951189	0.029477920708645064
-5.596996245306633	0.05624450312401265
-5.5869837296620775	0.10138363095385806
-5.576971214017522	0.17000412935734732
-5.566958698372966	0.26342530891490273
-5.55694618272841	0.3781818526299875
-5.546933667083855	0.5076663575291295
-5.536921151439299	0.6448273359881465
-5.526908635794744	0.7832947642097459
-5.516896120150188	0.916376671052021
-5.5068836045056315	1.0362897462865959
-5.496871088861076	1.1360422194821744
-5.486858573216521	1.213073492935025
-5.476846057571965	1.2708123502056703
-5.466833541927409	1.3156477332182719
-5.456821026282853	1.3516234289165663
-5.446808510638298	1.3780458519162693
-5.4367959949937426	1.3921947907522445
-5.4267834793491865	1.3936494061986267
-5.41677096370463	1.38547020921824
-5.406758448060075	1.3720125055368575
-5.396745932415519	1.3569546434446724
-5.386733416770964	1.343241704870213
-5.376720901126408	1.3328485086839084
-5.366708385481852	1.3248311684051413
-5.356695869837297	1.3141037248901193
-5.346683354192741	1.2942380837161005
-5.336670838548185	1.2632702313536543
-5.326658322903629	1.2274236090812005
-5.316645807259073	1.198964225686646
-5.306633291614518	1.189352593417472
-5.296620775969963	1.2022201950100677
-5.286608260325407	1.2304059711370319
-5.276595744680851	1.2589005028285964
-5.2665832290362955	1.2725176044610778
-5.256570713391739	1.2641875303204342
-5.246558197747184	1.2387571480099844
-5.236545682102628	1.2097700299413887
-5.226533166458072	1.191488513450706
-5.216520650813517	1.191500829368263
-5.206508135168962	1.2081199119651098
-5.196495619524406	1.2329382214203604
-5.18648310387985	1.256104603657186
-5.1764705882352935	1.271620193787598
-5.166458072590738	1.280324364940645
-5.156445556946183	1.2884567569871623
-5.146433041301627	1.301980585984681
-5.136420525657071	1.3210683327495005
-5.126408010012516	1.3400837716881693
-5.11639549436796	1.3533253030479127
-5.1063829787234045	1.360991083605842
-5.0963704630788484	1.3697360559538927
-5.086357947434292	1.387293172946213
-5.076345431789737	1.4156857182552962
-5.066332916145182	1.4488221282186893
-5.056320400500626	1.4769637764247114
-5.04630788485607	1.494626188062374
-5.036295369211514	1.5049728737563597
-5.026282853566959	1.5169473265928395
-5.016270337922403	1.5383566058297062
-5.006257822277847	1.571075563171359
-4.996245306633291	1.6111066070796631
-4.986232790988735	1.6519483476664474
-4.97622027534418	1.6888174641489349
-4.966207759699625	1.7216435390373035
-4.956195244055069	1.7544568751357286
-4.946182728410513	1.7902179239488576
-4.9361702127659575	1.824303530576485
-4.926157697121402	1.8424062332851088
-4.916145181476846	1.8257149153533208
-4.90613266583229	1.7604967435346235
-4.896120150187734	1.6460395735063227
-4.886107634543179	1.4962941615824437
-4.876095118898624	1.33440264808609
-4.866082603254068	1.1829202039872655
-4.8560700876095115	1.0545012570147825
-4.8460575719649555	0.9477095088844936
-4.8360450563204	0.8503266881726379
-4.826032540675845	0.7484086559817497
-4.816020025031289	0.6354101148924424
-4.806007509386733	0.5155256260219843
-4.795994993742178	0.3999888541566067
-4.785982478097623	0.3002269776811357
-4.7759699624530665	0.2226725089910625
-4.76595744680851	0.16721795913454604
-4.755944931163954	0.1287274275975695
-4.745932415519399	0.10024450895824788
-4.735919899874844	0.07630349864269759
-4.725907384230288	0.054675473613598834
-4.715894868585732	0.03583905004729295
-4.705882352941176	0.02110705097947719
-4.6958698372966206	0.011053617992265933
-4.685857321652065	0.005115937117912234
-4.675844806007509	0.00208380985102291
-4.665832290362953	0.0007442979016578999
-4.655819774718398	0.00023231326011141914
-4.645807259073843	6.31412665349491e-05
-4.635794743429287	1.4892574774789957e-05
-4.625782227784731	3.0383907640426574e-06
-4.615769712140175	5.346642546542747e-07
-4.605757196495619	8.094722161442301e-08
-4.595744680851064	1.0522118538275982e-08
-4.585732165206508	1.1723253905422506e-09
-4.575719649561952	1.1180116134807894e-10
-4.565707133917396	9.116544325426678e-12
-4.555694618272841	6.350872900045899e-13
-4.545682102628286	3.777201005813114e-14
-4.53566958698373	1.916983504213582e-15
-4.5256570713391735	8.298628063111242e-17
-4.515644555694618	3.0633789688019e-18
-4.505632040050063	9.640477744541999e-20
-4.495619524405507	2.585948669278242e-21
-4.485607008760951	5.911569175544823e-23
-4.475594493116395	1.1515930204999414e-24
-4.46558197747184	1.9114861595918737e-26
-4.4555694618272845	2.703273231409726e-28
-4.4455569461827285	3.2571108631516234e-30
-4.435544430538172	3.343344020120553e-32
-4.425531914893616	2.9236238258766854e-34
-4.415519399249061	2.1779243648454725e-36
-4.405506883604506	1.382089881097935e-38
-4.39549436795995	7.471281926431596e-41
-4.385481852315394	3.4404392412024286e-43
-4.375469336670839	1.349547906225579e-45
-4.365456821026283	4.50936060741104e-48
-4.355444305381727	1.2834861217179843e-50
-4.345431789737171	3.1118223173959584e-53
-4.335419274092615	6.426641885681334e-56
-4.32540675844806	1.1305707406703315e-58
-4.315394242803505	1.6941607961348617e-61
-4.305381727158949	2.1624889097398035e-64
-4.295369211514393	2.3512284580913995e-67
-4.285356695869837	2.1775939069211952e-70
-4.275344180225281	1.7179069296207877e-73
-4.265331664580726	1.1544169315098909e-76
-4.25531914893617	6.607935173999697e-80
-4.245306633291614	3.2218747863402714e-83
-4.235294117647059	1.338107962681945e-86
-4.225281602002504	4.733834983874245e-90
-4.215269086357948	1.426508674858723e-93
-4.2052565707133915	3.661634273927997e-97
-4.1952440550688355	8.005983288087173e-101
-4.18523153942428	1.491054431775348e-104
-4.175219023779725	2.3654369129127082e-108
-4.165206508135169	3.1964524892710557e-112
-4.155193992490613	3.679290816465505e-116
-4.145181476846057	3.607438462115091e-120
-4.135168961201502	3.0128164695940976e-124
-4.1251564455569465	2.143311701994015e-128
-4.11514392991239	1.2987838878326837e-132
-4.105131414267834	6.703897058973357e-137
-4.095118898623279	2.947519314718936e-141
-4.085106382978723	1.1038875952633931e-145
-4.075093867334168	3.5215342049783594e-150
-4.065081351689612	9.569248413588833e-155
-4.055068836045056	2.2149432441404997e-159
-4.045056320400501	4.3670305323483266e-164
-4.035043804755945	7.33413169829538e-169
-4.025031289111389	1.0491800599180929e-173
-4.015018773466833	1.2784689886257842e-178
-4.005006257822277	1.3269947742615436e-183
-3.994993742177722	1.1732405663394657e-188
-3.9849812265331668	8.835757171100709e-194
-3.9749687108886107	5.668123637143194e-199
-3.9649561952440546	3.0972317254820273e-204
-3.9549436795994994	1.44160713935123e-209
-3.9449311639549434	5.715562658429437e-215
-3.934918648310388	1.9302337108279508e-220
-3.924906132665832	5.5526415945904966e-226
-3.914893617021277	1.360592985619061e-231
-3.904881101376721	2.83985164464441e-237
-3.8948685857321648	5.048959853943188e-243
-3.8848560700876096	7.646224082124969e-249
-3.8748435544430535	9.863498084274984e-255
-3.8648310387984983	1.083811480029907e-260
-3.8548185231539422	1.014414312889109e-266
-3.844806007509387	1.6806307756867432e-272
-3.834793491864831	1.0926585863119244e-266
-3.824780976220275	1.16641239655031e-260
-3.8147684605757197	1.0606170623390079e-254
-3.8047559449311636	8.21493121156367e-249
-3.7947434292866085	5.419860293889969e-243
-3.7847309136420524	3.0458680961740016e-237
-3.774718397997497	1.4580517249363413e-231
-3.764705882352941	5.945297745806935e-226
-3.754693366708385	2.0649670542173188e-220
-3.74468085106383	6.10930045457762e-215
-3.734668335419274	1.5396027600909147e-209
-3.7246558197747186	3.3049486614916305e-204
-3.7146433041301625	6.043097403339536e-199
-3.7046307884856065	9.412246909020379e-194
-3.6946182728410513	1.2487223048664444e-188
-3.684605757196495	1.4111632837937656e-183
-3.67459324155194	1.3583994879257642e-178
-3.664580725907384	1.1138240540692044e-173
-3.6545682102628287	7.7793716452148e-169
-3.6445556946182727	4.628191189057624e-164
-3.6345431789737166	2.3453999356865006e-159
-3.6245306633291614	1.0124215352821123e-154
-3.6145181476846053	3.72258557573194e-150
-3.60450563204005	1.165914917183412e-145
-3.594493116395494	3.110483371686152e-141
-3.584480600750939	7.068508261836651e-137
-3.574468085106383	1.3682533565776937e-132
-3.5644555694618267	2.2560262452222365e-128
-3.5544430538172715	3.1685506573077757e-124
-3.5444305381727155	3.790670665114278e-120
-3.5344180225281603	3.862872375129005e-116
-3.524405506883604	3.353077471387769e-112
-3.514392991239049	2.4792239528017358e-108
-3.504380475594493	1.5614457510888276e-104
-3.494367959949937	8.376778729147528e-101
-3.4843554443053817	3.827949773976064e-97
-3.4743429286608256	1.4900282851042841e-93
-3.4643304130162704	4.940398186658981e-90
-3.4543178973717144	1.3953033413177429e-86
-3.444305381727159	3.356716437624953e-83
-3.434292866082603	6.878601389901662e-80
-3.424280350438047	1.2006744138967705e-76
-3.414267834793492	1.7852136231568432e-73
-3.4042553191489358	2.2609720867279263e-70
-3.3942428035043806	2.439161704687056e-67
-3.3842302878598245	2.241438151784869e-64
-3.3742177722152693	1.754503309916549e-61
-3.3642052565707132	1.1698320191150751e-58
-3.354192740926157	6.6440894164228005e-56
-3.344180225281602	3.2143343840112447e-53
-3.334167709637046	1.3246205142233534e-50
-3.3241551939924907	4.6498427230980476e-48
-3.3141426783479346	1.3903794249351677e-45
-3.3041301627033794	3.541433507941752e-43
-3.2941176470588234	7.683844528466297e-41
-3.2841051314142673	1.420154405318838e-38
-3.274092615769712	2.2359127871683148e-36
-3.264080100125156	2.998765168093818e-34
-3.254067584480601	3.426146332555211e-32
-3.2440550688360448	3.3346841014764694e-30
-3.2340425531914896	2.765035791587233e-28
-3.2240300375469335	1.9532555789580956e-26
-3.2140175219023774	1.175569976161381e-24
-3.2040050062578223	6.028269550433813e-23
-3.193992490613266	2.634033744749737e-21
-3.183979974968711	9.807804968088644e-20
-3.173967459324155	3.1123680692517045e-18
-3.1639549436795997	8.418552701543717e-17
-3.1539424280350437	1.941264959430975e-15
-3.1439299123904876	3.8170259796464635e-14
-3.1339173967459324	6.401376140924888e-13
-3.1239048811013763	9.159527377366728e-12
-3.113892365456821	1.1186732155741504e-10
-3.103879849812265	1.1667740835298312e-09
-3.09386733416771	1.0399230228952254e-08
-3.083854818523154	7.926698112594045e-08
-3.0738423028785977	5.172402175864153e-07
-3.0638297872340425	2.89297231405764e-06
-3.0538172715894865	1.3891146546799089e-05
-3.0438047559449313	5.7380412695686845e-05
-3.033792240300375	0.00020445341461849216
-3.02377972465582	0.0006306937590638247
-3.013767209011264	0.001692952413087669
-3.003754693366708	0.003982969465028536
-2.9937421777221527	0.008297940191586884
-2.9837296620775966	0.015529147098203343
-2.9737171464330414	0.026597769448405778
-2.9637046307884853	0.042604267751045914
-2.95369211514393	0.06516133310521224
-2.943679599499374	0.09662792785075423
-2.933667083854818	0.14006758668023486
-2.923654568210263	0.1992162545596234
-2.9136420525657067	0.2788072167413762
-2.9036295369211516	0.38465550740676996
-2.8936170212765955	0.5218734390906765
-2.8836045056320403	0.6905852123265441
-2.873591989987484	0.8819469717876045
-2.863579474342928	1.0795674669655466
-2.853566958698373	1.2680290815884558
-2.843554443053817	1.442620261940084
-2.8335419274092617	1.6110693957479054
-2.8235294117647056	1.7845960462537416
-2.8135168961201504	1.9659634597212494
-2.8035043804755944	2.1449765906733145
-2.7934918648310383	2.3042469170787334
-2.783479349186483	2.429019609026332
-2.773466833541927	2.513531685257146
-2.763454317897372	2.561670539176437
-2.7534418022528158	2.5841447238764506
-2.7434292866082606	2.5945125954516195
-2.7334167709637045	2.6049747998316763
-2.7234042553191484	2.622553273616074
-2.7133917396745932	2.6468503318865553
-2.703379224030037	2.670886742482771
-2.693366708385482	2.685731219265338
-2.683354192740926	2.6873016667638363
-2.6733416770963707	2.6811359626222964
-2.6633291614518146	2.6808033636866706
-2.6533166458072586	2.6993401963416517
-2.6433041301627034	2.7388992997653863
-2.6332916145181473	2.7869521758608706
-2.623279098873592	2.8233801460045553
-2.613266583229036	2.833512750664524
-2.603254067584481	2.8164633309432294
-2.593241551939925	2.7823468925236425
-2.5832290362953687	2.742027566003793
-2.5732165206508135	2.6987706832845046
-2.5632040050062574	2.6474995467041147
-2.5531914893617023	2.5793871851023
-2.543178973717146	2.4862843894598203
-2.533166458072591	2.363002441092258
-2.523153942428035	2.2089647635376912
-2.513141426783479	2.0293527012967916
-2.5031289111389237	1.833564392574564
-2.4931163954943676	1.6307545709677518
-2.4831038798498124	1.4260411510467887
-2.4730913642052563	1.2208938683633355
-2.463078848560701	1.017005810499643
-2.453066332916145	0.8196373996409291
-2.443053817271589	0.6373857951204186
-2.433041301627034	0.47890941207226934
-2.4230287859824777	0.3494983138416331
-2.4130162703379225	0.24974925293854477
-2.4030037546933665	0.17642321522655965
-2.3929912390488113	0.12422885493037825
-2.382978723404255	0.08747706303232115
-2.372966207759699	0.06124675083889791
-2.362953692115144	0.04200154958687349
-2.352941176470588	0.027636583798589263
-2.3429286608260327	0.017075802284063402
-2.3329161451814766	0.009715036087340862
-2.3229036295369214	0.005005004443093853
-2.3128911138923653	0.002302606521079497
-2.3028785982478093	0.0009353396855843623
-2.292866082603254	0.0003324576657638706
-2.282853566958698	0.00010267837760394981
-2.272841051314143	2.7408713739111368e-05
-2.2628285356695867	6.298617890546662e-06
-2.2528160200250316	1.242466215190276e-06
-2.2428035043804755	2.099354624487883e-07
-2.2327909887359194	3.033764045741512e-08
-2.2227784730913642	3.7453335944630484e-09
-2.212765957446808	3.9469696651868217e-10
-2.202753441802253	3.5485427871063354e-11
-2.192740926157697	2.7206154143453373e-12
-2.1827284105131417	1.7782098201089565e-13
-2.1727158948685856	9.90607341560886e-15
-2.1627033792240296	4.702759388909729e-16
-2.1526908635794744	1.902328458401893e-17
-2.1426783479349183	6.556352891465281e-19
-2.132665832290363	1.9251107340115376e-20
-2.122653316645807	4.815545255078385e-22
-2.112640801001252	1.0261638919695614e-23
-2.1026282853566958	1.8637468195818563e-25
-2.0926157697121397	1.0129842648768814e-26
-2.0826032540675845	4.569518608515841e-25
-2.0725907384230284	2.4555041968134994e-23
-2.0625782227784732	1.1253202901278371e-21
-2.052565707133917	4.3984948960534527e-20
-2.042553191489362	1.4665447440336965e-18
-2.032540675844806	4.1718532311511303e-17
-2.02252816020025	1.0127302130446534e-15
-2.0125156445556946	2.098402064708126e-14
-2.0025031289111386	3.712146926732069e-13
-1.9924906132665834	5.6082683213329994e-12
-1.9824780976220273	7.238402047810172e-11
-1.9724655819774712	7.984213508743433e-10
-1.962453066332916	7.52994135690558e-09
-1.95244055068836	6.075135416294667e-08
-1.9424280350438048	4.195832825534946e-07
-1.9324155193992487	2.4828878462362283e-06
-1.9224030037546935	1.2603230103816356e-05
-1.9123904881101375	5.496698824927341e-05
-1.9023779724655814	0.00020646053107903608
-1.8923654568210262	0.0006701717997306853
-1.8823529411764701	0.001889637348450234
-1.872340425531915	0.0046635984260005895
-1.8623279098873589	0.010186356364205828
-1.8523153942428037	0.019995574417651093
-1.8423028785982476	0.035972681862928554
-1.8322903629536915	0.06062586960333896
-1.8222778473091363	0.097662337396937
-1.8122653316645803	0.15243241810900743
-1.802252816020025	0.2316295171230678
-1.792240300375469	0.3418860930942831
-1.7822277847309138	0.4875299929450277
-1.7722152690863577	0.6686512993900716
-1.7622027534418017	0.8812048306700176
-1.7521902377972465	1.119767373863842
-1.7421777221526904	1.3806518797184766
-1.7321652065081352	1.6614797688716025
-1.7221526908635791	1.9562719173879353
-1.712140175219024	2.2505315965871735
-1.7021276595744679	2.522419644114772
-1.6921151439299118	2.7512678118403615
-1.6821026282853566	2.9277313775809133
-1.6720901126408005	3.0574192366478563
-1.6620775969962454	3.154304171971328
-1.6520650813516893	3.2283807933901736
-1.642052565707134	3.277425379534303
-1.632040050062578	3.290058531666828
-1.622027534418022	3.2577540454788347
-1.6120150187734668	3.185352184320055
-1.6020025031289107	3.0910650512327558
-1.5919899874843555	2.9966041407054034
-1.5819774718397994	2.916345282819882
-1.5719649561952442	2.853754903082312
-1.5619524405506882	2.8053896665876614
-1.551939924906132	2.766327530936176
-1.541927409261577	2.732163784979653
-1.5319148936170208	2.6986112428598026
-1.5219023779724656	2.662070919164566
-1.5118898623279096	2.6212014264926626
-1.5018773466833544	2.576698557571854
-1.4918648310387983	2.5285844605456167
-1.4818523153942422	2.4737772699949643
-1.471839799749687	2.406539278308139
-1.461827284105131	2.3213544688070304
-1.4518147684605758	2.2159690812949564
-1.4418022528160197	2.0927696707422583
-1.4317897371714645	1.9574742206530198
-1.4217772215269084	1.8152009779151161
-1.4117647058823524	1.666519696563391
-1.4017521902377972	1.5076623626838517
-1.391739674593241	1.3357542267643956
-1.381727158948686	1.154077442758691
-1.3717146433041298	0.9716515370504957
-1.3617021276595747	0.7977248861011075
-1.3516896120150186	0.6373713881024035
-1.3416770963704625	0.49231117605651786
-1.3316645807259073	0.36457095603296436
-1.3216520650813512	0.25799092788714145
-1.311639549436796	0.1760905332954347
-1.30162703379224	0.11906822658792071
-1.2916145181476848	0.08296581343619033
-1.2816020025031287	0.061332632452548205
-1.2715894868585726	0.04776509542112519
-1.2615769712140175	0.037832618660003425
-1.2515644555694614	0.029881225557121204
-1.2415519399249062	0.02481749333368395
-1.2315394242803501	0.025182328510275662
-1.221526908635795	0.03395187468382021
-1.2115143929912389	0.05359974375810697
-1.2015018773466828	0.08590379488721621
-1.1914893617021276	0.13259754832005524
-1.1814768460575715	0.19623285565188403
-1.1714643304130163	0.28019833092360297
-1.1614518147684603	0.3875429034756823
-1.151439299123905	0.5194779499029027
-1.141426783479349	0.6744524311241583
-1.131414267834793	0.847441111863253
-1.1214017521902377	1.0287987905353777
-1.1113892365456817	1.2038137074121813
-1.1013767209011265	1.3554854777940255
-1.0913642052565704	1.4709473217830908
-1.0813516896120152	1.5474188863823768
-1.0713391739674591	1.5920653858733567
-1.061326658322903	1.6151214607250732
-1.0513141426783479	1.6225555219662213
-1.0413016270337918	1.6149332941756305
-1.0312891113892366	1.5919650574432433
-1.0212765957446805	1.5562571119381228
-1.0112640801001254	1.5121103771668292
-1.0012515644555693	1.462180102933857
-0.9912390488110132	1.4075528221673714
-0.981226533166458	1.3522229065334928
-0.971214017521902	1.3066435401762027
-0.9612015018773468	1.2844981139322877
-0.9511889862327907	1.2932994403619764
-0.9411764705882355	1.3263582677967847
-0.9311639549436794	1.3637306624082426
-0.9211514392991234	1.3826337366417527
-0.9111389236545682	1.3702236551660758
-0.9011264080100121	1.3301539868368968
-0.8911138923654569	1.2794957973497847
-0.8811013767209008	1.239318124228353
-0.8710888610763456	1.2250533516942068
-0.8610763454317896	1.2408367627953547
-0.8510638297872335	1.2788190082373943
-0.8410513141426783	1.322915617082512
-0.8310387984981222	1.3557983267704008
-0.821026282853567	1.3665007630465986
-0.811013767209011	1.3549134754401768
-0.8010012515644558	1.330844685047563
-0.7909887359198997	1.3085569053236192
-0.7809762202753436	1.2999238794613284
-0.7709637046307884	1.309360857771485
-0.7609511889862324	1.3324537566170325
-0.7509386733416772	1.3586515947728817
-0.7409261576971211	1.3767421034831815
-0.7309136420525659	1.3806792911721497
-0.7209011264080099	1.3732105490268218
-0.7108886107634538	1.3654471149991887
-0.7008760951188986	1.3718682185187592
-0.6908635794743425	1.402549976100157
-0.6808510638297873	1.456904256480515
-0.6708385481852313	1.5233727485688997
-0.6608260325406761	1.5858661489735213
-0.65081351689612	1.632835256708989
-0.6408010012515639	1.6632171702130625
-0.6307884856070087	1.6863074334554695
-0.6207759699624527	1.7166949694121272
-0.6107634543178975	1.7675304440550605
-0.6007509386733414	1.8453524736236406
-0.5907384230287862	1.9485593924747073
-0.5807259073842301	2.069621789571819
-0.5707133917396741	2.1988703034005144
-0.5607008760951189	2.3273070469541044
-0.5506883604505628	2.44811982669374
-0.5406758448060076	2.5582626721620967
-0.5306633291614515	2.659837123973741
-0.5206508135168963	2.7589265937561844
-0.5106382978723403	2.8614416526304063
-0.5006257822277842	2.969478382340844
-0.490613266583229	3.0816185056669676
-0.48060075093867294	3.196203869666275
-0.47058823529411775	3.3140371641098376
-0.4605757196495617	3.438953803047304
-0.4505632040050065	3.5771122084789564
-0.4405506883604504	3.735398916927145
-0.43053817271589434	3.918485402151801
-0.42052565707133915	4.1254704271823215
-0.4105131414267831	4.348565821093512
-0.4005006257822279	4.574768466245096
-0.3904881101376718	4.788501541017322
-0.38047559449311663	4.973422810585566
-0.37046307884856056	5.1150970772170465
-0.3604505632040045	5.206866541865496
-0.3504380475594493	5.255867577783104
-0.3404255319148932	5.281732283464682
-0.33041301627033803	5.3053491062655045
-0.32040050062578196	5.335250012983191
-0.3103879849812259	5.362646383179237
-0.3003754693366707	5.368774378773894
-0.2903629536921146	5.338267963394072
-0.28035043804755944	5.268951297026111
-0.27033792240300336	5.172739109457306
-0.2603254067584482	5.068946160594971
-0.2503128911138921	4.974936997534909
-0.24030037546933602	4.8985405930505355
-0.23028785982478084	4.834756012241228
-0.22027534418022476	4.768207907834815
-0.21026282853566958	4.681180615642641
-0.2002503128911135	4.563563032826473
-0.19023779724655832	4.418768479523222
-0.18022528160200224	4.2621029351714705
-0.17021276595744617	4.113176347379235
-0.16020025031289098	3.987336630379941
-0.1501877346683349	3.891106689020357
-0.14017521902377972	3.8236135205099195
-0.13016270337922364	3.7814228731317963
-0.12015018773466846	3.761780735540151
-0.11013767209011238	3.7618223177511534
-0.10012515644555631	3.775976622836992
-0.09011264080100112	3.795344001712995
-0.08010012515644505	3.8103043185397834
-0.07008760951188986	3.8143081824630767
-0.060075093867333784	3.805876261638703
-0.0500625782227786	3.787864910523374
-0.04005006257822252	3.7656896120105974
-0.030037546933666448	3.7462184062335355
-0.02002503128911126	3.7366361094789156
-0.010012515644555187	3.7416447457861386
0.0	3.759911843069309
