-8.0	3.386879767551091
-7.989987484355444	3.4868122538539006
-7.979974968710889	3.6254082371416794
-7.969962453066333	3.7853003987989164
-7.9599499374217775	3.9412907075126777
-7.949937421777221	4.074421955025108
-7.939924906132666	4.181701302557535
-7.92991239048811	4.273300643403461
-7.919899874843554	4.359860595872055
-7.909887359198999	4.442115426783358
-7.899874843554443	4.511902346306939
-7.889862327909888	4.561375374831422
-7.8798498122653315	4.590378161089994
-7.869837296620776	4.606549635862341
-7.85982478097622	4.620700921321967
-7.849812265331664	4.642302021603806
-7.839799749687109	4.677073279598613
-7.829787234042553	4.726107999905362
-7.819774718397998	4.785962122498229
-7.809762202753442	4.850059888472156
-7.7997496871088865	4.911399461823867
-7.78973717146433	4.964960117907326
-7.779724655819774	5.007825484620549
-7.769712140175219	5.037358870195711
-7.759699624530663	5.050226874084659
-7.749687108886108	5.0438515586399735
-7.739674593241552	5.018311569630785
-7.729662077596997	4.976254218456622
-7.719649561952441	4.921586375495489
-7.7096370463078845	4.8588868832442635
-7.699624530663329	4.79306598228321
-7.689612015018773	4.728146384314893
-7.679599499374218	4.666402634118878
-7.669586983729662	4.609059350671173
-7.659574468085107	4.55684728139252
-7.649561952440551	4.508800215447802
-7.639549436795995	4.460858207241245
-7.629536921151439	4.406264682765972
-7.619524405506883	4.337386117781006
-7.609511889862328	4.248395170683833
-7.599499374217772	4.139233431621081
-7.589486858573217	4.018908164398143
-7.579474342928661	3.9034897469636483
-7.569461827284105	3.8079184778768838
-7.55944931163955	3.7380423108767484
-7.5494367959949935	3.689877457616487
-7.539424280350438	3.6552468746859446
-7.529411764705882	3.627010496327922
-7.519399249061326	3.6000237144931724
-7.509386733416771	3.570030729678985
-7.499374217772215	3.5336895897006246
-7.48936170212766	3.489793160329765
-7.479349186483104	3.440282096952502
-7.4693366708385485	3.39052433960804
-7.459324155193992	3.3485812739536223
-7.449311639549437	3.32304624355327
-7.439299123904881	3.320280591602313
-7.429286608260325	3.342727429972841
-7.41927409261577	3.3885342042429354
-7.409261576971214	3.451526406121621
-7.399249061326659	3.521963294362351
-7.3892365456821025	3.589547349844539
-7.3792240300375465	3.647999373201938
-7.369211514392991	3.697914604004722
-7.359198998748435	3.7454769858541694
-7.34918648310388	3.798220068718615
-7.339173967459324	3.8616759092829422
-7.329161451814769	3.939802826293644
-7.319148936170213	4.038024438361879
-7.3091364205256575	4.164532460828215
-7.299123904881101	4.327201811030657
-7.289111389236545	4.528382723578563
-7.27909887359199	4.761732568460524
-7.269086357947434	5.0121193560423345
-7.259073842302879	5.25701152827676
-7.249061326658323	5.469737364622603
-7.239048811013767	5.626906424728155
-7.2290362953692116	5.718668080175136
-7.2190237797246555	5.755374551613192
-7.2090112640801	5.765197590856049
-7.198998748435544	5.783370257731926
-7.188986232790989	5.838356097218469
-7.178973717146433	5.941326904734217
-7.168961201501878	6.084253312137794
-7.158948685857322	6.247780675796905
-7.148936170212766	6.413289454244902
-7.13892365456821	6.570217432010329
-7.128911138923654	6.714719715392016
-7.118898623279099	6.844300346666982
-7.108886107634543	6.9557125239929265
-7.098873591989987	7.048076865265667
-7.088861076345432	7.126698000052914
-7.078848560700876	7.202102938276536
-7.068836045056321	7.2835415316861605
-7.0588235294117645	7.371791386939308
-7.048811013767209	7.4573175147875475
-7.038798498122653	7.525690854682113
-7.028785982478098	7.567017732620921
-7.018773466833542	7.5839087156820355
-7.008760951188986	7.592960710502381
-6.998748435544431	7.617399236443512
-6.988735919899875	7.6742281087727084
-6.9787234042553195	7.76444509715931
-6.968710888610763	7.872996204338053
-6.958698372966207	7.976920835614943
-6.948685857321652	8.054597728469979
-6.938673341677096	8.090970400550376
-6.928660826032541	8.078708228075476
-6.918648310387985	8.018083780769528
-6.908635794743429	7.917765942942989
-6.8986232790988735	7.795574971335215
-6.888610763454318	7.675246569418679
-6.878598247809762	7.576996589002716
-6.868585732165206	7.506667733961481
-6.858573216520651	7.453168781746089
-6.848560700876095	7.3989334165375436
-6.83854818523154	7.3357567338910386
-6.828535669586984	7.271492424183264
-6.818523153942428	7.220736795206447
-6.808510638297872	7.187632256395057
-6.798498122653316	7.155659162181157
-6.788485607008761	7.0925403925322446
-6.778473091364205	6.966831724387029
-6.768460575719649	6.765479235646893
-6.758448060075094	6.501200676315877
-6.748435544430539	6.205312023372155
-6.7384230287859825	5.9125263688179315
-6.7284105131414265	5.649496904232446
-6.718397997496871	5.432047564479655
-6.708385481852315	5.265887987740847
-6.69837296620776	5.145421419306304
-6.688360450563204	5.053085722230816
-6.678347934918648	4.9643119638345325
-6.668335419274093	4.857112016143871
-6.658322903629537	4.720066858736792
-6.648310387984981	4.554446485819263
-6.638297872340425	4.371047678437235
-6.628285356695869	4.18441279254897
-6.618272841051314	4.006852034941651
-6.608260325406759	3.8447115255440294
-6.598247809762203	3.6986365855226078
-6.588235294117647	3.566293051287847
-6.578222778473092	3.443326229156093
-6.5682102628285355	3.321403493369265
-6.55819774718398	3.18819305995262
-6.548185231539424	3.0337612373070564
-6.538172715894868	2.859732213773805
-6.528160200250313	2.6821866114349797
-6.518147684605757	2.524267573996648
-6.508135168961202	2.403912221172493
-6.498122653316646	2.325629197914487
-6.4881101376720896	2.2806884134740706
-6.478097622027534	2.253431733958067
-6.468085106382979	2.228428404862647
-6.458072590738423	2.1947369878519574
-6.448060075093867	2.14680619012867
-6.438047559449312	2.0837399765961644
-6.428035043804756	2.0087691446999107
-6.418022528160201	1.9291394627464014
-6.4080100125156445	1.8548242104395398
-6.397997496871088	1.7948997142310439
-6.387984981226533	1.7531880536939652
-6.377972465581977	1.7264590269815294
-6.367959949937422	1.706735594601822
-6.357947434292866	1.6860468400163364
-6.34793491864831	1.6604179288687237
-6.337922403003755	1.630754353769716
-6.3279098873591995	1.6005620391418356
-6.317897371714643	1.5725014397813508
-6.307884856070087	1.5462469272085861
-6.297872340425532	1.5190985295694646
-6.287859824780976	1.4890066344178763
-6.277847309136421	1.457574309540423
-6.267834793491865	1.4298230276248896
-6.257822277847309	1.4100984142623398
-6.2478097622027535	1.3977252266757578
-6.2377972465581975	1.3869171541006127
-6.227784730913642	1.3714209087513702
-6.217772215269086	1.3497581294959857
-6.20775969962453	1.3265221778008796
-6.197747183979975	1.3088914203526762
-6.18773466833542	1.3013688054596906
-6.177722152690864	1.30268774138978
-6.167709637046308	1.3070118689815649
-6.157697121401752	1.3085416533841157
-6.147684605757196	1.3058396235369611
-6.137672090112641	1.3018749530323186
-6.127659574468085	1.2995439547808396
-6.117647058823529	1.2971473789584476
-6.107634543178974	1.2884675153552232
-6.097622027534418	1.26727999836708
-6.0876095118898625	1.2318646562716513
-6.0775969962453065	1.1855806357090208
-6.06758448060075	1.133634106901586
-6.057571964956195	1.0795845237575457
-6.04755944931164	1.024735443893926
-6.037546933667084	0.9700019676995525
-6.027534418022528	0.9172892422255184
-6.017521902377973	0.868682783790374
-6.007509386733417	0.8246761771166492
-5.997496871088861	0.7834377989407205
-5.987484355444305	0.7415587559998468
-5.977471839799749	0.6954552293606672
-5.967459324155194	0.6427367358023804
-5.957446808510639	0.583272742346882
-5.947434292866083	0.5195758143532667
-5.937421777221527	0.4560251590891434
-5.927409261576971	0.39704848481906985
-5.9173967459324155	0.3453132731740981
-5.90738423028786	0.3011865901681274
-5.897371714643304	0.2636715090149618
-5.887359198998748	0.2316318810875363
-5.877346683354192	0.2040117437685693
-5.867334167709637	0.17923092386758294
-5.857321652065082	0.15514610169905665
-5.847309136420526	0.13019512055674934
-5.83729662077597	0.1046068919914576
-5.827284105131414	0.08030906948264022
-5.817271589486858	0.05968614372066728
-5.807259073842303	0.0444768729581162
-5.797246558197747	0.03555120461037551
-5.787234042553191	0.03316464431209433
-5.777221526908636	0.03702223733793053
-5.767209011264081	0.04604214622503722
-5.7571964956195245	0.058162929356456866
-5.747183979974968	0.07053770077633699
-5.737171464330412	0.08028290164155225
-5.727158948685857	0.08568913646091864
-5.717146433041302	0.08733512938560711
-5.707133917396746	0.08821763478265235
-5.69712140175219	0.09247253081920002
-5.687108886107635	0.10339319929035194
-5.677096370463079	0.12212900725035415
-5.667083854818523	0.14785984641786457
-5.657071339173967	0.17896868144621175
-5.647058823529411	0.21405926180976148
-5.637046307884856	0.2521478675182221
-5.627033792240301	0.2923715924211783
-5.617021276595745	0.3340351379330848
-5.607008760951189	0.37724266145075014
-5.596996245306633	0.42326171787522804
-5.5869837296620775	0.47345122692642494
-5.576971214017522	0.5269459690349697
-5.566958698372966	0.5793366714746032
-5.55694618272841	0.6247323224423497
-5.546933667083855	0.6606551733641431
-5.536921151439299	0.6917708416638889
-5.526908635794744	0.7284401304988137
-5.516896120150188	0.7800832686936369
-5.5068836045056315	0.847862912606826
-5.496871088861076	0.9223968330284014
-5.486858573216521	0.9890639635058209
-5.476846057571965	1.0378909719191545
-5.466833541927409	1.0708938522370293
-5.456821026282853	1.1008594919497838
-5.446808510638298	1.1419846567976926
-5.4367959949937426	1.199573252319111
-5.4267834793491865	1.2669445091406928
-5.41677096370463	1.3315539902611286
-5.406758448060075	1.3845883561580736
-5.396745932415519	1.4260410819034164
-5.386733416770964	1.462009056216056
-5.376720901126408	1.4977198047065263
-5.366708385481852	1.5328384755235993
-5.356695869837297	1.5630208161960786
-5.346683354192741	1.5858039968721076
-5.336670838548185	1.604639109999953
-5.326658322903629	1.626397535136459
-5.316645807259073	1.6542399393596487
-5.306633291614518	1.682964315989004
-5.296620775969963	1.7020679637280351
-5.286608260325407	1.7042305507186777
-5.276595744680851	1.6914679055514619
-5.2665832290362955	1.67358071253283
-5.256570713391739	1.661066706693048
-5.246558197747184	1.659235195015051
-5.236545682102628	1.6675481414847877
-5.226533166458072	1.6822725575994908
-5.216520650813517	1.6983045927261762
-5.206508135168962	1.7091641685732097
-5.196495619524406	1.7078360316535897
-5.18648310387985	1.6903384788533995
-5.1764705882352935	1.65957114758991
-5.166458072590738	1.6249453902925837
-5.156445556946183	1.5968753349808917
-5.146433041301627	1.5805744586309265
-5.136420525657071	1.574343824859113
-5.126408010012516	1.5728972929901424
-5.11639549436796	1.5718649492164263
-5.1063829787234045	1.569857957790495
-5.0963704630788484	1.5676297729140989
-5.086357947434292	1.5658824614943159
-5.076345431789737	1.563215962204687
-5.066332916145182	1.5552648106317932
-5.056320400500626	1.5359503423730183
-5.04630788485607	1.5010737137876988
-5.036295369211514	1.4525808572235321
-5.026282853566959	1.400024747723732
-5.016270337922403	1.3563970968478127
-5.006257822277847	1.3294750175843255
-4.996245306633291	1.3146651132958644
-4.986232790988735	1.2961627240649864
-4.97622027534418	1.2572746004703377
-4.966207759699625	1.1922022340702096
-4.956195244055069	1.1093896536527634
-4.946182728410513	1.0239756949956973
-4.9361702127659575	0.9464752425762851
-4.926157697121402	0.8770270888541941
-4.916145181476846	0.8085316233834842
-4.90613266583229	0.734594013522019
-4.896120150187734	0.6555122878348754
-4.886107634543179	0.5783624042317391
-4.876095118898624	0.5121624504571951
-4.866082603254068	0.46215235495439644
-4.8560700876095115	0.42685350315491066
-4.8460575719649555	0.39917201275041925
-4.8360450563204	0.3704806580003102
-4.826032540675845	0.3352704921542804
-4.816020025031289	0.29378161629063704
-4.806007509386733	0.2512226507816004
-4.795994993742178	0.2143162918968901
-4.785982478097623	0.18743560465296838
-4.7759699624530665	0.17045237110601216
-4.76595744680851	0.1591722128547661
-4.755944931163954	0.14791248977295673
-4.745932415519399	0.13270724574847897
-4.735919899874844	0.11315712077016059
-4.725907384230288	0.09182198351400649
-4.715894868585732	0.07197033023316406
-4.705882352941176	0.0556721512062008
-4.6958698372966206	0.04345746109166553
-4.685857321652065	0.03505257561568755
-4.675844806007509	0.029962350871199497
-4.665832290362953	0.027414028348348336
-4.655819774718398	0.0261979932326483
-4.645807259073843	0.024990923559971144
-4.635794743429287	0.0229965724530005
-4.625782227784731	0.02026954021365303
-4.615769712140175	0.017414965663952932
-4.605757196495619	0.014983056426050816
-4.595744680851064	0.013111334465262655
-4.585732165206508	0.011653578989027387
-4.575719649561952	0.010527903400062814
-4.565707133917396	0.009825805713554741
-4.555694618272841	0.009560252226785434
-4.545682102628286	0.009409991511734557
-4.53566958698373	0.008842571222890134
-4.5256570713391735	0.007532799419787394
-4.515644555694618	0.005634051487702059
-4.505632040050063	0.003639548209035483
-4.495619524405507	0.002015107649366219
-4.485607008760951	0.0009529514764607345
-4.475594493116395	0.00038432677530486777
-4.46558197747184	0.00013209796117760525
-4.4555694618272845	3.868383608927324e-05
-4.4455569461827285	9.650395040332002e-06
-4.435544430538172	2.0507768284039574e-06
-4.425531914893616	3.712263647836161e-07
-4.415519399249061	5.7240269664463676e-08
-4.405506883604506	7.518045414120821e-09
-4.39549436795995	8.411002187937032e-10
-4.385481852315394	8.015482802943119e-11
-4.375469336670839	6.506547395178006e-12
-4.365456821026283	4.4989421087562076e-13
-4.355444305381727	2.6497754733453405e-14
-4.345431789737171	1.329372213008227e-15
-4.335419274092615	5.680976087674671e-17
-4.32540675844806	2.067941108743317e-18
-4.315394242803505	6.411980779372856e-20
-4.305381727158949	1.6934995915831417e-21
-4.295369211514393	3.8099284491794886e-23
-4.285356695869837	7.301084620391444e-25
-4.275344180225281	1.1917818940590443e-26
-4.265331664580726	1.657085904942155e-28
-4.25531914893617	1.9626013902506893e-30
-4.245306633291614	1.9799673097029626e-32
-4.235294117647059	1.7014640464406573e-34
-4.225281602002504	1.245450214829318e-36
-4.215269086357948	7.765488951699391e-39
-4.2052565707133915	4.124298395740705e-41
-4.1952440550688355	1.8658219210340328e-43
-4.18523153942428	7.190004164834258e-46
-4.175219023779725	2.36008112485539e-48
-4.165206508135169	6.598778641080263e-51
-4.155193992490613	1.5715891696989403e-53
-4.145181476846057	3.188257084720669e-56
-4.135168961201502	5.509427575324489e-59
-4.1251564455569465	8.10958186281364e-62
-4.11514392991239	1.0167853607975377e-64
-4.105131414267834	1.0859227866018995e-67
-4.095118898623279	9.878874007988177e-71
-4.085106382978723	7.65516905088639e-74
-4.075093867334168	5.052903029569403e-77
-4.065081351689612	2.8409656360667386e-80
-4.055068836045056	1.3605980251198378e-83
-4.045056320400501	5.5505054160223865e-87
-4.035043804755945	1.9287416730883713e-90
-4.025031289111389	5.708926297587023e-94
-4.015018773466833	1.4393739792001709e-97
-4.005006257822277	3.091232687952968e-101
-3.994993742177722	5.6549476110953854e-105
-3.9849812265331668	8.811793546167119e-109
-3.9749687108886107	1.1696040939474545e-112
-3.9649561952440546	1.3223678592932143e-116
-3.9549436795994994	1.273516361786529e-120
-3.9449311639549434	1.0447096634923635e-124
-3.934918648310388	7.300044939048884e-129
-3.924906132665832	4.345045155819112e-133
-3.914893617021277	2.2029360682664348e-137
-3.904881101376721	9.513675451226515e-142
-3.8948685857321648	3.4997224942768355e-146
-3.8848560700876096	1.0966239457234393e-150
-3.8748435544430535	2.92698623199499e-155
-3.8648310387984983	6.654607929751204e-160
-3.8548185231539422	1.288733463446171e-164
-3.844806007509387	2.1258987515464844e-169
-3.834793491864831	2.9871765203253393e-174
-3.824780976220275	3.575345665927263e-179
-3.8147684605757197	3.6451384109033014e-184
-3.8047559449311636	3.1655476145698398e-189
-3.7947434292866085	2.3416528739766333e-194
-3.7847309136420524	1.4754857520075161e-199
-3.774718397997497	7.919292121781666e-205
-3.764705882352941	3.62056663762534e-210
-3.754693366708385	1.4099560195810178e-215
-3.74468085106383	4.677065216143974e-221
-3.734668335419274	1.3215407335396246e-226
-3.7246558197747186	5.492152773227279e-227
-3.7146433041301625	1.9651190906735428e-221
-3.7046307884856065	5.989305888738957e-216
-3.6946182728410513	1.5549017501810503e-210
-3.684605757196495	3.4384938307749464e-205
-3.67459324155194	6.476977455567621e-200
-3.664580725907384	1.0392388177284338e-194
-3.6545682102628287	1.4203558808567112e-189
-3.6445556946182727	1.6535518830637368e-184
-3.6345431789737166	1.6397487838977592e-179
-3.6245306633291614	1.3850825173555406e-174
-3.6145181476846053	9.965814900175878e-170
-3.60450563204005	6.107856490105219e-165
-3.594493116395494	3.1886266458566264e-160
-3.584480600750939	1.4179383751570673e-155
-3.574468085106383	5.3709348051614176e-151
-3.5644555694618267	1.7329308926825385e-146
-3.5544430538172715	4.76268047393238e-142
-3.5444305381727155	1.114963079869374e-137
-3.5344180225281603	2.2233527214094974e-133
-3.524405506883604	3.776548659872504e-129
-3.514392991239049	5.464125204541779e-125
-3.504380475594493	6.734184927042174e-121
-3.494367959949937	7.06949307440142e-117
-3.4843554443053817	6.321648542654693e-113
-3.4743429286608256	4.815165957115874e-109
-3.4643304130162704	3.124143769670324e-105
-3.4543178973717144	1.726591512853139e-101
-3.444305381727159	8.128062435701665e-98
-3.434292866082603	3.259292212910515e-94
-3.424280350438047	1.1132646165877715e-90
-3.414267834793492	3.2390104682249038e-87
-3.4042553191489358	8.027219453486102e-84
-3.3942428035043806	1.6945592542360918e-80
-3.3842302878598245	3.0471036106959927e-77
-3.3742177722152693	4.667201193777592e-74
-3.3642052565707132	6.089262029636159e-71
-3.354192740926157	6.767240974085456e-68
-3.344180225281602	6.406155245988357e-65
-3.334167709637046	5.165615963491253e-62
-3.3241551939924907	3.5480163360359247e-59
-3.3141426783479346	2.07581164940187e-56
-3.3041301627033794	1.0344967194934411e-53
-3.2941176470588234	4.3914620049867133e-51
-3.2841051314142673	1.5879176653202157e-48
-3.274092615769712	4.890864935346429e-46
-3.264080100125156	1.283164092277845e-43
-3.254067584480601	2.867593353144565e-41
-3.2440550688360448	5.458731976869314e-39
-3.2340425531914896	8.851254247883377e-37
-3.2240300375469335	1.2225220456347442e-34
-3.2140175219023774	1.4382931826155365e-32
-3.2040050062578223	1.4413749937259163e-30
-3.193992490613266	1.2303973395899141e-28
-3.183979974968711	8.946488796356229e-27
-3.173967459324155	5.5411346060732905e-25
-3.1639549436795997	2.9233688626809894e-23
-3.1539424280350437	1.3137337961954386e-21
-3.1439299123904876	5.028864879862548e-20
-3.1339173967459324	1.6397264414092115e-18
-3.1239048811013763	4.5541955223218524e-17
-3.113892365456821	1.0774342644690835e-15
-3.103879849812265	2.1712445059338005e-14
-3.09386733416771	3.727052592055966e-13
-3.083854818523154	5.449556360522724e-12
-3.0738423028785977	6.787277641811017e-11
-3.0638297872340425	7.200603885566926e-10
-3.0538172715894865	6.507003885118667e-09
-3.0438047559449313	5.008781122084613e-08
-3.033792240300375	3.284141732937129e-07
-3.02377972465582	1.8342165259789878e-06
-3.013767209011264	8.726061248769281e-06
-3.003754693366708	3.5361044100398744e-05
-2.9937421777221527	0.00012205955085866155
-2.9837296620775966	0.0003588892891756908
-2.9737171464330414	0.0008988724869214108
-2.9637046307884853	0.001917811694217923
-2.95369211514393	0.003486195571314144
-2.943679599499374	0.0054019455408083885
-2.933667083854818	0.007146416602204969
-2.923654568210263	0.008112904483763792
-2.9136420525657067	0.008032976033566647
-2.9036295369211516	0.007286489935241606
-2.8936170212765955	0.0068292673100597764
-2.8836045056320403	0.0077953754930394316
-2.873591989987484	0.011074980066376493
-2.863579474342928	0.0171025620641548
-2.853566958698373	0.025864172705319464
-2.843554443053817	0.03701302473736476
-2.8335419274092617	0.05002261295567377
-2.8235294117647056	0.06434094302166365
-2.8135168961201504	0.07943463390695647
-2.8035043804755944	0.09460836026653978
-2.7934918648310383	0.10875240228291234
-2.783479349186483	0.12043283233421023
-2.773466833541927	0.12850684753186536
-2.763454317897372	0.1328762914127364
-2.7534418022528158	0.1348082921790723
-2.7434292866082606	0.13666462862393616
-2.7334167709637045	0.14131341475162526
-2.7234042553191484	0.1515026421687201
-2.7133917396745932	0.16927875099915857
-2.703379224030037	0.19550888286302953
-2.693366708385482	0.22966574484017585
-2.683354192740926	0.2699794554043725
-2.6733416770963707	0.31386875756845883
-2.6633291614518146	0.3585033574255582
-2.6533166458072586	0.40142220942743356
-2.6433041301627034	0.4411233689480972
-2.6332916145181473	0.4775115132537698
-2.623279098873592	0.5121788785608126
-2.613266583229036	0.5484502088084657
-2.603254067584481	0.590826605505978
-2.593241551939925	0.6435520642628401
-2.5832290362953687	0.7089329270515026
-2.5732165206508135	0.7867708395804236
-2.5632040050062574	0.875414481828728
-2.5531914893617023	0.973009787257194
-2.543178973717146	1.0769998253046607
-2.533166458072591	1.1820656535369094
-2.523153942428035	1.2793082734476673
-2.513141426783479	1.3591164578621582
-2.5031289111389237	1.4165678294617343
-2.4931163954943676	1.4551518355088613
-2.4831038798498124	1.4856991601907932
-2.4730913642052563	1.5215204072668262
-2.463078848560701	1.5732400576352268
-2.453066332916145	1.645558737548143
-2.443053817271589	1.7360196246335222
-2.433041301627034	1.835723645154835
-2.4230287859824777	1.9326467911339862
-2.4130162703379225	2.0171339482227215
-2.4030037546933665	2.0867542908060037
-2.3929912390488113	2.147069047324873
-2.382978723404255	2.207494344105372
-2.372966207759699	2.275321052666399
-2.362953692115144	2.3524878024350326
-2.352941176470588	2.43705772200492
-2.3429286608260327	2.5266717644266063
-2.3329161451814766	2.6195953876661258
-2.3229036295369214	2.712692861412773
-2.3128911138923653	2.800090087951824
-2.3028785982478093	2.8751391363531456
-2.292866082603254	2.933171105977311
-2.282853566958698	2.9711792480477013
-2.272841051314143	2.985245849256606
-2.2628285356695867	2.9704488507959494
-2.2528160200250316	2.9254111110591965
-2.2428035043804755	2.8578066803527125
-2.2327909887359194	2.7852138090622733
-2.2227784730913642	2.7294759941376494
-2.212765957446808	2.707559661261281
-2.202753441802253	2.723629999668055
-2.192740926157697	2.7661183574458
-2.1827284105131417	2.811714069408772
-2.1727158948685856	2.8353622027607286
-2.1627033792240296	2.8216069842483704
-2.1526908635794744	2.7708100227153865
-2.1426783479349183	2.696607493909892
-2.132665832290363	2.6168814378524217
-2.122653316645807	2.544604541247403
-2.112640801001252	2.483979354441016
-2.1026282853566958	2.4326816071418524
-2.0926157697121397	2.38670852599145
-2.0826032540675845	2.3434468439709937
-2.0725907384230284	2.3013598144948237
-2.0625782227784732	2.258324803082733
-2.052565707133917	2.2115224301486167
-2.042553191489362	2.1593846043302896
-2.032540675844806	2.1036146292914215
-2.02252816020025	2.0493157193888023
-2.0125156445556946	2.003063084812411
-2.0025031289111386	1.9701834494437387
-1.9924906132665834	1.9526390328525416
-1.9824780976220273	1.948203932645216
-1.9724655819774712	1.950859462471651
-1.962453066332916	1.9520205777290691
-1.95244055068836	1.9424495727092723
-1.9424280350438048	1.915009047714903
-1.9324155193992487	1.8677950788740691
-1.9224030037546935	1.8058398393534105
-1.9123904881101375	1.739417755935332
-1.9023779724655814	1.6791752281628065
-1.8923654568210262	1.6310332101493483
-1.8823529411764701	1.5942917846569538
-1.872340425531915	1.5640291395565549
-1.8623279098873589	1.5357800415117493
-1.8523153942428037	1.5090560007764533
-1.8423028785982476	1.487359538502533
-1.8322903629536915	1.4749574604421603
-1.8222778473091363	1.4729624466406523
-1.8122653316645803	1.4775385046251794
-1.802252816020025	1.4810429210703318
-1.792240300375469	1.4746354979436906
-1.7822277847309138	1.4507799494251674
-1.7722152690863577	1.4057557674203363
-1.7622027534418017	1.3425901849292765
-1.7521902377972465	1.2724086904977387
-1.7421777221526904	1.2108146251497383
-1.7321652065081352	1.169608994422243
-1.7221526908635791	1.1500450802907736
-1.712140175219024	1.143968063963172
-1.7021276595744679	1.1416897151241707
-1.6921151439299118	1.138699938997785
-1.6821026282853566	1.1355553757175905
-1.6720901126408005	1.1332552070406565
-1.6620775969962454	1.130030125488349
-1.6520650813516893	1.1217741265636498
-1.642052565707134	1.104027293579195
-1.632040050062578	1.0736035221720708
-1.622027534418022	1.0299842485587982
-1.6120150187734668	0.9765195728091195
-1.6020025031289107	0.9201619288043513
-1.5919899874843555	0.8687406986507009
-1.5819774718397994	0.8269461095336393
-1.5719649561952442	0.7939888535542338
-1.5619524405506882	0.7650952745092908
-1.551939924906132	0.7357842960053381
-1.541927409261577	0.7053887153233421
-1.5319148936170208	0.6772522728213711
-1.5219023779724656	0.6561431373716631
-1.5118898623279096	0.6452262984652032
-1.5018773466833544	0.6444505365789102
-1.4918648310387983	0.6509680950063357
-1.4818523153942422	0.6611120042203504
-1.471839799749687	0.6725393057036463
-1.461827284105131	0.6851464313459377
-1.4518147684605758	0.7006405364799789
-1.4418022528160197	0.721717967776179
-1.4317897371714645	0.7513052594985519
-1.4217772215269084	0.7913772338182505
-1.4117647058823524	0.8412998626869334
-1.4017521902377972	0.8969263405476166
-1.391739674593241	0.951759488956203
-1.381727158948686	0.9999796580741509
-1.3717146433041298	1.0395802528207918
-1.3617021276595747	1.0734173208370652
-1.3516896120150186	1.106790523823088
-1.3416770963704625	1.1423722890931436
-1.3316645807259073	1.176140652165013
-1.3216520650813512	1.1984786023645846
-1.311639549436796	1.2006564874416352
-1.30162703379224	1.1816384423125972
-1.2916145181476848	1.1494932438469097
-1.2816020025031287	1.1167270986104465
-1.2715894868585726	1.0939036225984062
-1.2615769712140175	1.0858758437050238
-1.2515644555694614	1.0915130755399893
-1.2415519399249062	1.1056624714900765
-1.2315394242803501	1.122054996729698
-1.221526908635795	1.1358355719172257
-1.2115143929912389	1.1444332591049395
-1.2015018773466828	1.146899467747815
-1.1914893617021276	1.1432585268073499
-1.1814768460575715	1.134659823328142
-1.1714643304130163	1.1233579905081463
-1.1614518147684603	1.111614998058257
-1.151439299123905	1.1004693772621852
-1.141426783479349	1.0900784132432881
-1.131414267834793	1.0815427146655432
-1.1214017521902377	1.0779551909063507
-1.1113892365456817	1.082903781941744
-1.1013767209011265	1.0974945790732524
-1.0913642052565704	1.1188238490522509
-1.0813516896120152	1.1416704475992945
-1.0713391739674591	1.1623122235240881
-1.061326658322903	1.1813241258654499
-1.0513141426783479	1.2025531662738511
-1.0413016270337918	1.2283774499389508
-1.0312891113892366	1.2551118112602409
-1.0212765957446805	1.2733461535842951
-1.0112640801001254	1.2739195840796518
-1.0012515644555693	1.2546025901452789
-0.9912390488110132	1.221773229182054
-0.981226533166458	1.1864424439273267
-0.971214017521902	1.1587851824841806
-0.9612015018773468	1.1450271145954458
-0.9511889862327907	1.1472201231220025
-0.9411764705882355	1.1643481310326413
-0.9311639549436794	1.1931580052916404
-0.9211514392991234	1.2280323089353453
-0.9111389236545682	1.260692542361059
-0.9011264080100121	1.2815769913422819
-0.8911138923654569	1.2836269422543316
-0.8811013767209008	1.266338578003013
-0.8710888610763456	1.2366073378190827
-0.8610763454317896	1.2052904870909475
-0.8510638297872335	1.1821537253135348
-0.8410513141426783	1.1726943437794555
-0.8310387984981222	1.1777403248460148
-0.821026282853567	1.194353403841176
-0.811013767209011	1.2169188166583182
-0.8010012515644558	1.2387626519780037
-0.7909887359198997	1.2545008323004359
-0.7809762202753436	1.2618208497803718
-0.7709637046307884	1.2612096088899671
-0.7609511889862324	1.2542909573798293
-0.7509386733416772	1.2431591818354968
-0.7409261576971211	1.2313975592839603
-0.7309136420525659	1.224187622109863
-0.7209011264080099	1.2252010530076796
-0.7108886107634538	1.2326257081802967
-0.7008760951188986	1.2394512131436788
-0.6908635794743425	1.2390547447183597
-0.6808510638297873	1.230690239189561
-0.6708385481852313	1.2192211999841034
-0.6608260325406761	1.2098315995365974
-0.65081351689612	1.2034630027876685
-0.6408010012515639	1.1970219135775537
-0.6307884856070087	1.1871600046165764
-0.6207759699624527	1.1735246519223712
-0.6107634543178975	1.158724841183682
-0.6007509386733414	1.1457991450094465
-0.5907384230287862	1.136476036385297
-0.5807259073842301	1.1325498436339414
-0.5707133917396741	1.1387156513307601
-0.5607008760951189	1.1624498660483804
-0.5506883604505628	1.2090658741958396
-0.5406758448060076	1.2759299196811211
-0.5306633291614515	1.3519970312526426
-0.5206508135168963	1.4241091860245993
-0.5106382978723403	1.4850612352621506
-0.5006257822277842	1.5372077229725243
-0.490613266583229	1.5898084293501498
-0.48060075093867294	1.6532774698314257
-0.47058823529411775	1.734706724625674
-0.4605757196495617	1.8364565643155961
-0.4505632040050065	1.956573005076067
-0.4405506883604504	2.0894333754219874
-0.43053817271589434	2.2267911537859946
-0.42052565707133915	2.360060611835026
-0.4105131414267831	2.4832374635434338
-0.4005006257822279	2.5947936935887372
-0.3904881101376718	2.6977677170855068
-0.38047559449311663	2.798213016968181
-0.37046307884856056	2.901781066898348
-0.3604505632040045	3.00868792473585
-0.3504380475594493	3.1101922667342947
-0.3404255319148932	3.1912771184935194
-0.33041301627033803	3.2399483583013233
-0.32040050062578196	3.2563628294621787
-0.3103879849812259	3.2537161990004173
-0.3003754693366707	3.250403635084744
-0.2903629536921146	3.2607541219081226
-0.28035043804755944	3.2903394801121184
-0.27033792240300336	3.3350008903534265
-0.2603254067584482	3.381228672030267
-0.2503128911138921	3.410160566128638
-0.24030037546933602	3.4076929521006236
-0.23028785982478084	3.3753381830614084
-0.22027534418022476	3.331240999095795
-0.21026282853566958	3.297492677109957
-0.2002503128911135	3.2826574988460973
-0.19023779724655832	3.274044549780655
-0.18022528160200224	3.24710378562695
-0.17021276595744617	3.1852214640750285
-0.16020025031289098	3.0939770990424202
-0.1501877346683349	2.9983235285582803
-0.14017521902377972	2.925707138844625
-0.13016270337922364	2.8890752049731847
-0.12015018773466846	2.8816908411399638
-0.11013767209011238	2.8850276383157283
-0.10012515644555631	2.8820572472143797
-0.09011264080100112	2.866275420631818
-0.08010012515644505	2.841105265787474
-0.07008760951188986	2.8117373661097993
-0.060075093867333784	2.7773356875592032
-0.0500625782227786	2.730973749877303
-0.04005006257822252	2.6673830802375704
-0.030037546933666448	2.5910222211154763
-0.02002503128911126	2.516451413707624
-0.010012515644555187	2.4600602191045087
0.0	2.4300234170589534
