-8.0	5.415194604734022
-7.989987484355444	5.444576135866114
-7.979974968710889	5.480622654548608
-7.969962453066333	5.519417026515725
-7.9599499374217775	5.558168661568968
-7.949937421777221	5.596046504898193
-7.939924906132666	5.634970225827671
-7.92991239048811	5.679262587707855
-7.919899874843554	5.732538000324897
-7.909887359198999	5.792970534369722
-7.899874843554443	5.851271998597426
-7.889862327909888	5.8951410333589775
-7.8798498122653315	5.918395323989404
-7.869837296620776	5.926834159537004
-7.85982478097622	5.933544234588135
-7.849812265331664	5.945703659486969
-7.839799749687109	5.9544302431947935
-7.829787234042553	5.938206152780755
-7.819774718397998	5.878726419195608
-7.809762202753442	5.776717148609624
-7.7997496871088865	5.654790807016999
-7.78973717146433	5.5447798784128235
-7.779724655819774	5.469064682497958
-7.769712140175219	5.429296757681085
-7.759699624530663	5.409211812354408
-7.749687108886108	5.387516146742081
-7.739674593241552	5.350809868459528
-7.729662077596997	5.298426667484881
-7.719649561952441	5.2380558410359885
-7.7096370463078845	5.177629968872459
-7.699624530663329	5.120407452519551
-7.689612015018773	5.065548535998148
-7.679599499374218	5.01062639878329
-7.669586983729662	4.951951350090403
-7.659574468085107	4.883632903163195
-7.649561952440551	4.799773037713596
-7.639549436795995	4.700657018342404
-7.629536921151439	4.597511427515382
-7.619524405506883	4.50969101765701
-7.609511889862328	4.454371792653273
-7.599499374217772	4.435363343012067
-7.589486858573217	4.438738409437232
-7.579474342928661	4.438743396280506
-7.569461827284105	4.411156870695514
-7.55944931163955	4.34630181756858
-7.5494367959949935	4.253640229785196
-7.539424280350438	4.155411407142065
-7.529411764705882	4.074076179610511
-7.519399249061326	4.021514632785511
-7.509386733416771	3.995707670637978
-7.499374217772215	3.9858723290871043
-7.48936170212766	3.981987009050909
-7.479349186483104	3.981430951882727
-7.4693366708385485	3.9875651694495304
-7.459324155193992	4.00243172354872
-7.449311639549437	4.021380464926127
-7.439299123904881	4.034987498472436
-7.429286608260325	4.035868726944521
-7.41927409261577	4.023465768750785
-7.409261576971214	4.002850086693922
-7.399249061326659	3.9800728253694184
-7.3892365456821025	3.959431703004155
-7.3792240300375465	3.9445666688817322
-7.369211514392991	3.9400579945069873
-7.359198998748435	3.9496406692576116
-7.34918648310388	3.9719314747997148
-7.339173967459324	3.9987541119162975
-7.329161451814769	4.019407926499631
-7.319148936170213	4.028099035735853
-7.3091364205256575	4.02789327618027
-7.299123904881101	4.027391134400296
-7.289111389236545	4.033158045958354
-7.27909887359199	4.044682878192244
-7.269086357947434	4.055623241356596
-7.259073842302879	4.059166872198208
-7.249061326658323	4.052821117548587
-7.239048811013767	4.03993436232786
-7.2290362953692116	4.027895678693571
-7.2190237797246555	4.02408318190867
-7.2090112640801	4.0314216265541605
-7.198998748435544	4.046158049199756
-7.188986232790989	4.059673654023601
-7.178973717146433	4.063600881829225
-7.168961201501878	4.054886708842676
-7.158948685857322	4.03689061661065
-7.148936170212766	4.015553840556607
-7.13892365456821	3.994325003040168
-7.128911138923654	3.972736315893245
-7.118898623279099	3.949317506100155
-7.108886107634543	3.925087369545125
-7.098873591989987	3.904417884323232
-7.088861076345432	3.89356738182229
-7.078848560700876	3.8984937696646247
-7.068836045056321	3.9222104140385
-7.0588235294117645	3.9614989436621877
-7.048811013767209	4.004824631578941
-7.038798498122653	4.034837378007314
-7.028785982478098	4.036018497712259
-7.018773466833542	4.002275302535437
-7.008760951188986	3.937809674378451
-6.998748435544431	3.851193914626389
-6.988735919899875	3.750055037124253
-6.9787234042553195	3.6420112247101035
-6.968710888610763	3.538389473458812
-6.958698372966207	3.453049780476634
-6.948685857321652	3.3949162965232795
-6.938673341677096	3.3611359078061653
-6.928660826032541	3.3379431027773108
-6.918648310387985	3.3090095658409773
-6.908635794743429	3.2647605258178416
-6.8986232790988735	3.2061255083482814
-6.888610763454318	3.1409076589346836
-6.878598247809762	3.076274693005989
-6.868585732165206	3.0135162310023107
-6.858573216520651	2.949211996317617
-6.848560700876095	2.881255920772644
-6.83854818523154	2.8138214879565644
-6.828535669586984	2.7568223526828985
-6.818523153942428	2.720641145737085
-6.808510638297872	2.7099778226811115
-6.798498122653316	2.719994429155394
-6.788485607008761	2.7365931221100994
-6.778473091364205	2.7417489685725447
-6.768460575719649	2.7223184197185097
-6.758448060075094	2.677254990164579
-6.748435544430539	2.6178846428279647
-6.7384230287859825	2.5606072605936334
-6.7284105131414265	2.517292598663052
-6.718397997496871	2.490262400839555
-6.708385481852315	2.474518875165451
-6.69837296620776	2.4638798989209274
-6.688360450563204	2.4558500260532967
-6.678347934918648	2.453408863713149
-6.668335419274093	2.4650043079204225
-6.658322903629537	2.5027877754472634
-6.648310387984981	2.5772853769137773
-6.638297872340425	2.689722751683749
-6.628285356695869	2.8281294440112563
-6.618272841051314	2.9720589834731963
-6.608260325406759	3.1029435373180094
-6.598247809762203	3.2119935777161666
-6.588235294117647	3.301217305844253
-6.578222778473092	3.3801356974507297
-6.5682102628285355	3.462173203729055
-6.55819774718398	3.5606551558432367
-6.548185231539424	3.683132916842848
-6.538172715894868	3.827290434103753
-6.528160200250313	3.9837737499712254
-6.518147684605757	4.144566991252704
-6.508135168961202	4.307868252896037
-6.498122653316646	4.473833673668941
-6.4881101376720896	4.637098451193772
-6.478097622027534	4.786064325081354
-6.468085106382979	4.909754755056337
-6.458072590738423	5.003460554784411
-6.448060075093867	5.067411533456146
-6.438047559449312	5.10282918841125
-6.428035043804756	5.111981571020182
-6.418022528160201	5.10116552723952
-6.4080100125156445	5.08037730020975
-6.397997496871088	5.058053734757127
-6.387984981226533	5.0361089162646016
-6.377972465581977	5.010345236115094
-6.367959949937422	4.975633050447553
-6.357947434292866	4.931020336983584
-6.34793491864831	4.880439635875133
-6.337922403003755	4.8287362078625495
-6.3279098873591995	4.776924942972051
-6.317897371714643	4.720899235757368
-6.307884856070087	4.653861883673227
-6.297872340425532	4.569415982603064
-6.287859824780976	4.463473145216674
-6.277847309136421	4.336106468531762
-6.267834793491865	4.193946253675088
-6.257822277847309	4.050331423857087
-6.2478097622027535	3.920276907986558
-6.2377972465581975	3.812422652335434
-6.227784730913642	3.7242285393625543
-6.217772215269086	3.644047725058577
-6.20775969962453	3.557777573208709
-6.197747183979975	3.4555298059515924
-6.18773466833542	3.33555336934101
-6.177722152690864	3.204228719152223
-6.167709637046308	3.0718980514152494
-6.157697121401752	2.946864016480253
-6.147684605757196	2.8320837883588683
-6.137672090112641	2.7268104562635944
-6.127659574468085	2.6303389793754484
-6.117647058823529	2.5432792744026114
-6.107634543178974	2.4654906433290127
-6.097622027534418	2.394268132304572
-6.0876095118898625	2.3259824692655
-6.0775969962453065	2.2594285676196386
-6.06758448060075	2.1962517149512815
-6.057571964956195	2.137784000308423
-6.04755944931164	2.083278669129917
-6.037546933667084	2.032739400714307
-6.027534418022528	1.9898491880067937
-6.017521902377973	1.9587665143828827
-6.007509386733417	1.9369409563248108
-5.997496871088861	1.9132465850661937
-5.987484355444305	1.875751010506035
-5.977471839799749	1.8219730122523177
-5.967459324155194	1.7610506552237277
-5.957446808510639	1.7058261308722895
-5.947434292866083	1.662939100023991
-5.937421777221527	1.6298316899985672
-5.927409261576971	1.5998312510773651
-5.9173967459324155	1.5691861234512574
-5.90738423028786	1.5396848898829323
-5.897371714643304	1.5158468180859748
-5.887359198998748	1.500381575724527
-5.877346683354192	1.491817970720462
-5.867334167709637	1.4855055955966605
-5.857321652065082	1.4768732087187766
-5.847309136420526	1.4646972964010374
-5.83729662077597	1.4519539477883339
-5.827284105131414	1.4433689583040974
-5.817271589486858	1.4414850385637645
-5.807259073842303	1.4441065443447443
-5.797246558197747	1.4445329494944603
-5.787234042553191	1.4344493115305657
-5.777221526908636	1.4084901010021076
-5.767209011264081	1.367939282037313
-5.7571964956195245	1.3203731022479834
-5.747183979974968	1.275203128331195
-5.737171464330412	1.2390771914518333
-5.727158948685857	1.2142680121097935
-5.717146433041302	1.1990359323290751
-5.707133917396746	1.1879553076011549
-5.69712140175219	1.1728260194639335
-5.687108886107635	1.1455730036163743
-5.677096370463079	1.1018519380960285
-5.667083854818523	1.0424067000913868
-5.657071339173967	0.9714527684075286
-5.647058823529411	0.8943770790799103
-5.637046307884856	0.8166791988456814
-5.627033792240301	0.7433671106547944
-5.617021276595745	0.6774564978557758
-5.607008760951189	0.6186504300560532
-5.596996245306633	0.5644718684540319
-5.5869837296620775	0.5135020621448677
-5.576971214017522	0.4673485323966484
-5.566958698372966	0.42904760912116
-5.55694618272841	0.39975764849288775
-5.546933667083855	0.3775044934899724
-5.536921151439299	0.35903159303328375
-5.526908635794744	0.34220065836568847
-5.516896120150188	0.32652378055702697
-5.5068836045056315	0.3124897130517368
-5.496871088861076	0.3016506004488608
-5.486858573216521	0.29739533964596254
-5.476846057571965	0.3044577966780246
-5.466833541927409	0.3264160488306898
-5.456821026282853	0.3630513793325083
-5.446808510638298	0.4100708255238692
-5.4367959949937426	0.46172127504974797
-5.4267834793491865	0.5145019553897566
-5.41677096370463	0.5695718102128231
-5.406758448060075	0.6324185429783012
-5.396745932415519	0.7097337019231307
-5.386733416770964	0.8048338827023476
-5.376720901126408	0.9141963907776098
-5.366708385481852	1.0274624687234406
-5.356695869837297	1.1308725030398468
-5.346683354192741	1.2117048183860912
-5.336670838548185	1.261706719223874
-5.326658322903629	1.279669071034788
-5.316645807259073	1.2734428100343198
-5.306633291614518	1.2594724478156762
-5.296620775969963	1.2574674517695013
-5.286608260325407	1.281534572249549
-5.276595744680851	1.3334928371147456
-5.2665832290362955	1.4037517619220634
-5.256570713391739	1.4791248775778782
-5.246558197747184	1.5506375748855874
-5.236545682102628	1.6145665770490323
-5.226533166458072	1.6672754407788333
-5.216520650813517	1.7013441914406802
-5.206508135168962	1.7090471634154147
-5.196495619524406	1.690577897044693
-5.18648310387985	1.658156151082347
-5.1764705882352935	1.6304514288915868
-5.166458072590738	1.6212581212912767
-5.156445556946183	1.6320608263009833
-5.146433041301627	1.6542541385607328
-5.136420525657071	1.6776311687643863
-5.126408010012516	1.696858059400169
-5.11639549436796	1.7114607897487943
-5.1063829787234045	1.7221691693175878
-5.0963704630788484	1.7289926244904437
-5.086357947434292	1.7324519877393734
-5.076345431789737	1.7348693059068385
-5.066332916145182	1.7390483780098234
-5.056320400500626	1.7457222044205551
-5.04630788485607	1.7530171568228623
-5.036295369211514	1.7584597789320073
-5.026282853566959	1.7607553506443032
-5.016270337922403	1.7592545263889037
-5.006257822277847	1.7523097650818071
-4.996245306633291	1.7369432113164833
-4.986232790988735	1.7105340812989651
-4.97622027534418	1.6734803593717622
-4.966207759699625	1.6311373932916122
-4.956195244055069	1.5929471841613505
-4.946182728410513	1.5676544824933578
-4.9361702127659575	1.5570833619222717
-4.926157697121402	1.5537475494529642
-4.916145181476846	1.545020893063902
-4.90613266583229	1.5206235852722436
-4.896120150187734	1.4776242464829201
-4.886107634543179	1.420362230589374
-4.876095118898624	1.3569251143149574
-4.866082603254068	1.294823480846107
-4.8560700876095115	1.2375804233938215
-4.8460575719649555	1.1836199500402151
-4.8360450563204	1.1282825472699258
-4.826032540675845	1.0676794999117745
-4.816020025031289	1.0013309688557694
-4.806007509386733	0.9317119954294838
-4.795994993742178	0.8618859101478193
-4.785982478097623	0.7938146196811238
-4.7759699624530665	0.7284601836066698
-4.76595744680851	0.6666539484388029
-4.755944931163954	0.6092386389495726
-4.745932415519399	0.5561355699205875
-4.735919899874844	0.5053833605362674
-4.725907384230288	0.4536829576688845
-4.715894868585732	0.39882199564092585
-4.705882352941176	0.34208195963816956
-4.6958698372966206	0.2879447699500593
-4.685857321652065	0.24089639863259862
-4.675844806007509	0.20235896958907945
-4.665832290362953	0.17060914492813387
-4.655819774718398	0.14316198387922952
-4.645807259073843	0.11883805693034581
-4.635794743429287	0.09785500902775819
-4.625782227784731	0.08063946877569209
-4.615769712140175	0.06693502562222065
-4.605757196495619	0.05598403120996609
-4.595744680851064	0.04733276862226557
-4.585732165206508	0.04119583640861227
-4.575719649561952	0.03781355858189716
-4.565707133917396	0.03644420564346144
-4.555694618272841	0.0352151681658146
-4.545682102628286	0.03219543599595304
-4.53566958698373	0.026704256274374064
-4.5256570713391735	0.019640943048480228
-4.515644555694618	0.012673703132525095
-4.505632040050063	0.007140772818996803
-4.495619524405507	0.0035046696033938507
-4.485607008760951	0.0014956823476936104
-4.475594493116395	0.0005540173221801166
-4.46558197747184	0.00017774568352814995
-4.4555694618272845	4.928284805696826e-05
-4.4455569461827285	1.1782442484171223e-05
-4.435544430538172	2.42377141900064e-06
-4.425531914893616	4.281857619790722e-07
-4.415519399249061	6.485424357803367e-08
-4.405506883604506	8.410259127733618e-09
-4.39549436795995	9.327280601525031e-10
-4.385481852315394	8.838591087138925e-11
-4.375469336670839	7.1512796011913674e-12
-4.365456821026283	4.937595382968909e-13
-4.355444305381727	2.907978044416648e-14
-4.345431789737171	1.4603824860250861e-15
-4.335419274092615	6.252182455697087e-17
-4.32540675844806	2.2814027396036405e-18
-4.315394242803505	7.094362704199442e-20
-4.305381727158949	1.879823755236296e-21
-4.295369211514393	4.244007390877532e-23
-4.285356695869837	8.163234202191724e-25
-4.275344180225281	1.3376859801201794e-26
-4.265331664580726	1.8673929394529925e-28
-4.25531914893617	2.2207240928765467e-30
-4.245306633291614	2.2496841782990622e-32
-4.235294117647059	1.941375358389539e-34
-4.225281602002504	1.4270958272106572e-36
-4.215269086357948	8.936107216624344e-39
-4.2052565707133915	4.766418176650631e-41
-4.1952440550688355	2.1656193194672966e-43
-4.18523153942428	8.381399190703891e-46
-4.175219023779725	2.763083594821869e-48
-4.165206508135169	7.759140079520255e-51
-4.155193992490613	1.855984971829447e-53
-4.145181476846057	3.7816037886889844e-56
-4.135168961201502	6.563233454326514e-59
-4.1251564455569465	9.702856298694942e-62
-4.11514392991239	1.2218587609898074e-64
-4.105131414267834	1.3106353551104018e-67
-4.095118898623279	1.1975180436534764e-70
-4.085106382978723	9.320118921564865e-74
-4.075093867334168	6.178740511101591e-77
-4.065081351689612	3.489132869383536e-80
-4.055068836045056	1.6783172507024368e-83
-4.045056320400501	6.876533604659843e-87
-4.035043804755945	2.3999600502699213e-90
-4.025031289111389	7.134727079115938e-94
-4.015018773466833	1.806714833079036e-97
-4.005006257822277	3.897092688981852e-101
-3.994993742177722	7.160291952445817e-105
-3.9849812265331668	1.1206231463006546e-108
-3.9749687108886107	1.4939198695954832e-112
-3.9649561952440546	1.696421903742978e-116
-3.9549436795994994	1.640889320615737e-120
-3.9449311639549434	1.3519590976798507e-124
-3.934918648310388	9.488261854299474e-129
-3.924906132665832	5.702629818212167e-133
-3.914893617021277	5.549511200425151e-131
-3.904881101376721	8.610023165286891e-127
-3.8948685857321648	1.137870851754757e-122
-3.8848560700876096	1.2809154495402625e-118
-3.8748435544430535	1.2282500601379712e-114
-3.8648310387984983	1.003210255418757e-110
-3.8548185231539422	6.979687380062771e-107
-3.844806007509387	4.136364648422741e-103
-3.834793491864831	2.0880481218095313e-99
-3.824780976220275	8.978442956242532e-96
-3.8147684605757197	3.288519269381567e-92
-3.8047559449311636	1.0259792869418715e-88
-3.7947434292866085	2.726563609296805e-85
-3.7847309136420524	6.17207953371024e-82
-3.774718397997497	1.1901076103321346e-78
-3.764705882352941	1.9546985455192852e-75
-3.754693366708385	2.734715713587438e-72
-3.74468085106383	3.2589929516555684e-69
-3.734668335419274	3.3082132379127065e-66
-3.7246558197747186	2.860503002464107e-63
-3.7146433041301625	2.1068332297036798e-60
-3.7046307884856065	1.3217726159445393e-57
-3.6946182728410513	7.063536267425603e-55
-3.684605757196495	3.2153366254447165e-52
-3.67459324155194	1.2467218028306496e-49
-3.664580725907384	4.1176696410666913e-47
-3.6545682102628287	1.1584366396383246e-44
-3.6445556946182727	2.776079562329977e-42
-3.6345431789737166	5.6667019589023125e-40
-3.6245306633291614	9.852981631628982e-38
-3.6145181476846053	1.4592974182492775e-35
-3.60450563204005	1.8410212216959215e-33
-3.594493116395494	1.9783932221849443e-31
-3.584480600750939	1.810945070944462e-29
-3.574468085106383	1.4120067832646402e-27
-3.5644555694618267	9.377933211661009e-26
-3.5544430538172715	5.3053781102951585e-24
-3.5444305381727155	2.556609580164848e-22
-3.5344180225281603	1.0494249102066642e-20
-3.524405506883604	3.66924954945406e-19
-3.514392991239049	1.0928036134100408e-17
-3.504380475594493	2.7723375667494737e-16
-3.494367959949937	5.990863624804671e-15
-3.4843554443053817	1.1027383831638295e-13
-3.4743429286608256	1.7290040134839046e-12
-3.4643304130162704	2.3091984465227918e-11
-3.4543178973717144	2.6270636022461374e-10
-3.444305381727159	2.5458229243895352e-09
-3.434292866082603	2.1015592713426023e-08
-3.424280350438047	1.4778303750919237e-07
-3.414267834793492	8.853228168821029e-07
-3.4042553191489358	4.518739554744142e-06
-3.3942428035043806	1.9654042779459573e-05
-3.3842302878598245	7.28703391298673e-05
-3.3742177722152693	0.00023045037407157769
-3.3642052565707132	0.0006223144344490129
-3.354192740926157	0.0014378607235919726
-3.344180225281602	0.002852825562037028
-3.334167709637046	0.0048925003479926635
-3.3241551939924907	0.007337178017966121
-3.3141426783479346	0.009813948674657168
-3.3041301627033794	0.012072536027484084
-3.2941176470588234	0.014217477532535874
-3.2841051314142673	0.01665849161551182
-3.274092615769712	0.019815913443625353
-3.264080100125156	0.02386205195700736
-3.254067584480601	0.028717678450144613
-3.2440550688360448	0.034271526542847874
-3.2340425531914896	0.04061521117009504
-3.2240300375469335	0.04808916690277389
-3.2140175219023774	0.057087488248591944
-3.2040050062578223	0.067788430089619
-3.193992490613266	0.08010645286082443
-3.183979974968711	0.09402496972142708
-3.173967459324155	0.1100683832477635
-3.1639549436795997	0.12937992046517807
-3.1539424280350437	0.1531535690698817
-3.1439299123904876	0.1818383553950299
-3.1339173967459324	0.21476819747863518
-3.1239048811013763	0.2504066567648219
-3.113892365456821	0.28698748981641564
-3.103879849812265	0.3234491775365652
-3.09386733416771	0.3605679699034129
-3.083854818523154	0.40160201932554473
-3.0738423028785977	0.45139990776819366
-3.0638297872340425	0.5138613498550335
-3.0538172715894865	0.58934292424454
-3.0438047559449313	0.674158224527931
-3.033792240300375	0.762680661570646
-3.02377972465582	0.8502119326312441
-3.013767209011264	0.9343643203438404
-3.003754693366708	1.01469423672474
-2.9937421777221527	1.0921593088130181
-2.9837296620775966	1.169285666106786
-2.9737171464330414	1.249865379127864
-2.9637046307884853	1.3369424097687141
-2.95369211514393	1.430508435978332
-2.943679599499374	1.527766819541226
-2.933667083854818	1.6258430080462605
-2.923654568210263	1.7231357582590372
-2.9136420525657067	1.8172844538486272
-2.9036295369211516	1.9032582179206732
-2.8936170212765955	1.9759994203401916
-2.8836045056320403	2.036039412934537
-2.873591989987484	2.0913482484168244
-2.863579474342928	2.1516961188002806
-2.853566958698373	2.2201747251442807
-2.843554443053817	2.2904852725435707
-2.8335419274092617	2.3528151640495674
-2.8235294117647056	2.4017561566639616
-2.8135168961201504	2.437941241620641
-2.8035043804755944	2.462945483709472
-2.7934918648310383	2.4744397188839122
-2.783479349186483	2.467087184453248
-2.773466833541927	2.437794623440573
-2.763454317897372	2.3901195194340437
-2.7534418022528158	2.334092680989767
-2.7434292866082606	2.281416326099177
-2.7334167709637045	2.239503914428841
-2.7234042553191484	2.2089604130518516
-2.7133917396745932	2.1857686798687666
-2.703379224030037	2.16445824742053
-2.693366708385482	2.13848382943191
-2.683354192740926	2.0992995090809314
-2.6733416770963707	2.0382966974831773
-2.6633291614518146	1.9517301761913872
-2.6533166458072586	1.8441252771148808
-2.6433041301627034	1.726965277336739
-2.6332916145181473	1.6140525111962163
-2.623279098873592	1.5164973027639326
-2.613266583229036	1.4386461586256805
-2.603254067584481	1.375824432650554
-2.593241551939925	1.3159953632187016
-2.5832290362953687	1.2462520980839016
-2.5732165206508135	1.1606601563710377
-2.5632040050062574	1.0634803093910596
-2.5531914893617023	0.9651912949411773
-2.543178973717146	0.8749138867082545
-2.533166458072591	0.7953994063253722
-2.523153942428035	0.7235795957172372
-2.513141426783479	0.6546993584901446
-2.5031289111389237	0.5860683803796063
-2.4931163954943676	0.5182324818547452
-2.4831038798498124	0.454052273496625
-2.4730913642052563	0.3971710194894226
-2.463078848560701	0.35061557801523524
-2.453066332916145	0.3155101858600112
-2.443053817271589	0.29017100633766413
-2.433041301627034	0.27038916639648763
-2.4230287859824777	0.2511698329115529
-2.4130162703379225	0.22888896589783939
-2.4030037546933665	0.2024141977348195
-2.3929912390488113	0.1727557857426036
-2.382978723404255	0.1419666803271355
-2.372966207759699	0.11214924366217312
-2.362953692115144	0.084907555320377
-2.352941176470588	0.06121993111001042
-2.3429286608260327	0.04159006001892803
-2.3329161451814766	0.02624376302037601
-2.3229036295369214	0.015166089989379319
-2.3128911138923653	0.00801531272864029
-2.3028785982478093	0.004133321348022278
-2.292866082603254	0.0027453855863322635
-2.282853566958698	0.003192019747915432
-2.272841051314143	0.005006024526658438
-2.2628285356695867	0.007862289444874179
-2.2528160200250316	0.01158363264298748
-2.2428035043804755	0.01624851375394674
-2.2327909887359194	0.022181682584002264
-2.2227784730913642	0.029644117426268584
-2.212765957446808	0.03846787826538154
-2.202753441802253	0.04816812309573939
-2.192740926157697	0.05867115773447052
-2.1827284105131417	0.0710062262595522
-2.1727158948685856	0.08702814267297519
-2.1627033792240296	0.10798140213095057
-2.1526908635794744	0.13295237317508643
-2.1426783479349183	0.15875794026106538
-2.132665832290363	0.18181121826383922
-2.122653316645807	0.20072745371209078
-2.112640801001252	0.21772511471885414
-2.1026282853566958	0.23809237202051706
-2.0926157697121397	0.2686622361795211
-2.0826032540675845	0.3162963072148863
-2.0725907384230284	0.38603237568078114
-2.0625782227784732	0.4782217922451689
-2.052565707133917	0.5859080893939718
-2.042553191489362	0.6956944874081419
-2.032540675844806	0.793978053185129
-2.02252816020025	0.8755751795572979
-2.0125156445556946	0.9480718371639714
-2.0025031289111386	1.0274492768489671
-1.9924906132665834	1.1275019498191974
-1.9824780976220273	1.25080783039007
-1.9724655819774712	1.3877357826899706
-1.962453066332916	1.5236718922623207
-1.95244055068836	1.6486310117903709
-1.9424280350438048	1.7619593854808981
-1.9324155193992487	1.8689092094855642
-1.9224030037546935	1.9728320780997606
-1.9123904881101375	2.0709887721936986
-1.9023779724655814	2.158754673804841
-1.8923654568210262	2.2381029617094437
-1.8823529411764701	2.3204771542784215
-1.872340425531915	2.418949431201643
-1.8623279098873589	2.536225832446685
-1.8523153942428037	2.660574450973167
-1.8423028785982476	2.773771510705164
-1.8322903629536915	2.862722249785763
-1.8222778473091363	2.9242001276747827
-1.8122653316645803	2.961038721666633
-1.802252816020025	2.975708100764448
-1.792240300375469	2.9665575860032134
-1.7822277847309138	2.928262544588594
-1.7722152690863577	2.856146746454861
-1.7622027534418017	2.7522210781575387
-1.7521902377972465	2.628274331489215
-1.7421777221526904	2.502312956778914
-1.7321652065081352	2.3901422703371056
-1.7221526908635791	2.298246498323722
-1.712140175219024	2.2226301851858796
-1.7021276595744679	2.153092049834387
-1.6921151439299118	2.0788395975318066
-1.6821026282853566	1.9920131187290717
-1.6720901126408005	1.8889543900620582
-1.6620775969962454	1.770994739272357
-1.6520650813516893	1.644945003795902
-1.642052565707134	1.521186890844402
-1.632040050062578	1.4087529765845785
-1.622027534418022	1.3108424417317135
-1.6120150187734668	1.2248241571143084
-1.6020025031289107	1.1462540732124458
-1.5919899874843555	1.0724603166305493
-1.5819774718397994	1.0027162859150471
-1.5719649561952442	0.9364967712422505
-1.5619524405506882	0.87312709720202
-1.551939924906132	0.8137008801295569
-1.541927409261577	0.7628053135663164
-1.5319148936170208	0.7271900033979312
-1.5219023779724656	0.7115691285384782
-1.5118898623279096	0.715034690380617
-1.5018773466833544	0.7313854706346552
-1.4918648310387983	0.7531954288316722
-1.4818523153942422	0.7764451725083169
-1.471839799749687	0.8025927638002771
-1.461827284105131	0.8370698616259749
-1.4518147684605758	0.8853577770139353
-1.4418022528160197	0.9490580551159802
-1.4317897371714645	1.0241848924837273
-1.4217772215269084	1.1022967590687802
-1.4117647058823524	1.173463727458906
-1.4017521902377972	1.229763743736663
-1.391739674593241	1.2683400838381476
-1.381727158948686	1.2928254981998173
-1.3717146433041298	1.3118310292767181
-1.3617021276595747	1.3345835213874937
-1.3516896120150186	1.3660907157812578
-1.3416770963704625	1.4051521031844165
-1.3316645807259073	1.4465854440656472
-1.3216520650813512	1.4855010770624393
-1.311639549436796	1.520054520487297
-1.30162703379224	1.5514693471963634
-1.2916145181476848	1.582788526054327
-1.2816020025031287	1.6173487182188613
-1.2715894868585726	1.6564903549619683
-1.2615769712140175	1.6970576993723439
-1.2515644555694614	1.7313059091980643
-1.2415519399249062	1.7507979094862314
-1.2315394242803501	1.7518247849603028
-1.221526908635795	1.7376076624353516
-1.2115143929912389	1.715315287710913
-1.2015018773466828	1.690926115874926
-1.1914893617021276	1.6664785220089926
-1.1814768460575715	1.641155385536329
-1.1714643304130163	1.614425155155464
-1.1614518147684603	1.589002674554578
-1.151439299123905	1.5716659647107518
-1.141426783479349	1.5700214199772582
-1.131414267834793	1.585949889911964
-1.1214017521902377	1.6111183226371208
-1.1113892365456817	1.6301561248636438
-1.1013767209011265	1.6302795359531765
-1.0913642052565704	1.6094831398738645
-1.0813516896120152	1.5766988045411774
-1.0713391739674591	1.5446757159755344
-1.061326658322903	1.5217713716402959
-1.0513141426783479	1.5083100323980372
-1.0413016270337918	1.4989309544827383
-1.0312891113892366	1.4882914911977596
-1.0212765957446805	1.475829933173503
-1.0112640801001254	1.466439222678382
-1.0012515644555693	1.4668207385272338
-0.9912390488110132	1.4801770628430078
-0.981226533166458	1.5031118386107767
-0.971214017521902	1.5271659101750186
-0.9612015018773468	1.5439375065368413
-0.9511889862327907	1.549869474158285
-0.9411764705882355	1.5471646301280928
-0.9311639549436794	1.5406088591448088
-0.9211514392991234	1.533398063749691
-0.9111389236545682	1.5256704819043208
-0.9011264080100121	1.5167939209913117
-0.8911138923654569	1.5085822040339796
-0.8811013767209008	1.5053195146322669
-0.8710888610763456	1.509872904206382
-0.8610763454317896	1.5200785904724985
-0.8510638297872335	1.5299771025481208
-0.8410513141426783	1.5351294083754319
-0.8310387984981222	1.5363701185077736
-0.821026282853567	1.538130725701806
-0.811013767209011	1.54383653369912
-0.8010012515644558	1.554038720900073
-0.7909887359198997	1.5692945849581672
-0.7809762202753436	1.5939139160347564
-0.7709637046307884	1.6352433585138775
-0.7609511889862324	1.6977945494230438
-0.7509386733416772	1.7775447776753976
-0.7409261576971211	1.862653505911008
-0.7309136420525659	1.941052050162119
-0.7209011264080099	2.008688395849998
-0.7108886107634538	2.071689125768855
-0.7008760951188986	2.141333965808044
-0.6908635794743425	2.2261974777061853
-0.6808510638297873	2.32676783022763
-0.6708385481852313	2.4356215550164118
-0.6608260325406761	2.543109758372248
-0.65081351689612	2.6447359049371304
-0.6408010012515639	2.74384582916431
-0.6307884856070087	2.8462731263457215
-0.6207759699624527	2.9516754345405376
-0.6107634543178975	3.050906473192096
-0.6007509386733414	3.133429236075667
-0.5907384230287862	3.198567919031667
-0.5807259073842301	3.2599540346521545
-0.5707133917396741	3.337986117025005
-0.5607008760951189	3.445550956367625
-0.5506883604505628	3.5787659351422216
-0.5406758448060076	3.720479505496322
-0.5306633291614515	3.8522990054658703
-0.5206508135168963	3.963482209308304
-0.5106382978723403	4.050916224206448
-0.5006257822277842	4.115718973893967
-0.490613266583229	4.163596166270461
-0.48060075093867294	4.206877666541461
-0.47058823529411775	4.260746730301384
-0.4605757196495617	4.333487808843452
-0.4505632040050065	4.420522812943489
-0.4405506883604504	4.509726317376542
-0.43053817271589434	4.592754848366264
-0.42052565707133915	4.6702589949505295
-0.4105131414267831	4.7466876017891355
-0.4005006257822279	4.822695214977392
-0.3904881101376718	4.894487583904673
-0.38047559449311663	4.959194351937919
-0.37046307884856056	5.01784691715583
-0.3604505632040045	5.072275406810901
-0.3504380475594493	5.121423884141538
-0.3404255319148932	5.163097908674225
-0.33041301627033803	5.19896139364512
-0.32040050062578196	5.235372670737246
-0.3103879849812259	5.277353509312646
-0.3003754693366707	5.32172228462874
-0.2903629536921146	5.357365435895634
-0.28035043804755944	5.372999114355898
-0.27033792240300336	5.364651251540768
-0.2603254067584482	5.3364733340329895
-0.2503128911138921	5.296992788772544
-0.24030037546933602	5.256892928145625
-0.23028785982478084	5.229320369640706
-0.22027534418022476	5.2280497974639895
-0.21026282853566958	5.2612523709013335
-0.2002503128911135	5.32570506711069
-0.19023779724655832	5.407794973140869
-0.18022528160200224	5.490962724070702
-0.17021276595744617	5.562780163597775
-0.16020025031289098	5.616517686086908
-0.1501877346683349	5.648877141005346
-0.14017521902377972	5.6589384337977515
-0.13016270337922364	5.650313478257874
-0.12015018773466846	5.633554982720649
-0.11013767209011238	5.6244300096133495
-0.10012515644555631	5.637027651637316
-0.09011264080100112	5.675799599027707
-0.08010012515644505	5.732672257780036
-0.07008760951188986	5.791887805228861
-0.060075093867333784	5.839214466110161
-0.0500625782227786	5.869199296734646
-0.04005006257822252	5.886287245751801
-0.030037546933666448	5.9000333442670305
-0.02002503128911126	5.9179627231980545
-0.010012515644555187	5.9409039227885865
0.0	5.96418290141553
