-8.0	2.85502886509032
-7.989987484355444	2.8571359772778724
-7.979974968710889	2.8986548187944274
-7.969962453066333	2.9611597330295947
-7.9599499374217775	3.021329097511804
-7.949937421777221	3.058985696398762
-7.939924906132666	3.0642603911045225
-7.92991239048811	3.0408834323506233
-7.919899874843554	3.004320585594022
-7.909887359198999	2.9753069255316227
-7.899874843554443	2.9711706085274856
-7.889862327909888	2.9985921394318673
-7.8798498122653315	3.051338925855752
-7.869837296620776	3.1144929591267716
-7.85982478097622	3.172689300718855
-7.849812265331664	3.2165611721193645
-7.839799749687109	3.2434026231278974
-7.829787234042553	3.2543827338931672
-7.819774718397998	3.2539055661989145
-7.809762202753442	3.2521996281668972
-7.7997496871088865	3.265734590446451
-7.78973717146433	3.3106221649988807
-7.779724655819774	3.391992714316647
-7.769712140175219	3.498628598534632
-7.759699624530663	3.6092618602539073
-7.749687108886108	3.7065802222437734
-7.739674593241552	3.7870941027031657
-7.729662077596997	3.858481956405559
-7.719649561952441	3.928171448311219
-7.7096370463078845	3.9948344603443933
-7.699624530663329	4.050054506071689
-7.689612015018773	4.087027075353116
-7.679599499374218	4.108379428580896
-7.669586983729662	4.12837754013616
-7.659574468085107	4.169071644254622
-7.649561952440551	4.251207216424932
-7.639549436795995	4.382391296963111
-7.629536921151439	4.549074673648944
-7.619524405506883	4.719608969905823
-7.609511889862328	4.858254761322914
-7.599499374217772	4.941000712528594
-7.589486858573217	4.963694885361643
-7.579474342928661	4.940813879710319
-7.569461827284105	4.899010838844259
-7.55944931163955	4.868248775079471
-7.5494367959949935	4.870847910875475
-7.539424280350438	4.911648457064805
-7.529411764705882	4.976693785874574
-7.519399249061326	5.044161023308364
-7.509386733416771	5.100218749527258
-7.499374217772215	5.146615368228289
-7.48936170212766	5.1945102886270815
-7.479349186483104	5.252168257783146
-7.4693366708385485	5.318004401433486
-7.459324155193992	5.382704176949946
-7.449311639549437	5.435527718612962
-7.439299123904881	5.46881501462215
-7.429286608260325	5.478875119050717
-7.41927409261577	5.465012721196456
-7.409261576971214	5.429280422259729
-7.399249061326659	5.377999409012924
-7.3892365456821025	5.323081689212163
-7.3792240300375465	5.27963501770436
-7.369211514392991	5.259214681097319
-7.359198998748435	5.263185568616886
-7.34918648310388	5.2818558671073985
-7.339173967459324	5.300420449540288
-7.329161451814769	5.307306056805969
-7.319148936170213	5.299358589264147
-7.3091364205256575	5.281078423662613
-7.299123904881101	5.258769965944625
-7.289111389236545	5.233643997618539
-7.27909887359199	5.199542386772987
-7.269086357947434	5.14842245412947
-7.259073842302879	5.079728823637824
-7.249061326658323	5.004539978529202
-7.239048811013767	4.939256397529738
-7.2290362953692116	4.893993866541366
-7.2190237797246555	4.866069183573889
-7.2090112640801	4.843310135571834
-7.198998748435544	4.812903247037141
-7.188986232790989	4.768484145955025
-7.178973717146433	4.711409223703717
-7.168961201501878	4.646735154399642
-7.158948685857322	4.577717869123386
-7.148936170212766	4.503457035412922
-7.13892365456821	4.421438932639928
-7.128911138923654	4.332176772005344
-7.118898623279099	4.241777225940667
-7.108886107634543	4.161007677188557
-7.098873591989987	4.101872711400788
-7.088861076345432	4.072581905109776
-7.078848560700876	4.07204080639797
-7.068836045056321	4.087111507005314
-7.0588235294117645	4.096446437496791
-7.048811013767209	4.080785494073065
-7.038798498122653	4.03359160106866
-7.028785982478098	3.9637666673151504
-7.018773466833542	3.8878039327936667
-7.008760951188986	3.8181784957823277
-6.998748435544431	3.7581719535503817
-6.988735919899875	3.7061367088607398
-6.9787234042553195	3.662273943691434
-6.968710888610763	3.629573149247278
-6.958698372966207	3.6084482826351945
-6.948685857321652	3.59197545029712
-6.938673341677096	3.5675228420555043
-6.928660826032541	3.5234717479293405
-6.918648310387985	3.455247712038872
-6.908635794743429	3.3670583226025075
-6.8986232790988735	3.270115878005588
-6.888610763454318	3.1791049001546603
-6.878598247809762	3.107270088826321
-6.868585732165206	3.0608944827785742
-6.858573216520651	3.0357683923811876
-6.848560700876095	3.0182889462396294
-6.83854818523154	2.9916580565953446
-6.828535669586984	2.9447914651079414
-6.818523153942428	2.8789922613780115
-6.808510638297872	2.8073225389180707
-6.798498122653316	2.7463064258515293
-6.788485607008761	2.7063024159915985
-6.778473091364205	2.688216516505834
-6.768460575719649	2.687554712206864
-6.758448060075094	2.6993062105309287
-6.748435544430539	2.7177439498114526
-6.7384230287859825	2.733043310246365
-6.7284105131414265	2.7316071316512023
-6.718397997496871	2.702716970498949
-6.708385481852315	2.645980244635943
-6.69837296620776	2.572144746005328
-6.688360450563204	2.496362785710732
-6.678347934918648	2.4299974543185416
-6.668335419274093	2.377096806746624
-6.658322903629537	2.3363319420535933
-6.648310387984981	2.3050986612017055
-6.638297872340425	2.2822958399391657
-6.628285356695869	2.2682306867907984
-6.618272841051314	2.2626198998486107
-6.608260325406759	2.2634615378150116
-6.598247809762203	2.268412943800686
-6.588235294117647	2.2767907346916534
-6.578222778473092	2.289031104438143
-6.5682102628285355	2.3036914772693966
-6.55819774718398	2.315746108532244
-6.548185231539424	2.319012596522929
-6.538172715894868	2.310882068228812
-6.528160200250313	2.294719197558703
-6.518147684605757	2.2777775905796394
-6.508135168961202	2.267186485529912
-6.498122653316646	2.267666424632998
-6.4881101376720896	2.2812584505112774
-6.478097622027534	2.3068906096760156
-6.468085106382979	2.3396138663015145
-6.458072590738423	2.3719558280266533
-6.448060075093867	2.398031972972021
-6.438047559449312	2.416973327441682
-6.428035043804756	2.4320626365754823
-6.418022528160201	2.446505829000637
-6.4080100125156445	2.4603885438273116
-6.397997496871088	2.4718333994498187
-6.387984981226533	2.4806933873230324
-6.377972465581977	2.490531846363753
-6.367959949937422	2.506583330205616
-6.357947434292866	2.5312182066607543
-6.34793491864831	2.560355702276723
-6.337922403003755	2.5837215392815724
-6.3279098873591995	2.5898993990169927
-6.317897371714643	2.573879817292336
-6.307884856070087	2.541917386512084
-6.297872340425532	2.5096979283847376
-6.287859824780976	2.4949005907303845
-6.277847309136421	2.5088565579397275
-6.267834793491865	2.5513763298506174
-6.257822277847309	2.61065314188533
-6.2478097622027535	2.6683653443939006
-6.2377972465581975	2.7077288542297784
-6.227784730913642	2.720274433342513
-6.217772215269086	2.7081910305276096
-6.20775969962453	2.682282825787808
-6.197747183979975	2.657489619818359
-6.18773466833542	2.647791633869878
-6.177722152690864	2.6618307198549678
-6.167709637046308	2.7002118149338887
-6.157697121401752	2.7549701127555846
-6.147684605757196	2.811750815978073
-6.137672090112641	2.855291233463998
-6.127659574468085	2.8766107543721513
-6.117647058823529	2.877086289594053
-6.107634543178974	2.865648949040047
-6.097622027534418	2.8514047375487843
-6.0876095118898625	2.837896833116101
-6.0775969962453065	2.8225917665883924
-6.06758448060075	2.8006843630940628
-6.057571964956195	2.7706378678846644
-6.04755944931164	2.73823455714337
-6.037546933667084	2.7153539532829174
-6.027534418022528	2.71279368397035
-6.017521902377973	2.732596001654977
-6.007509386733417	2.7667280768458338
-5.997496871088861	2.802404354646575
-5.987484355444305	2.8280240584975314
-5.977471839799749	2.835383338200693
-5.967459324155194	2.8196659297926936
-5.957446808510639	2.78064253783424
-5.947434292866083	2.725570534996495
-5.937421777221527	2.670718915173804
-5.927409261576971	2.637435510142168
-5.9173967459324155	2.642014410070469
-5.90738423028786	2.6852355452983625
-5.897371714643304	2.750615165868987
-5.887359198998748	2.8143150770633754
-5.877346683354192	2.859144223478879
-5.867334167709637	2.8814718043329757
-5.857321652065082	2.887105226606373
-5.847309136420526	2.882446427517503
-5.83729662077597	2.8700447957975
-5.827284105131414	2.8508420124620906
-5.817271589486858	2.827372640416436
-5.807259073842303	2.802604443112486
-5.797246558197747	2.7766729916617505
-5.787234042553191	2.747401683948215
-5.777221526908636	2.7147833300847517
-5.767209011264081	2.683019214284433
-5.7571964956195245	2.656454492467326
-5.747183979974968	2.63441002864254
-5.737171464330412	2.612035877581275
-5.727158948685857	2.586527316197699
-5.717146433041302	2.5610637249027857
-5.707133917396746	2.541902099964408
-5.69712140175219	2.532272411959638
-5.687108886107635	2.529396503700135
-5.677096370463079	2.5264443431492305
-5.667083854818523	2.5165902794226405
-5.657071339173967	2.4961916100320876
-5.647058823529411	2.466348869526466
-5.637046307884856	2.4329273520379333
-5.627033792240301	2.404322954997886
-5.617021276595745	2.3866634960097604
-5.607008760951189	2.379008700310586
-5.596996245306633	2.3732427775445486
-5.5869837296620775	2.3603327863324908
-5.576971214017522	2.337831148111923
-5.566958698372966	2.31089362696787
-5.55694618272841	2.285371665043782
-5.546933667083855	2.2602520182581882
-5.536921151439299	2.2275689794251776
-5.526908635794744	2.180054750213275
-5.516896120150188	2.119092449084935
-5.5068836045056315	2.055390569764783
-5.496871088861076	2.0014702670216966
-5.486858573216521	1.9622302483402623
-5.476846057571965	1.9312448268099618
-5.466833541927409	1.8950316252285295
-5.456821026282853	1.8410319486682765
-5.446808510638298	1.7638034554129216
-5.4367959949937426	1.6673289218344163
-5.4267834793491865	1.563988288151255
-5.41677096370463	1.4706238637576203
-5.406758448060075	1.402066137946771
-5.396745932415519	1.3642794432862941
-5.386733416770964	1.3509691732070264
-5.376720901126408	1.3464153429364203
-5.366708385481852	1.3333345750133148
-5.356695869837297	1.3006323023085444
-5.346683354192741	1.2460071146164888
-5.336670838548185	1.173222302157076
-5.326658322903629	1.088414371505926
-5.316645807259073	0.9987779690787649
-5.306633291614518	0.912397435999498
-5.296620775969963	0.8365167539752406
-5.286608260325407	0.7746219907775647
-5.276595744680851	0.7252150290423778
-5.2665832290362955	0.6836105046149956
-5.256570713391739	0.6450822303622328
-5.246558197747184	0.6070068350515649
-5.236545682102628	0.5691681367253665
-5.226533166458072	0.5326960938214731
-5.216520650813517	0.4985052522360263
-5.206508135168962	0.4663187270423366
-5.196495619524406	0.4351476626991374
-5.18648310387985	0.40478047458547545
-5.1764705882352935	0.37658168728887176
-5.166458072590738	0.35250418373096964
-5.156445556946183	0.33316703135619913
-5.146433041301627	0.3168668680062819
-5.136420525657071	0.3005000205403239
-5.126408010012516	0.2816683355645737
-5.11639549436796	0.26022305680375474
-5.1063829787234045	0.2379391386772671
-5.0963704630788484	0.21664152195982841
-5.086357947434292	0.1965377397967469
-5.076345431789737	0.17630002630790131
-5.066332916145182	0.15473231338484858
-5.056320400500626	0.132349668669336
-5.04630788485607	0.11132324698688892
-5.036295369211514	0.09381578424694702
-5.026282853566959	0.08024499798400746
-5.016270337922403	0.06904389614455711
-5.006257822277847	0.05803794533511281
-4.996245306633291	0.04610682610993523
-4.986232790988735	0.0337620483724046
-4.97622027534418	0.022469291723828118
-4.966207759699625	0.013576621387943466
-4.956195244055069	0.007697510149459769
-4.946182728410513	0.004729095100224626
-4.9361702127659575	0.004170290394050677
-4.926157697121402	0.005369169889130251
-4.916145181476846	0.007595134449538956
-4.90613266583229	0.01006739018494968
-4.896120150187734	0.012065088568924421
-4.886107634543179	0.013073903791640954
-4.876095118898624	0.012857685202927056
-4.866082603254068	0.011455900949565319
-4.8560700876095115	0.009171863202372612
-4.8460575719649555	0.0065220124075965405
-4.8360450563204	0.004071039814834444
-4.826032540675845	0.0022090524625692537
-4.816020025031289	0.0010346185890584474
-4.806007509386733	0.0004162107579135903
-4.795994993742178	0.00014336082338393255
-4.785982478097623	4.2195299579025546e-05
-4.7759699624530665	1.0599271312077064e-05
-4.76595744680851	2.2705773133179653e-06
-4.755944931163954	4.146139207918569e-07
-4.745932415519399	6.451738639910863e-08
-4.735919899874844	8.553839605771256e-09
-4.725907384230288	9.661671137965296e-10
-4.715894868585732	9.296580911354661e-11
-4.705882352941176	7.620050306869735e-12
-4.6958698372966206	5.320423316538849e-13
-4.685857321652065	3.1643344476560953e-14
-4.675844806007509	1.603108211888267e-15
-4.665832290362953	6.918077329084536e-17
-4.655819774718398	2.5430142834992574e-18
-4.645807259073843	7.962550814529126e-20
-4.635794743429287	2.123709899665621e-21
-4.625782227784731	4.824779145263497e-23
-4.615769712140175	9.336815674914113e-25
-4.605757196495619	1.5390726778011648e-26
-4.595744680851064	2.161018106426921e-28
-4.585732165206508	2.5846192767295097e-30
-4.575719649561952	2.633138031766932e-32
-4.565707133917396	2.2850175096366714e-34
-4.555694618272841	1.6890569393939007e-36
-4.545682102628286	1.0635009802102757e-38
-4.53566958698373	5.703879502497143e-41
-4.5256570713391735	2.605803310876707e-43
-4.515644555694618	1.0140322359177566e-45
-4.505632040050063	3.361249348270138e-48
-4.495619524405507	9.490487906927007e-51
-4.485607008760951	2.2825231366490693e-53
-4.475594493116395	4.676066467681827e-56
-4.46558197747184	8.159903112101444e-59
-4.4555694618272845	1.2129088569052907e-61
-4.4455569461827285	1.5357133920335498e-64
-4.435544430538172	1.6562695383574763e-67
-4.425531914893616	1.5215656536864883e-70
-4.415519399249061	1.1906639842306326e-73
-4.405506883604506	7.936455338157642e-77
-4.39549436795995	4.5061202285666516e-80
-4.385481852315394	2.179303981349919e-83
-4.375469336670839	8.977836424776462e-87
-4.365456821026283	3.1503906020740723e-90
-4.355444305381727	9.41663977085079e-94
-4.345431789737171	2.3975426941623034e-97
-4.335419274092615	5.1996675966188407e-101
-4.32540675844806	9.605581281083956e-105
-4.315394242803505	1.511508385302104e-108
-4.305381727158949	2.163445847798541e-112
-4.295369211514393	1.0757890390075506e-109
-4.285356695869837	7.171583898594889e-106
-4.275344180225281	4.072320815205472e-102
-4.265331664580726	1.969734645146497e-98
-4.25531914893617	8.115444312765334e-95
-4.245306633291614	2.8481031832795724e-91
-4.235294117647059	8.514084874681594e-88
-4.225281602002504	2.1679989627994605e-84
-4.215269086357948	4.702393883094409e-81
-4.2052565707133915	8.687959272019532e-78
-4.1952440550688355	1.3672734722029147e-74
-4.18523153942428	1.8328707389254848e-71
-4.175219023779725	2.0928934894155093e-68
-4.165206508135169	2.035641306679299e-65
-4.155193992490613	1.6865305855413145e-62
-4.145181476846057	1.1902166659967267e-59
-4.135168961201502	7.154786379921948e-57
-4.1251564455569465	3.663584009904856e-54
-4.11514392991239	1.5979179556740782e-51
-4.105131414267834	5.936652629119458e-49
-4.095118898623279	1.8787441339581166e-46
-4.085106382978723	5.064452196692844e-44
-4.075093867334168	1.1628833532854082e-41
-4.065081351689612	2.274461919013564e-39
-4.055068836045056	3.789309031892746e-37
-4.045056320400501	5.377497522327186e-35
-4.035043804755945	6.500387578482191e-33
-4.025031289111389	6.69325118218641e-31
-4.015018773466833	5.870482987796553e-29
-4.005006257822277	4.385805654461829e-27
-3.994993742177722	2.791025287118606e-25
-3.9849812265331668	1.5129236027734636e-23
-3.9749687108886107	6.985686055723843e-22
-3.9649561952440546	2.747514345907141e-20
-3.9549436795994994	9.204701562048042e-19
-3.9449311639549434	2.6267473001991103e-17
-3.934918648310388	6.385070777715598e-16
-3.924906132665832	1.3220624664941712e-14
-3.914893617021277	2.3317236335099473e-13
-3.904881101376721	3.503007057286833e-12
-3.8948685857321648	4.482742460485639e-11
-3.8848560700876096	4.886359368993045e-10
-3.8748435544430535	4.536969485897094e-09
-3.8648310387984983	3.5882703079790774e-08
-3.8548185231539422	2.417370864743743e-07
-3.844806007509387	1.3872037523166248e-06
-3.834793491864831	6.780723995323147e-06
-3.824780976220275	2.8232590297959103e-05
-3.8147684605757197	0.0001001300086480587
-3.8047559449311636	0.0003024939817831862
-3.7947434292866085	0.0007784102130849657
-3.7847309136420524	0.0017062433156543604
-3.774718397997497	0.003185806036006203
-3.764705882352941	0.005067156180994536
-3.754693366708385	0.006866836277707767
-3.74468085106383	0.007934374190317795
-3.734668335419274	0.007839065724650943
-3.7246558197747186	0.006694955724855767
-3.7146433041301625	0.005143012147247582
-3.7046307884856065	0.004005024475322178
-3.6946182728410513	0.0038779708024584223
-3.684605757196495	0.004905089683684346
-3.67459324155194	0.006795512565077752
-3.664580725907384	0.009082158185004406
-3.6545682102628287	0.011528322842648993
-3.6445556946182727	0.014415311099704687
-3.6345431789737166	0.018406990654744076
-3.6245306633291614	0.024048057011249388
-3.6145181476846053	0.03140234987936433
-3.60450563204005	0.040253540443157015
-3.594493116395494	0.050645851373201385
-3.584480600750939	0.06307833124670031
-3.574468085106383	0.07795045678778553
-3.5644555694618267	0.09459212859429489
-3.5544430538172715	0.11071053163444808
-3.5444305381727155	0.12298856700053613
-3.5344180225281603	0.12885055930829523
-3.524405506883604	0.1283351299588237
-3.514392991239049	0.12447495962067291
-3.504380475594493	0.12157092248208558
-3.494367959949937	0.1227003106957291
-3.4843554443053817	0.1285334806507694
-3.4743429286608256	0.13804391768656082
-3.4643304130162704	0.14987367868527626
-3.4543178973717144	0.1631312661686344
-3.444305381727159	0.17760929443573845
-3.434292866082603	0.19381138542618886
-3.424280350438047	0.21271215819026845
-3.414267834793492	0.23522216287893785
-3.4042553191489358	0.2619067695163222
-3.3942428035043806	0.2934025821306543
-3.3842302878598245	0.3310336264001719
-3.3742177722152693	0.37650042130029077
-3.3642052565707132	0.4301331676218985
-3.354192740926157	0.48885389214658737
-3.344180225281602	0.546108899958105
-3.334167709637046	0.5947884618357056
-3.3241551939924907	0.6311844146590114
-3.3141426783479346	0.6567661988841218
-3.3041301627033794	0.676733134146132
-3.2941176470588234	0.697079257530818
-3.2841051314142673	0.72202135837623
-3.274092615769712	0.752276519856499
-3.264080100125156	0.7846777952343454
-3.254067584480601	0.8141839252375909
-3.2440550688360448	0.8379052943559033
-3.2340425531914896	0.8583365310115776
-3.2240300375469335	0.882942793106158
-3.2140175219023774	0.920015569956108
-3.2040050062578223	0.9734833496888876
-3.193992490613266	1.0400791659537605
-3.183979974968711	1.1109016334385322
-3.173967459324155	1.1765956733739207
-3.1639549436795997	1.2325119789975743
-3.1539424280350437	1.2797811420886973
-3.1439299123904876	1.321542083374892
-3.1339173967459324	1.3580924244382302
-3.1239048811013763	1.385970472236527
-3.113892365456821	1.4022838413952745
-3.103879849812265	1.4102159867113042
-3.09386733416771	1.4197555404043967
-3.083854818523154	1.4416901679896836
-3.0738423028785977	1.479588475118207
-3.0638297872340425	1.527134511995609
-3.0538172715894865	1.5734088832322952
-3.0438047559449313	1.6111736360154132
-3.033792240300375	1.6408503609503202
-3.02377972465582	1.6676802296284075
-3.013767209011264	1.695750513477999
-3.003754693366708	1.7241340870378712
-2.9937421777221527	1.7474158159708337
-2.9837296620775966	1.7593922939832214
-2.9737171464330414	1.7571435698367543
-2.9637046307884853	1.7429133860981898
-2.95369211514393	1.7228202946527102
-2.943679599499374	1.7035659733362911
-2.933667083854818	1.6895403765312809
-2.923654568210263	1.6821429558399146
-2.9136420525657067	1.6811587809135633
-2.9036295369211516	1.6862115168725957
-2.8936170212765955	1.6966919584286457
-2.8836045056320403	1.7110407735077526
-2.873591989987484	1.727395331088464
-2.863579474342928	1.7452312170211963
-2.853566958698373	1.7651967908766937
-2.843554443053817	1.7862615907987307
-2.8335419274092617	1.8035149435607012
-2.8235294117647056	1.8102288226930017
-2.8135168961201504	1.8030158918451868
-2.8035043804755944	1.7850494086250346
-2.7934918648310383	1.7641410827745418
-2.783479349186483	1.7474853225424345
-2.773466833541927	1.737458302889211
-2.763454317897372	1.7312678906944305
-2.7534418022528158	1.724069986501187
-2.7434292866082606	1.7131072917251522
-2.7334167709637045	1.7001895801535432
-2.7234042553191484	1.691047089660563
-2.7133917396745932	1.6921159641615384
-2.703379224030037	1.7070275978781602
-2.693366708385482	1.7351580026365334
-2.683354192740926	1.7728173032830672
-2.6733416770963707	1.815441517456924
-2.6633291614518146	1.8584576704655558
-2.6533166458072586	1.896215760770187
-2.6433041301627034	1.9212263712144242
-2.6332916145181473	1.9266678912644788
-2.623279098873592	1.911656712832018
-2.613266583229036	1.8841684940194754
-2.603254067584481	1.8569998464200612
-2.593241551939925	1.8389718890411797
-2.5832290362953687	1.8294377708966563
-2.5732165206508135	1.8215818461062057
-2.5632040050062574	1.8112029058289043
-2.5531914893617023	1.8023285427825153
-2.543178973717146	1.8045341406390594
-2.533166458072591	1.8247955486462049
-2.523153942428035	1.8612136668279167
-2.513141426783479	1.903817979592269
-2.5031289111389237	1.9413904622867404
-2.4931163954943676	1.968162514358547
-2.4831038798498124	1.9850660749111246
-2.4730913642052563	1.9963355337918662
-2.463078848560701	2.00653076113477
-2.453066332916145	2.020148052604836
-2.443053817271589	2.040511108039637
-2.433041301627034	2.0653680755053605
-2.4230287859824777	2.0833652412005326
-2.4130162703379225	2.0782455131169257
-2.4030037546933665	2.040392353725532
-2.3929912390488113	1.9760696851737982
-2.382978723404255	1.9053323556992683
-2.372966207759699	1.8499880433010099
-2.362953692115144	1.821261231674845
-2.352941176470588	1.8151340675021403
-2.3429286608260327	1.8162305553116924
-2.3329161451814766	1.8063515036183557
-2.3229036295369214	1.7729247078286983
-2.3128911138923653	1.713644125641409
-2.3028785982478093	1.6358421680163395
-2.292866082603254	1.5521192115086895
-2.282853566958698	1.4752632702244821
-2.272841051314143	1.414581563300517
-2.2628285356695867	1.3741653195539452
-2.2528160200250316	1.3528974317762363
-2.2428035043804755	1.3457486083815342
-2.2327909887359194	1.3453709732641308
-2.2227784730913642	1.3429465999374923
-2.212765957446808	1.3285997336550852
-2.202753441802253	1.2931031778101392
-2.192740926157697	1.231581340211923
-2.1827284105131417	1.1468772553027644
-2.1727158948685856	1.0491326425394571
-2.1627033792240296	0.9510761636276797
-2.1526908635794744	0.8624727570988127
-2.1426783479349183	0.7876591271015804
-2.132665832290363	0.7267233063429565
-2.122653316645807	0.6776596118479445
-2.112640801001252	0.6371925022673118
-2.1026282853566958	0.6008414643956522
-2.0926157697121397	0.5641481743278632
-2.0826032540675845	0.5250835364515085
-2.0725907384230284	0.4852784083103244
-2.0625782227784732	0.44828749345413693
-2.052565707133917	0.4161156472620974
-2.042553191489362	0.3871328798545323
-2.032540675844806	0.35717449398930734
-2.02252816020025	0.3226780210202135
-2.0125156445556946	0.28316561667030093
-2.0025031289111386	0.24137564694610505
-1.9924906132665834	0.20151196759605636
-1.9824780976220273	0.1673004077406315
-1.9724655819774712	0.1409955094844803
-1.962453066332916	0.12324386498991384
-1.95244055068836	0.11326932205222599
-1.9424280350438048	0.10921708037071175
-1.9324155193992487	0.10865455568397894
-1.9224030037546935	0.10901292407660539
-1.9123904881101375	0.10788473944284968
-1.9023779724655814	0.1034983905734736
-1.8923654568210262	0.09547156841080254
-1.8823529411764701	0.08514897086768089
-1.872340425531915	0.07473579732696566
-1.8623279098873589	0.0656143141670848
-1.8523153942428037	0.057368545760656205
-1.8423028785982476	0.048543190863142675
-1.8322903629536915	0.038396368446421664
-1.8222778473091363	0.0279235882630397
-1.8122653316645803	0.01932303947089205
-1.802252816020025	0.014610702274727529
-1.792240300375469	0.014539480174303645
-1.7822277847309138	0.018288789831779558
-1.7722152690863577	0.02376775770233975
-1.7622027534418017	0.028344962339124355
-1.7521902377972465	0.0298593452525687
-1.7421777221526904	0.0275171499218937
-1.7321652065081352	0.022129977937539225
-1.7221526908635791	0.015511494324697124
-1.712140175219024	0.009461026466881064
-1.7021276595744679	0.005011330303627913
-1.6921151439299118	0.0022997999679915068
-1.6821026282853566	0.0009122454111490836
-1.6720901126408005	0.0003120535080785779
-1.6620775969962454	9.186539575888397e-05
-1.6520650813516893	2.3233450275952896e-05
-1.642052565707134	5.041771996080798e-06
-1.632040050062578	9.490025593190045e-07
-1.622027534418022	2.3820898488124414e-07
-1.6120150187734668	5.780865795902876e-07
-1.6020025031289107	2.976231896945238e-06
-1.5919899874843555	1.3515828219702466e-05
-1.5819774718397994	5.238910107423357e-05
-1.5719649561952442	0.00017333963677148176
-1.5619524405506882	0.000490218813419679
-1.551939924906132	0.0011875609875133502
-1.541927409261577	0.00247273235408128
-1.5319148936170208	0.004448547075457747
-1.5219023779724656	0.00696737788836204
-1.5118898623279096	0.009597095811974222
-1.5018773466833544	0.011766229901959352
-1.4918648310387983	0.012990367406408692
-1.4818523153942422	0.013024167733242224
-1.471839799749687	0.011915202134518086
-1.461827284105131	0.010038968342214724
-1.4518147684605758	0.008102571541484218
-1.4418022528160197	0.0069998895256126875
-1.4317897371714645	0.007498663112933023
-1.4217772215269084	0.009931765838192616
-1.4117647058823524	0.014115380148914542
-1.4017521902377972	0.019570257261523602
-1.391739674593241	0.02588979252567716
-1.381727158948686	0.032966262606178826
-1.3717146433041298	0.04090867210952798
-1.3617021276595747	0.04975409859540167
-1.3516896120150186	0.05918377894917176
-1.3416770963704625	0.06838394460566531
-1.3316645807259073	0.07620106496947322
-1.3216520650813512	0.08173864409617553
-1.311639549436796	0.0851700838492921
-1.30162703379224	0.08808627427744682
-1.2916145181476848	0.09292784804074795
-1.2816020025031287	0.10191225051201679
-1.2715894868585726	0.1163244385073886
-1.2615769712140175	0.1365131803799571
-1.2515644555694614	0.16207890061736377
-1.2415519399249062	0.1916128785013034
-1.2315394242803501	0.22214830404779629
-1.221526908635795	0.24927965360466178
-1.2115143929912389	0.26865948162368036
-1.2015018773466828	0.278356915759698
-1.1914893617021276	0.2805308893527034
-1.1814768460575715	0.2810727424757025
-1.1714643304130163	0.2871356347066157
-1.1614518147684603	0.30376793783527106
-1.151439299123905	0.33156565193734444
-1.141426783479349	0.36717479977362144
-1.131414267834793	0.4069501480911938
-1.1214017521902377	0.45103844128907206
-1.1113892365456817	0.5034397839924211
-1.1013767209011265	0.5667556732346734
-1.0913642052565704	0.6364419921911786
-1.0813516896120152	0.7011806522174499
-1.0713391739674591	0.7501831133739176
-1.061326658322903	0.7810918479072364
-1.0513141426783479	0.8017560323604553
-1.0413016270337918	0.8251950452641433
-1.0312891113892366	0.8622936776689355
-1.0212765957446805	0.9167714773266026
-1.0112640801001254	0.9839992872879849
-1.0012515644555693	1.0531939004531254
-0.9912390488110132	1.1119967585704722
-0.981226533166458	1.1519146522462969
-0.971214017521902	1.172393328005344
-0.9612015018773468	1.181555075894992
-0.9511889862327907	1.1930099131557028
-0.9411764705882355	1.219806069126757
-0.9311639549436794	1.2682005861007148
-0.9211514392991234	1.3349321037703545
-0.9111389236545682	1.4101763999195411
-0.9011264080100121	1.4839672116200189
-0.8911138923654569	1.5505794087060334
-0.8811013767209008	1.6077163612802294
-0.8710888610763456	1.6533278962273612
-0.8610763454317896	1.6851496142834617
-0.8510638297872335	1.7036451779149415
-0.8410513141426783	1.7140118434836988
-0.8310387984981222	1.7241015212889346
-0.821026282853567	1.740438011587025
-0.811013767209011	1.766203193908866
-0.8010012515644558	1.8012875078991772
-0.7909887359198997	1.8419437271621215
-0.7809762202753436	1.8804811815670732
-0.7709637046307884	1.9081814937974846
-0.7609511889862324	1.9210298438569173
-0.7509386733416772	1.9225845193907452
-0.7409261576971211	1.9202037021535348
-0.7309136420525659	1.9183173574464654
-0.7209011264080099	1.9154149391462998
-0.7108886107634538	1.906680861953015
-0.7008760951188986	1.888973598696768
-0.6908635794743425	1.8647728985525192
-0.6808510638297873	1.8438324032252
-0.6708385481852313	1.8412866908904546
-0.6608260325406761	1.8708889637084438
-0.65081351689612	1.935663212703669
-0.6408010012515639	2.0228421847637934
-0.6307884856070087	2.1088784021182887
-0.6207759699624527	2.1727580795916035
-0.6107634543178975	2.2087642245185695
-0.6007509386733414	2.2296866111923253
-0.5907384230287862	2.2580099932632813
-0.5807259073842301	2.3107786846162677
-0.5707133917396741	2.3882032910629056
-0.5607008760951189	2.473414181360633
-0.5506883604505628	2.542539937066827
-0.5406758448060076	2.577285034787301
-0.5306633291614515	2.57242611606719
-0.5206508135168963	2.536249597431073
-0.5106382978723403	2.4861820107658494
-0.5006257822277842	2.4422647702567195
-0.490613266583229	2.420486455664455
-0.48060075093867294	2.4279515840553167
-0.47058823529411775	2.461328075878163
-0.4605757196495617	2.508851505399401
-0.4505632040050065	2.555543858721144
-0.4405506883604504	2.5907035031352743
-0.43053817271589434	2.6146835240501396
-0.42052565707133915	2.640017809561864
-0.4105131414267831	2.6841455118788913
-0.4005006257822279	2.7577689765026316
-0.3904881101376718	2.857810861554224
-0.38047559449311663	2.970493525607283
-0.37046307884856056	3.081059540599522
-0.3604505632040045	3.181674194857508
-0.3504380475594493	3.2723614853991747
-0.3404255319148932	3.3565430381730095
-0.33041301627033803	3.4365737170089794
-0.32040050062578196	3.513390397256566
-0.3103879849812259	3.589544383903348
-0.3003754693366707	3.6711656556954253
-0.2903629536921146	3.7660921365082047
-0.28035043804755944	3.8800999767094955
-0.27033792240300336	4.014381243490033
-0.2603254067584482	4.16459228369091
-0.2503128911138921	4.320666513139093
-0.24030037546933602	4.46867198651093
-0.23028785982478084	4.5960369361278195
-0.22027534418022476	4.697225525688049
-0.21026282853566958	4.774462932127801
-0.2002503128911135	4.832908811261404
-0.19023779724655832	4.87671891130655
-0.18022528160200224	4.9114051859883645
-0.17021276595744617	4.948663132613352
-0.16020025031289098	5.004774016696716
-0.1501877346683349	5.090744555362579
-0.14017521902377972	5.202979744245537
-0.13016270337922364	5.323990025895732
-0.12015018773466846	5.432919696556921
-0.11013767209011238	5.517057968070209
-0.10012515644555631	5.575921202934777
-0.09011264080100112	5.616265760056513
-0.08010012515644505	5.642986929881181
-0.07008760951188986	5.653727401317062
-0.060075093867333784	5.642671205423351
-0.0500625782227786	5.611221720158114
-0.04005006257822252	5.57509737125738
-0.030037546933666448	5.558198232709906
-0.02002503128911126	5.575758849861808
-0.010012515644555187	5.6213016009620125
0.0	5.669950555213639
