-8.0	3.2485326265473047
-7.989987484355444	3.2713377480987833
-7.979974968710889	3.267064491690025
-7.969962453066333	3.2509281012164615
-7.9599499374217775	3.2357900019142716
-7.949937421777221	3.228320526919203
-7.939924906132666	3.2301859126814807
-7.92991239048811	3.239856247140434
-7.919899874843554	3.2541977141481895
-7.909887359198999	3.270640883628336
-7.899874843554443	3.288089643506703
-7.889862327909888	3.305141286216394
-7.8798498122653315	3.3187696084580285
-7.869837296620776	3.326969888749534
-7.85982478097622	3.3324950038932855
-7.849812265331664	3.3415461594289417
-7.839799749687109	3.3576119236856394
-7.829787234042553	3.3778025702313688
-7.819774718397998	3.3959655070718333
-7.809762202753442	3.4078659873075514
-7.7997496871088865	3.411924579459504
-7.78973717146433	3.4063645924581407
-7.779724655819774	3.3886858469176624
-7.769712140175219	3.359202634226829
-7.759699624530663	3.3240194248664006
-7.749687108886108	3.2933002340107427
-7.739674593241552	3.2762042398977105
-7.729662077596997	3.2767504974120345
-7.719649561952441	3.2931268506086457
-7.7096370463078845	3.3202442837746022
-7.699624530663329	3.3537280306422246
-7.689612015018773	3.3925205480550615
-7.679599499374218	3.4377117587446504
-7.669586983729662	3.4883833026814717
-7.659574468085107	3.538710020148312
-7.649561952440551	3.5800032161379947
-7.639549436795995	3.606779292645293
-7.629536921151439	3.621973162434252
-7.619524405506883	3.6367559895602737
-7.609511889862328	3.6643634606981808
-7.599499374217772	3.711634388540012
-7.589486858573217	3.7736968758305705
-7.579474342928661	3.835495679742504
-7.569461827284105	3.8798141099395624
-7.55944931163955	3.8972172372084772
-7.5494367959949935	3.89123297882512
-7.539424280350438	3.874503362122948
-7.529411764705882	3.85856632657689
-7.519399249061326	3.8458678721043915
-7.509386733416771	3.830726079584856
-7.499374217772215	3.8073086329790367
-7.48936170212766	3.776441499476035
-7.479349186483104	3.745469949894029
-7.4693366708385485	3.7226708203094003
-7.459324155193992	3.7120608561215724
-7.449311639549437	3.7129063073643422
-7.439299123904881	3.723565317600281
-7.429286608260325	3.7454187066937887
-7.41927409261577	3.7822507425419434
-7.409261576971214	3.8345939283355115
-7.399249061326659	3.894525556729363
-7.3892365456821025	3.947478346553939
-7.3792240300375465	3.9807761788022327
-7.369211514392991	3.99115541964825
-7.359198998748435	3.9848710506480747
-7.34918648310388	3.9720055724557457
-7.339173967459324	3.960972353192462
-7.329161451814769	3.956438009062815
-7.319148936170213	3.959746363612031
-7.3091364205256575	3.969758562690422
-7.299123904881101	3.9828471674457484
-7.289111389236545	3.992354645620736
-7.27909887359199	3.989554370110534
-7.269086357947434	3.9675761454920764
-7.259073842302879	3.926052511564953
-7.249061326658323	3.872087462376189
-7.239048811013767	3.8164688244596716
-7.2290362953692116	3.7686790373387753
-7.2190237797246555	3.734029317096017
-7.2090112640801	3.712874468313512
-7.198998748435544	3.701050141902401
-7.188986232790989	3.6920995842169284
-7.178973717146433	3.6811968599222262
-7.168961201501878	3.668047879036093
-7.158948685857322	3.6556302953194586
-7.148936170212766	3.6450670530808726
-7.13892365456821	3.631116782978054
-7.128911138923654	3.603040492449687
-7.118898623279099	3.550726858111518
-7.108886107634543	3.4707077567669264
-7.098873591989987	3.367233715873205
-7.088861076345432	3.2492351491173457
-7.078848560700876	3.12738915304678
-7.068836045056321	3.012713626278712
-7.0588235294117645	2.914347455560204
-7.048811013767209	2.8357143103090063
-7.038798498122653	2.772540328762955
-7.028785982478098	2.7159341293605195
-7.018773466833542	2.6585792884971418
-7.008760951188986	2.598956304685822
-6.998748435544431	2.5409265549209037
-6.988735919899875	2.4899674626247754
-6.9787234042553195	2.44867229163759
-6.968710888610763	2.413741816138895
-6.958698372966207	2.376492814143724
-6.948685857321652	2.3276697385236775
-6.938673341677096	2.2640413779238813
-6.928660826032541	2.191738979941743
-6.918648310387985	2.1230652422754295
-6.908635794743429	2.06873182617287
-6.8986232790988735	2.031418948006679
-6.888610763454318	2.0053452864175725
-6.878598247809762	1.9812335206257041
-6.868585732165206	1.9519233766677235
-6.858573216520651	1.9147414397207743
-6.848560700876095	1.8706351690058962
-6.83854818523154	1.8224137887861862
-6.828535669586984	1.7737356065997654
-6.818523153942428	1.7287622002131076
-6.808510638297872	1.6916169863546582
-6.798498122653316	1.6651157425320293
-6.788485607008761	1.6489714945276148
-6.778473091364205	1.6384215568065676
-6.768460575719649	1.6248168647184984
-6.758448060075094	1.5992348754959136
-6.748435544430539	1.5577948214600716
-6.7384230287859825	1.5048050115409914
-6.7284105131414265	1.4505713515879501
-6.718397997496871	1.4050428839743365
-6.708385481852315	1.372299192845565
-6.69837296620776	1.3500161778171698
-6.688360450563204	1.3332180923686883
-6.678347934918648	1.317906261465653
-6.668335419274093	1.3013661286710547
-6.658322903629537	1.280273139764785
-6.648310387984981	1.2500871389190764
-6.638297872340425	1.2075070276766133
-6.628285356695869	1.1544000230178764
-6.618272841051314	1.0998769972283513
-6.608260325406759	1.0581225653154798
-6.598247809762203	1.0423353933480126
-6.588235294117647	1.057958938232647
-6.578222778473092	1.0993949548784705
-6.5682102628285355	1.15247477909332
-6.55819774718398	1.2010225480160928
-6.548185231539424	1.232995265949266
-6.538172715894868	1.2426736089692554
-6.528160200250313	1.229251746196437
-6.518147684605757	1.1949661099960909
-6.508135168961202	1.1450750594512074
-6.498122653316646	1.0889938162304562
-6.4881101376720896	1.040035017703417
-6.478097622027534	1.0121469844064783
-6.468085106382979	1.0147152617110555
-6.458072590738423	1.048693045866779
-6.448060075093867	1.1070899406799477
-6.438047559449312	1.1796323033151357
-6.428035043804756	1.2577936915261858
-6.418022528160201	1.3365290416366569
-6.4080100125156445	1.4130808550180898
-6.397997496871088	1.4861497785098943
-6.387984981226533	1.557088480900909
-6.377972465581977	1.6312856312226027
-6.367959949937422	1.7170440154537112
-6.357947434292866	1.8215819024023079
-6.34793491864831	1.9465991470426431
-6.337922403003755	2.0867513012620544
-6.3279098873591995	2.232532665579243
-6.317897371714643	2.3755285004925475
-6.307884856070087	2.5118678801428125
-6.297872340425532	2.6414974937925595
-6.287859824780976	2.7650330487777595
-6.277847309136421	2.8821169409666023
-6.267834793491865	2.9931687603907604
-6.257822277847309	3.1022488125551604
-6.2478097622027535	3.2169698620821583
-6.2377972465581975	3.3444159309197117
-6.227784730913642	3.4865785493236996
-6.217772215269086	3.6390578454008033
-6.20775969962453	3.7926051691503155
-6.197747183979975	3.9348970264659204
-6.18773466833542	4.052643652450618
-6.177722152690864	4.136313707730041
-6.167709637046308	4.186432555543422
-6.157697121401752	4.215623144694428
-6.147684605757196	4.24212651178984
-6.137672090112641	4.2785718936115185
-6.127659574468085	4.325250521529988
-6.117647058823529	4.3731243766399315
-6.107634543178974	4.4124722237195995
-6.097622027534418	4.4388114266713945
-6.0876095118898625	4.452604907481046
-6.0775969962453065	4.456488611809498
-6.06758448060075	4.454386760052444
-6.057571964956195	4.451441442967906
-6.04755944931164	4.451258515013325
-6.037546933667084	4.451584922789657
-6.027534418022528	4.44377655502597
-6.017521902377973	4.417993857143386
-6.007509386733417	4.369196380834699
-5.997496871088861	4.298076648426611
-5.987484355444305	4.207219629542466
-5.977471839799749	4.098093985921361
-5.967459324155194	3.972862941199964
-5.957446808510639	3.838794541997494
-5.947434292866083	3.709216154803507
-5.937421777221527	3.5979022433885803
-5.927409261576971	3.511062567649017
-5.9173967459324155	3.4444963788527736
-5.90738423028786	3.388007612427501
-5.897371714643304	3.3314484630439054
-5.887359198998748	3.2671067962674107
-5.877346683354192	3.189867962703979
-5.867334167709637	3.0987187938317162
-5.857321652065082	2.9985085004380494
-5.847309136420526	2.8983651996260833
-5.83729662077597	2.8068999117167146
-5.827284105131414	2.728030503448918
-5.817271589486858	2.6601861733583925
-5.807259073842303	2.598767712724314
-5.797246558197747	2.54009603388091
-5.787234042553191	2.4840076103972923
-5.777221526908636	2.432493105995394
-5.767209011264081	2.385329031397202
-5.7571964956195245	2.337534082166679
-5.747183979974968	2.282023370906047
-5.737171464330412	2.2150053567185686
-5.727158948685857	2.1387446874320686
-5.717146433041302	2.0595653762067907
-5.707133917396746	1.9837266109602145
-5.69712140175219	1.9147168106196468
-5.687108886107635	1.8529592071388619
-5.677096370463079	1.7967556936507798
-5.667083854818523	1.7434218736553069
-5.657071339173967	1.6906928114860205
-5.647058823529411	1.6386777159105022
-5.637046307884856	1.5915507363592418
-5.627033792240301	1.5571061905997101
-5.617021276595745	1.54299981182489
-5.607008760951189	1.551186345815221
-5.596996245306633	1.5744998069428289
-5.5869837296620775	1.598603676555778
-5.576971214017522	1.6086291402630228
-5.566958698372966	1.5961933070918073
-5.55694618272841	1.5624923235233485
-5.546933667083855	1.5164646816614213
-5.536921151439299	1.470279025837282
-5.526908635794744	1.4350000695260614
-5.516896120150188	1.4176545500454423
-5.5068836045056315	1.4193899688931113
-5.496871088861076	1.43464442690455
-5.486858573216521	1.4524876797544126
-5.476846057571965	1.4609676950249633
-5.466833541927409	1.452540552863555
-5.456821026282853	1.4268034588085319
-5.446808510638298	1.3890217764123247
-5.4367959949937426	1.3467808723685817
-5.4267834793491865	1.307486565292722
-5.41677096370463	1.2767101119895137
-5.406758448060075	1.2562652186204335
-5.396745932415519	1.2427905124393404
-5.386733416770964	1.2288177141691574
-5.376720901126408	1.2063367454960854
-5.366708385481852	1.170270471374043
-5.356695869837297	1.119652841044609
-5.346683354192741	1.0569085865063692
-5.336670838548185	0.9867928776210515
-5.326658322903629	0.9154755827146204
-5.316645807259073	0.8494690661090073
-5.306633291614518	0.7944649972374856
-5.296620775969963	0.7541132529005314
-5.286608260325407	0.7284357903642773
-5.276595744680851	0.71249884768141
-5.2665832290362955	0.6971901384944631
-5.256570713391739	0.6728550626422309
-5.246558197747184	0.6337580895111682
-5.236545682102628	0.5803815645465036
-5.226533166458072	0.5185630991922977
-5.216520650813517	0.45666418363019556
-5.206508135168962	0.40221730310307824
-5.196495619524406	0.3589959044951575
-5.18648310387985	0.32567796727042914
-5.1764705882352935	0.2971626774213178
-5.166458072590738	0.267936640156079
-5.156445556946183	0.23523871338113903
-5.146433041301627	0.20018555113089634
-5.136420525657071	0.16669003645366942
-5.126408010012516	0.1390209305865253
-5.11639549436796	0.11921792416751657
-5.1063829787234045	0.10588383393091036
-5.0963704630788484	0.09530023777267059
-5.086357947434292	0.08400656073928325
-5.076345431789737	0.07075522897261213
-5.066332916145182	0.05659672484662719
-5.056320400500626	0.043604648956854654
-5.04630788485607	0.03346602188273328
-5.036295369211514	0.02667594036966612
-5.026282853566959	0.02247689197509368
-5.016270337922403	0.019427169029185752
-5.006257822277847	0.016267623549322503
-4.996245306633291	0.012549955847419346
-4.986232790988735	0.008640469399975726
-4.97622027534418	0.005216776042578054
-4.966207759699625	0.0027362509984564924
-4.956195244055069	0.0012402089660910798
-4.946182728410513	0.00048415656289826984
-4.9361702127659575	0.00016241886727308687
-4.926157697121402	4.674109721798699e-05
-4.916145181476846	1.1523375646997952e-05
-4.90613266583229	2.4310665380670984e-06
-4.896120150187734	4.38486185815269e-07
-4.886107634543179	6.756703405964145e-08
-4.876095118898624	8.889390956613239e-09
-4.866082603254068	9.98058792899192e-10
-4.8560700876095115	9.559115267075235e-11
-4.8460575719649555	7.80766977957309e-12
-4.8360450563204	5.437006541522199e-13
-4.826032540675845	3.22736349652062e-14
-4.816020025031289	1.6327451065388472e-15
-4.806007509386733	7.039122815739754e-17
-4.795994993742178	2.5858708421782776e-18
-4.785982478097623	8.093766879923887e-20
-4.7759699624530665	2.1583636701461182e-21
-4.76595744680851	4.903527976503012e-23
-4.755944931163954	9.490458257904544e-25
-4.745932415519399	1.564760937411827e-26
-4.735919899874844	2.197766556243628e-28
-4.725907384230288	2.6295439281401332e-30
-4.715894868585732	2.6800246707123326e-32
-4.705882352941176	2.326762772675362e-34
-4.6958698372966206	1.7207462530476734e-36
-4.685857321652065	1.0840023047888679e-38
-4.675844806007509	5.816879524632017e-41
-4.665832290362953	2.6588555292467765e-43
-4.655819774718398	1.035244439381404e-45
-4.645807259073843	3.43347226390073e-48
-4.635794743429287	9.69986862809753e-51
-4.625782227784731	2.334206155393598e-53
-4.615769712140175	4.784682564176083e-56
-4.605757196495619	8.354245505724547e-59
-4.595744680851064	1.2425138111254834e-61
-4.585732165206508	1.574109256522521e-64
-4.575719649561952	1.6986660136011986e-67
-4.565707133917396	1.5614225926688223e-70
-4.555694618272841	1.2225655317275617e-73
-4.545682102628286	8.153854873595527e-77
-4.53566958698373	4.632259518604434e-80
-4.5256570713391735	2.2416190588636744e-83
-4.515644555694618	9.239952125033481e-87
-4.505632040050063	3.244266951202681e-90
-4.495619524405507	9.702918202548924e-94
-4.485607008760951	2.471878186065213e-97
-4.475594493116395	5.36402325129616e-101
-4.46558197747184	9.915009137611594e-105
-4.4555694618272845	1.5611134197391637e-108
-4.4455569461827285	2.0937009947802475e-112
-4.435544430538172	2.3918487882357055e-116
-4.425531914893616	2.3275104272925157e-120
-4.415519399249061	1.929249521341919e-124
-4.405506883604506	1.3621472857133865e-128
-4.39549436795995	3.2031492118416646e-131
-4.385481852315394	4.888700961195171e-127
-4.375469336670839	6.522293604928168e-123
-4.365456821026283	7.412181687201839e-119
-4.355444305381727	7.175143749135573e-115
-4.345431789737171	5.916351867744913e-111
-4.335419274092615	4.155432412763164e-107
-4.32540675844806	2.4860925355601654e-103
-4.315394242803505	1.2669433463350552e-99
-4.305381727158949	5.499661240655859e-96
-4.295369211514393	2.033543760022535e-92
-4.285356695869837	6.404864471918548e-89
-4.275344180225281	1.7183245905554225e-85
-4.265331664580726	3.9268047247572015e-82
-4.25531914893617	7.643851536696201e-79
-4.245306633291614	1.2674301109682754e-75
-4.235294117647059	1.790089053417729e-72
-4.225281602002504	2.1535952854474997e-69
-4.215269086357948	2.2069494491972583e-66
-4.2052565707133915	1.92645788111063e-63
-4.1952440550688355	1.4324038835706588e-60
-4.18523153942428	9.072151626693866e-58
-4.175219023779725	4.894337900544534e-55
-4.165206508135169	2.2491397306076132e-52
-4.155193992490613	8.803953989609383e-50
-4.145181476846057	2.9354719168649964e-47
-4.135168961201502	8.33713692996846e-45
-4.1251564455569465	2.0169483540913662e-42
-4.11514392991239	4.156343763275947e-40
-4.105131414267834	7.295700229226337e-38
-4.095118898623279	1.0908407190965658e-35
-4.085106382978723	1.389295214425827e-33
-4.075093867334168	1.5071850490202698e-31
-4.065081351689612	1.3927637472664642e-29
-4.055068836045056	1.0962943333756731e-27
-4.045056320400501	7.350480398356517e-26
-4.035043804755945	4.198006604921172e-24
-4.025031289111389	2.042252098692833e-22
-4.015018773466833	8.462806777178176e-21
-4.005006257822277	2.987159014648244e-19
-3.994993742177722	8.981339331683179e-18
-3.9849812265331668	2.300184767040878e-16
-3.9749687108886107	5.017913979699759e-15
-3.9649561952440546	9.324436730854567e-14
-3.9549436795994994	1.4759137412069e-12
-3.9449311639549434	1.9899330489980815e-11
-3.934918648310388	2.2853639246524947e-10
-3.924906132665832	2.235693632677216e-09
-3.914893617021277	1.86298979178301e-08
-3.904881101376721	1.3223684401032908e-07
-3.8948685857321648	7.995461402634454e-07
-3.8848560700876096	4.11807637166405e-06
-3.8748435544430535	1.8068709957116605e-05
-3.8648310387984983	6.75440465243207e-05
-3.8548185231539422	0.0002151627420921329
-3.844806007509387	0.0005843289494907601
-3.834793491864831	0.0013540880788063994
-3.824780976220275	0.0026824178040541326
-3.8147684605757197	0.004559198538680121
-3.8047559449311636	0.006696947243469142
-3.7947434292866085	0.008618953872894861
-3.7847309136420524	0.009956153245215075
-3.774718397997497	0.010708737464024651
-3.764705882352941	0.011206981364745183
-3.754693366708385	0.01183442152679142
-3.74468085106383	0.012843191726905477
-3.734668335419274	0.014393125231653954
-3.7246558197747186	0.01657611439194554
-3.7146433041301625	0.01925409761860894
-3.7046307884856065	0.021965014810474456
-3.6946182728410513	0.024214530222306494
-3.684605757196495	0.025967982946456712
-3.67459324155194	0.027797823922385802
-3.664580725907384	0.03047880637557652
-3.6545682102628287	0.034435384545681985
-3.6445556946182727	0.03960036841450591
-3.6345431789737166	0.04583237500621701
-3.6245306633291614	0.05350263848459016
-3.6145181476846053	0.06363128853272929
-3.60450563204005	0.07723935674917878
-3.594493116395494	0.09431054622582923
-3.584480600750939	0.1133858613605697
-3.574468085106383	0.1325207058601727
-3.5644555694618267	0.15097434794042366
-3.5544430538172715	0.16989423890407493
-3.5444305381727155	0.19102567414591093
-3.5344180225281603	0.21464596844154019
-3.524405506883604	0.2389573053444682
-3.514392991239049	0.2617464532777548
-3.504380475594493	0.28285502811991864
-3.494367959949937	0.3051562802829377
-3.4843554443053817	0.332863719153104
-3.4743429286608256	0.3682950290604659
-3.4643304130162704	0.41000513313179293
-3.4543178973717144	0.454381348547801
-3.444305381727159	0.49941114409195564
-3.434292866082603	0.5469349089072219
-3.424280350438047	0.601199647504666
-3.414267834793492	0.6650481418900978
-3.4042553191489358	0.7367236561620681
-3.3942428035043806	0.8093459587434956
-3.3842302878598245	0.8735736913514529
-3.3742177722152693	0.9225360915879612
-3.3642052565707132	0.9563430380323571
-3.354192740926157	0.9826942164445429
-3.344180225281602	1.012513719734315
-3.334167709637046	1.0537886547420034
-3.3241551939924907	1.1081304371360745
-3.3141426783479346	1.1713044266446613
-3.3041301627033794	1.2355064304297827
-3.2941176470588234	1.291811551436095
-3.2841051314142673	1.3336223748094704
-3.274092615769712	1.360870565948837
-3.264080100125156	1.3811254648983635
-3.254067584480601	1.4043886262758776
-3.2440550688360448	1.434902633561409
-3.2340425531914896	1.467841513832238
-3.2240300375469335	1.4942943809114737
-3.2140175219023774	1.5091759019698123
-3.2040050062578223	1.5142895332808333
-3.193992490613266	1.5151899897220362
-3.183979974968711	1.517116752622292
-3.173967459324155	1.5242573645976973
-3.1639549436795997	1.540728557873556
-3.1539424280350437	1.569383530969684
-3.1439299123904876	1.6082651789058748
-3.1339173967459324	1.648494127809406
-3.1239048811013763	1.6766305523002858
-3.113892365456821	1.6808184779035942
-3.103879849812265	1.6574821313792845
-3.09386733416771	1.6148937540075283
-3.083854818523154	1.5707730794228754
-3.0738423028785977	1.5439884897561476
-3.0638297872340425	1.5449633801668838
-3.0538172715894865	1.5711653191314883
-3.0438047559449313	1.6101313551003416
-3.033792240300375	1.6467812923627219
-3.02377972465582	1.6700877353554069
-3.013767209011264	1.6764516346811267
-3.003754693366708	1.6693832945795843
-2.9937421777221527	1.6560724435289533
-2.9837296620775966	1.6425620047380425
-2.9737171464330414	1.630214536413523
-2.9637046307884853	1.6153754849458493
-2.95369211514393	1.5920593211215848
-2.943679599499374	1.555988267514284
-2.933667083854818	1.5078428894714269
-2.923654568210263	1.4536814079480858
-2.9136420525657067	1.4016957985953165
-2.9036295369211516	1.357091003373143
-2.8936170212765955	1.3189256710086366
-2.8836045056320403	1.281668685681315
-2.873591989987484	1.2403064072546555
-2.863579474342928	1.1946636344812704
-2.853566958698373	1.149439922449421
-2.843554443053817	1.1104485060580322
-2.8335419274092617	1.0805068911108868
-2.8235294117647056	1.057839359578822
-2.8135168961201504	1.0372887029641868
-2.8035043804755944	1.0128148870977967
-2.7934918648310383	0.9794733239530651
-2.783479349186483	0.9338722182835808
-2.773466833541927	0.8736009805298074
-2.763454317897372	0.7972992874962441
-2.7534418022528158	0.7064080736819865
-2.7434292866082606	0.6073584891806288
-2.7334167709637045	0.51149864964651
-2.7234042553191484	0.43145123896263987
-2.7133917396745932	0.3756653826219317
-2.703379224030037	0.3446332385886519
-2.693366708385482	0.33116587225538624
-2.683354192740926	0.32443931046875535
-2.6733416770963707	0.3152051003424866
-2.6633291614518146	0.29901553455232355
-2.6533166458072586	0.27600340866302947
-2.6433041301627034	0.24849936802236888
-2.6332916145181473	0.21901029126449956
-2.623279098873592	0.18963153404216893
-2.613266583229036	0.1619500565883041
-2.603254067584481	0.13659545174200594
-2.593241551939925	0.11309379877871074
-2.5832290362953687	0.09080325065477768
-2.5732165206508135	0.07020597781720393
-2.5632040050062574	0.053138638502287804
-2.5531914893617023	0.041693991464825816
-2.543178973717146	0.036820089531952815
-2.533166458072591	0.03760353107980159
-2.523153942428035	0.0414449559385384
-2.513141426783479	0.044920299525221745
-2.5031289111389237	0.04505897838914686
-2.4931163954943676	0.04056078960742118
-2.4831038798498124	0.03226114481481634
-2.4730913642052563	0.022473130913389518
-2.463078848560701	0.01363066244289548
-2.453066332916145	0.0071675409812078025
-2.443053817271589	0.003256690716536017
-2.433041301627034	0.0012752616583695125
-2.4230287859824777	0.00042948251288536685
-2.4130162703379225	0.00012419843778969437
-2.4030037546933665	3.080105565959014e-05
-2.3929912390488113	6.5443637191431255e-06
-2.382978723404255	1.1903823371751055e-06
-2.372966207759699	1.8524939546218326e-07
-2.362953692115144	2.465270222642698e-08
-2.352941176470588	2.804367027844601e-09
-2.3429286608260327	2.725977634412843e-10
-2.3329161451814766	2.2636199139670725e-11
-2.3229036295369214	1.6053585453274208e-12
-2.3128911138923653	9.721526479184098e-14
-2.3028785982478093	5.025827119051023e-15
-2.292866082603254	2.2177687386596134e-16
-2.282853566958698	8.352034345740707e-18
-2.272841051314143	2.6839405007206263e-19
-2.2628285356695867	7.358685116890188e-21
-2.2528160200250316	1.7211576162718445e-22
-2.2428035043804755	3.433873658764767e-24
-2.2327909887359194	5.84312041169692e-26
-2.2227784730913642	8.479280485865757e-28
-2.212765957446808	1.0492682979834843e-29
-2.202753441802253	1.1071080188945179e-31
-2.192740926157697	9.959429197026998e-34
-2.1827284105131417	7.638137508584257e-36
-2.1727158948685856	4.993659752494156e-38
-2.1627033792240296	2.7829213775244678e-40
-2.1526908635794744	1.321927266062727e-42
-2.1426783479349183	5.351985056969096e-45
-2.132665832290363	1.8538158686577525e-47
-2.122653316645807	2.3857068218678916e-47
-2.112640801001252	6.800082973729855e-45
-2.1026282853566958	1.6547785408858942e-42
-2.0926157697121397	3.430081161308621e-40
-2.0826032540675845	6.056305176159853e-38
-2.0725907384230284	9.108564640452473e-36
-2.0625782227784732	1.1668928459607422e-33
-2.052565707133917	1.2733589605083843e-31
-2.042553191489362	1.1836125441719132e-29
-2.032540675844806	9.371456831716903e-28
-2.02252816020025	6.320384485953064e-26
-2.0125156445556946	3.63093712184752e-24
-2.0025031289111386	1.776776493194737e-22
-1.9924906132665834	7.406034255899308e-21
-1.9824780976220273	2.6295260896544095e-19
-1.9724655819774712	7.952581248139671e-18
-1.962453066332916	2.0486965322130826e-16
-1.95244055068836	4.495583662149163e-15
-1.9424280350438048	8.402984554741799e-14
-1.9324155193992487	1.337889558773588e-12
-1.9224030037546935	1.8144564915351002e-11
-1.9123904881101375	2.0961058120680242e-10
-1.9023779724655814	2.0626317665473843e-09
-1.8923654568210262	1.728920709478727e-08
-1.8823529411764701	1.2344666848850827e-07
-1.872340425531915	7.508388369628114e-07
-1.8623279098873589	3.890464920087598e-06
-1.8523153942428037	1.717483842939331e-05
-1.8423028785982476	6.461280971078008e-05
-1.8322903629536915	0.00020724173824354615
-1.8222778473091363	0.000567238010087482
-1.8122653316645803	0.0013273188115332736
-1.802252816020025	0.0026648425669445436
-1.792240300375469	0.0046224571852846435
-1.7822277847309138	0.0070167564485052
-1.7722152690863577	0.00952344892971048
-1.7622027534418017	0.011912836981115666
-1.7521902377972465	0.014163893249100291
-1.7421777221526904	0.016238254426656523
-1.7321652065081352	0.01774023328503421
-1.7221526908635791	0.017982011631418177
-1.712140175219024	0.016591049520371503
-1.7021276595744679	0.01411488489411002
-1.6921151439299118	0.011980296075488782
-1.6821026282853566	0.011800123953912025
-1.6720901126408005	0.014623950655336563
-1.6620775969962454	0.02068819456492565
-1.6520650813516893	0.02971408058975166
-1.642052565707134	0.04135268210585771
-1.632040050062578	0.05534334447928147
-1.622027534418022	0.07134630550007241
-1.6120150187734668	0.08879738768872314
-1.6020025031289107	0.10701283497444214
-1.5919899874843555	0.12535219577133092
-1.5819774718397994	0.14325294432748814
-1.5719649561952442	0.16040666449965738
-1.5619524405506882	0.17734835432971105
-1.551939924906132	0.19591359428275906
-1.541927409261577	0.21852032596639295
-1.5319148936170208	0.2463138726048189
-1.5219023779724656	0.27806390691939215
-1.5118898623279096	0.31171147541728267
-1.5018773466833544	0.34757961924681363
-1.4918648310387983	0.3894102732689114
-1.4818523153942422	0.440745285180434
-1.471839799749687	0.49942084542871434
-1.461827284105131	0.5562910294412184
-1.4518147684605758	0.6010087081142746
-1.4418022528160197	0.6304419370300072
-1.4317897371714645	0.6517999258331215
-1.4217772215269084	0.6770791581827111
-1.4117647058823524	0.7138565241935422
-1.4017521902377972	0.7609037004057538
-1.391739674593241	0.8116353015367873
-1.381727158948686	0.8602948752721465
-1.3717146433041298	0.9044292828404934
-1.3617021276595747	0.9432388510938748
-1.3516896120150186	0.9762878384625603
-1.3416770963704625	1.004911459120172
-1.3316645807259073	1.0334197799852605
-1.3216520650813512	1.066458414261489
-1.311639549436796	1.1038499312097143
-1.30162703379224	1.13857974706834
-1.2916145181476848	1.1614659173135318
-1.2816020025031287	1.1692930790381706
-1.2715894868585726	1.1692418709404377
-1.2615769712140175	1.1756003056859354
-1.2515644555694614	1.2013635921335646
-1.2415519399249062	1.250804418627718
-1.2315394242803501	1.3174168987232313
-1.221526908635795	1.38774181294164
-1.2115143929912389	1.4483666239700785
-1.2015018773466828	1.4918515263036536
-1.1914893617021276	1.5181682838649042
-1.1814768460575715	1.531542244381335
-1.1714643304130163	1.5360671461443953
-1.1614518147684603	1.533931984097713
-1.151439299123905	1.5271751551521326
-1.141426783479349	1.5203890859500944
-1.131414267834793	1.5206784597945198
-1.1214017521902377	1.5334725646485439
-1.1113892365456817	1.5572167091031202
-1.1013767209011265	1.5824831144719258
-1.0913642052565704	1.5978134383554266
-1.0813516896120152	1.5979117428274658
-1.0713391739674591	1.5870809600364308
-1.061326658322903	1.5751726560931087
-1.0513141426783479	1.569671817591911
-1.0413016270337918	1.5698842850180657
-1.0312891113892366	1.5670637350413557
-1.0212765957446805	1.5503287397728622
-1.0112640801001254	1.514428739572973
-1.0012515644555693	1.463770161178137
-0.9912390488110132	1.4095273013970508
-0.981226533166458	1.3622024758049316
-0.971214017521902	1.3259127207207106
-0.9612015018773468	1.2987489222661537
-0.9511889862327907	1.2774540614470542
-0.9411764705882355	1.2609159204095033
-0.9311639549436794	1.2494499306281452
-0.9211514392991234	1.2420766952616684
-0.9111389236545682	1.2356208354401046
-0.9011264080100121	1.2263113093182068
-0.8911138923654569	1.2115480219157992
-0.8811013767209008	1.1902957918457293
-0.8710888610763456	1.1629115081998398
-0.8610763454317896	1.1312768776043394
-0.8510638297872335	1.0984414894203742
-0.8410513141426783	1.0669138967284997
-0.8310387984981222	1.0367343842043903
-0.821026282853567	1.0054444983669566
-0.811013767209011	0.9702921266890927
-0.8010012515644558	0.9307444447946732
-0.7909887359198997	0.8894319094001605
-0.7809762202753436	0.8513537432582446
-0.7709637046307884	0.8220186027532813
-0.7609511889862324	0.8048868896727506
-0.7509386733416772	0.7987787655671986
-0.7409261576971211	0.7970228911843521
-0.7309136420525659	0.7900025788489903
-0.7209011264080099	0.7703633507233544
-0.7108886107634538	0.7374894931473823
-0.7008760951188986	0.6979041755679937
-0.6908635794743425	0.6614385794579215
-0.6808510638297873	0.6364084616312343
-0.6708385481852313	0.6272202395418681
-0.6608260325406761	0.6348370092591326
-0.65081351689612	0.6579230399826848
-0.6408010012515639	0.6929699085850902
-0.6307884856070087	0.7341037774307271
-0.6207759699624527	0.7744265102232956
-0.6107634543178975	0.8092426301243267
-0.6007509386733414	0.8390365938616686
-0.5907384230287862	0.8695274681590421
-0.5807259073842301	0.9084557641151155
-0.5707133917396741	0.9615195485777889
-0.5607008760951189	1.0301114333604489
-0.5506883604505628	1.111382170030788
-0.5406758448060076	1.1994593925065864
-0.5306633291614515	1.2869410417206169
-0.5206508135168963	1.3668033494788132
-0.5106382978723403	1.4349597079447063
-0.5006257822277842	1.492882167892826
-0.490613266583229	1.5487962824451276
-0.48060075093867294	1.6157846659504915
-0.47058823529411775	1.7064766767930108
-0.4605757196495617	1.82650697562411
-0.4505632040050065	1.970424365066199
-0.4405506883604504	2.12272454692931
-0.43053817271589434	2.2643030884168627
-0.42052565707133915	2.3822630698609437
-0.4105131414267831	2.47836288806512
-0.4005006257822279	2.5696440996340524
-0.3904881101376718	2.678200571946131
-0.38047559449311663	2.816117152155822
-0.37046307884856056	2.977554861859109
-0.3604505632040045	3.144108870561121
-0.3504380475594493	3.297098452936939
-0.3404255319148932	3.4256559406814286
-0.33041301627033803	3.5266423246178222
-0.32040050062578196	3.601066223810286
-0.3103879849812259	3.6523881572257664
-0.3003754693366707	3.687242434604972
-0.2903629536921146	3.715731675823907
-0.28035043804755944	3.7489925380926628
-0.27033792240300336	3.794652189687026
-0.2603254067584482	3.853543830324067
-0.2503128911138921	3.9207214021085273
-0.24030037546933602	3.989947227303004
-0.23028785982478084	4.057540288325586
-0.22027534418022476	4.122636701033811
-0.21026282853566958	4.184836487832285
-0.2002503128911135	4.242532880151623
-0.19023779724655832	4.294266685111382
-0.18022528160200224	4.342227842897108
-0.17021276595744617	4.393770399233002
-0.16020025031289098	4.457177871970117
-0.1501877346683349	4.533568128455078
-0.14017521902377972	4.612349728686477
-0.13016270337922364	4.675367373520506
-0.12015018773466846	4.706422416372819
-0.11013767209011238	4.698420575208619
-0.10012515644555631	4.654473135800737
-0.09011264080100112	4.58511379092067
-0.08010012515644505	4.504606137504517
-0.07008760951188986	4.427063198043731
-0.060075093867333784	4.362613352388255
-0.0500625782227786	4.314857758476493
-0.04005006257822252	4.280616040167093
-0.030037546933666448	4.251999366169843
-0.02002503128911126	4.22062813536469
-0.010012515644555187	4.182585407406585
0.0	4.140205341699813
