-8.0	1.9198690690633566
-7.989987484355444	1.9645886799133385
-7.979974968710889	1.9988904421580207
-7.969962453066333	2.02560479876809
-7.9599499374217775	2.04938096962558
-7.949937421777221	2.076726165540739
-7.939924906132666	2.1171990635128353
-7.92991239048811	2.1808234188241746
-7.919899874843554	2.2717925091071014
-7.909887359198999	2.384818425707206
-7.899874843554443	2.5084041689086995
-7.889862327909888	2.631279671370501
-7.8798498122653315	2.7458594989321865
-7.869837296620776	2.8486354080597853
-7.85982478097622	2.9415464229251262
-7.849812265331664	3.034076577947594
-7.839799749687109	3.1408607086263274
-7.829787234042553	3.273047038949628
-7.819774718397998	3.4296611154653496
-7.809762202753442	3.596884416405991
-7.7997496871088865	3.7560606411241255
-7.78973717146433	3.8937548563720035
-7.779724655819774	4.007021182117064
-7.769712140175219	4.102482290450953
-7.759699624530663	4.191991519457727
-7.749687108886108	4.287699340792742
-7.739674593241552	4.397942160785067
-7.729662077596997	4.524977780259291
-7.719649561952441	4.665612595410319
-7.7096370463078845	4.814716091832651
-7.699624530663329	4.969349522735364
-7.689612015018773	5.129600811208838
-7.679599499374218	5.294146083737279
-7.669586983729662	5.454186699485538
-7.659574468085107	5.593226207063676
-7.649561952440551	5.6960622115399815
-7.639549436795995	5.760709803538505
-7.629536921151439	5.802158652543512
-7.619524405506883	5.843443326122603
-7.609511889862328	5.901509719746957
-7.599499374217772	5.980363588884227
-7.589486858573217	6.076472991320529
-7.579474342928661	6.1886876753837425
-7.569461827284105	6.320338418253602
-7.55944931163955	6.470381743513187
-7.5494367959949935	6.623990450551046
-7.539424280350438	6.755305703928948
-7.529411764705882	6.84285745788197
-7.519399249061326	6.884865877859036
-7.509386733416771	6.9010986774686565
-7.499374217772215	6.919363690342261
-7.48936170212766	6.956747667336977
-7.479349186483104	7.009312325622456
-7.4693366708385485	7.057430714752749
-7.459324155193992	7.0816907349688965
-7.449311639549437	7.075414103010625
-7.439299123904881	7.0432806603085325
-7.429286608260325	6.989896318896218
-7.41927409261577	6.912557197991042
-7.409261576971214	6.806156356673776
-7.399249061326659	6.672621848026037
-7.3892365456821025	6.522420780929045
-7.3792240300375465	6.366939079703825
-7.369211514392991	6.211991290050752
-7.359198998748435	6.059956841392807
-7.34918648310388	5.916250795367959
-7.339173967459324	5.79036570199438
-7.329161451814769	5.688747199565315
-7.319148936170213	5.607419586747973
-7.3091364205256575	5.533508756719314
-7.299123904881101	5.454658822473366
-7.289111389236545	5.366027864534434
-7.27909887359199	5.267934681957729
-7.269086357947434	5.159090478980984
-7.259073842302879	5.035173893961956
-7.249061326658323	4.894459584419764
-7.239048811013767	4.742907865835498
-7.2290362953692116	4.5923591346227335
-7.2190237797246555	4.45367164663007
-7.2090112640801	4.33116327854899
-7.198998748435544	4.222444116929764
-7.188986232790989	4.122752727523908
-7.178973717146433	4.029606437207288
-7.168961201501878	3.9440756097942677
-7.158948685857322	3.868232019824785
-7.148936170212766	3.8009462031566086
-7.13892365456821	3.7348252865263634
-7.128911138923654	3.6568633592925557
-7.118898623279099	3.5540596171584253
-7.108886107634543	3.42172346481894
-7.098873591989987	3.268886447076907
-7.088861076345432	3.116334642519161
-7.078848560700876	2.9878760388685994
-7.068836045056321	2.8999596106459613
-7.0588235294117645	2.855494304858915
-7.048811013767209	2.844809599620824
-7.038798498122653	2.8520559128863416
-7.028785982478098	2.8620862826511813
-7.018773466833542	2.8637762495808605
-7.008760951188986	2.850002528932974
-6.998748435544431	2.8175622285773314
-6.988735919899875	2.7686637178164646
-6.9787234042553195	2.711526391317082
-6.968710888610763	2.65708958849581
-6.958698372966207	2.613195117650975
-6.948685857321652	2.5808222529361067
-6.938673341677096	2.554636507383795
-6.928660826032541	2.5261725780627526
-6.918648310387985	2.4875859831455793
-6.908635794743429	2.4355605288997757
-6.8986232790988735	2.3744817612173623
-6.888610763454318	2.316125198381708
-6.878598247809762	2.274137818646118
-6.868585732165206	2.2560258494477896
-6.858573216520651	2.258295014401456
-6.848560700876095	2.268183620195824
-6.83854818523154	2.270577989293541
-6.828535669586984	2.2556846316876955
-6.818523153942428	2.2229600889299164
-6.808510638297872	2.1789732663797676
-6.798498122653316	2.1311281977593843
-6.788485607008761	2.082999356147016
-6.778473091364205	2.0355845324259323
-6.768460575719649	1.9921733764408047
-6.758448060075094	1.9601385130650564
-6.748435544430539	1.9462335608817611
-6.7384230287859825	1.9493203818040563
-6.7284105131414265	1.9580308054681321
-6.718397997496871	1.9570228761205175
-6.708385481852315	1.9375257737945355
-6.69837296620776	1.903404668034508
-6.688360450563204	1.8679587134629276
-6.678347934918648	1.8451144649759195
-6.668335419274093	1.8425498415778006
-6.658322903629537	1.8604213646830698
-6.648310387984981	1.893565780660865
-6.638297872340425	1.9337920157776467
-6.628285356695869	1.9718747113237078
-6.618272841051314	2.0007345477532903
-6.608260325406759	2.0190106497897147
-6.598247809762203	2.0314250933324836
-6.588235294117647	2.0443568376679053
-6.578222778473092	2.0603661070459993
-6.5682102628285355	2.076968454692258
-6.55819774718398	2.090520910899188
-6.548185231539424	2.101155765590241
-6.538172715894868	2.1142452308640323
-6.528160200250313	2.137169531750295
-6.518147684605757	2.1739750287185378
-6.508135168961202	2.222273790502822
-6.498122653316646	2.2749522795096033
-6.4881101376720896	2.3250138438034216
-6.478097622027534	2.369294290777661
-6.468085106382979	2.4087245178879995
-6.458072590738423	2.446709142368725
-6.448060075093867	2.4880845396765987
-6.438047559449312	2.538582994007587
-6.428035043804756	2.6032046557028736
-6.418022528160201	2.683585874090031
-6.4080100125156445	2.776275221166663
-6.397997496871088	2.8730856985563413
-6.387984981226533	2.963121736158282
-6.377972465581977	3.0359571778496584
-6.367959949937422	3.0855995125025344
-6.357947434292866	3.1135258276546947
-6.34793491864831	3.1279708369796797
-6.337922403003755	3.1388888413343534
-6.3279098873591995	3.152335697908304
-6.317897371714643	3.169101285381467
-6.307884856070087	3.1880850350149856
-6.297872340425532	3.2098178721903006
-6.287859824780976	3.235755468129105
-6.277847309136421	3.2644677700542113
-6.267834793491865	3.2901557320092407
-6.257822277847309	3.3065396369728792
-6.2478097622027535	3.3126370204994067
-6.2377972465581975	3.3142894542845043
-6.227784730913642	3.31969835036727
-6.217772215269086	3.333121289880561
-6.20775969962453	3.3519592854832783
-6.197747183979975	3.369079963376707
-6.18773466833542	3.37835604066244
-6.177722152690864	3.3793726672815065
-6.167709637046308	3.3780654339365683
-6.157697121401752	3.383625286752786
-6.147684605757196	3.404934724742609
-6.137672090112641	3.448438280026125
-6.127659574468085	3.51613543866517
-6.117647058823529	3.6027331435149446
-6.107634543178974	3.6944006618786753
-6.097622027534418	3.7724216544208398
-6.0876095118898625	3.821274708390219
-6.0775969962453065	3.836178295117623
-6.06758448060075	3.824551166191975
-6.057571964956195	3.800047177197738
-6.04755944931164	3.773549881305623
-6.037546933667084	3.7480272903762746
-6.027534418022528	3.72097953595224
-6.017521902377973	3.6914406038273104
-6.007509386733417	3.664103972000293
-5.997496871088861	3.6462241128860056
-5.987484355444305	3.6410509565036313
-5.977471839799749	3.6453619924646543
-5.967459324155194	3.6532651925903794
-5.957446808510639	3.6608687274380705
-5.947434292866083	3.6664801190601857
-5.937421777221527	3.6677614320107566
-5.927409261576971	3.6610151767373096
-5.9173967459324155	3.644059232392616
-5.90738423028786	3.6189108244996917
-5.897371714643304	3.5905250595912914
-5.887359198998748	3.562199401079373
-5.877346683354192	3.5316503165563424
-5.867334167709637	3.4914756776720646
-5.857321652065082	3.4344014092701416
-5.847309136420526	3.359464693212311
-5.83729662077597	3.2736986601649276
-5.827284105131414	3.187681626244764
-5.817271589486858	3.109289032681323
-5.807259073842303	3.041165237100997
-5.797246558197747	2.982616547229552
-5.787234042553191	2.932306148523022
-5.777221526908636	2.8889383233575883
-5.767209011264081	2.8502895728383875
-5.7571964956195245	2.812239149235027
-5.747183979974968	2.768834722905158
-5.737171464330412	2.7136442506395464
-5.727158948685857	2.6418989847827676
-5.717146433041302	2.5521444500324577
-5.707133917396746	2.446182134172562
-5.69712140175219	2.327321724101235
-5.687108886107635	2.1982745096611187
-5.677096370463079	2.060318744548288
-5.667083854818523	1.914564765120307
-5.657071339173967	1.7646107505406525
-5.647058823529411	1.618277549068086
-5.637046307884856	1.485946050023213
-5.627033792240301	1.375497645590342
-5.617021276595745	1.2872936933180004
-5.607008760951189	1.2132281418471726
-5.596996245306633	1.1406761518406456
-5.5869837296620775	1.0586243962534052
-5.576971214017522	0.9625379082558795
-5.566958698372966	0.855931605052251
-5.55694618272841	0.7482583002648163
-5.546933667083855	0.6501810766813557
-5.536921151439299	0.568637402614643
-5.526908635794744	0.5044670197652682
-5.516896120150188	0.45379974379265625
-5.5068836045056315	0.4115758061161177
-5.496871088861076	0.37407468612783934
-5.486858573216521	0.33895560852109674
-5.476846057571965	0.30425917420877374
-5.466833541927409	0.26846799237977836
-5.456821026282853	0.23157502583071662
-5.446808510638298	0.19544077373057825
-5.4367959949937426	0.16267652793722248
-5.4267834793491865	0.13509174578115757
-5.41677096370463	0.11294651358754622
-5.406758448060075	0.09515985903232985
-5.396745932415519	0.0799636732424264
-5.386733416770964	0.0656634195056201
-5.376720901126408	0.05135811709132716
-5.366708385481852	0.03733135063456116
-5.356695869837297	0.02480626052642662
-5.346683354192741	0.015162465164575053
-5.336670838548185	0.00914776986724569
-5.326658322903629	0.006557310514110314
-5.316645807259073	0.006404885774145286
-5.306633291614518	0.007330157166250651
-5.296620775969963	0.008055745870124682
-5.286608260325407	0.007801080912407017
-5.276595744680851	0.006491581443678345
-5.2665832290362955	0.004611591745698739
-5.256570713391739	0.002792122724835282
-5.246558197747184	0.0014401873259830354
-5.236545682102628	0.0006327877419257344
-5.226533166458072	0.00023683177997395563
-5.216520650813517	7.550257462541735e-05
-5.206508135168962	2.0503246970309966e-05
-5.196495619524406	4.742664791863492e-06
-5.18648310387985	9.344607684588998e-07
-5.1764705882352935	1.5683340056638267e-07
-5.166458072590738	2.2420995179968804e-08
-5.156445556946183	2.730297997303019e-09
-5.146433041301627	2.832070463572873e-10
-5.136420525657071	2.5022857207917536e-11
-5.126408010012516	1.8832526163562865e-12
-5.11639549436796	1.2073108402871039e-13
-5.1063829787234045	6.592778117275081e-15
-5.0963704630788484	3.0665966574681314e-16
-5.086357947434292	1.2150207508693698e-17
-5.076345431789737	4.1006204306292805e-19
-5.066332916145182	1.1788384317842395e-20
-5.056320400500626	2.8866746588685197e-22
-5.04630788485607	6.0211608927776185e-24
-5.036295369211514	1.0697972165961834e-25
-5.026282853566959	1.6190547451636804e-27
-5.016270337922403	2.0871825870007088e-29
-5.006257822277847	2.2919133312347396e-31
-4.996245306633291	2.1437531595599046e-33
-4.986232790988735	1.7080091897444364e-35
-4.97622027534418	1.1591628858787228e-37
-4.966207759699625	6.700968411457335e-40
-4.956195244055069	3.299662436286613e-42
-4.946182728410513	1.3840133957851652e-44
-4.9361702127659575	4.944813467389283e-47
-4.926157697121402	1.5048678776042588e-49
-4.916145181476846	3.9010873017359905e-52
-4.90613266583229	8.614137617750866e-55
-4.896120150187734	1.6202304160814037e-57
-4.886107634543179	2.595855985439438e-60
-4.876095118898624	3.5426092111730666e-63
-4.866082603254068	4.1181744434126227e-66
-4.8560700876095115	4.0777920006288343e-69
-4.8460575719649555	3.4394122907027514e-72
-4.8360450563204	2.471054061768097e-75
-4.826032540675845	1.5122343334879669e-78
-4.816020025031289	7.883059050413984e-82
-4.806007509386733	3.500332532787391e-85
-4.795994993742178	1.3239228197078126e-88
-4.785982478097623	4.2653519304839846e-92
-4.7759699624530665	1.170539062834732e-95
-4.76595744680851	2.7362501060145184e-99
-4.755944931163954	5.44834387189343e-103
-4.745932415519399	9.240853132110315e-107
-4.735919899874844	1.335052869097472e-110
-4.725907384230288	1.64294755259084e-114
-4.715894868585732	1.722216611909472e-118
-4.705882352941176	1.5377675316734053e-122
-4.6958698372966206	1.16958674798865e-126
-4.685857321652065	7.577274656310038e-131
-4.675844806007509	4.1815034468301215e-135
-4.665832290362953	1.96558001354743e-139
-4.655819774718398	7.870237435818008e-144
-4.645807259073843	2.684255061925768e-148
-4.635794743429287	7.798275349958284e-153
-4.625782227784731	1.9297994993464357e-157
-4.615769712140175	4.0678473944076534e-162
-4.605757196495619	7.303919086143937e-167
-4.595744680851064	1.1170846743483562e-171
-4.585732165206508	1.4553085227171409e-176
-4.575719649561952	1.6149641671218638e-181
-4.565707133917396	1.5265447760781498e-186
-4.555694618272841	1.2291221438737992e-191
-4.545682102628286	8.42984088754336e-197
-4.53566958698373	4.924731423884433e-202
-4.5256570713391735	2.4506684676826427e-207
-4.515644555694618	1.038784387591469e-212
-4.505632040050063	3.750637604102872e-218
-4.495619524405507	1.1535376147186352e-223
-4.485607008760951	8.042499802842401e-223
-4.475594493116395	2.5519418122429645e-217
-4.46558197747184	6.897464571165534e-212
-4.4555694618272845	1.5879873116044098e-206
-4.4455569461827285	3.1141778859435384e-201
-4.435544430538172	5.20209936863466e-196
-4.425531914893616	7.402061852282483e-191
-4.415519399249061	8.971511428809865e-186
-4.405506883604506	9.262268330929603e-181
-4.39549436795995	8.145316066595921e-176
-4.385481852315394	6.101510494131145e-171
-4.375469336670839	3.89319021219997e-166
-4.365456821026283	2.1159856688454677e-161
-4.355444305381727	9.796222935922748e-157
-4.345431789737171	3.863166592457211e-152
-4.335419274092615	1.2976783300360347e-147
-4.32540675844806	3.7130389658763228e-143
-4.315394242803505	9.04962952169202e-139
-4.305381727158949	1.878758387083715e-134
-4.295369211514393	3.322384587021755e-130
-4.285356695869837	5.004580889592179e-126
-4.275344180225281	6.421320721272395e-122
-4.265331664580726	7.018104803432142e-118
-4.25531914893617	6.533624569348273e-114
-4.245306633291614	5.181164019478373e-110
-4.235294117647059	3.499768717701391e-106
-4.225281602002504	2.0136787534512702e-102
-4.215269086357948	9.869152719918735e-99
-4.2052565707133915	4.120106005286432e-95
-4.1952440550688355	1.4651286113088738e-91
-4.18523153942428	4.4379453267165337e-88
-4.175219023779725	1.1450566800571213e-84
-4.165206508135169	2.516580694009641e-81
-4.155193992490613	4.71122206478174e-78
-4.145181476846057	7.512684121762861e-75
-4.135168961201502	1.0204589082900612e-71
-4.1251564455569465	1.1806869213880117e-68
-4.11514392991239	1.1636244086822744e-65
-4.105131414267834	9.76854162750476e-63
-4.095118898623279	6.985306701623278e-60
-4.085106382978723	4.254808967492921e-57
-4.075093867334168	2.2075649564694186e-54
-4.065081351689612	9.756313691783329e-52
-4.055068836045056	3.672796439280848e-49
-4.045056320400501	1.177732882141951e-46
-4.035043804755945	3.216885339331767e-44
-4.025031289111389	7.48450703752428e-42
-4.015018773466833	1.4833022638142484e-39
-4.005006257822277	2.5040036456930353e-37
-3.994993742177722	3.600634952373864e-35
-3.9849812265331668	4.410238416526231e-33
-3.9749687108886107	4.601335302774685e-31
-3.9649561952440546	4.0892582114495253e-29
-3.9549436795994994	3.0955942117743342e-27
-3.9449311639549434	1.9961002832056e-25
-3.934918648310388	1.0963760133773413e-23
-3.924906132665832	5.12950589716814e-22
-3.914893617021277	2.044232931629512e-20
-3.904881101376721	6.939434261520211e-19
-3.8948685857321648	2.0065805140803104e-17
-3.8848560700876096	4.94228691410832e-16
-3.8748435544430535	1.0369030598292107e-14
-3.8648310387984983	1.853050252777251e-13
-3.8548185231539422	2.8208180695740153e-12
-3.844806007509387	3.65764705335307e-11
-3.834793491864831	4.039869657453815e-10
-3.824780976220275	3.8007714018412556e-09
-3.8147684605757197	3.045895399898848e-08
-3.8047559449311636	2.079203796622137e-07
-3.7947434292866085	1.208976819911293e-06
-3.7847309136420524	5.987944026527797e-06
-3.774718397997497	2.5262501131186295e-05
-3.764705882352941	9.078495095522798e-05
-3.754693366708385	0.00027790122644606274
-3.74468085106383	0.0007246141793340893
-3.734668335419274	0.001609405794733225
-3.7246558197747186	0.0030449254525292714
-3.7146433041301625	0.004907709693357666
-3.7046307884856065	0.006740985695822688
-3.6946182728410513	0.007901446626713068
-3.684605757196495	0.00794685564153886
-3.67459324155194	0.007006115336812865
-3.664580725907384	0.005847314522339076
-3.6545682102628287	0.005627923545503007
-3.6445556946182727	0.007545295874957442
-3.6345431789737166	0.012542644963798956
-3.6245306633291614	0.021053756401883263
-3.6145181476846053	0.03279958820093143
-3.60450563204005	0.04680148120114597
-3.594493116395494	0.06171599371114785
-3.584480600750939	0.07633111696995654
-3.574468085106383	0.09000673585730415
-3.5644555694618267	0.10309935874647662
-3.5544430538172715	0.11741176049939901
-3.5444305381727155	0.13615583424235736
-3.5344180225281603	0.16273251105089895
-3.524405506883604	0.19875293352641826
-3.514392991239049	0.2430643637959146
-3.504380475594493	0.29294621501618734
-3.494367959949937	0.34629297517726715
-3.4843554443053817	0.40242431527163225
-3.4743429286608256	0.4608171436026284
-3.4643304130162704	0.5194709255285281
-3.4543178973717144	0.5748882016234524
-3.444305381727159	0.6238581740405661
-3.434292866082603	0.6657345100933881
-3.424280350438047	0.7038014440211364
-3.414267834793492	0.744748731643602
-3.4042553191489358	0.7958823643475144
-3.3942428035043806	0.8612269337145219
-3.3842302878598245	0.9393951964194577
-3.3742177722152693	1.0254590759622884
-3.3642052565707132	1.1154605180664596
-3.354192740926157	1.2092187033599688
-3.344180225281602	1.3086712808967829
-3.334167709637046	1.4138635911713278
-3.3241551939924907	1.5210758932745656
-3.3141426783479346	1.6245756483796001
-3.3041301627033794	1.7191986962959591
-3.2941176470588234	1.8007785845440065
-3.2841051314142673	1.8649681559165696
-3.274092615769712	1.9075035393973403
-3.264080100125156	1.927488310772737
-3.254067584480601	1.9312412244793395
-3.2440550688360448	1.9320080697590916
-3.2340425531914896	1.9438314466560387
-3.2240300375469335	1.9738765866069958
-3.2140175219023774	2.019613200753119
-3.2040050062578223	2.0725290889981145
-3.193992490613266	2.1239788094591687
-3.183979974968711	2.1679642761614115
-3.173967459324155	2.1999613409703294
-3.1639549436795997	2.2152106072476365
-3.1539424280350437	2.2101212978151685
-3.1439299123904876	2.186461013993995
-3.1339173967459324	2.153611935830029
-3.1239048811013763	2.1246838645536283
-3.113892365456821	2.1085977650907837
-3.103879849812265	2.1055278420518317
-3.09386733416771	2.1100067426423865
-3.083854818523154	2.117454724343168
-3.0738423028785977	2.126404031163259
-3.0638297872340425	2.134432228318125
-3.0538172715894865	2.1333762191195653
-3.0438047559449313	2.1100700052069348
-3.033792240300375	2.052939368558524
-3.02377972465582	1.9592427195192283
-3.013767209011264	1.837413893713781
-3.003754693366708	1.7030076033633839
-2.9937421777221527	1.5713831519321222
-2.9837296620775966	1.452152294195767
-2.9737171464330414	1.3484289265890657
-2.9637046307884853	1.2598236198196153
-2.95369211514393	1.1855046738268338
-2.943679599499374	1.1247168783046226
-2.933667083854818	1.0754799227454934
-2.923654568210263	1.034171134575615
-2.9136420525657067	0.997352538464208
-2.9036295369211516	0.9641669799638944
-2.8936170212765955	0.9363526989498265
-2.8836045056320403	0.9151235136027638
-2.873591989987484	0.8978521989661269
-2.863579474342928	0.8785896733382401
-2.853566958698373	0.8530806921396953
-2.843554443053817	0.8241458451031289
-2.8335419274092617	0.8021413753894141
-2.8235294117647056	0.7991355972951382
-2.8135168961201504	0.8208807583840178
-2.8035043804755944	0.8627189949030452
-2.7934918648310383	0.9123274322497257
-2.783479349186483	0.9566433948844648
-2.773466833541927	0.9879267817343123
-2.763454317897372	1.0065031373256215
-2.7534418022528158	1.020819470739173
-2.7434292866082606	1.0450722073148555
-2.7334167709637045	1.093562012221191
-2.7234042553191484	1.1732913804148137
-2.7133917396745932	1.279837321051216
-2.703379224030037	1.400377653334427
-2.693366708385482	1.5216924811639874
-2.683354192740926	1.636497675354935
-2.6733416770963707	1.7436866072467343
-2.6633291614518146	1.8443410985907485
-2.6533166458072586	1.9386723043906384
-2.6433041301627034	2.026337754404426
-2.6332916145181473	2.1079770473246895
-2.623279098873592	2.1850057772608187
-2.613266583229036	2.2579786046319303
-2.603254067584481	2.326170030907541
-2.593241551939925	2.3891269764956706
-2.5832290362953687	2.4478541559064038
-2.5732165206508135	2.503731201052033
-2.5632040050062574	2.556434582066179
-2.5531914893617023	2.6033056675358703
-2.543178973717146	2.6404859525444047
-2.533166458072591	2.66400633554044
-2.523153942428035	2.6694298204429425
-2.513141426783479	2.650986231623533
-2.5031289111389237	2.6029273801348225
-2.4931163954943676	2.5243099446006703
-2.4831038798498124	2.423714688071255
-2.4730913642052563	2.317917021557983
-2.463078848560701	2.2231656900108665
-2.453066332916145	2.145616092524801
-2.443053817271589	2.0792549342287656
-2.433041301627034	2.012777316492164
-2.4230287859824777	1.9388029227377002
-2.4130162703379225	1.8576264004175687
-2.4030037546933665	1.7736383574400898
-2.3929912390488113	1.6891573648147717
-2.382978723404255	1.6016634604349838
-2.372966207759699	1.506414368679037
-2.362953692115144	1.4018636679776522
-2.352941176470588	1.293491424792367
-2.3429286608260327	1.192647792446378
-2.3329161451814766	1.1102233799540506
-2.3229036295369214	1.049173834188215
-2.3128911138923653	1.0017223981858947
-2.3028785982478093	0.9538872997345401
-2.292866082603254	0.8942141583851082
-2.282853566958698	0.8204586900194565
-2.272841051314143	0.7398661354159382
-2.2628285356695867	0.6634884420728655
-2.2528160200250316	0.5989491649155311
-2.2428035043804755	0.546733437226365
-2.2327909887359194	0.5020210918950191
-2.2227784730913642	0.459521985675944
-2.212765957446808	0.4168406798877368
-2.202753441802253	0.374434282849013
-2.192740926157697	0.3339362524069336
-2.1827284105131417	0.29711041022702595
-2.1727158948685856	0.2653910483509753
-2.1627033792240296	0.23893365410541123
-2.1526908635794744	0.2157087735796237
-2.1426783479349183	0.1922947041067126
-2.132665832290363	0.1663330613728946
-2.122653316645807	0.138363165874033
-2.112640801001252	0.11123938760651364
-2.1026282853566958	0.0879263451486893
-2.0926157697121397	0.06981918252652296
-2.0826032540675845	0.05660006865764965
-2.0725907384230284	0.04697155626344062
-2.0625782227784732	0.03934653243661908
-2.052565707133917	0.03233173076362225
-2.042553191489362	0.0251733348978029
-2.032540675844806	0.017994406748056076
-2.02252816020025	0.011532703420094043
-2.0125156445556946	0.006523261590240713
-2.0025031289111386	0.0032242706719968683
-1.9924906132665834	0.0013840401550212005
-1.9824780976220273	0.0005139070582999173
-1.9724655819774712	0.00016460416310952754
-1.962453066332916	4.538557198067391e-05
-1.95244055068836	1.0754539946631674e-05
-1.9424280350438048	2.1870272444032463e-06
-1.9324155193992487	3.812257611387211e-07
-1.9224030037546935	5.690168970287554e-08
-1.9123904881101375	7.266005856146708e-09
-1.9023779724655814	7.931659693588584e-10
-1.8923654568210262	7.396932083589384e-11
-1.8823529411764701	5.8901363027417544e-12
-1.872340425531915	4.0030561927750135e-13
-1.8623279098873589	2.3210849038606933e-14
-1.8523153942428037	1.147869224975007e-15
-1.8423028785982476	4.8404850379220164e-17
-1.8322903629536915	1.7401767928606996e-18
-1.8222778473091363	5.332553287489172e-20
-1.8122653316645803	1.392698510972473e-21
-1.802252816020025	3.0996507707875764e-23
-1.792240300375469	5.878475672792217e-25
-1.7822277847309138	9.49910633789894e-27
-1.7722152690863577	1.3078032866702345e-28
-1.7622027534418017	1.5339953526887482e-30
-1.7521902377972465	1.5328925053532982e-32
-1.7421777221526904	1.304946039925013e-34
-1.7321652065081352	9.463596897452996e-37
-1.7221526908635791	5.846478584959581e-39
-1.712140175219024	3.0768064386999325e-41
-1.7021276595744679	1.3793300548022679e-43
-1.6921151439299118	5.2673725050264215e-46
-1.6821026282853566	1.7251486732042206e-48
-1.6720901126408005	4.1212601981817625e-48
-1.6620775969962454	1.2349245419560305e-45
-1.6520650813516893	3.155660419118755e-43
-1.642052565707134	6.868769594189829e-41
-1.632040050062578	1.2735220748201547e-38
-1.622027534418022	2.011281462598292e-36
-1.6120150187734668	2.7056902290605473e-34
-1.6020025031289107	3.100431574691584e-32
-1.5919899874843555	3.0262520372559888e-30
-1.5819774718397994	2.5160943468034746e-28
-1.5719649561952442	1.7819177798076767e-26
-1.5619524405506882	1.0749477616471693e-24
-1.551939924906132	5.523649272648103e-23
-1.541927409261577	2.4177088180201e-21
-1.5319148936170208	9.014077083315403e-20
-1.5219023779724656	2.862715955527876e-18
-1.5118898623279096	7.744181684101317e-17
-1.5018773466833544	1.7844896021021297e-15
-1.4918648310387983	3.5026379809146904e-14
-1.4818523153942422	5.856278726219619e-13
-1.471839799749687	8.340606054283398e-12
-1.461827284105131	1.0118814879019695e-10
-1.4518147684605758	1.045752752786527e-09
-1.4418022528160197	9.20691282889669e-09
-1.4317897371714645	6.905812737791806e-08
-1.4217772215269084	4.413475775130878e-07
-1.4117647058823524	2.403770530190129e-06
-1.4017521902377972	1.1160524381211938e-05
-1.391739674593241	4.419502171664373e-05
-1.381727158948686	0.00014938781408624607
-1.3717146433041298	0.0004316082280365385
-1.3617021276595747	0.0010681601919047235
-1.3516896120150186	0.0022723046853721767
-1.3416770963704625	0.004178169735552599
-1.3316645807259073	0.00669832844076866
-1.3216520650813512	0.009488346282920676
-1.311639549436796	0.012112424213536754
-1.30162703379224	0.014324939781111455
-1.2916145181476848	0.01625175653453694
-1.2816020025031287	0.018333397322757586
-1.2715894868585726	0.021088883147146735
-1.2615769712140175	0.024887324120259846
-1.2515644555694614	0.029898181770983044
-1.2415519399249062	0.036220010970336204
-1.2315394242803501	0.04396979368901292
-1.221526908635795	0.05315887908058021
-1.2115143929912389	0.06355761059618932
-1.2015018773466828	0.07493473790629819
-1.1914893617021276	0.08763089186748856
-1.1814768460575715	0.10288688955891019
-1.1714643304130163	0.12248411056607901
-1.1614518147684603	0.14789517988188802
-1.151439299123905	0.17940624854993895
-1.141426783479349	0.21544931621121002
-1.131414267834793	0.2524974707321068
-1.1214017521902377	0.28630333417895015
-1.1113892365456817	0.3145870983105339
-1.1013767209011265	0.3392519730641919
-1.0913642052565704	0.36542189473655884
-1.0813516896120152	0.39727063932540674
-1.0713391739674591	0.43440101827622285
-1.061326658322903	0.47264140316470865
-1.0513141426783479	0.5087745398792178
-1.0413016270337918	0.5446357919123342
-1.0312891113892366	0.586657523900567
-1.0212765957446805	0.6414135410506995
-1.0112640801001254	0.7114149146520656
-1.0012515644555693	0.7948437220970472
-0.9912390488110132	0.8887431641154693
-0.981226533166458	0.9917103879917576
-0.971214017521902	1.10319245800432
-0.9612015018773468	1.2207382208985453
-0.9511889862327907	1.3387313062669415
-0.9411764705882355	1.4499462191573136
-0.9311639549436794	1.5482104547343036
-0.9211514392991234	1.6301551174922653
-0.9111389236545682	1.6956337771248977
-0.9011264080100121	1.7473149739950489
-0.8911138923654569	1.7897912578995745
-0.8811013767209008	1.8283185396365063
-0.8710888610763456	1.8674934914772199
-0.8610763454317896	1.9104517897498514
-0.8510638297872335	1.9588208573368866
-0.8410513141426783	2.012761011726247
-0.8310387984981222	2.070394338802144
-0.821026282853567	2.1273123170692636
-0.811013767209011	2.1776381750982314
-0.8010012515644558	2.2165997651234224
-0.7909887359198997	2.242632573960152
-0.7809762202753436	2.2575085699581363
-0.7709637046307884	2.2650700369677947
-0.7609511889862324	2.269748542503549
-0.7509386733416772	2.274857862092101
-0.7409261576971211	2.2804298725099366
-0.7309136420525659	2.282105355078471
-0.7209011264080099	2.273412857984973
-0.7108886107634538	2.251027992913101
-0.7008760951188986	2.218587419786399
-0.6908635794743425	2.1847450603608483
-0.6808510638297873	2.1566823184474186
-0.6708385481852313	2.135265018416503
-0.6608260325406761	2.11621694678861
-0.65081351689612	2.095093981150266
-0.6408010012515639	2.0706246929135816
-0.6307884856070087	2.0444826197587966
-0.6207759699624527	2.0200781853663003
-0.6107634543178975	2.0024093440668644
-0.6007509386733414	1.997507125214342
-0.5907384230287862	2.0097704652555017
-0.5807259073842301	2.0390654106629538
-0.5707133917396741	2.0811837027925497
-0.5607008760951189	2.13183572028148
-0.5506883604505628	2.1899680471014746
-0.5406758448060076	2.256866492873624
-0.5306633291614515	2.3325862838592775
-0.5206508135168963	2.414124774774932
-0.5106382978723403	2.496996515026896
-0.5006257822277842	2.577637421485871
-0.490613266583229	2.6537114811727225
-0.48060075093867294	2.7225978935317348
-0.47058823529411775	2.7809054773256654
-0.4605757196495617	2.8271321521103343
-0.4505632040050065	2.8661537218803605
-0.4405506883604504	2.9111578295699325
-0.43053817271589434	2.9796179070542483
-0.42052565707133915	3.085182612767218
-0.4105131414267831	3.231728112304431
-0.4005006257822279	3.413848813285993
-0.3904881101376718	3.6215880887519836
-0.38047559449311663	3.844011050794169
-0.37046307884856056	4.06978985969245
-0.3604505632040045	4.287736641071222
-0.3504380475594493	4.489711816757824
-0.3404255319148932	4.673999210554196
-0.33041301627033803	4.845510436671072
-0.32040050062578196	5.012513576877606
-0.3103879849812259	5.183361765105567
-0.3003754693366707	5.365325039779684
-0.2903629536921146	5.562951497270139
-0.28035043804755944	5.773378077282136
-0.27033792240300336	5.98234817778433
-0.2603254067584482	6.167932629572979
-0.2503128911138921	6.312271787384932
-0.24030037546933602	6.412412272258405
-0.23028785982478084	6.481081551767505
-0.22027534418022476	6.537339227243987
-0.21026282853566958	6.5955890650425815
-0.2002503128911135	6.66133705165466
-0.19023779724655832	6.734404913582808
-0.18022528160200224	6.813616973149854
-0.17021276595744617	6.898017386191512
-0.16020025031289098	6.985238529744576
-0.1501877346683349	7.069898356537418
-0.14017521902377972	7.14297174073646
-0.13016270337922364	7.1921220860123345
-0.12015018773466846	7.204351232639113
-0.11013767209011238	7.172123207068206
-0.10012515644555631	7.100298702637736
-0.09011264080100112	7.00770540749235
-0.08010012515644505	6.919830442127899
-0.07008760951188986	6.8571574678334315
-0.060075093867333784	6.827941528495835
-0.0500625782227786	6.828989043750796
-0.04005006257822252	6.850155935114393
-0.030037546933666448	6.87740581413501
-0.02002503128911126	6.894105025460059
-0.010012515644555187	6.883154347320907
0.0	6.8314984199419335
