-8.0	6.846369167048291
-7.989987484355444	6.812294426414895
-7.979974968710889	6.794415869188858
-7.969962453066333	6.78262353071095
-7.9599499374217775	6.773476969161445
-7.949937421777221	6.76845585697373
-7.939924906132666	6.767078108401204
-7.92991239048811	6.761874214085135
-7.919899874843554	6.7402340312094715
-7.909887359198999	6.692828249496777
-7.899874843554443	6.622202313829908
-7.889862327909888	6.543441323470795
-7.8798498122653315	6.475216511895682
-7.869837296620776	6.428613031543415
-7.85982478097622	6.402755827566131
-7.849812265331664	6.388887262369264
-7.839799749687109	6.377316893833148
-7.829787234042553	6.3616913122226215
-7.819774718397998	6.339465110090317
-7.809762202753442	6.3102590792133615
-7.7997496871088865	6.27400140489907
-7.78973717146433	6.230142223425257
-7.779724655819774	6.177976003865814
-7.769712140175219	6.116890153849172
-7.759699624530663	6.046199504819151
-7.749687108886108	5.9660185635990866
-7.739674593241552	5.879665190076972
-7.729662077596997	5.795009766664458
-7.719649561952441	5.7221099113644955
-7.7096370463078845	5.668473709587411
-7.699624530663329	5.635962059383974
-7.689612015018773	5.621253027197376
-7.679599499374218	5.618510679495756
-7.669586983729662	5.622424566730205
-7.659574468085107	5.630668446032426
-7.649561952440551	5.644768961913291
-7.639549436795995	5.668901571585841
-7.629536921151439	5.7079904968429735
-7.619524405506883	5.766565830028414
-7.609511889862328	5.847503990836758
-7.599499374217772	5.949569487721142
-7.589486858573217	6.065960654032561
-7.579474342928661	6.187328239146354
-7.569461827284105	6.308612834059096
-7.55944931163955	6.43439886594605
-7.5494367959949935	6.578102821914725
-7.539424280350438	6.755036713236648
-7.529411764705882	6.973386026138883
-7.519399249061326	7.228290533705048
-7.509386733416771	7.502655692356843
-7.499374217772215	7.774317969066484
-7.48936170212766	8.024995543142436
-7.479349186483104	8.245913124793132
-7.4693366708385485	8.43817835302861
-7.459324155193992	8.608808491519198
-7.449311639549437	8.76420077195781
-7.439299123904881	8.904191663516126
-7.429286608260325	9.021244642730178
-7.41927409261577	9.106445837785431
-7.409261576971214	9.157257644947741
-7.399249061326659	9.17937309900895
-7.3892365456821025	9.1812707536342
-7.3792240300375465	9.167860143425868
-7.369211514392991	9.138858275484948
-7.359198998748435	9.090582137849252
-7.34918648310388	9.017773425909539
-7.339173967459324	8.916617194827197
-7.329161451814769	8.790904970786292
-7.319148936170213	8.656425706501048
-7.3091364205256575	8.535432334805346
-7.299123904881101	8.442083543035752
-7.289111389236545	8.371205449867388
-7.27909887359199	8.30114536428728
-7.269086357947434	8.208160346999428
-7.259073842302879	8.080342329558707
-7.249061326658323	7.9222281986770815
-7.239048811013767	7.750187260562886
-7.2290362953692116	7.583784737805434
-7.2190237797246555	7.438361200432237
-7.2090112640801	7.321993994036407
-7.198998748435544	7.236680427336711
-7.188986232790989	7.180494983552392
-7.178973717146433	7.14794444506245
-7.168961201501878	7.1293155159180746
-7.158948685857322	7.111715267782263
-7.148936170212766	7.082525783990915
-7.13892365456821	7.033043434029846
-7.128911138923654	6.960005912204528
-7.118898623279099	6.865743239975603
-7.108886107634543	6.759359897343003
-7.098873591989987	6.657932991003109
-7.088861076345432	6.5825851794173795
-7.078848560700876	6.547720849038233
-7.068836045056321	6.55094325662076
-7.0588235294117645	6.5736635070602265
-7.048811013767209	6.592598241297639
-7.038798498122653	6.591475175063728
-7.028785982478098	6.563731962176358
-7.018773466833542	6.508116277991758
-7.008760951188986	6.425361393751921
-6.998748435544431	6.319011349869806
-6.988735919899875	6.195973383630131
-6.9787234042553195	6.063091900553268
-6.968710888610763	5.92277811923904
-6.958698372966207	5.773137626418722
-6.948685857321652	5.612715907530668
-6.938673341677096	5.4442847812165445
-6.928660826032541	5.2732623914929055
-6.918648310387985	5.10243032499657
-6.908635794743429	4.928246455130982
-6.8986232790988735	4.742092769577952
-6.888610763454318	4.535548225792575
-6.878598247809762	4.306156039706376
-6.868585732165206	4.0598692721426906
-6.858573216520651	3.8080995450575936
-6.848560700876095	3.560943402929674
-6.83854818523154	3.321402677108522
-6.828535669586984	3.0847486320716575
-6.818523153942428	2.8429858195597575
-6.808510638297872	2.590917657589069
-6.798498122653316	2.330020748889509
-6.788485607008761	2.068086889057653
-6.778473091364205	1.8151578839673943
-6.768460575719649	1.5788302842518263
-6.758448060075094	1.3624358981047788
-6.748435544430539	1.166762366653042
-6.7384230287859825	0.9925563928278419
-6.7284105131414265	0.8408520189476084
-6.718397997496871	0.7112092582052466
-6.708385481852315	0.6004790004986917
-6.69837296620776	0.5039282521848277
-6.688360450563204	0.4178250802341064
-6.678347934918648	0.3412050809095739
-6.668335419274093	0.2755873953285172
-6.658322903629537	0.22319860399993494
-6.648310387984981	0.185138625993157
-6.638297872340425	0.16066367372039114
-6.628285356695869	0.14781189084562513
-6.618272841051314	0.14458744849981248
-6.608260325406759	0.14966746746567347
-6.598247809762203	0.1623638037507802
-6.588235294117647	0.1824811541529167
-6.578222778473092	0.21064045575447016
-6.5682102628285355	0.24860482785185958
-6.55819774718398	0.29848992272899766
-6.548185231539424	0.36062273096025493
-6.538172715894868	0.4314850265474837
-6.528160200250313	0.5035667223727535
-6.518147684605757	0.5675000013912355
-6.508135168961202	0.6153215461584589
-6.498122653316646	0.6434318127729552
-6.4881101376720896	0.6540587347907099
-6.478097622027534	0.654197919398437
-6.468085106382979	0.6519807809265438
-6.458072590738423	0.6524197750513872
-6.448060075093867	0.6555709326938557
-6.438047559449312	0.6585386124075809
-6.428035043804756	0.6594730583371978
-6.418022528160201	0.6599374327996896
-6.4080100125156445	0.6635708124360089
-6.397997496871088	0.6723382261509194
-6.387984981226533	0.6837293943246896
-6.377972465581977	0.6913816447113875
-6.367959949937422	0.688702802478016
-6.357947434292866	0.6727312380216124
-6.34793491864831	0.6456717634314812
-6.337922403003755	0.613625085650484
-6.3279098873591995	0.5835684005222955
-6.317897371714643	0.5598045396067622
-6.307884856070087	0.5412225589318628
-6.297872340425532	0.5211910786108971
-6.287859824780976	0.49112471174928796
-6.277847309136421	0.44618853176557743
-6.267834793491865	0.389441339758604
-6.257822277847309	0.33136430684105816
-6.2478097622027535	0.28493511668939353
-6.2377972465581975	0.25952035694894515
-6.227784730913642	0.25730351486203634
-6.217772215269086	0.2736912349434985
-6.20775969962453	0.300510100511865
-6.197747183979975	0.32990281378875874
-6.18773466833542	0.35743963336809564
-6.177722152690864	0.3836044819708079
-6.167709637046308	0.4130052557885649
-6.157697121401752	0.4512598455917404
-6.147684605757196	0.5010237796253292
-6.137672090112641	0.5598347341936994
-6.127659574468085	0.6215606445250009
-6.117647058823529	0.680471956412652
-6.107634543178974	0.7349379173680649
-6.097622027534418	0.7884248439007444
-6.0876095118898625	0.8476300124908456
-6.0775969962453065	0.9188311998721344
-6.06758448060075	1.0037902757615071
-6.057571964956195	1.0971439570830392
-6.04755944931164	1.187431369196885
-6.037546933667084	1.2619511941542354
-6.027534418022528	1.3126821854728812
-6.017521902377973	1.3397815100104669
-6.007509386733417	1.3510936950877794
-5.997496871088861	1.3582383265584983
-5.987484355444305	1.3712890273487957
-5.977471839799749	1.395044186707753
-5.967459324155194	1.4287498321792278
-5.957446808510639	1.4676117482955304
-5.947434292866083	1.5033099589604246
-5.937421777221527	1.5246022775270187
-5.927409261576971	1.5215700373690466
-5.9173967459324155	1.4923864476260567
-5.90738423028786	1.4460729399114873
-5.897371714643304	1.39777109959293
-5.887359198998748	1.3609541139342298
-5.877346683354192	1.3428866563464321
-5.867334167709637	1.344498804930884
-5.857321652065082	1.3620694090945786
-5.847309136420526	1.389240794975815
-5.83729662077597	1.419386970391714
-5.827284105131414	1.4474174442451144
-5.817271589486858	1.4696274415092776
-5.807259073842303	1.482338707571969
-5.797246558197747	1.4820098331261375
-5.787234042553191	1.4680640440420956
-5.777221526908636	1.4462944669451618
-5.767209011264081	1.4291766831071675
-5.7571964956195245	1.4311863184980365
-5.747183979974968	1.4608570778756456
-5.737171464330412	1.5145897519951734
-5.727158948685857	1.5775572692266562
-5.717146433041302	1.6325204208466064
-5.707133917396746	1.6702850545027716
-5.69712140175219	1.6928906118041696
-5.687108886107635	1.7068697631794207
-5.677096370463079	1.7137890073492634
-5.667083854818523	1.7079837037578036
-5.657071339173967	1.6833438363200952
-5.647058823529411	1.6410900033228277
-5.637046307884856	1.5899252538147548
-5.627033792240301	1.5387882171693368
-5.617021276595745	1.490015758848825
-5.607008760951189	1.4391578966367007
-5.596996245306633	1.3803284825024353
-5.5869837296620775	1.3114465206778763
-5.576971214017522	1.2354858247590728
-5.566958698372966	1.158203838746552
-5.55694618272841	1.0849457116278098
-5.546933667083855	1.0182485573523674
-5.536921151439299	0.9566631953645355
-5.526908635794744	0.8951818312344438
-5.516896120150188	0.8277181385098711
-5.5068836045056315	0.7506780222924176
-5.496871088861076	0.6650713655262482
-5.486858573216521	0.5754780005513034
-5.476846057571965	0.48713155486519905
-5.466833541927409	0.4039077565502927
-5.456821026282853	0.3283194157908374
-5.446808510638298	0.26220620670421935
-5.4367959949937426	0.20667664155739407
-5.4267834793491865	0.1615247917330164
-5.41677096370463	0.12522920501838716
-5.406758448060075	0.09584301052909228
-5.396745932415519	0.0719691895392689
-5.386733416770964	0.052965371277378444
-5.376720901126408	0.03841039556177027
-5.366708385481852	0.027574986176945083
-5.356695869837297	0.019450373213508395
-5.346683354192741	0.013172429668118444
-5.336670838548185	0.0083069961321539
-5.326658322903629	0.004743633944717705
-5.316645807259073	0.0024023905550667247
-5.306633291614518	0.001064210721141404
-5.296620775969963	0.0004087169824346959
-5.286608260325407	0.00013532610490830582
-5.276595744680851	3.8487058211545616e-05
-5.2665832290362955	9.379097138632026e-06
-5.256570713391739	1.9552083846130095e-06
-5.246558197747184	3.482577420967247e-07
-5.236545682102628	5.2956677391572176e-08
-5.226533166458072	6.870539330200065e-09
-5.216520650813517	7.601874836923584e-10
-5.206508135168962	7.170863291548499e-11
-5.196495619524406	5.765557691954618e-12
-5.18648310387985	3.9505339658361165e-13
-5.1764705882352935	2.3065356588165464e-14
-5.166458072590738	1.147398516649423e-15
-5.156445556946183	4.862825090477414e-17
-5.146433041301627	1.7557457215540766e-18
-5.136420525657071	5.4002926944625085e-20
-5.126408010012516	1.4149595355894092e-21
-5.11639549436796	3.1581533597480397e-23
-5.1063829787234045	6.004524155513152e-25
-5.0963704630788484	9.724685092395091e-27
-5.086357947434292	1.3415926771957654e-28
-5.076345431789737	1.5765636417708266e-30
-5.066332916145182	1.578142460952416e-32
-5.056320400500626	1.3456231015410159e-34
-5.04630788485607	9.773322107662104e-37
-5.036295369211514	6.04646881950584e-39
-5.026282853566959	3.1864104731088886e-41
-5.016270337922403	1.4303474090815637e-43
-5.006257822277847	5.469164309026631e-46
-4.996245306633291	1.7813113034935008e-48
-4.986232790988735	4.9419453500016695e-51
-4.97622027534418	1.1678718824129526e-53
-4.966207759699625	2.3508858027252347e-56
-4.956195244055069	4.030944976503195e-59
-4.946182728410513	5.88736779967004e-62
-4.9361702127659575	7.324439487128572e-65
-4.926157697121402	7.761872907016105e-68
-4.916145181476846	7.006442248704801e-71
-4.90613266583229	5.387253852262946e-74
-4.896120150187734	3.528386884289152e-77
-4.886107634543179	1.9684474066448173e-80
-4.876095118898624	9.354278273713398e-84
-4.866082603254068	3.786479448531097e-87
-4.8560700876095115	1.3055688186053723e-90
-4.8460575719649555	3.8344473472408887e-94
-4.8360450563204	9.59278323684912e-98
-4.826032540675845	2.0442091378828523e-101
-4.816020025031289	3.710606154711768e-105
-4.806007509386733	5.737242888887206e-109
-4.795994993742178	7.556147936699529e-113
-4.785982478097623	8.476889218513455e-117
-4.7759699624530665	8.100492094052896e-121
-4.76595744680851	6.593638556375267e-125
-4.755944931163954	4.57169985659199e-129
-4.745932415519399	2.700033313921117e-133
-4.735919899874844	1.3583114893111724e-137
-4.725907384230288	5.820609512205053e-142
-4.715894868585732	2.12459616955772e-146
-4.705882352941176	6.605765652488745e-151
-4.6958698372966206	1.749479144985617e-155
-4.685857321652065	3.946691822994712e-160
-4.675844806007509	7.58396815740813e-165
-4.665832290362953	1.2413625084837318e-169
-4.655819774718398	1.7307709110545203e-174
-4.645807259073843	2.0555090298984954e-179
-4.635794743429287	2.079399950929534e-184
-4.625782227784731	1.791824657342732e-189
-4.615769712140175	1.3152000803271289e-194
-4.605757196495619	8.22293739239873e-200
-4.595744680851064	4.379262511526845e-205
-4.585732165206508	1.9866154744929774e-210
-4.575719649561952	7.67653947412003e-216
-4.565707133917396	2.5267134942646043e-221
-4.555694618272841	7.084110892719219e-227
-4.545682102628286	1.691817608748296e-232
-4.53566958698373	3.4416013996788805e-238
-4.5256570713391735	5.963571592471112e-244
-4.515644555694618	8.802198224060577e-250
-4.505632040050063	1.3666556332717847e-252
-4.495619524405507	9.991159198319944e-247
-4.485607008760951	6.226895189326874e-241
-4.475594493116395	3.3057875853460705e-235
-4.46558197747184	1.4949502106358895e-229
-4.4555694618272845	5.758742316758612e-224
-4.4455569461827285	1.8896374616854691e-218
-4.435544430538172	5.281777692103419e-213
-4.425531914893616	1.257573717500873e-207
-4.415519399249061	2.5505831610350026e-202
-4.405506883604506	4.406556045144227e-197
-4.39549436795995	6.485060597044955e-192
-4.385481852315394	8.129895364988116e-187
-4.375469336670839	8.681872325202694e-182
-4.365456821026283	7.897703115054932e-177
-4.355444305381727	6.119962289638304e-172
-4.345431789737171	4.039791080046303e-167
-4.335419274092615	2.2716064871604784e-162
-4.32540675844806	1.0881112191021755e-157
-4.315394242803505	4.439985811614663e-153
-4.305381727158949	1.5433351975412805e-148
-4.295369211514393	4.5699534987069404e-144
-4.285356695869837	1.1527597185444858e-139
-4.275344180225281	2.4771034990560584e-135
-4.265331664580726	4.534516063341e-131
-4.25531914893617	7.071352591877169e-127
-4.245306633291614	9.394255814005144e-123
-4.235294117647059	1.063198809118241e-118
-4.225281602002504	1.0250922789895296e-114
-4.215269086357948	8.420004536349292e-111
-4.2052565707133915	5.892063591915558e-107
-4.1952440550688355	3.5126388434462643e-103
-4.18523153942428	1.7840876940436729e-99
-4.175219023779725	7.720076699925197e-96
-4.165206508135169	2.8461404538938914e-92
-4.155193992490613	8.939792369015419e-89
-4.145181476846057	2.3924484163993215e-85
-4.135168961201502	5.455191998689136e-82
-4.1251564455569465	1.0598361270870411e-78
-4.11514392991239	1.7544388643847217e-75
-4.105131414267834	2.4746796207476396e-72
-4.095118898623279	2.974350552172568e-69
-4.085106382978723	3.046280188383627e-66
-4.075093867334168	2.65867418898606e-63
-4.065081351689612	1.977388794878468e-60
-4.055068836045056	1.2533313855952973e-57
-4.045056320400501	6.770224901527845e-55
-4.035043804755945	3.116889198720956e-52
-4.025031289111389	1.2230378518567573e-49
-4.015018773466833	4.0905284827260773e-47
-4.005006257822277	1.166171242953311e-44
-3.994993742177722	2.834084719198354e-42
-3.9849812265331668	5.87160866043433e-40
-3.9749687108886107	1.037106767633864e-37
-3.9649561952440546	1.5618616857294545e-35
-3.9549436795994994	2.0056150965534092e-33
-3.9449311639549434	2.196213038309983e-31
-3.934918648310388	2.0509834601799918e-29
-3.924906132665832	1.6336271204966617e-27
-3.914893617021277	1.1099226027268848e-25
-3.904881101376721	6.4332636196442415e-24
-3.8948685857321648	3.1814363653750645e-22
-3.8848560700876096	1.3425413635453722e-20
-3.8748435544430535	4.835145155635746e-19
-3.8648310387984983	1.4864145370270838e-17
-3.8548185231539422	3.9011925103742284e-16
-3.844806007509387	8.743165231326109e-15
-3.834793491864831	1.6735962223091858e-13
-3.824780976220275	2.7368578044969998e-12
-3.8147684605757197	3.824696295178507e-11
-3.8047559449311636	4.5690619375850466e-10
-3.7947434292866085	4.667760192057691e-09
-3.7847309136420524	4.07979851982847e-08
-3.774718397997497	3.0525071069316125e-07
-3.764705882352941	1.9564036536627216e-06
-3.754693366708385	1.0750256186604425e-05
-3.74468085106383	5.070173050688935e-05
-3.734668335419274	0.00020554720703227928
-3.7246558197747186	0.0007177103901325911
-3.7146433041301625	0.0021643090661547537
-3.7046307884856065	0.0056580129350333715
-3.6946182728410513	0.012890828318416162
-3.684605757196495	0.025786364778850917
-3.67459324155194	0.045758004639339794
-3.664580725907384	0.07304286446781251
-3.6545682102628287	0.10679055414116394
-3.6445556946182727	0.14605386332058914
-3.6345431789737166	0.19091604102946197
-3.6245306633291614	0.2427373151139893
-3.6145181476846053	0.30334059994378737
-3.60450563204005	0.37398224030659244
-3.594493116395494	0.45497065586213653
-3.584480600750939	0.5458722665016139
-3.574468085106383	0.6456706523517555
-3.5644555694618267	0.7527071050657985
-3.5544430538172715	0.8648194779385832
-3.5444305381727155	0.979924383340714
-3.5344180225281603	1.0969088410460994
-3.524405506883604	1.2166003802655663
-3.514392991239049	1.3421297664770333
-3.504380475594493	1.4775487553625015
-3.494367959949937	1.624816227666996
-3.4843554443053817	1.7814539884864238
-3.4743429286608256	1.9408279583083412
-3.4643304130162704	2.093925888761841
-3.4543178973717144	2.2303545786943353
-3.444305381727159	2.339213718079247
-3.434292866082603	2.412637341342087
-3.424280350438047	2.451413067196277
-3.414267834793492	2.467111927196639
-3.4042553191489358	2.476614785945937
-3.3942428035043806	2.4927032018797326
-3.3842302878598245	2.51904694709181
-3.3742177722152693	2.5533771619808934
-3.3642052565707132	2.594211532278639
-3.354192740926157	2.643610343672663
-3.344180225281602	2.7035457784395054
-3.334167709637046	2.770546972010373
-3.3241551939924907	2.834845117202576
-3.3141426783479346	2.8849795630142925
-3.3041301627033794	2.9129687255578647
-3.2941176470588234	2.915258749828282
-3.2841051314142673	2.8899113388665443
-3.274092615769712	2.834525845926657
-3.264080100125156	2.748258113757715
-3.254067584480601	2.636586913181331
-3.2440550688360448	2.513568299429225
-3.2340425531914896	2.3971280953811736
-3.2240300375469335	2.298890952123202
-3.2140175219023774	2.2160904645009745
-3.2040050062578223	2.132637381689522
-3.193992490613266	2.028962494563469
-3.183979974968711	1.8929856661545463
-3.173967459324155	1.7247126903875214
-3.1639549436795997	1.5336943803780938
-3.1539424280350437	1.334022483810859
-3.1439299123904876	1.1404463516282775
-3.1339173967459324	0.965257635993114
-3.1239048811013763	0.8150895738748439
-3.113892365456821	0.6892533522658632
-3.103879849812265	0.5816068034955872
-3.09386733416771	0.4851094078750776
-3.083854818523154	0.3959107171120392
-3.0738423028785977	0.3145797356636348
-3.0638297872340425	0.24452362914626305
-3.0538172715894865	0.18923833020565858
-3.0438047559449313	0.14999367206339337
-3.033792240300375	0.12479062575391311
-3.02377972465582	0.1088675350494684
-3.013767209011264	0.09660209191396232
-3.003754693366708	0.08392005611034617
-2.9937421777221527	0.06970739344693899
-2.9837296620775966	0.05525330322572608
-2.9737171464330414	0.042353796429287015
-2.9637046307884853	0.03178431434924116
-2.95369211514393	0.023210957430974698
-2.943679599499374	0.016062617807584428
-2.933667083854818	0.010185200522370106
-2.923654568210263	0.005753327849158358
-2.9136420525657067	0.0028408643899525683
-2.9036295369211516	0.0012124199592647982
-2.8936170212765955	0.0004443749450081943
-2.8836045056320403	0.00013938080099865102
-2.873591989987484	3.733929883264044e-05
-2.863579474342928	8.534347331554351e-06
-2.853566958698373	1.6632360185835142e-06
-2.843554443053817	2.762928572021529e-07
-2.8335419274092617	3.911416226135526e-08
-2.8235294117647056	4.718446945404402e-09
-2.8135168961201504	4.849947385824433e-10
-2.8035043804755944	4.247482570012323e-11
-2.7934918648310383	3.1693711009590926e-12
-2.783479349186483	2.0149094794706164e-13
-2.773466833541927	1.0913778994723506e-14
-2.763454317897372	5.036506380154687e-16
-2.7534418022528158	1.9802334740148646e-17
-2.7434292866082606	6.633377888867475e-19
-2.7334167709637045	1.893141993605267e-20
-2.7234042553191484	4.603208461404368e-22
-2.7133917396745932	9.535995823178077e-24
-2.703379224030037	1.6830553270615077e-25
-2.693366708385482	2.5307931165062434e-27
-2.683354192740926	3.242199847101544e-29
-2.6733416770963707	3.5387245854031507e-31
-2.6633291614518146	3.290610947425698e-33
-2.6533166458072586	2.6069219952567986e-35
-2.6433041301627034	1.7595441671839018e-37
-2.6332916145181473	1.011793412225527e-39
-2.623279098873592	4.956806277334392e-42
-2.613266583229036	2.0688516095361095e-44
-2.603254067584481	7.356528044721933e-47
-2.593241551939925	2.228596564726191e-49
-2.5832290362953687	5.751801217521241e-52
-2.5732165206508135	1.2647042077763928e-54
-2.5632040050062574	2.3691118719505524e-57
-2.5531914893617023	3.7808936977616155e-60
-2.543178973717146	1.9338480795531101e-62
-2.533166458072591	1.0061511799028181e-59
-2.523153942428035	6.073504979007537e-57
-2.513141426783479	3.122875271505304e-54
-2.5031289111389237	1.3677563019025283e-51
-2.4931163954943676	5.102718953537398e-49
-2.4831038798498124	1.6215614546626405e-46
-2.4730913642052563	4.3893884309023737e-44
-2.463078848560701	1.0120767677093525e-41
-2.453066332916145	1.9877498786826316e-39
-2.443053817271589	3.32543799374416e-37
-2.433041301627034	4.7388701851477406e-35
-2.4230287859824777	5.752274577831634e-33
-2.4130162703379225	5.947620417368605e-31
-2.4030037546933665	5.238243922389081e-29
-2.3929912390488113	3.929769075678909e-27
-2.382978723404255	2.5112339994462135e-25
-2.372966207759699	1.3669296800603e-23
-2.362953692115144	6.337879871374667e-22
-2.352941176470588	2.5031142490999515e-20
-2.3429286608260327	8.42085485102101e-19
-2.3329161451814766	2.4130733970095358e-17
-2.3229036295369214	5.890114345938025e-16
-2.3128911138923653	1.2246606678604379e-14
-2.3028785982478093	2.1689356990566592e-13
-2.292866082603254	3.2720239644307626e-12
-2.282853566958698	4.204605261810313e-11
-2.272841051314143	4.602280413661835e-10
-2.2628285356695867	4.2910178479180725e-09
-2.2528160200250316	3.407906206817639e-08
-2.2428035043804755	2.305454176780203e-07
-2.2327909887359194	1.3285263825597355e-06
-2.2227784730913642	6.521327176547504e-06
-2.212765957446808	2.7269061687718735e-05
-2.202753441802253	9.714252016053953e-05
-2.192740926157697	0.00029487380381630423
-2.1827284105131417	0.0007630256173493664
-2.1727158948685856	0.001684811516528664
-2.1627033792240296	0.003181826842492487
-2.1526908635794744	0.005167132773457133
-2.1426783479349183	0.007305526981718488
-2.132665832290363	0.00924170534308455
-2.122653316645807	0.011032438746933146
-2.112640801001252	0.013428575030781566
-2.1026282853566958	0.017673908216610867
-2.0926157697121397	0.02490388650642318
-2.0826032540675845	0.035601681357119615
-2.0725907384230284	0.04947901958082018
-2.0625782227784732	0.06578372210446987
-2.052565707133917	0.08390323117701473
-2.042553191489362	0.1042124426547957
-2.032540675844806	0.1288536055368305
-2.02252816020025	0.1615890781387791
-2.0125156445556946	0.2061110082094467
-2.0025031289111386	0.263723773344459
-1.9924906132665834	0.3325887465662135
-1.9824780976220273	0.4097119439617566
-1.9724655819774712	0.49409442724723535
-1.962453066332916	0.5879935478485078
-1.95244055068836	0.6949375598483
-1.9424280350438048	0.8162629199323058
-1.9324155193992487	0.9492521279464508
-1.9224030037546935	1.0883623892148988
-1.9123904881101375	1.2283703776717694
-1.9023779724655814	1.3669711912220004
-1.8923654568210262	1.5052864108731163
-1.8823529411764701	1.646553489524655
-1.872340425531915	1.7940810347665035
-1.8623279098873589	1.9491088460616306
-1.8523153942428037	2.1090053926464
-1.8423028785982476	2.2669132308792506
-1.8322903629536915	2.4138790293772927
-1.8222778473091363	2.5424492165367103
-1.8122653316645803	2.6489801516280043
-1.802252816020025	2.7336870632535324
-1.792240300375469	2.800750198307957
-1.7822277847309138	2.8598917676702866
-1.7722152690863577	2.925983411119791
-1.7622027534418017	3.0125978224051275
-1.7521902377972465	3.122535463849599
-1.7421777221526904	3.2443618482705996
-1.7321652065081352	3.359413289530499
-1.7221526908635791	3.453051130634294
-1.712140175219024	3.5202111358055443
-1.7021276595744679	3.562669205819339
-1.6921151439299118	3.584269802877701
-1.6821026282853566	3.5900575260037355
-1.6720901126408005	3.58753272091759
-1.6620775969962454	3.584493346238976
-1.6520650813516893	3.5838416473658676
-1.642052565707134	3.5827136421797676
-1.632040050062578	3.579651024339347
-1.622027534418022	3.5823315288404602
-1.6120150187734668	3.605131675982998
-1.6020025031289107	3.656614933113656
-1.5919899874843555	3.72905777085028
-1.5819774718397994	3.800881056939921
-1.5719649561952442	3.8503753042262545
-1.5619524405506882	3.869087582343072
-1.551939924906132	3.8646300481296287
-1.541927409261577	3.852487582827795
-1.5319148936170208	3.844817981252601
-1.5219023779724656	3.844387747988925
-1.5118898623279096	3.8457875609074166
-1.5018773466833544	3.8410530318131806
-1.4918648310387983	3.8258446694452455
-1.4818523153942422	3.802965152343426
-1.471839799749687	3.7807444639514483
-1.461827284105131	3.7662960482411836
-1.4518147684605758	3.757745069093831
-1.4418022528160197	3.741629741420522
-1.4317897371714645	3.698665649456118
-1.4217772215269084	3.614384417078463
-1.4117647058823524	3.4866234482513065
-1.4017521902377972	3.3243851288267847
-1.391739674593241	3.140132190280358
-1.381727158948686	2.942635258515861
-1.3717146433041298	2.7357008605596493
-1.3617021276595747	2.5221820990985693
-1.3516896120150186	2.308105964479677
-1.3416770963704625	2.10227822013868
-1.3316645807259073	1.9119433208516046
-1.3216520650813512	1.7395981053508784
-1.311639549436796	1.5845207105083838
-1.30162703379224	1.4469889274153946
-1.2916145181476848	1.330592497304612
-1.2816020025031287	1.240908470014138
-1.2715894868585726	1.182677282645128
-1.2615769712140175	1.1581879596513283
-1.2515644555694614	1.167379343970238
-1.2415519399249062	1.2084200279893533
-1.2315394242803501	1.2779202418863698
-1.221526908635795	1.371096193145577
-1.2115143929912389	1.4822564772111866
-1.2015018773466828	1.605321828157196
-1.1914893617021276	1.7343092633664041
-1.1814768460575715	1.8644604479531792
-1.1714643304130163	1.9940259755963585
-1.1614518147684603	2.1248176872083513
-1.151439299123905	2.2596972917855918
-1.141426783479349	2.398430706541668
-1.131414267834793	2.53574398076324
-1.1214017521902377	2.6631415049988822
-1.1113892365456817	2.7720851822860495
-1.1013767209011265	2.8559980794602438
-1.0913642052565704	2.911566935630228
-1.0813516896120152	2.9406614351226854
-1.0713391739674591	2.9516423535576473
-1.061326658322903	2.9572877229784447
-1.0513141426783479	2.9690472972989124
-1.0413016270337918	2.991164429752698
-1.0312891113892366	3.0188288898828195
-1.0212765957446805	3.0413940750182613
-1.0112640801001254	3.048281830164958
-1.0012515644555693	3.0340891700643007
-0.9912390488110132	3.00017457281126
-0.981226533166458	2.951860474278914
-0.971214017521902	2.893246814865662
-0.9612015018773468	2.8237172042285814
-0.9511889862327907	2.7388135803191123
-0.9411764705882355	2.633995484052632
-0.9311639549436794	2.5073193447764495
-0.9211514392991234	2.359046176708606
-0.9111389236545682	2.190254072182222
-0.9011264080100121	2.003722727430309
-0.8911138923654569	1.8067888298068648
-0.8811013767209008	1.611820835285416
-0.8710888610763456	1.4313778038146825
-0.8610763454317896	1.2713505458183527
-0.8510638297872335	1.128814615237267
-0.8410513141426783	0.9971007339953146
-0.8310387984981222	0.8732920942679967
-0.821026282853567	0.7612985710735946
-0.811013767209011	0.6686952933383509
-0.8010012515644558	0.6014370122786417
-0.7909887359198997	0.5611241798371847
-0.7809762202753436	0.5454682598499734
-0.7709637046307884	0.5496314743561841
-0.7609511889862324	0.5671925771798269
-0.7509386733416772	0.5918081270719313
-0.7409261576971211	0.6202520662566565
-0.7309136420525659	0.6549648575598553
-0.7209011264080099	0.7033830223623195
-0.7108886107634538	0.773719975057138
-0.7008760951188986	0.8700765488660711
-0.6908635794743425	0.9906147803663803
-0.6808510638297873	1.130121142711274
-0.6708385481852313	1.284387462850973
-0.6608260325406761	1.45186181808575
-0.65081351689612	1.6304389002749076
-0.6408010012515639	1.8125567204867021
-0.6307884856070087	1.984619550294488
-0.6207759699624527	2.133181218255662
-0.6107634543178975	2.253202439443235
-0.6007509386733414	2.3509615748321693
-0.5907384230287862	2.439371655544232
-0.5807259073842301	2.530532596332192
-0.5707133917396741	2.6311593424636373
-0.5607008760951189	2.7413191045654943
-0.5506883604505628	2.853577114633783
-0.5406758448060076	2.952554952628482
-0.5306633291614515	3.0186853276505095
-0.5206508135168963	3.0373636027960185
-0.5106382978723403	3.0077846074677854
-0.5006257822277842	2.943687684522154
-0.490613266583229	2.864564637823722
-0.48060075093867294	2.783865927083074
-0.47058823529411775	2.7025428155160403
-0.4605757196495617	2.6115876877335427
-0.4505632040050065	2.5009365503553487
-0.4405506883604504	2.3681179628599094
-0.43053817271589434	2.220349989262212
-0.42052565707133915	2.0689343462243377
-0.4105131414267831	1.9214828216993685
-0.4005006257822279	1.779176732883483
-0.3904881101376718	1.6405754246428053
-0.38047559449311663	1.5067642291982486
-0.37046307884856056	1.3823612348431644
-0.3604505632040045	1.2722817384161003
-0.3504380475594493	1.1782343143483769
-0.3404255319148932	1.0979342618717378
-0.33041301627033803	1.026619426276195
-0.32040050062578196	0.9588730866561426
-0.3103879849812259	0.8898437540045572
-0.3003754693366707	0.816285654874008
-0.2903629536921146	0.7375591085312643
-0.28035043804755944	0.655817955801229
-0.27033792240300336	0.5748775681936841
-0.2603254067584482	0.49845830554346976
-0.2503128911138921	0.42901250689381176
-0.24030037546933602	0.3676514464952472
-0.23028785982478084	0.3147504722583771
-0.22027534418022476	0.27055810744054565
-0.21026282853566958	0.23551566401222482
-0.2002503128911135	0.21027225703918653
-0.19023779724655832	0.1952056450793492
-0.18022528160200224	0.18930681836476282
-0.17021276595744617	0.1891592054330705
-0.16020025031289098	0.1894633223755028
-0.1501877346683349	0.18558978003508955
-0.14017521902377972	0.17652735018995586
-0.13016270337922364	0.16578320560614257
-0.12015018773466846	0.15938883321455188
-0.11013767209011238	0.16246599113601656
-0.10012515644555631	0.1766488950450904
-0.09011264080100112	0.19969829681982382
-0.08010012515644505	0.22700735488621188
-0.07008760951188986	0.2536732541685633
-0.060075093867333784	0.275989749688534
-0.0500625782227786	0.29211038414976664
-0.04005006257822252	0.3022039827000426
-0.030037546933666448	0.30831660236793684
-0.02002503128911126	0.31386636237706156
-0.010012515644555187	0.3226488205912895
0.0	0.33746007960935714
