-8.0	4.63959124628952
-7.989987484355444	4.561869311704521
-7.979974968710889	4.500161541532916
-7.969962453066333	4.473158035693264
-7.9599499374217775	4.483046483202379
-7.949937421777221	4.5172438521677964
-7.939924906132666	4.558727243444635
-7.92991239048811	4.595279399861741
-7.919899874843554	4.620736530889925
-7.909887359198999	4.6314492696166
-7.899874843554443	4.625169721346721
-7.889862327909888	4.603154242338083
-7.8798498122653315	4.570925659092961
-7.869837296620776	4.536469430513566
-7.85982478097622	4.508756831542585
-7.849812265331664	4.496790380920653
-7.839799749687109	4.505937289083033
-7.829787234042553	4.5322458526497424
-7.819774718397998	4.561763744224853
-7.809762202753442	4.579544975583673
-7.7997496871088865	4.582576760116551
-7.78973717146433	4.585062637299536
-7.779724655819774	4.610867463951744
-7.769712140175219	4.679159548283953
-7.759699624530663	4.794031290998744
-7.749687108886108	4.944605101380848
-7.739674593241552	5.114116123497178
-7.729662077596997	5.290612559301629
-7.719649561952441	5.471817638554757
-7.7096370463078845	5.662463237749108
-7.699624530663329	5.868849328108506
-7.689612015018773	6.095547855179983
-7.679599499374218	6.343543360553601
-7.669586983729662	6.606901717929221
-7.659574468085107	6.870713365667149
-7.649561952440551	7.11700131070277
-7.639549436795995	7.337710062012221
-7.629536921151439	7.54280061276477
-7.619524405506883	7.7536575516724175
-7.609511889862328	7.987411875661934
-7.599499374217772	8.247178683372901
-7.589486858573217	8.524801877262954
-7.579474342928661	8.80866913863336
-7.569461827284105	9.087695732929111
-7.55944931163955	9.352124810203126
-7.5494367959949935	9.59586417909927
-7.539424280350438	9.818903041481715
-7.529411764705882	10.024764906333205
-7.519399249061326	10.21436614095674
-7.509386733416771	10.383560134902114
-7.499374217772215	10.526985806490305
-7.48936170212766	10.642637996117136
-7.479349186483104	10.73154670443717
-7.4693366708385485	10.79357821776166
-7.459324155193992	10.824342147254336
-7.449311639549437	10.816760253228768
-7.439299123904881	10.767300039273431
-7.429286608260325	10.683028258866107
-7.41927409261577	10.582926876686768
-7.409261576971214	10.489295317126686
-7.399249061326659	10.413655690965722
-7.3892365456821025	10.348814353855902
-7.3792240300375465	10.275016339090802
-7.369211514392991	10.175464014830245
-7.359198998748435	10.04836657240599
-7.34918648310388	9.907103793233446
-7.339173967459324	9.770079329197904
-7.329161451814769	9.647462236794501
-7.319148936170213	9.532605503811375
-7.3091364205256575	9.404325847782822
-7.299123904881101	9.2404388924969
-7.289111389236545	9.033376056950388
-7.27909887359199	8.795424333516987
-7.269086357947434	8.550855233345146
-7.259073842302879	8.324252454542279
-7.249061326658323	8.133932673995433
-7.239048811013767	7.9898559450702695
-7.2290362953692116	7.891881642945037
-7.2190237797246555	7.82915820118565
-7.2090112640801	7.783698944694121
-7.198998748435544	7.73674115867511
-7.188986232790989	7.673716930897476
-7.178973717146433	7.587001060194343
-7.168961201501878	7.478168927988285
-7.158948685857322	7.358555937651776
-7.148936170212766	7.244935212604859
-7.13892365456821	7.152039544717954
-7.128911138923654	7.088693691248119
-7.118898623279099	7.0602169106167025
-7.108886107634543	7.071262012194195
-7.098873591989987	7.123142611126903
-7.088861076345432	7.208649595264779
-7.078848560700876	7.312281588650288
-7.068836045056321	7.417192032778949
-7.0588235294117645	7.511059185327332
-7.048811013767209	7.58443350140083
-7.038798498122653	7.6255299399204235
-7.028785982478098	7.6207499268050425
-7.018773466833542	7.562905544857839
-7.008760951188986	7.458781379332868
-6.998748435544431	7.327677848618161
-6.988735919899875	7.191955292067434
-6.9787234042553195	7.066829691912115
-6.968710888610763	6.954127615429461
-6.958698372966207	6.840956706231026
-6.948685857321652	6.705313420018149
-6.938673341677096	6.529809017269778
-6.928660826032541	6.315865978964291
-6.918648310387985	6.084648614766772
-6.908635794743429	5.861194847934251
-6.8986232790988735	5.655919093049744
-6.888610763454318	5.460534230956725
-6.878598247809762	5.259855573268379
-6.868585732165206	5.046296621916496
-6.858573216520651	4.8248484590221
-6.848560700876095	4.607213067295323
-6.83854818523154	4.40163550422737
-6.828535669586984	4.205802326654877
-6.818523153942428	4.007363844719121
-6.808510638297872	3.7922727986925793
-6.798498122653316	3.555565986078543
-6.788485607008761	3.3061235013664105
-6.778473091364205	3.0610049029027095
-6.768460575719649	2.833984125076412
-6.758448060075094	2.628070754822861
-6.748435544430539	2.437599146848874
-6.7384230287859825	2.2562498257112558
-6.7284105131414265	2.082705359023449
-6.718397997496871	1.9197881055480412
-6.708385481852315	1.7701660704547237
-6.69837296620776	1.6337703279243732
-6.688360450563204	1.5084453017604615
-6.678347934918648	1.3920886913725543
-6.668335419274093	1.2845049994598376
-6.658322903629537	1.1879625709469726
-6.648310387984981	1.1056677801877037
-6.638297872340425	1.0385870605562746
-6.628285356695869	0.9831010665902052
-6.618272841051314	0.9320904071616267
-6.608260325406759	0.8792258910968734
-6.598247809762203	0.8232224318821226
-6.588235294117647	0.7688031003167011
-6.578222778473092	0.7239964599112011
-6.5682102628285355	0.6960670561702548
-6.55819774718398	0.6884207900167529
-6.548185231539424	0.6991171185121686
-6.538172715894868	0.7207740804316335
-6.528160200250313	0.7422762363496939
-6.518147684605757	0.7527982658560528
-6.508135168961202	0.7469098261286837
-6.498122653316646	0.7275438645589957
-6.4881101376720896	0.7041629731612481
-6.478097622027534	0.6868845770217684
-6.468085106382979	0.6805732907877335
-6.458072590738423	0.6827719131005807
-6.448060075093867	0.6861105273507487
-6.438047559449312	0.6827588965764992
-6.428035043804756	0.6680552523174829
-6.418022528160201	0.6421277771300871
-6.4080100125156445	0.6098123266800063
-6.397997496871088	0.5791535964664964
-6.387984981226533	0.5583520017450773
-6.377972465581977	0.5519571374865613
-6.367959949937422	0.558760685942025
-6.357947434292866	0.5733796429509181
-6.34793491864831	0.5902908485961617
-6.337922403003755	0.606605899846376
-6.3279098873591995	0.6214432095501251
-6.317897371714643	0.6336262668060952
-6.307884856070087	0.6410139815298269
-6.297872340425532	0.6425168693201154
-6.287859824780976	0.640652144726426
-6.277847309136421	0.641662474195378
-6.267834793491865	0.6523901032001082
-6.257822277847309	0.6762858985727933
-6.2478097622027535	0.7119855735987846
-6.2377972465581975	0.7552523499151126
-6.227784730913642	0.8015926799963833
-6.217772215269086	0.8470156597527725
-6.20775969962453	0.8878823559439298
-6.197747183979975	0.9222824613677553
-6.18773466833542	0.9524005227276635
-6.177722152690864	0.9842352848878466
-6.167709637046308	1.0230409050305302
-6.157697121401752	1.068311720442887
-6.147684605757196	1.1137890534667567
-6.137672090112641	1.1527682509422155
-6.127659574468085	1.1831435835446855
-6.117647058823529	1.2075352750142083
-6.107634543178974	1.2297997623220656
-6.097622027534418	1.2523873892946418
-6.0876095118898625	1.2764723802674804
-6.0775969962453065	1.3030977965050397
-6.06758448060075	1.333156594315151
-6.057571964956195	1.3661127371945065
-6.04755944931164	1.3989961579356895
-6.037546933667084	1.4271711938399267
-6.027534418022528	1.4470657202973332
-6.017521902377973	1.4591455120772319
-6.007509386733417	1.4683000673952857
-5.997496871088861	1.4803566513547148
-5.987484355444305	1.4973493958844581
-5.977471839799749	1.5163168841343297
-5.967459324155194	1.533144958007266
-5.957446808510639	1.5472842642336448
-5.947434292866083	1.5621395406634344
-5.937421777221527	1.580963801262757
-5.927409261576971	1.602760803654442
-5.9173967459324155	1.621986272638376
-5.90738423028786	1.632045567866217
-5.897371714643304	1.6299886630732927
-5.887359198998748	1.619156548829863
-5.877346683354192	1.607427706686728
-5.867334167709637	1.6017554811574104
-5.857321652065082	1.603245845459991
-5.847309136420526	1.6069464595472345
-5.83729662077597	1.6061373260824414
-5.827284105131414	1.5969706953253568
-5.817271589486858	1.5797005363079948
-5.807259073842303	1.5562471258969361
-5.797246558197747	1.5270488946910765
-5.787234042553191	1.490801030411807
-5.777221526908636	1.447926691986071
-5.767209011264081	1.4041530670472202
-5.7571964956195245	1.369177006609886
-5.747183979974968	1.3499901221194965
-5.737171464330412	1.3446113519006415
-5.727158948685857	1.3423542167793032
-5.717146433041302	1.330461499255163
-5.707133917396746	1.3010101695180385
-5.69712140175219	1.2527407071835353
-5.687108886107635	1.1882425345244731
-5.677096370463079	1.1109304363608257
-5.667083854818523	1.0248332657716888
-5.657071339173967	0.9360165393903164
-5.647058823529411	0.8523052504768396
-5.637046307884856	0.7800593925336554
-5.627033792240301	0.7207397213413491
-5.617021276595745	0.6709220205018649
-5.607008760951189	0.6256574774497031
-5.596996245306633	0.5814784864587461
-5.5869837296620775	0.5366692023260409
-5.576971214017522	0.4901556245170201
-5.566958698372966	0.4411478843021196
-5.55694618272841	0.3895775624836073
-5.546933667083855	0.3363322993596143
-5.536921151439299	0.28314144004213576
-5.526908635794744	0.23246839593419025
-5.516896120150188	0.18724260464853676
-5.5068836045056315	0.1500805501508124
-5.496871088861076	0.12227248179981652
-5.486858573216521	0.10324702918431425
-5.476846057571965	0.09084978313646264
-5.466833541927409	0.08214704949535825
-5.456821026282853	0.07432341372969024
-5.446808510638298	0.06548373413897038
-5.4367959949937426	0.05520447483536959
-5.4267834793491865	0.04447804788700091
-5.41677096370463	0.03487178152415662
-5.406758448060075	0.027396045806991773
-5.396745932415519	0.021941051341458174
-5.386733416770964	0.01763756159466314
-5.376720901126408	0.013669273969713546
-5.366708385481852	0.009799828599213675
-5.356695869837297	0.006307952103287882
-5.346683354192741	0.0035784548049654047
-5.336670838548185	0.0017692204827674703
-5.326658322903629	0.0007570355329571559
-5.316645807259073	0.00027906132337788994
-5.306633291614518	8.833868358762418e-05
-5.296620775969963	2.3960035150148638e-05
-5.286608260325407	5.559046718316515e-06
-5.276595744680851	1.1019853291760823e-06
-5.2665832290362955	1.8648407826373862e-07
-5.256570713391739	2.6923355690973856e-08
-5.246558197747184	3.31470027778969e-09
-5.236545682102628	3.4789458537619355e-10
-5.226533166458072	3.1119993952931124e-11
-5.216520650813517	2.372183421729369e-12
-5.206508135168962	1.5407169281272754e-13
-5.196495619524406	8.5256359435479e-15
-5.18648310387985	4.0191482852692e-16
-5.1764705882352935	1.6140836505408703e-17
-5.166458072590738	5.521913371311023e-19
-5.156445556946183	1.609219414040656e-20
-5.146433041301627	3.994812074413715e-22
-5.136420525657071	8.447497742726217e-24
-5.126408010012516	1.521622965754041e-25
-5.11639549436796	2.3346987083904325e-27
-5.1063829787234045	3.051390058311064e-29
-5.0963704630788484	3.3970855133475508e-31
-5.086357947434292	3.221485841737307e-33
-5.076345431789737	2.60223400878602e-35
-5.066332916145182	1.7905085580319544e-37
-5.056320400500626	1.0494121069711493e-39
-5.04630788485607	5.2390812264175954e-42
-5.036295369211514	2.2279396676475201e-44
-5.026282853566959	8.070321560942258e-47
-5.016270337922403	2.4901028843030994e-49
-5.006257822277847	6.5445942142812876e-52
-4.996245306633291	1.4651668929881568e-54
-4.986232790988735	2.79402559516619e-57
-4.97622027534418	4.538502236080608e-60
-4.966207759699625	6.279623449945239e-63
-4.956195244055069	7.401053032524815e-66
-4.946182728410513	7.430059422516049e-69
-4.9361702127659575	6.353746887584383e-72
-4.926157697121402	4.628138862729858e-75
-4.916145181476846	2.8715851424391924e-78
-4.90613266583229	1.5176647872881683e-81
-4.896120150187734	6.832330403381542e-85
-4.886107634543179	2.619996455392672e-88
-4.876095118898624	8.55798237868323e-92
-4.866082603254068	2.3811179673609005e-95
-4.8560700876095115	5.643249815260496e-99
-4.8460575719649555	1.1392432902054302e-102
-4.8360450563204	1.9590364745983908e-106
-4.826032540675845	2.869507761923452e-110
-4.816020025031289	3.580231626842586e-114
-4.806007509386733	3.8049914439785403e-118
-4.795994993742178	3.4445705432983846e-122
-4.785982478097623	2.656166659348575e-126
-4.7759699624530665	1.7446744363890706e-130
-4.76595744680851	9.76140457680305e-135
-4.755944931163954	4.6521002776262834e-139
-4.745932415519399	1.8885333596365516e-143
-4.735919899874844	6.530389614436595e-148
-4.725907384230288	1.9235007666242527e-152
-4.715894868585732	4.8259683959701875e-157
-4.705882352941176	1.0313722024176546e-161
-4.6958698372966206	1.8775227564434633e-166
-4.685857321652065	2.9113460901896788e-171
-4.675844806007509	3.845398043300757e-176
-4.665832290362953	4.3264093146460455e-181
-4.655819774718398	4.146223871920065e-186
-4.645807259073843	3.385732311015025e-191
-4.635794743429287	1.4472857789360526e-189
-4.625782227784731	1.6844707588830808e-184
-4.615769712140175	1.6699811438330676e-179
-4.605757196495619	1.4102577575510205e-174
-4.595744680851064	1.0144350965279707e-169
-4.585732165206508	6.215683234807032e-165
-4.575719649561952	3.2440857118854045e-160
-4.565707133917396	1.4422302667202379e-155
-4.555694618272841	5.461547681374887e-151
-4.545682102628286	1.7617151638356013e-146
-4.53566958698373	4.840547590474351e-142
-4.5256570713391735	1.132901455952323e-137
-4.515644555694618	2.2585443051478447e-133
-4.505632040050063	3.8353405548870533e-129
-4.495619524405507	5.547765428046547e-125
-4.485607008760951	6.835512562957295e-121
-4.475594493116395	7.174025576118246e-117
-4.46558197747184	6.413477778129126e-113
-4.4555694618272845	4.883858884082005e-109
-4.4455569461827285	3.1678999578490673e-105
-4.435544430538172	1.7503248082263958e-101
-4.425531914893616	8.237675446200262e-98
-4.415519399249061	3.302399008063841e-94
-4.405506883604506	1.127699146791727e-90
-4.39549436795995	3.280165808781792e-87
-4.385481852315394	8.127129532961669e-84
-4.375469336670839	1.7152104143236318e-80
-4.365456821026283	3.083446851342185e-77
-4.355444305381727	4.721656270262222e-74
-4.345431789737171	6.1587291870631314e-71
-4.335419274092615	6.8426871792118704e-68
-4.32540675844806	6.475914461735795e-65
-4.315394242803505	5.220527165457887e-62
-4.305381727158949	3.5848125822223996e-59
-4.295369211514393	2.0968018417197526e-56
-4.285356695869837	1.0446893385471435e-53
-4.275344180225281	4.433592511490922e-51
-4.265331664580726	1.602740555978204e-48
-4.25531914893617	4.9352540973978115e-46
-4.245306633291614	1.2944779260812873e-43
-4.235294117647059	2.892135400309038e-41
-4.225281602002504	5.504038155337791e-39
-4.215269086357948	8.922428879345835e-37
-4.2052565707133915	1.232036578539801e-34
-4.1952440550688355	1.449115371354751e-32
-4.18523153942428	1.451848126020258e-30
-4.175219023779725	1.239019933979109e-28
-4.165206508135169	9.006878526059073e-27
-4.155193992490613	5.577110740769648e-25
-4.145181476846057	2.941597537569889e-23
-4.135168961201502	1.3215888935143131e-21
-4.1251564455569465	5.057650849293747e-20
-4.11514392991239	1.648697467262918e-18
-4.105131414267834	4.5779736867828933e-17
-4.095118898623279	1.0827961231758348e-15
-4.085106382978723	2.1815372517583803e-14
-4.075093867334168	3.743893977354081e-13
-4.065081351689612	5.473100833057904e-12
-4.055068836045056	6.815521299055083e-11
-4.045056320400501	7.22988975073814e-10
-4.035043804755945	6.5335634958295545e-09
-4.025031289111389	5.0302116747899043e-08
-4.015018773466833	3.2998497435541056e-07
-4.005006257822277	1.8448715798135e-06
-3.994993742177722	8.793483293802322e-06
-3.9849812265331668	3.575638339725661e-05
-3.9749687108886107	0.00012417199910080552
-3.9649561952440546	0.00036898731303609583
-3.9549436795994994	0.0009414308616178822
-3.9449311639549434	0.0020744655379990908
-3.934918648310388	0.003987184354845554
-3.924906132665832	0.0067904167703149755
-3.914893617021277	0.010477491492854235
-3.904881101376721	0.015026856726237476
-3.8948685857321648	0.020440420371181295
-3.8848560700876096	0.026513008070258876
-3.8748435544430535	0.03249013170705391
-3.8648310387984983	0.03714811323727712
-3.8548185231539422	0.039584303490909974
-3.844806007509387	0.040221393527598154
-3.834793491864831	0.0411202218415156
-3.824780976220275	0.0452086758092694
-3.8147684605757197	0.05491711197621354
-3.8047559449311636	0.07111298995002541
-3.7947434292866085	0.09298464902233386
-3.7847309136420524	0.11895783093293237
-3.774718397997497	0.14807065679527012
-3.764705882352941	0.180778638090958
-3.754693366708385	0.21847463397849656
-3.74468085106383	0.2621956669841832
-3.734668335419274	0.31195868758759215
-3.7246558197747186	0.36753852225921285
-3.7146433041301625	0.4295738986522365
-3.7046307884856065	0.498983954400495
-3.6946182728410513	0.5745704858005176
-3.684605757196495	0.6516867548704165
-3.67459324155194	0.7248845160761838
-3.664580725907384	0.7932337228488495
-3.6545682102628287	0.8630134862420776
-3.6445556946182727	0.9441289683604781
-3.6345431789737166	1.0429260225731385
-3.6245306633291614	1.1579541349821036
-3.6145181476846053	1.2820552646931476
-3.60450563204005	1.407701973554117
-3.594493116395494	1.5302329213807508
-3.584480600750939	1.6474035771028124
-3.574468085106383	1.7580581825098154
-3.5644555694618267	1.8625904014386585
-3.5544430538172715	1.9643037301369641
-3.5444305381727155	2.0685549528694938
-3.5344180225281603	2.178358125110203
-3.524405506883604	2.289430656352454
-3.514392991239049	2.390015404310702
-3.504380475594493	2.467556561111974
-3.494367959949937	2.517513507279623
-3.4843554443053817	2.5465798831664497
-3.4743429286608256	2.567349245222426
-3.4643304130162704	2.5890585832988786
-3.4543178973717144	2.6118113341813745
-3.444305381727159	2.628209580702281
-3.434292866082603	2.6305634120724743
-3.424280350438047	2.6177327856616213
-3.414267834793492	2.5959080671626653
-3.4042553191489358	2.5728913229726444
-3.3942428035043806	2.5514951411144096
-3.3842302878598245	2.5281710456661197
-3.3742177722152693	2.4972596659223285
-3.3642052565707132	2.455855254437014
-3.354192740926157	2.4048679499889194
-3.344180225281602	2.346589295994299
-3.334167709637046	2.281947203343801
-3.3241551939924907	2.2095652899068785
-3.3141426783479346	2.12672027360176
-3.3041301627033794	2.0315482138294714
-3.2941176470588234	1.9252435151759582
-3.2841051314142673	1.8121557817438179
-3.274092615769712	1.6968675177884882
-3.264080100125156	1.5806517420269275
-3.254067584480601	1.4610048756356753
-3.2440550688360448	1.33481446506277
-3.2340425531914896	1.201940395941529
-3.2240300375469335	1.0661986184249608
-3.2140175219023774	0.9338107743616624
-3.2040050062578223	0.8110311986106337
-3.193992490613266	0.7020159254542542
-3.183979974968711	0.6075155458614311
-3.173967459324155	0.5252932663540586
-3.1639549436795997	0.4523593257321855
-3.1539424280350437	0.38714836671783637
-3.1439299123904876	0.3295860320898759
-3.1339173967459324	0.2795310398417102
-3.1239048811013763	0.23595524019854286
-3.113892365456821	0.1978020326581646
-3.103879849812265	0.16501025871937905
-3.09386733416771	0.1381498932302294
-3.083854818523154	0.11706328777369579
-3.0738423028785977	0.10004392102889502
-3.0638297872340425	0.08442566273563212
-3.0538172715894865	0.06813113758207913
-3.0438047559449313	0.05092898253456292
-3.033792240300375	0.03438775624738115
-3.02377972465582	0.020620320129616725
-3.013767209011264	0.010910942288422617
-3.003754693366708	0.0052326196279123055
-2.9937421777221527	0.0027078409220881753
-2.9837296620775966	0.002328364374489205
-2.9737171464330414	0.0033169312215555664
-2.9637046307884853	0.005043227509078594
-2.95369211514393	0.0068166078688002
-2.943679599499374	0.007902860440568295
-2.933667083854818	0.007813031641339882
-2.923654568210263	0.006580673098617706
-2.9136420525657067	0.004721414942368882
-2.9036295369211516	0.002885458544050018
-2.8936170212765955	0.0015020924617558846
-2.8836045056320403	0.0006660661835118864
-2.873591989987484	0.000251580485241445
-2.863579474342928	8.094226559128009e-05
-2.853566958698373	2.2182607817475844e-05
-2.843554443053817	5.178317617032505e-06
-2.8335419274092617	1.0296831534358455e-06
-2.8235294117647056	1.7440437241707302e-07
-2.8135168961201504	2.516227873768482e-08
-2.8035043804755944	3.0922984877821988e-09
-2.7934918648310383	3.2370669818266656e-10
-2.783479349186483	2.8864284914402914e-11
-2.773466833541927	2.192344293558924e-12
-2.763454317897372	1.418389647376899e-13
-2.7534418022528158	7.816659353643137e-15
-2.7434292866082606	3.6693205919448496e-16
-2.7334167709637045	1.467198820090267e-17
-2.7234042553191484	4.997250485492257e-19
-2.7133917396745932	1.4498133934627316e-20
-2.703379224030037	3.582877295504392e-22
-2.693366708385482	7.542070746896714e-24
-2.683354192740926	1.3523586900605575e-25
-2.6733416770963707	2.1670113623108177e-27
-2.6633291614518146	7.466324482841149e-27
-2.6533166458072586	4.644713827434648e-25
-2.6433041301627034	2.470578485573985e-23
-2.6332916145181473	1.1196443632648667e-21
-2.623279098873592	4.3234115472228856e-20
-2.613266583229036	1.4225481760562543e-18
-2.603254067584481	3.988748712469986e-17
-2.593241551939925	9.53188696115374e-16
-2.5832290362953687	1.9415399442714943e-14
-2.5732165206508135	3.3713449158156745e-13
-2.5632040050062574	4.991456917438063e-12
-2.5531914893617023	6.302501133988754e-11
-2.543178973717146	6.788494175808626e-10
-2.533166458072591	6.2394296751290705e-09
-2.523153942428035	4.895414732291506e-08
-2.513141426783479	3.280195039710612e-07
-2.5031289111389237	1.878030099674114e-06
-2.4931163954943676	9.193173200371312e-06
-2.4831038798498124	3.850381463459254e-05
-2.4730913642052563	0.00013810040297598174
-2.463078848560701	0.00042462650185936146
-2.453066332916145	0.0011208880085115118
-2.443053817271589	0.002545539679574746
-2.433041301627034	0.004991172821124943
-2.4230287859824777	0.008505852786179687
-2.4130162703379225	0.012766314112462507
-2.4030037546933665	0.017319164672862826
-2.3929912390488113	0.02222632456061538
-2.382978723404255	0.02864786525204256
-2.372966207759699	0.0386490708058671
-2.362953692115144	0.05400929012303105
-2.352941176470588	0.07478936478202297
-2.3429286608260327	0.09892402891666444
-2.3329161451814766	0.12340991394151136
-2.3229036295369214	0.14623441641220544
-2.3128911138923653	0.16752522743452095
-2.3028785982478093	0.18932304994043517
-2.292866082603254	0.21477296501943646
-2.282853566958698	0.24764878992835496
-2.272841051314143	0.2920604937774579
-2.2628285356695867	0.35162886160972473
-2.2528160200250316	0.4280077581301669
-2.2428035043804755	0.5194109370780088
-2.2327909887359194	0.6200569198343047
-2.2227784730913642	0.7213784748595699
-2.212765957446808	0.815201878457727
-2.202753441802253	0.897393415958277
-2.192740926157697	0.9690457483027872
-2.1827284105131417	1.033785168167671
-2.1727158948685856	1.0938068986201568
-2.1627033792240296	1.148923260106439
-2.1526908635794744	1.1993185414550414
-2.1426783479349183	1.2483296635414707
-2.132665832290363	1.3022350445499684
-2.122653316645807	1.3678153165694946
-2.112640801001252	1.4494886075379383
-2.1026282853566958	1.546438040036505
-2.0926157697121397	1.6508190806960088
-2.0826032540675845	1.7499460985615503
-2.0725907384230284	1.8333857204752253
-2.0625782227784732	1.9005570195673367
-2.052565707133917	1.9620201578079024
-2.042553191489362	2.0319791728311802
-2.032540675844806	2.1174213811468325
-2.02252816020025	2.2131427128709786
-2.0125156445556946	2.306779413449847
-2.0025031289111386	2.3884103039657933
-1.9924906132665834	2.4558453552025554
-1.9824780976220273	2.5127781500348148
-1.9724655819774712	2.564154941541339
-1.962453066332916	2.613231771691383
-1.95244055068836	2.6604665753441177
-1.9424280350438048	2.7028934094439045
-1.9324155193992487	2.73457547139034
-1.9224030037546935	2.7491528833444367
-1.9123904881101375	2.743198318942831
-1.9023779724655814	2.718051509544809
-1.8923654568210262	2.6796198894487318
-1.8823529411764701	2.6370855411581955
-1.872340425531915	2.6006452700229112
-1.8623279098873589	2.5778638903679143
-1.8523153942428037	2.5700231294060294
-1.8423028785982476	2.571635685048773
-1.8322903629536915	2.5746883688514255
-1.8222778473091363	2.5749965738866187
-1.8122653316645803	2.575590945976951
-1.802252816020025	2.584104574931733
-1.792240300375469	2.6061744609148154
-1.7822277847309138	2.640475012563262
-1.7722152690863577	2.6796497470608425
-1.7622027534418017	2.7161378763468518
-1.7521902377972465	2.747637637684845
-1.7421777221526904	2.7775178875498594
-1.7321652065081352	2.8100672607801114
-1.7221526908635791	2.8449043422856968
-1.712140175219024	2.875495130090508
-1.7021276595744679	2.893421807803505
-1.6921151439299118	2.8957347721216027
-1.6821026282853566	2.890051219277649
-1.6720901126408005	2.89247903749198
-1.6620775969962454	2.9180768011115847
-1.6520650813516893	2.970501729980303
-1.642052565707134	3.0397828629626877
-1.632040050062578	3.110171488728509
-1.622027534418022	3.1701838571788024
-1.6120150187734668	3.2157051847697256
-1.6020025031289107	3.245743416169268
-1.5919899874843555	3.258203144335834
-1.5819774718397994	3.251096192040296
-1.5719649561952442	3.226734856704373
-1.5619524405506882	3.192581917088853
-1.551939924906132	3.15626653470244
-1.541927409261577	3.1188137640599334
-1.5319148936170208	3.0725610971641655
-1.5219023779724656	3.0065145169097263
-1.5118898623279096	2.915688604043384
-1.5018773466833544	2.807626098866263
-1.4918648310387983	2.701101579101738
-1.4818523153942422	2.6171886614225524
-1.471839799749687	2.5679157235616765
-1.461827284105131	2.549649416503953
-1.4518147684605758	2.5457233907101213
-1.4418022528160197	2.536891750634334
-1.4317897371714645	2.512718020920864
-1.4217772215269084	2.4761762692569333
-1.4117647058823524	2.4387869946110685
-1.4017521902377972	2.4108119840235926
-1.391739674593241	2.394209020362949
-1.381727158948686	2.3828954835106018
-1.3717146433041298	2.369125439001497
-1.3617021276595747	2.350902538203266
-1.3516896120150186	2.3345994658591827
-1.3416770963704625	2.329802282030376
-1.3316645807259073	2.3399369838298303
-1.3216520650813512	2.3578319932101794
-1.311639549436796	2.3724081995857524
-1.30162703379224	2.3812559774072746
-1.2916145181476848	2.3957744093672897
-1.2816020025031287	2.431637728082841
-1.2715894868585726	2.492697392316895
-1.2615769712140175	2.5642729912219306
-1.2515644555694614	2.6229983786443096
-1.2415519399249062	2.6543726616484498
-1.2315394242803501	2.6626993734961375
-1.221526908635795	2.666306745662537
-1.2115143929912389	2.6835066203459434
-1.2015018773466828	2.7199656911413452
-1.1914893617021276	2.764939042249677
-1.1814768460575715	2.797745182212301
-1.1714643304130163	2.800214924208005
-1.1614518147684603	2.767007862681853
-1.151439299123905	2.7068390488963034
-1.141426783479349	2.634738736177938
-1.131414267834793	2.5626467017187733
-1.1214017521902377	2.4957694941893163
-1.1113892365456817	2.435438234493941
-1.1013767209011265	2.383133545335192
-1.0913642052565704	2.341027661645927
-1.0813516896120152	2.3098981879662874
-1.0713391739674591	2.2883361926876225
-1.061326658322903	2.274564626003203
-1.0513141426783479	2.268345667852337
-1.0413016270337918	2.2705182679594396
-1.0312891113892366	2.2808369237385104
-1.0212765957446805	2.29673212944612
-1.0112640801001254	2.3143791843637804
-1.0012515644555693	2.3307344388455156
-0.9912390488110132	2.344207823705635
-0.981226533166458	2.3536125257110645
-0.971214017521902	2.357385753552255
-0.9612015018773468	2.3547358290453784
-0.9511889862327907	2.347969282145283
-0.9411764705882355	2.343640264294264
-0.9311639549436794	2.350605151967281
-0.9211514392991234	2.3752152571520817
-0.9111389236545682	2.416859289954649
-0.9011264080100121	2.4682621244813534
-0.8911138923654569	2.5213749223488424
-0.8811013767209008	2.573502304142914
-0.8710888610763456	2.626952869918734
-0.8610763454317896	2.6822219811158337
-0.8510638297872335	2.732305460979394
-0.8410513141426783	2.764845242364858
-0.8310387984981222	2.7703276637501673
-0.821026282853567	2.7484443533865366
-0.811013767209011	2.7072727477390877
-0.8010012515644558	2.657092899126131
-0.7909887359198997	2.604517807881823
-0.7809762202753436	2.5505957485007937
-0.7709637046307884	2.492415781339781
-0.7609511889862324	2.4258961703973765
-0.7509386733416772	2.3483011968276166
-0.7409261576971211	2.2600139347339248
-0.7309136420525659	2.16490468983711
-0.7209011264080099	2.0688661387281444
-0.7108886107634538	1.9774468498619624
-0.7008760951188986	1.893983784618925
-0.6908635794743425	1.8186147212235149
-0.6808510638297873	1.7482673708122687
-0.6708385481852313	1.6783766229705974
-0.6608260325406761	1.606189103993047
-0.65081351689612	1.533355356077025
-0.6408010012515639	1.4654274829668115
-0.6307884856070087	1.4085165514750655
-0.6207759699624527	1.3656436414741402
-0.6107634543178975	1.3351819453868201
-0.6007509386733414	1.3120733671683062
-0.5907384230287862	1.2906729927068088
-0.5807259073842301	1.2671190918821282
-0.5707133917396741	1.2399033678257247
-0.5607008760951189	1.2093467689873019
-0.5506883604505628	1.177559256501788
-0.5406758448060076	1.148926614520567
-0.5306633291614515	1.12956561464102
-0.5206508135168963	1.1250803858680807
-0.5106382978723403	1.1379970729820077
-0.5006257822277842	1.166609025423801
-0.490613266583229	1.205746780689117
-0.48060075093867294	1.249033131647512
-0.47058823529411775	1.2916882550626068
-0.4605757196495617	1.3324132441913352
-0.4505632040050065	1.3731091232760984
-0.4405506883604504	1.4167069355131308
-0.43053817271589434	1.4647097662400734
-0.42052565707133915	1.5157395221468188
-0.4105131414267831	1.5654301555840526
-0.4005006257822279	1.6079920375826153
-0.3904881101376718	1.6397193454090275
-0.38047559449311663	1.6628202514888317
-0.37046307884856056	1.6859786125987353
-0.3604505632040045	1.7198849734782942
-0.3504380475594493	1.7708927841270943
-0.3404255319148932	1.837999710794281
-0.33041301627033803	1.9146183485181754
-0.32040050062578196	1.9919088967675722
-0.3103879849812259	2.0605253274844624
-0.3003754693366707	2.1112775255106175
-0.2903629536921146	2.137020923058876
-0.28035043804755944	2.1361271159751962
-0.27033792240300336	2.11501054708196
-0.2603254067584482	2.0866042205470445
-0.2503128911138921	2.064263875458042
-0.24030037546933602	2.054686418242362
-0.23028785982478084	2.0552693785438625
-0.22027534418022476	2.0580256971857183
-0.21026282853566958	2.0562981929511737
-0.2002503128911135	2.0484255980855957
-0.19023779724655832	2.036113877527051
-0.18022528160200224	2.019941191252832
-0.17021276595744617	1.9961971356400214
-0.16020025031289098	1.9583152701875808
-0.1501877346683349	1.9029260385387903
-0.14017521902377972	1.8357070039978576
-0.13016270337922364	1.7705428558581626
-0.12015018773466846	1.7213203273910809
-0.11013767209011238	1.693805663759811
-0.10012515644555631	1.685141305380646
-0.09011264080100112	1.6897091492766534
-0.08010012515644505	1.7035775244272846
-0.07008760951188986	1.7235050882439902
-0.060075093867333784	1.7445374980733197
-0.0500625782227786	1.7615360619959841
-0.04005006257822252	1.773611177709175
-0.030037546933666448	1.7858101183993638
-0.02002503128911126	1.805668577242899
-0.010012515644555187	1.8384350622011114
0.0	1.8855049319836787
