-8.0	6.791831401136907
-7.989987484355444	6.745862343451211
-7.979974968710889	6.75061800103808
-7.969962453066333	6.804209941244399
-7.9599499374217775	6.887262588278262
-7.949937421777221	6.971526381409178
-7.939924906132666	7.030468287066659
-7.92991239048811	7.048958700116379
-7.919899874843554	7.027952341482352
-7.909887359198999	6.981446402989097
-7.899874843554443	6.928807309385729
-7.889862327909888	6.888753766884723
-7.8798498122653315	6.876864157298599
-7.869837296620776	6.9028666221957735
-7.85982478097622	6.966124883418053
-7.849812265331664	7.054396175656849
-7.839799749687109	7.15050643625721
-7.829787234042553	7.242761954541416
-7.819774718397998	7.329890239128223
-7.809762202753442	7.417268614155318
-7.7997496871088865	7.510180921907291
-7.78973717146433	7.611249622938119
-7.779724655819774	7.723061295105518
-7.769712140175219	7.851079813285626
-7.759699624530663	8.001999912989131
-7.749687108886108	8.177944077507071
-7.739674593241552	8.371663727291361
-7.729662077596997	8.567483392610932
-7.719649561952441	8.748176473471439
-7.7096370463078845	8.903625580317357
-7.699624530663329	9.035590338109479
-7.689612015018773	9.155089555527583
-7.679599499374218	9.274421768571367
-7.669586983729662	9.400125897271309
-7.659574468085107	9.531092776890125
-7.649561952440551	9.660630136365027
-7.639549436795995	9.779878622620576
-7.629536921151439	9.881845449097643
-7.619524405506883	9.964583898504277
-7.609511889862328	10.03018983298654
-7.599499374217772	10.079075889213453
-7.589486858573217	10.10446198227435
-7.579474342928661	10.093008843974987
-7.569461827284105	10.032424353244435
-7.55944931163955	9.92073914089852
-7.5494367959949935	9.770446163687852
-7.539424280350438	9.605124487669515
-7.529411764705882	9.451632633853135
-7.519399249061326	9.331949085862407
-7.509386733416771	9.25676932564743
-7.499374217772215	9.222733605024644
-7.48936170212766	9.215509521761676
-7.479349186483104	9.217814912422403
-7.4693366708385485	9.216706558131486
-7.459324155193992	9.204311452011082
-7.449311639549437	9.1724266040022
-7.439299123904881	9.108282610943535
-7.429286608260325	8.99832477600921
-7.41927409261577	8.837866353577411
-7.409261576971214	8.636304600310432
-7.399249061326659	8.411354067740293
-7.3892365456821025	8.17869178028294
-7.3792240300375465	7.948877411635149
-7.369211514392991	7.732849199766356
-7.359198998748435	7.54490335942625
-7.34918648310388	7.395950123560511
-7.339173967459324	7.284506512653809
-7.329161451814769	7.196867634660231
-7.319148936170213	7.116206521045436
-7.3091364205256575	7.03035456575212
-7.299123904881101	6.931844850443605
-7.289111389236545	6.813484244845827
-7.27909887359199	6.666289131848359
-7.269086357947434	6.483170289880882
-7.259073842302879	6.266384704390801
-7.249061326658323	6.032765121555266
-7.239048811013767	5.810538771036997
-7.2290362953692116	5.62704741460205
-7.2190237797246555	5.494834234213147
-7.2090112640801	5.406504247074046
-7.198998748435544	5.342037316751568
-7.188986232790989	5.2815271714196275
-7.178973717146433	5.212593699504188
-7.168961201501878	5.128655240831083
-7.158948685857322	5.023677942581489
-7.148936170212766	4.890872021785736
-7.13892365456821	4.726675385870939
-7.128911138923654	4.535309115916894
-7.118898623279099	4.329191973948056
-7.108886107634543	4.124638171331235
-7.098873591989987	3.935369187969707
-7.088861076345432	3.7669560656256653
-7.078848560700876	3.614917785922664
-7.068836045056321	3.4677709132486814
-7.0588235294117645	3.3132537743138206
-7.048811013767209	3.14381761792621
-7.038798498122653	2.9589933456554136
-7.028785982478098	2.7651654720884893
-7.018773466833542	2.5737226433208975
-7.008760951188986	2.397256551789787
-6.998748435544431	2.2440701978516966
-6.988735919899875	2.113896118051519
-6.9787234042553195	1.9985394747125373
-6.968710888610763	1.887776753859093
-6.958698372966207	1.776115363531907
-6.948685857321652	1.6649722729866598
-6.938673341677096	1.5587316576048196
-6.928660826032541	1.4583735647118017
-6.918648310387985	1.3585111959030265
-6.908635794743429	1.250999194104528
-6.8986232790988735	1.1326022092139068
-6.888610763454318	1.0102656501993947
-6.878598247809762	0.8993071157846938
-6.868585732165206	0.8158443064847687
-6.858573216520651	0.7691083923888825
-6.848560700876095	0.7584995629042895
-6.83854818523154	0.7762406708424233
-6.828535669586984	0.8128177094219261
-6.818523153942428	0.8610833320329382
-6.808510638297872	0.9166501807036223
-6.798498122653316	0.9758990705626599
-6.788485607008761	1.0351472127626256
-6.778473091364205	1.0927932011186592
-6.768460575719649	1.1524687865568521
-6.758448060075094	1.223472918518871
-6.748435544430539	1.3166249543492892
-6.7384230287859825	1.4373880557385192
-6.7284105131414265	1.580960590228281
-6.718397997496871	1.7337457543888344
-6.708385481852315	1.8812348937372152
-6.69837296620776	2.016445220260875
-6.688360450563204	2.1416285767215535
-6.678347934918648	2.2621653471500416
-6.668335419274093	2.3796082554563722
-6.658322903629537	2.4910408242819635
-6.648310387984981	2.593552239712995
-6.638297872340425	2.6865907757337864
-6.628285356695869	2.769217199149497
-6.618272841051314	2.8373027698912354
-6.608260325406759	2.88592572461343
-6.598247809762203	2.914629597153385
-6.588235294117647	2.92877436560813
-6.578222778473092	2.935114925076504
-6.5682102628285355	2.9371607207276242
-6.55819774718398	2.9356284622822484
-6.548185231539424	2.9318504725488377
-6.538172715894868	2.92782646906053
-6.528160200250313	2.9216638605258174
-6.518147684605757	2.9045421451593794
-6.508135168961202	2.8647972279731952
-6.498122653316646	2.796486038606261
-6.4881101376720896	2.704081374336488
-6.478097622027534	2.5987361589032383
-6.468085106382979	2.490313527906736
-6.458072590738423	2.3831274143359713
-6.448060075093867	2.2782681243147955
-6.438047559449312	2.177745944783028
-6.428035043804756	2.084540381602144
-6.418022528160201	1.999070245941442
-6.4080100125156445	1.9177891654971344
-6.397997496871088	1.8364422240736262
-6.387984981226533	1.7539689347620167
-6.377972465581977	1.6727910044646739
-6.367959949937422	1.596864410532003
-6.357947434292866	1.5312706596435253
-6.34793491864831	1.483233041275132
-6.337922403003755	1.461177690711098
-6.3279098873591995	1.4707671534849613
-6.317897371714643	1.5107117616963075
-6.307884856070087	1.5714430619330093
-6.297872340425532	1.6375448591387094
-6.287859824780976	1.693318147242275
-6.277847309136421	1.7295169060325035
-6.267834793491865	1.7473335322993202
-6.257822277847309	1.7560283637990164
-6.2478097622027535	1.7652579960095616
-6.2377972465581975	1.7781332838816928
-6.227784730913642	1.7904497034676001
-6.217772215269086	1.7957113532706959
-6.20775969962453	1.7908288165240993
-6.197747183979975	1.7780830161479564
-6.18773466833542	1.7630779083649346
-6.177722152690864	1.751328613079272
-6.167709637046308	1.7460302137007444
-6.157697121401752	1.7477659359085829
-6.147684605757196	1.7552639337196807
-6.137672090112641	1.765878321850584
-6.127659574468085	1.7754914930877732
-6.117647058823529	1.7789457814405762
-6.107634543178974	1.7721165963191563
-6.097622027534418	1.75491069029026
-6.0876095118898625	1.7326696814158231
-6.0775969962453065	1.7139815523176942
-6.06758448060075	1.7058550864189987
-6.057571964956195	1.7098108414950721
-6.04755944931164	1.721687290295279
-6.037546933667084	1.734566441017449
-6.027534418022528	1.7420847991508288
-6.017521902377973	1.7402126772093038
-6.007509386733417	1.727189970621544
-5.997496871088861	1.7021630361314068
-5.987484355444305	1.6639322762844013
-5.977471839799749	1.611616175895021
-5.967459324155194	1.5471823944091005
-5.957446808510639	1.4770440803598361
-5.947434292866083	1.4103612883780405
-5.937421777221527	1.3555791672015143
-5.927409261576971	1.318737786448431
-5.9173967459324155	1.3039556315515384
-5.90738423028786	1.3127222177375106
-5.897371714643304	1.3403131107650461
-5.887359198998748	1.373074929577333
-5.877346683354192	1.3917867875549244
-5.867334167709637	1.3807368794583177
-5.857321652065082	1.335781198833564
-5.847309136420526	1.2651072744356624
-5.83729662077597	1.183167148755324
-5.827284105131414	1.1035954853218397
-5.817271589486858	1.0356488172128857
-5.807259073842303	0.9837294905113179
-5.797246558197747	0.9473650873221598
-5.787234042553191	0.9211707008139784
-5.777221526908636	0.8963898536422306
-5.767209011264081	0.8642674588313601
-5.7571964956195245	0.8191232842163805
-5.747183979974968	0.7593066369012439
-5.737171464330412	0.6866032117645525
-5.727158948685857	0.605638318694562
-5.717146433041302	0.5234273332851298
-5.707133917396746	0.4480023125717636
-5.69712140175219	0.385875036441895
-5.687108886107635	0.3396714321635418
-5.677096370463079	0.30744733100741223
-5.667083854818523	0.2839657238889388
-5.657071339173967	0.26307780056622726
-5.647058823529411	0.2400546420075323
-5.637046307884856	0.21296740721937168
-5.627033792240301	0.1827183542759786
-5.617021276595745	0.15198347455802436
-5.607008760951189	0.12379796218039871
-5.596996245306633	0.10042982346055584
-5.5869837296620775	0.08274717074385732
-5.576971214017522	0.07008079696251242
-5.566958698372966	0.060681898522285775
-5.55694618272841	0.052699690969429926
-5.546933667083855	0.045067358202785165
-5.536921151439299	0.03761424047774052
-5.526908635794744	0.03050216528032178
-5.516896120150188	0.023766557446220974
-5.5068836045056315	0.01740695430694212
-5.496871088861076	0.011665554988182671
-5.486858573216521	0.006983939932306628
-5.476846057571965	0.003670636560384735
-5.466833541927409	0.0016747803615423157
-5.456821026282853	0.0006588919609417719
-5.446808510638298	0.00022263354647153525
-5.4367959949937426	6.445874595519708e-05
-5.4267834793491865	1.5969412385386038e-05
-5.41677096370463	3.3825190553260996e-06
-5.406758448060075	6.12196842726693e-07
-5.396745932415519	9.463853286552771e-08
-5.386733416770964	1.2492183807399314e-08
-5.376720901126408	1.407647160639475e-09
-5.366708385481852	1.353758699275092e-10
-5.356695869837297	1.1109593423892455e-11
-5.346683354192741	7.778393465749686e-13
-5.336670838548185	4.645670633769173e-14
-5.326658322903629	2.3665264975412074e-15
-5.316645807259073	1.0280677032044891e-16
-5.306633291614518	3.808266195199869e-18
-5.296620775969963	1.2027644222352932e-19
-5.286608260325407	3.2384584434008393e-21
-5.276595744680851	7.432953269426442e-23
-5.2665832290362955	1.4541674177060228e-24
-5.256570713391739	2.4247415925941146e-26
-5.246558197747184	3.445766906962523e-28
-5.236545682102628	4.173015528715937e-30
-5.226533166458072	4.306602267999805e-32
-5.216520650813517	3.787212080630675e-34
-5.206508135168962	2.837829126892773e-36
-5.196495619524406	1.8118334504267334e-38
-5.18648310387985	9.856011098219482e-41
-5.1764705882352935	4.567957501530365e-43
-5.166458072590738	1.8037212304400777e-45
-5.156445556946183	6.067825707221184e-48
-5.146433041301627	1.7390180072398573e-50
-5.136420525657071	4.245945103304609e-53
-5.126408010012516	8.831549647745611e-56
-5.11639549436796	1.5648958678750712e-58
-5.1063829787234045	2.3621878449855873e-61
-5.0963704630788484	3.0375188730978748e-64
-5.086357947434292	3.327321657494139e-67
-5.076345431789737	3.1048313805763654e-70
-5.066332916145182	2.4680008872276847e-73
-5.056320400500626	1.6711432841021555e-76
-5.04630788485607	9.639189580399479e-80
-5.036295369211514	4.736128697469439e-83
-5.026282853566959	1.982259748782995e-86
-5.016270337922403	7.067241284798242e-90
-5.006257822277847	2.1462977635194244e-93
-4.996245306633291	5.552381782637973e-97
-4.986232790988735	1.2235359195330218e-100
-4.97622027534418	2.2966831798996135e-104
-4.966207759699625	3.672243380083702e-108
-4.956195244055069	5.001577182109247e-112
-4.946182728410513	5.802656957299877e-116
-4.9361702127659575	5.73443403782998e-120
-4.926157697121402	4.8272232876799196e-124
-4.916145181476846	3.46136073870442e-128
-4.90613266583229	2.1141633282779598e-132
-4.896120150187734	1.0999476238942035e-136
-4.886107634543179	4.8746891771520296e-141
-4.876095118898624	2.0712490689593696e-144
-4.866082603254068	4.82018673778044e-140
-4.8560700876095115	1.048677013719484e-135
-4.8460575719649555	1.9433833284944939e-131
-4.8360450563204	3.0677081188588514e-127
-4.826032540675845	4.1248526351764294e-123
-4.816020025031289	4.724345797364029e-119
-4.806007509386733	4.609074815239484e-115
-4.795994993742178	3.83022843546109e-111
-4.785982478097623	2.711280393244686e-107
-4.7759699624530665	1.6347939797149105e-103
-4.76595744680851	8.39634866952991e-100
-4.755944931163954	3.67330287904805e-96
-4.745932415519399	1.3688688871579117e-92
-4.735919899874844	4.345160322971246e-89
-4.725907384230288	1.1748667074411573e-85
-4.715894868585732	2.705890568793116e-82
-4.705882352941176	5.308486297605783e-79
-4.6958698372966206	8.870947580800145e-76
-4.685857321652065	1.262723219548992e-72
-4.675844806007509	1.531035153589106e-69
-4.665832290362953	1.5812516888347488e-66
-4.655819774718398	1.391091472415174e-63
-4.645807259073843	1.0424355739459287e-60
-4.635794743429287	6.653981862281849e-58
-4.625782227784731	3.6178692069847924e-55
-4.615769712140175	1.675571564499636e-52
-4.605757196495619	6.610160186911232e-50
-4.595744680851064	2.2212625229436164e-47
-4.585732165206508	6.358090787519694e-45
-4.575719649561952	1.55021712803754e-42
-4.565707133917396	3.2195662404846287e-40
-4.555694618272841	5.6956239663409e-38
-4.545682102628286	8.582710843389044e-36
-4.53566958698373	1.1016586572683409e-33
-4.5256570713391735	1.2045068224115654e-31
-4.515644555694618	1.1217897538083879e-29
-4.505632040050063	8.899265600566219e-28
-4.495619524405507	6.013649126098879e-26
-4.485607008760951	3.461499354034406e-24
-4.475594493116395	1.69720446830384e-22
-4.46558197747184	7.088428397177077e-21
-4.4555694618272845	2.521823537136588e-19
-4.4455569461827285	7.64245310627088e-18
-4.435544430538172	1.972924865488091e-16
-4.425531914893616	4.338674426759503e-15
-4.415519399249061	8.128031090305468e-14
-4.405506883604506	1.297221449995778e-12
-4.39549436795995	1.7638846126731527e-11
-4.385481852315394	2.0435814787804364e-10
-4.375469336670839	2.0175977644664218e-09
-4.365456821026283	1.6977626971252984e-08
-4.355444305381727	1.217957362429112e-07
-4.345431789737171	7.451801284326866e-07
-4.335419274092615	3.890404718795973e-06
-4.32540675844806	1.7344448766936252e-05
-4.315394242803505	6.610345598449018e-05
-4.305381727158949	0.00021569782067484296
-4.295369211514393	0.0006038912230487348
-4.285356695869837	0.0014550686442010425
-4.275344180225281	0.0030303851755235918
-4.265331664580726	0.0054892587299629455
-4.25531914893617	0.008729151450085735
-4.245306633291614	0.012364582506720675
-4.235294117647059	0.015972754712583494
-4.225281602002504	0.01953871545005407
-4.215269086357948	0.023819819789720774
-4.2052565707133915	0.030291645198908097
-4.1952440550688355	0.04050881280508033
-4.18523153942428	0.05511603847850239
-4.175219023779725	0.07321206833177225
-4.165206508135169	0.09278621653624901
-4.155193992490613	0.11210947163978269
-4.145181476846057	0.1309369430671737
-4.135168961201502	0.15053475510761988
-4.1251564455569465	0.17288445153863324
-4.11514392991239	0.20008130560108092
-4.105131414267834	0.2340007425674659
-4.095118898623279	0.2754869630214833
-4.085106382978723	0.32320827231063814
-4.075093867334168	0.373578273648865
-4.065081351689612	0.4225681342141703
-4.055068836045056	0.46827236778642034
-4.045056320400501	0.5121928452069706
-4.035043804755945	0.5584324685597805
-4.025031289111389	0.6117422811097272
-4.015018773466833	0.6756841816497479
-4.005006257822277	0.7512984195752143
-3.994993742177722	0.8362825311106556
-3.9849812265331668	0.9251453823690459
-3.9749687108886107	1.0108422663339036
-3.9649561952440546	1.0874867813921352
-3.9549436795994994	1.1527346883817746
-3.9449311639549434	1.208203600462115
-3.934918648310388	1.2572753065724032
-3.924906132665832	1.301868669656636
-3.914893617021277	1.3415078990594798
-3.904881101376721	1.3762214980601797
-3.8948685857321648	1.4100414881969923
-3.8848560700876096	1.4500198553741181
-3.8748435544430535	1.5004395367440293
-3.8648310387984983	1.5580096253685027
-3.8548185231539422	1.6134776844749283
-3.844806007509387	1.6586220581257862
-3.834793491864831	1.6922896292324292
-3.824780976220275	1.7199960852207943
-3.8147684605757197	1.7474895074500438
-3.8047559449311636	1.774408309803789
-3.7947434292866085	1.7941243237362057
-3.7847309136420524	1.7996102115895962
-3.774718397997497	1.7894729912003562
-3.764705882352941	1.7692994424670927
-3.754693366708385	1.748684694256419
-3.74468085106383	1.7371032724726483
-3.734668335419274	1.7406919920104285
-3.7246558197747186	1.7605085807519147
-3.7146433041301625	1.792561454118452
-3.7046307884856065	1.8296332529639532
-3.6946182728410513	1.8641029271870142
-3.684605757196495	1.8904048032576248
-3.67459324155194	1.905990511919184
-3.664580725907384	1.9107247753079546
-3.6545682102628287	1.9058463357562283
-3.6445556946182727	1.8934441774896469
-3.6345431789737166	1.8758835904069329
-3.6245306633291614	1.8542996226937238
-3.6145181476846053	1.8271325151054072
-3.60450563204005	1.7908570856164228
-3.594493116395494	1.7432436901181647
-3.584480600750939	1.686631939757373
-3.574468085106383	1.6282005193074358
-3.5644555694618267	1.576552149559885
-3.5544430538172715	1.53667193340538
-3.5444305381727155	1.5063902112901115
-3.5344180225281603	1.4767831798451123
-3.524405506883604	1.4369256010278255
-3.514392991239049	1.3804792238409882
-3.504380475594493	1.309661711113747
-3.494367959949937	1.2337121085313723
-3.4843554443053817	1.163256762576658
-3.4743429286608256	1.1047670308573574
-3.4643304130162704	1.0582587287247889
-3.4543178973717144	1.0185599739710534
-3.444305381727159	0.9785546443349338
-3.434292866082603	0.9323188800651203
-3.424280350438047	0.8767711697369457
-3.414267834793492	0.8119149251632798
-3.4042553191489358	0.7404948754772894
-3.3942428035043806	0.6671511255317538
-3.3842302878598245	0.5965777343146841
-3.3742177722152693	0.5312257657283025
-3.3642052565707132	0.4703181838004088
-3.354192740926157	0.41124699710329105
-3.344180225281602	0.35227888084382225
-3.334167709637046	0.2943025249852033
-3.3241551939924907	0.24035465177716023
-3.3141426783479346	0.19369039374820257
-3.3041301627033794	0.15616499390195118
-3.2941176470588234	0.12794753425388095
-3.2841051314142673	0.1081643578788617
-3.274092615769712	0.09540156051792646
-3.264080100125156	0.0875431045307776
-3.254067584480601	0.0815160642568668
-3.2440550688360448	0.07392879385244164
-3.2340425531914896	0.0626597123282344
-3.2240300375469335	0.04812563185830839
-3.2140175219023774	0.03294417573096872
-3.2040050062578223	0.020197113872538884
-3.193992490613266	0.011742271596617742
-3.183979974968711	0.007670929019520871
-3.173967459324155	0.00679421497940848
-3.1639549436795997	0.0074358896686390315
-3.1539424280350437	0.008083765457401958
-3.1439299123904876	0.007827159666217252
-3.1339173967459324	0.0065302821954444515
-3.1239048811013763	0.0046543094751661795
-3.113892365456821	0.0028276991945710025
-3.103879849812265	0.0014636249321190974
-3.09386733416771	0.0006453354569862885
-3.083854818523154	0.00024237358791489785
-3.0738423028785977	7.753989950655591e-05
-3.0638297872340425	2.1130236667323003e-05
-3.0538172715894865	4.904812591312515e-06
-3.0438047559449313	9.6979365223528e-07
-3.033792240300375	1.633334371211776e-07
-3.02377972465582	2.3432018734389066e-08
-3.013767209011264	2.8634074449124527e-09
-3.003754693366708	2.980543280794894e-10
-2.9937421777221527	2.6426920271868042e-11
-2.9837296620775966	1.9958898261914997e-12
-2.9737171464330414	1.2840700842828825e-13
-2.9637046307884853	7.215645035716575e-15
-2.95369211514393	4.294400467384178e-15
-2.943679599499374	7.464172564432592e-14
-2.933667083854818	1.19620744503395e-12
-2.923654568210263	1.6332612156441812e-11
-2.9136420525657067	1.899591335668222e-10
-2.9036295369211516	1.8820489982207045e-09
-2.8936170212765955	1.58849671558219e-08
-2.8836045056320403	1.1422400438071138e-07
-2.873591989987484	6.998363916442152e-07
-2.863579474342928	3.6542048538791607e-06
-2.853566958698373	1.6266699113534374e-05
-2.843554443053817	6.177057838762906e-05
-2.8335419274092617	0.00020031225637792674
-2.8235294117647056	0.0005557974913315571
-2.8135168961201504	0.0013241696681770279
-2.8035043804755944	0.0027266779963492182
-2.7934918648310383	0.004911936505769852
-2.783479349186483	0.007910167562975811
-2.773466833541927	0.01178808927764072
-2.763454317897372	0.016980624754945727
-2.7534418022528158	0.02444459804185032
-2.7434292866082606	0.03518837736480297
-2.7334167709637045	0.049233585372678586
-2.7234042553191484	0.06487231809895144
-2.7133917396745932	0.07925075646052578
-2.703379224030037	0.09022058630376534
-2.693366708385482	0.09791683633076467
-2.683354192740926	0.10448589099030076
-2.6733416770963707	0.11224823388337751
-2.6633291614518146	0.12227211454077166
-2.6533166458072586	0.13472716543413954
-2.6433041301627034	0.15021445231613303
-2.6332916145181473	0.17022445329240724
-2.623279098873592	0.19614003503467892
-2.613266583229036	0.22811771411319096
-2.603254067584481	0.2654168234153968
-2.593241551939925	0.3080284408619084
-2.5832290362953687	0.35775931478721423
-2.5732165206508135	0.4171809438733883
-2.5632040050062574	0.48691754484771416
-2.5531914893617023	0.5636797732002418
-2.543178973717146	0.6413030781287697
-2.533166458072591	0.714513899446979
-2.523153942428035	0.7822864314797758
-2.513141426783479	0.8475594475548242
-2.5031289111389237	0.9134748155286311
-2.4931163954943676	0.9798978183222462
-2.4831038798498124	1.0437800222504476
-2.4730913642052563	1.1029141794067103
-2.463078848560701	1.1591171568641525
-2.453066332916145	1.2176932578587485
-2.443053817271589	1.2838900614434843
-2.433041301627034	1.3593287244774406
-2.4230287859824777	1.4404716598026719
-2.4130162703379225	1.5196839560471402
-2.4030037546933665	1.5886913817791137
-2.3929912390488113	1.6429194184841571
-2.382978723404255	1.6838730464503815
-2.372966207759699	1.7178302550766
-2.362953692115144	1.7520015479617432
-2.352941176470588	1.79054697814829
-2.3429286608260327	1.8318811832517163
-2.3329161451814766	1.8682933805890312
-2.3229036295369214	1.8895347148728903
-2.3128911138923653	1.8903417897866999
-2.3028785982478093	1.8770976177791328
-2.292866082603254	1.8666929759010509
-2.282853566958698	1.8762345798003623
-2.272841051314143	1.9111957964053745
-2.2628285356695867	1.9619447717587062
-2.2528160200250316	2.0110994002086535
-2.2428035043804755	2.044518099432472
-2.2327909887359194	2.0566568005386907
-2.2227784730913642	2.0479249208362225
-2.212765957446808	2.0197728525192877
-2.202753441802253	1.974096178442851
-2.192740926157697	1.9170344434864677
-2.1827284105131417	1.8612886799072603
-2.1727158948685856	1.8223055166378794
-2.1627033792240296	1.8102597424484652
-2.1526908635794744	1.8243558121149954
-2.1426783479349183	1.8539433791015922
-2.132665832290363	1.8848179733227866
-2.122653316645807	1.9053556330884447
-2.112640801001252	1.9091121732507208
-2.1026282853566958	1.8948268663705528
-2.0926157697121397	1.8660653455330942
-2.0826032540675845	1.8306353968023916
-2.0725907384230284	1.7985426805244937
-2.0625782227784732	1.7786947839377776
-2.052565707133917	1.7762493322141808
-2.042553191489362	1.7918087567909933
-2.032540675844806	1.8218875694265564
-2.02252816020025	1.8599024945820042
-2.0125156445556946	1.8979390094902635
-2.0025031289111386	1.9291771405389195
-1.9924906132665834	1.9493044497059928
-1.9824780976220273	1.9557301145649701
-1.9724655819774712	1.9464180274561838
-1.962453066332916	1.9212089687464542
-1.95244055068836	1.885001906704316
-1.9424280350438048	1.8486642944546605
-1.9324155193992487	1.8253616410259186
-1.9224030037546935	1.8248790557548658
-1.9123904881101375	1.85016125620058
-1.9023779724655814	1.8975353359083884
-1.8923654568210262	1.9591420279046465
-1.8823529411764701	2.0258124749150586
-1.872340425531915	2.0896771209294145
-1.8623279098873589	2.146046585821896
-1.8523153942428037	2.1936446720423226
-1.8423028785982476	2.23277837185948
-1.8322903629536915	2.2629547606175873
-1.8222778473091363	2.282520127373953
-1.8122653316645803	2.2908230985829903
-1.802252816020025	2.2901350682483606
-1.792240300375469	2.2846486207346266
-1.7822277847309138	2.277674109674237
-1.7722152690863577	2.2705221223745746
-1.7622027534418017	2.2641197184409783
-1.7521902377972465	2.260487186381126
-1.7421777221526904	2.261212189300012
-1.7321652065081352	2.2642430132913662
-1.7221526908635791	2.263370124062197
-1.712140175219024	2.2524253799768834
-1.7021276595744679	2.2308548789058107
-1.6921151439299118	2.20531047908671
-1.6821026282853566	2.185731500334907
-1.6720901126408005	2.1794618702086956
-1.6620775969962454	2.187686661481429
-1.6520650813516893	2.205308332040799
-1.642052565707134	2.2230536393903964
-1.632040050062578	2.2309481588031557
-1.622027534418022	2.222634483288635
-1.6120150187734668	2.1986432323073863
-1.6020025031289107	2.1660273100634506
-1.5919899874843555	2.134143245892665
-1.5819774718397994	2.1098559150707965
-1.5719649561952442	2.095887401475881
-1.5619524405506882	2.0926810914039855
-1.551939924906132	2.100852923208249
-1.541927409261577	2.1215477159022997
-1.5319148936170208	2.154738416898999
-1.5219023779724656	2.19720588534967
-1.5118898623279096	2.241621399050988
-1.5018773466833544	2.277657646044472
-1.4918648310387983	2.295870310981561
-1.4818523153942422	2.2933688712178055
-1.471839799749687	2.2773128553913025
-1.461827284105131	2.2621002999601214
-1.4518147684605758	2.2609087651575486
-1.4418022528160197	2.2777938381661857
-1.4317897371714645	2.306656194436154
-1.4217772215269084	2.337404288798134
-1.4117647058823524	2.3635329370050027
-1.4017521902377972	2.3851255634651642
-1.391739674593241	2.406363577780767
-1.381727158948686	2.4310661520115886
-1.3717146433041298	2.4597965013865415
-1.3617021276595747	2.4894343724238857
-1.3516896120150186	2.514298869255685
-1.3416770963704625	2.5280009700583035
-1.3316645807259073	2.526004584310456
-1.3216520650813512	2.50870610350748
-1.311639549436796	2.4833465495065954
-1.30162703379224	2.4621319420281798
-1.2916145181476848	2.4558604139858025
-1.2816020025031287	2.4664416624871586
-1.2715894868585726	2.48392792329074
-1.2615769712140175	2.4910204369187734
-1.2515644555694614	2.472423464082744
-1.2415519399249062	2.4230241699890227
-1.2315394242803501	2.3502615950939663
-1.221526908635795	2.270012673633491
-1.2115143929912389	2.198538956620503
-1.2015018773466828	2.144610262726702
-1.1914893617021276	2.1061027749573493
-1.1814768460575715	2.073193233108631
-1.1714643304130163	2.0356529180454217
-1.1614518147684603	1.9884384282431349
-1.151439299123905	1.9318001820255488
-1.141426783479349	1.8676502510201334
-1.131414267834793	1.7969572539319683
-1.1214017521902377	1.720737167591231
-1.1113892365456817	1.6427106031185865
-1.1013767209011265	1.5695899045063353
-1.0913642052565704	1.507546916215544
-1.0813516896120152	1.4583301296301132
-1.0713391739674591	1.4198510855025124
-1.061326658322903	1.3910605005625316
-1.0513141426783479	1.3752086355331385
-1.0413016270337918	1.3770571047974673
-1.0312891113892366	1.3971126032777885
-1.0212765957446805	1.4298171499313301
-1.0112640801001254	1.4678661192615803
-1.0012515644555693	1.5077937595412945
-0.9912390488110132	1.5512164436000766
-0.981226533166458	1.6014385393102513
-0.971214017521902	1.6594843955009775
-0.9612015018773468	1.7230116002736662
-0.9511889862327907	1.7883727925999158
-0.9411764705882355	1.8538353956814826
-0.9311639549436794	1.921323485324037
-0.9211514392991234	1.9948854365766415
-0.9111389236545682	2.0768873003320776
-0.9011264080100121	2.1659935767888046
-0.8911138923654569	2.260191588571905
-0.8811013767209008	2.3624915023932145
-0.8710888610763456	2.482076558205227
-0.8610763454317896	2.6262103234078116
-0.8510638297872335	2.7875418640041665
-0.8410513141426783	2.938836912968921
-0.8310387984981222	3.043690977480161
-0.821026282853567	3.0781901657649158
-0.811013767209011	3.0469848154290897
-0.8010012515644558	2.9804483874877783
-0.7909887359198997	2.915670316989019
-0.7809762202753436	2.876755525925159
-0.7709637046307884	2.867174624811218
-0.7609511889862324	2.8745661655502075
-0.7509386733416772	2.8806212225294483
-0.7409261576971211	2.8699548362617726
-0.7309136420525659	2.8356003289959157
-0.7209011264080099	2.78005037149308
-0.7108886107634538	2.7118127816326694
-0.7008760951188986	2.6401696576151767
-0.6908635794743425	2.571798721393548
-0.6808510638297873	2.509805169962891
-0.6708385481852313	2.453157513835194
-0.6608260325406761	2.3967684818701005
-0.65081351689612	2.3348096244188214
-0.6408010012515639	2.266246685153559
-0.6307884856070087	2.1965828566287833
-0.6207759699624527	2.132470276667882
-0.6107634543178975	2.074376660950865
-0.6007509386733414	2.0154529062405753
-0.5907384230287862	1.947775791975445
-0.5807259073842301	1.8691759221351774
-0.5707133917396741	1.7844193546829596
-0.5607008760951189	1.7014264181262597
-0.5506883604505628	1.6272408319507408
-0.5406758448060076	1.5662182194667025
-0.5306633291614515	1.519597026533277
-0.5206508135168963	1.4857087479952493
-0.5106382978723403	1.4613804547889886
-0.5006257822277842	1.4442530511833453
-0.490613266583229	1.4343259084263504
-0.48060075093867294	1.4339391925008196
-0.47058823529411775	1.4472005627366138
-0.4605757196495617	1.4793786405702651
-0.4505632040050065	1.5350153533808029
-0.4405506883604504	1.614123455305641
-0.43053817271589434	1.7088141248958513
-0.42052565707133915	1.8039806109631744
-0.4105131414267831	1.8830331582274273
-0.4005006257822279	1.9355576509968702
-0.3904881101376718	1.9620410504665258
-0.38047559449311663	1.972911734094625
-0.37046307884856056	1.9830622730953253
-0.3604505632040045	2.0053546488520926
-0.3504380475594493	2.0460787212936484
-0.3404255319148932	2.1037201389272933
-0.33041301627033803	2.1713620651258707
-0.32040050062578196	2.2418645617008126
-0.3103879849812259	2.31290936063435
-0.3003754693366707	2.388131172382143
-0.2903629536921146	2.473303531515668
-0.28035043804755944	2.5710550499189075
-0.27033792240300336	2.6788144666548304
-0.2603254067584482	2.7909464532215993
-0.2503128911138921	2.901663963609607
-0.24030037546933602	3.0053296197560053
-0.23028785982478084	3.095024483057222
-0.22027534418022476	3.1635383663995387
-0.21026282853566958	3.208510252899477
-0.2002503128911135	3.237268608346483
-0.19023779724655832	3.26491527520865
-0.18022528160200224	3.3054192195058323
-0.17021276595744617	3.3631073853259457
-0.16020025031289098	3.4313868166800408
-0.1501877346683349	3.497910787087623
-0.14017521902377972	3.5507764431004905
-0.13016270337922364	3.582917807998451
-0.12015018773466846	3.595157947596672
-0.11013767209011238	3.597158121925362
-0.10012515644555631	3.6037748700727112
-0.09011264080100112	3.6272634334695355
-0.08010012515644505	3.6705940908448924
-0.07008760951188986	3.7272921386769386
-0.060075093867333784	3.7873957221846064
-0.0500625782227786	3.843326733018626
-0.04005006257822252	3.89056512648645
-0.030037546933666448	3.9253549176215823
-0.02002503128911126	3.9460904652225075
-0.010012515644555187	3.9595951813183405
0.0	3.9841039376079492
