-8.0	8.70466980047107
-7.989987484355444	8.778272431170361
-7.979974968710889	8.82486993873227
-7.969962453066333	8.831081065411142
-7.9599499374217775	8.791805717246861
-7.949937421777221	8.716406114155657
-7.939924906132666	8.629229220072968
-7.92991239048811	8.562140977205368
-7.919899874843554	8.54216688821833
-7.909887359198999	8.580451284746035
-7.899874843554443	8.667763550839254
-7.889862327909888	8.778843539585207
-7.8798498122653315	8.883962351701781
-7.869837296620776	8.961620154004637
-7.85982478097622	9.004929729072407
-7.849812265331664	9.019182100460894
-7.839799749687109	9.015387358661064
-7.829787234042553	9.006118437031738
-7.819774718397998	9.00456027389977
-7.809762202753442	9.023052383600575
-7.7997496871088865	9.069257984635227
-7.78973717146433	9.142674818824501
-7.779724655819774	9.235060193651911
-7.769712140175219	9.334799622857537
-7.759699624530663	9.431631108425185
-7.749687108886108	9.518334214461474
-7.739674593241552	9.589753506806922
-7.729662077596997	9.6422434781404
-7.719649561952441	9.674767137845823
-7.7096370463078845	9.689616465167617
-7.699624530663329	9.69114941240864
-7.689612015018773	9.683598718797722
-7.679599499374218	9.669233930715722
-7.669586983729662	9.646766980471021
-7.659574468085107	9.610691576499619
-7.649561952440551	9.553985491086644
-7.639549436795995	9.47469989307087
-7.629536921151439	9.381925488420979
-7.619524405506883	9.29506784274213
-7.609511889862328	9.235795922777024
-7.599499374217772	9.218539594027847
-7.589486858573217	9.245299274878755
-7.579474342928661	9.305561973288508
-7.569461827284105	9.379972599547113
-7.55944931163955	9.44756296111393
-7.5494367959949935	9.494278862647706
-7.539424280350438	9.516037887357037
-7.529411764705882	9.512416527915438
-7.519399249061326	9.478105188577217
-7.509386733416771	9.403794212005666
-7.499374217772215	9.287451566946997
-7.48936170212766	9.143872465710055
-7.479349186483104	9.001557217478437
-7.4693366708385485	8.888523374697764
-7.459324155193992	8.817029858708853
-7.449311639549437	8.775768414400286
-7.439299123904881	8.733585571096874
-7.429286608260325	8.654750173620215
-7.41927409261577	8.51934779067772
-7.409261576971214	8.33607909209829
-7.399249061326659	8.13732083659085
-7.3892365456821025	7.959162346258414
-7.3792240300375465	7.821130872844915
-7.369211514392991	7.7197897231776365
-7.359198998748435	7.637994812892796
-7.34918648310388	7.559302564199469
-7.339173967459324	7.475683879619781
-7.329161451814769	7.385602292906549
-7.319148936170213	7.288259241264597
-7.3091364205256575	7.180222127234257
-7.299123904881101	7.0554973968946335
-7.289111389236545	6.9076401520941655
-7.27909887359199	6.733963223997625
-7.269086357947434	6.541199214804825
-7.259073842302879	6.347827820641137
-7.249061326658323	6.177732323192282
-7.239048811013767	6.046624788876695
-7.2290362953692116	5.950450894036089
-7.2190237797246555	5.865419311669291
-7.2090112640801	5.761373614925222
-7.198998748435544	5.620141146381586
-7.188986232790989	5.446319268356463
-7.178973717146433	5.263590921841396
-7.168961201501878	5.1005549499663285
-7.158948685857322	4.97649031779239
-7.148936170212766	4.894617832879581
-7.13892365456821	4.843212237862454
-7.128911138923654	4.801174877064384
-7.118898623279099	4.745747766370211
-7.108886107634543	4.661047150050259
-7.098873591989987	4.544380863551073
-7.088861076345432	4.4064342367810685
-7.078848560700876	4.26484007658085
-7.068836045056321	4.13557189686248
-7.0588235294117645	4.0275226662824695
-7.048811013767209	3.941894008304708
-7.038798498122653	3.8741369744878775
-7.028785982478098	3.8158776115411444
-7.018773466833542	3.756804733852376
-7.008760951188986	3.688177983849375
-6.998748435544431	3.6076357842791356
-6.988735919899875	3.521281765876599
-6.9787234042553195	3.4393957271333844
-6.968710888610763	3.3684359372481145
-6.958698372966207	3.3072631657505234
-6.948685857321652	3.2517611268530477
-6.938673341677096	3.2023182337944713
-6.928660826032541	3.1649339354350814
-6.918648310387985	3.144275818055093
-6.908635794743429	3.1365815865485067
-6.8986232790988735	3.130105078506494
-6.888610763454318	3.112136797049069
-6.878598247809762	3.0758618224113947
-6.868585732165206	3.022768712572926
-6.858573216520651	2.9612026353991716
-6.848560700876095	2.902988224044769
-6.83854818523154	2.8592111571477594
-6.828535669586984	2.8365216911151268
-6.818523153942428	2.8358294600521545
-6.808510638297872	2.853752250455062
-6.798498122653316	2.8847358161778915
-6.788485607008761	2.9215100380539485
-6.778473091364205	2.9542062254689236
-6.768460575719649	2.971000974472348
-6.758448060075094	2.962224049652473
-6.748435544430539	2.925958984195106
-6.7384230287859825	2.8704017959300154
-6.7284105131414265	2.809979987777828
-6.718397997496871	2.7574076138226817
-6.708385481852315	2.7175987070039382
-6.69837296620776	2.6876245063347897
-6.688360450563204	2.6612810475918343
-6.678347934918648	2.633473928920386
-6.668335419274093	2.6016780562610045
-6.658322903629537	2.565420892392801
-6.648310387984981	2.525403657538871
-6.638297872340425	2.482455320143556
-6.628285356695869	2.436323929052463
-6.618272841051314	2.3850630628666103
-6.608260325406759	2.32548054766878
-6.598247809762203	2.2544538959753213
-6.588235294117647	2.1710428189552915
-6.578222778473092	2.07884761751459
-6.5682102628285355	1.9863118531753987
-6.55819774718398	1.9026458349632678
-6.548185231539424	1.8310539431851365
-6.538172715894868	1.765445970543078
-6.528160200250313	1.6953954911780846
-6.518147684605757	1.616174090368734
-6.508135168961202	1.5344717063522155
-6.498122653316646	1.464000174232894
-6.4881101376720896	1.4154049308305596
-6.478097622027534	1.3901052977774602
-6.468085106382979	1.3822553441462608
-6.458072590738423	1.3842788654527585
-6.448060075093867	1.3897077665370174
-6.438047559449312	1.3928281662581197
-6.428035043804756	1.3891195358065844
-6.418022528160201	1.3778581405620414
-6.4080100125156445	1.3632976936484176
-6.397997496871088	1.3515637773272815
-6.387984981226533	1.3462320252614304
-6.377972465581977	1.3480149530318077
-6.367959949937422	1.3588771993392543
-6.357947434292866	1.384530563507529
-6.34793491864831	1.4303282641887356
-6.337922403003755	1.493842189563547
-6.3279098873591995	1.5630403455746373
-6.317897371714643	1.6239372046836722
-6.307884856070087	1.6705792960551444
-6.297872340425532	1.70677785142372
-6.287859824780976	1.738416992754834
-6.277847309136421	1.7660763438640232
-6.267834793491865	1.7863270281168555
-6.257822277847309	1.7989565410503785
-6.2478097622027535	1.8111399766856093
-6.2377972465581975	1.8342112072692343
-6.227784730913642	1.8762255067119475
-6.217772215269086	1.9361243775867354
-6.20775969962453	2.003401216304587
-6.197747183979975	2.063444946580264
-6.18773466833542	2.104810272505865
-6.177722152690864	2.1233984857725483
-6.167709637046308	2.1217677726607334
-6.157697121401752	2.1061662420345453
-6.147684605757196	2.0844794564917652
-6.137672090112641	2.0652559808565747
-6.127659574468085	2.05590775046588
-6.117647058823529	2.0598152957985696
-6.107634543178974	2.0748813230213945
-6.097622027534418	2.095608714505696
-6.0876095118898625	2.1168535201383625
-6.0775969962453065	2.1351692461166905
-6.06758448060075	2.1467170590370515
-6.057571964956195	2.1454182248647244
-6.04755944931164	2.1250232586243016
-6.037546933667084	2.0838735425177326
-6.027534418022528	2.0275983616362874
-6.017521902377973	1.96698465817165
-6.007509386733417	1.9127230795876513
-5.997496871088861	1.8704157123439118
-5.987484355444305	1.8377635964753507
-5.977471839799749	1.8046746455895544
-5.967459324155194	1.7570893271333892
-5.957446808510639	1.6841913948832694
-5.947434292866083	1.5856766416136352
-5.937421777221527	1.4739319143447565
-5.927409261576971	1.368276458078801
-5.9173967459324155	1.2839792471349682
-5.90738423028786	1.223222196884853
-5.897371714643304	1.1744413950688153
-5.887359198998748	1.1207371622288351
-5.877346683354192	1.0516038995257773
-5.867334167709637	0.969714488677762
-5.857321652065082	0.8879474509170462
-5.847309136420526	0.8193551071129325
-5.83729662077597	0.7683781661577496
-5.827284105131414	0.7298532108820844
-5.817271589486858	0.6948551236764571
-5.807259073842303	0.6569105625801815
-5.797246558197747	0.6136267925414582
-5.787234042553191	0.5644174168813357
-5.777221526908636	0.5084138842075716
-5.767209011264081	0.4451300625679513
-5.7571964956195245	0.37670164427760433
-5.747183979974968	0.30879642088625575
-5.737171464330412	0.24889557760154798
-5.727158948685857	0.2032249328090997
-5.717146433041302	0.17436060124827507
-5.707133917396746	0.16036439550271717
-5.69712140175219	0.1552806538250547
-5.687108886107635	0.15098037896059774
-5.677096370463079	0.14040968897018669
-5.667083854818523	0.12107783538125082
-5.657071339173967	0.0963609995154306
-5.647058823529411	0.07316106413330387
-5.637046307884856	0.05737073713709027
-5.627033792240301	0.05047535114295735
-5.617021276595745	0.04949684015750804
-5.607008760951189	0.04966795488800938
-5.596996245306633	0.047421656626763314
-5.5869837296620775	0.04172526619147366
-5.576971214017522	0.03355676256849898
-5.566958698372966	0.02463525988569018
-5.55694618272841	0.016477531781648833
-5.546933667083855	0.010052281911976815
-5.536921151439299	0.0057937042807961175
-5.526908635794744	0.0037560849524925586
-5.516896120150188	0.0037976192107322215
-5.5068836045056315	0.005654402979081397
-5.496871088861076	0.008813261258992091
-5.486858573216521	0.012333813150260116
-5.476846057571965	0.014949967112725466
-5.466833541927409	0.015585118153132594
-5.456821026282853	0.0139547634118901
-5.446808510638298	0.010728113008704524
-5.4367959949937426	0.007079442091066111
-5.4267834793491865	0.004008730497619799
-5.41677096370463	0.001947012434336287
-5.406758448060075	0.0008107329976133127
-5.396745932415519	0.00028927318638146543
-5.386733416770964	8.839421222633872e-05
-5.376720901126408	2.3119985271361612e-05
-5.366708385481852	5.173301035815745e-06
-5.356695869837297	9.897917802713807e-07
-5.346683354192741	1.6184900002656325e-07
-5.336670838548185	2.260880175628777e-08
-5.326658322903629	2.69696826818413e-09
-5.316645807259073	2.7463292491827074e-10
-5.306633291614518	2.3865650915387218e-11
-5.296620775969963	1.7693755678495222e-12
-5.286608260325407	1.1188976519402645e-13
-5.276595744680851	6.033867352445288e-15
-5.2665832290362955	2.774342768982916e-16
-5.256570713391739	1.0874725880421158e-17
-5.246558197747184	3.6334136535976715e-19
-5.236545682102628	1.0346715458421925e-20
-5.226533166458072	2.5109687262675803e-22
-5.216520650813517	5.192749858430988e-24
-5.206508135168962	9.150445444043148e-26
-5.196495619524406	1.3738892416757812e-27
-5.18648310387985	1.7575414996006982e-29
-5.1764705882352935	1.915520405390347e-31
-5.166458072590738	1.778611021144256e-33
-5.156445556946183	1.406941853709458e-35
-5.146433041301627	9.48117582807695e-38
-5.136420525657071	5.442903938957583e-40
-5.126408010012516	2.6617941206077243e-42
-5.11639549436796	1.1088878665257983e-44
-5.1063829787234045	3.9351854137060714e-47
-5.0963704630788484	1.1896055897265945e-49
-5.086357947434292	3.0633564150930847e-52
-5.076345431789737	6.719637967952908e-55
-5.066332916145182	1.2555834677903717e-57
-5.056320400500626	1.9984561427420465e-60
-5.04630788485607	2.709513140044802e-63
-5.036295369211514	3.129205422870015e-66
-5.026282853566959	3.078377390436775e-69
-5.016270337922403	2.579607419934907e-72
-5.006257822277847	1.8413167563246613e-75
-4.996245306633291	1.1195560008487904e-78
-4.986232790988735	5.798357393919551e-82
-4.97622027534418	2.5580291500430323e-85
-4.966207759699625	9.612734274528308e-89
-4.956195244055069	3.0770105195339375e-92
-4.946182728410513	8.389794685754031e-96
-4.9361702127659575	1.9485598633221823e-99
-4.926157697121402	3.854925941048839e-103
-4.916145181476846	6.496179607156343e-107
-4.90613266583229	9.324800872966362e-111
-4.896120150187734	1.1401664576291522e-114
-4.886107634543179	2.0054097179183546e-115
-4.876095118898624	1.6901404259890337e-111
-4.866082603254068	1.214055493233053e-107
-4.8560700876095115	7.42836313251731e-104
-4.8460575719649555	3.8715649751969545e-100
-4.8360450563204	1.718774166389139e-96
-4.826032540675845	6.499649261286927e-93
-4.816020025031289	2.093629670771934e-89
-4.806007509386733	5.744452546687411e-86
-4.795994993742178	1.3425679232773e-82
-4.785982478097623	2.6727770047657256e-79
-4.7759699624530665	4.532397845661595e-76
-4.76595744680851	6.546846547318766e-73
-4.755944931163954	8.055177921062848e-70
-4.745932415519399	8.442225574522238e-67
-4.735919899874844	7.536637134194656e-64
-4.725907384230288	5.7310882803448724e-61
-4.715894868585732	3.712234730637505e-58
-4.705882352941176	2.0482011218653455e-55
-4.6958698372966206	9.626060981811861e-53
-4.685857321652065	3.8535718109396644e-50
-4.675844806007509	1.3140658926253723e-47
-4.665832290362953	3.8168902149838905e-45
-4.655819774718398	9.443675005265645e-43
-4.645807259073843	1.9902665134676096e-40
-4.635794743429287	3.5728952024675477e-38
-4.625782227784731	5.463464918976431e-36
-4.615769712140175	7.1163103269401e-34
-4.605757196495619	7.895514527644942e-32
-4.595744680851064	7.461821131876463e-30
-4.585732165206508	6.0068677508795505e-28
-4.575719649561952	4.1189843844793813e-26
-4.565707133917396	2.4058639207486052e-24
-4.555694618272841	1.1969907988657265e-22
-4.545682102628286	5.072819429431619e-21
-4.53566958698373	1.831246610883232e-19
-4.5256570713391735	5.630968568365168e-18
-4.515644555694618	1.4748851781128126e-16
-4.505632040050063	3.290577759691761e-15
-4.495619524405507	6.253525769157186e-14
-4.485607008760951	1.0123170892400598e-12
-4.475594493116395	1.3958766156090275e-11
-4.46558197747184	1.6395185477085063e-10
-4.4555694618272845	1.6403044973335082e-09
-4.4455569461827285	1.3978850389433755e-08
-4.435544430538172	1.0147458401657115e-07
-4.425531914893616	6.274540839930299e-07
-4.415519399249061	3.304802337418339e-06
-4.405506883604506	1.4826818133509277e-05
-4.39549436795995	5.66616963611242e-05
-4.385481852315394	0.00018444674435363456
-4.375469336670839	0.0005114396302370731
-4.365456821026283	0.0012079992098798045
-4.355444305381727	0.0024305810857152377
-4.345431789737171	0.0041667418778672475
-4.335419274092615	0.006089161886610791
-4.32540675844806	0.0075986755950505115
-4.315394242803505	0.008141849271053882
-4.305381727158949	0.007620419555202744
-4.295369211514393	0.006548071688119812
-4.285356695869837	0.005788334946196624
-4.275344180225281	0.006067161067003357
-4.265331664580726	0.007631457844235644
-4.25531914893617	0.010290204282670376
-4.245306633291614	0.013779128214421892
-4.235294117647059	0.018141659473080093
-4.225281602002504	0.02379815191021038
-4.215269086357948	0.031238136864428414
-4.2052565707133915	0.040580011246613056
-4.1952440550688355	0.051283968792307344
-4.18523153942428	0.062149591368295405
-4.175219023779725	0.0717004130993817
-4.165206508135169	0.07906238183273548
-4.155193992490613	0.08504015414674065
-4.145181476846057	0.09247284641071814
-4.135168961201502	0.10510862469532826
-4.1251564455569465	0.12550088556756672
-4.11514392991239	0.15348062130974527
-4.105131414267834	0.1862583428113573
-4.095118898623279	0.21978957615793127
-4.085106382978723	0.2503866714176283
-4.075093867334168	0.2760414300798346
-4.065081351689612	0.2974157644323472
-4.055068836045056	0.3181292842639704
-4.045056320400501	0.3434162127172822
-4.035043804755945	0.37691297845862315
-4.025031289111389	0.4175654109632745
-4.015018773466833	0.4600036304646585
-4.005006257822277	0.49946796023403023
-3.994993742177722	0.5377280645917834
-3.9849812265331668	0.5843061849789761
-3.9749687108886107	0.6506394958237105
-3.9649561952440546	0.7410725128168636
-3.9549436795994994	0.8480319571189707
-3.9449311639549434	0.955635915495887
-3.934918648310388	1.0486640984275897
-3.924906132665832	1.1195947127079722
-3.914893617021277	1.1696819015715914
-3.904881101376721	1.2062125983902352
-3.8948685857321648	1.2395122350840553
-3.8848560700876096	1.2799643076488807
-3.8748435544430535	1.3338868741105687
-3.8648310387984983	1.399848915731319
-3.8548185231539422	1.4688575498549914
-3.844806007509387	1.5293298876132935
-3.834793491864831	1.5740633486028335
-3.824780976220275	1.6052595513058887
-3.8147684605757197	1.6344343800116974
-3.8047559449311636	1.6759344210344462
-3.7947434292866085	1.7370710250557395
-3.7847309136420524	1.8123402145961534
-3.774718397997497	1.8872462584531007
-3.764705882352941	1.9484024987097275
-3.754693366708385	1.9906834413954013
-3.74468085106383	2.0164544639007578
-3.734668335419274	2.0302879477600353
-3.7246558197747186	2.0351879541161937
-3.7146433041301625	2.032680419826546
-3.7046307884856065	2.0251871090941136
-3.6946182728410513	2.01779167858036
-3.684605757196495	2.0171412981543377
-3.67459324155194	2.027426809268277
-3.664580725907384	2.0463591501671785
-3.6545682102628287	2.065041010192372
-3.6445556946182727	2.072613399293221
-3.6345431789737166	2.061964978251168
-3.6245306633291614	2.0318833638349916
-3.6145181476846053	1.9852166964231681
-3.60450563204005	1.9266814176048006
-3.594493116395494	1.8627503443564015
-3.584480600750939	1.8016626284825679
-3.574468085106383	1.7503153176679296
-3.5644555694618267	1.7088067184973328
-3.5544430538172715	1.6681116395009088
-3.5444305381727155	1.6154257556812468
-3.5344180225281603	1.544380301080217
-3.524405506883604	1.4610027922198612
-3.514392991239049	1.3791944143566002
-3.504380475594493	1.3097283086525202
-3.494367959949937	1.2530393553335748
-3.4843554443053817	1.2015005757946853
-3.4743429286608256	1.1474041207633896
-3.4643304130162704	1.0887296041821117
-3.4543178973717144	1.028535868553394
-3.444305381727159	0.9701508581531855
-3.434292866082603	0.9134691168004886
-3.424280350438047	0.8556739777630809
-3.414267834793492	0.7949328307710691
-3.4042553191489358	0.7328655895277452
-3.3942428035043806	0.6735136005207939
-3.3842302878598245	0.6204540785322535
-3.3742177722152693	0.5750053042739511
-3.3642052565707132	0.5364340356451812
-3.354192740926157	0.5029277200893277
-3.344180225281602	0.4721249470768089
-3.334167709637046	0.4412803911263506
-3.3241551939924907	0.4078087692534103
-3.3141426783479346	0.37051593009934897
-3.3041301627033794	0.3309337930895547
-3.2941176470588234	0.2936092235433995
-3.2841051314142673	0.26450592581866655
-3.274092615769712	0.2479630022064961
-3.264080100125156	0.24414794123508504
-3.254067584480601	0.24911468236218196
-3.2440550688360448	0.2575812997634144
-3.2340425531914896	0.26595357455169927
-3.2240300375469335	0.27295097355731673
-3.2140175219023774	0.27803907545765955
-3.2040050062578223	0.2804170160429744
-3.193992490613266	0.2803056566513115
-3.183979974968711	0.2809679101391742
-3.173967459324155	0.2884569389198383
-3.1639549436795997	0.3083185773791707
-3.1539424280350437	0.3417705541195401
-3.1439299123904876	0.38464030359683654
-3.1339173967459324	0.42996073985826316
-3.1239048811013763	0.47216413892004705
-3.113892365456821	0.5099317660181254
-3.103879849812265	0.5461892499231915
-3.09386733416771	0.5858214140800186
-3.083854818523154	0.6328894807696324
-3.0738423028785977	0.6889514111077893
-3.0638297872340425	0.7528101225895708
-3.0538172715894865	0.8208152891285634
-3.0438047559449313	0.887138993092657
-3.033792240300375	0.9449071805401604
-3.02377972465582	0.9892594573885294
-3.013767209011264	1.0210607630178927
-3.003754693366708	1.0477073822768022
-2.9937421777221527	1.0789385034329801
-2.9837296620775966	1.1202412534527428
-2.9737171464330414	1.1693180438931823
-2.9637046307884853	1.2186073193518483
-2.95369211514393	1.261468077255386
-2.943679599499374	1.296936108347921
-2.933667083854818	1.3300686943960331
-2.923654568210263	1.368808180324543
-2.9136420525657067	1.4201172610220056
-2.9036295369211516	1.4870149398188317
-2.8936170212765955	1.5664604542140415
-2.8836045056320403	1.648519936433463
-2.873591989987484	1.7189790803812615
-2.863579474342928	1.7663841336738977
-2.853566958698373	1.7897212233860247
-2.843554443053817	1.8002394628259943
-2.8335419274092617	1.8147469609644291
-2.8235294117647056	1.8446273219167555
-2.8135168961201504	1.8880821929045224
-2.8035043804755944	1.9305460952419538
-2.7934918648310383	1.9528645836892158
-2.783479349186483	1.942359716535553
-2.773466833541927	1.9001727460024094
-2.763454317897372	1.840142052908346
-2.7534418022528158	1.7800111279379522
-2.7434292866082606	1.731743453301063
-2.7334167709637045	1.698208897401832
-2.7234042553191484	1.677052547996035
-2.7133917396745932	1.6660442898508865
-2.703379224030037	1.6646501837089895
-2.693366708385482	1.6719522109105756
-2.683354192740926	1.6842935584059697
-2.6733416770963707	1.6949577285263628
-2.6633291614518146	1.6960857366523356
-2.6533166458072586	1.6819004952751742
-2.6433041301627034	1.6513888509201653
-2.6332916145181473	1.6083297165908599
-2.623279098873592	1.5584489778903183
-2.613266583229036	1.5061214927239088
-2.603254067584481	1.4530571103973742
-2.593241551939925	1.3988511301024176
-2.5832290362953687	1.3418658358124784
-2.5732165206508135	1.2800951973210002
-2.5632040050062574	1.212631848564647
-2.5531914893617023	1.1412105368892573
-2.543178973717146	1.0702049657975259
-2.533166458072591	1.0046828628120523
-2.523153942428035	0.9482498692405821
-2.513141426783479	0.9024326367595832
-2.5031289111389237	0.8670877443863633
-2.4931163954943676	0.8400212822845107
-2.4831038798498124	0.8159246511874495
-2.4730913642052563	0.7872226612111528
-2.463078848560701	0.7481173514971383
-2.453066332916145	0.6988685368264719
-2.443053817271589	0.6459706208480382
-2.433041301627034	0.5977386324030424
-2.4230287859824777	0.5592289201402512
-2.4130162703379225	0.5303701336937683
-2.4030037546933665	0.5077002693539505
-2.3929912390488113	0.487465370276451
-2.382978723404255	0.46769755023811804
-2.372966207759699	0.4481086437708673
-2.362953692115144	0.42828105173485537
-2.352941176470588	0.406184736119419
-2.3429286608260327	0.37908688060365736
-2.3329161451814766	0.34661209414508387
-2.3229036295369214	0.31308074755559195
-2.3128911138923653	0.28646140554513516
-2.3028785982478093	0.27443276555569396
-2.292866082603254	0.2807672217866146
-2.282853566958698	0.3046837346520078
-2.272841051314143	0.3428207716667737
-2.2628285356695867	0.3913444511986624
-2.2528160200250316	0.44646180266236146
-2.2428035043804755	0.5039243391985446
-2.2327909887359194	0.5591483091441493
-2.2227784730913642	0.6085039064596222
-2.212765957446808	0.6508090860630305
-2.202753441802253	0.6877100471986478
-2.192740926157697	0.7224822552367698
-2.1827284105131417	0.7580538020702902
-2.1727158948685856	0.7957613845616076
-2.1627033792240296	0.8357262675054116
-2.1526908635794744	0.8782323302677751
-2.1426783479349183	0.9247217550555226
-2.132665832290363	0.9777634444426436
-2.122653316645807	1.0403346046753443
-2.112640801001252	1.1145770025503257
-2.1026282853566958	1.1997273623791758
-2.0926157697121397	1.2901319342320992
-2.0826032540675845	1.376124337985444
-2.0725907384230284	1.449175759324244
-2.0625782227784732	1.5078336637060934
-2.052565707133917	1.5586662333089978
-2.042553191489362	1.6109800440841193
-2.032540675844806	1.6703979906483721
-2.02252816020025	1.73670082861306
-2.0125156445556946	1.8061565667697925
-2.0025031289111386	1.8748764203838275
-1.9924906132665834	1.94068472007938
-1.9824780976220273	2.0032631301447736
-1.9724655819774712	2.0629179891714595
-1.962453066332916	2.1184682730584496
-1.95244055068836	2.1659162317121194
-1.9424280350438048	2.199786283725479
-1.9324155193992487	2.2166188383421783
-1.9224030037546935	2.2177725271921775
-1.9123904881101375	2.2095972262561796
-1.9023779724655814	2.2015012377025265
-1.8923654568210262	2.2029597355645683
-1.8823529411764701	2.2197405023576215
-1.872340425531915	2.250479063902598
-1.8623279098873589	2.286476919295994
-1.8523153942428037	2.3164634348028392
-1.8423028785982476	2.3336219249035186
-1.8322903629536915	2.339121165773354
-1.8222778473091363	2.3388037317177317
-1.8122653316645803	2.3359047273061586
-1.802252816020025	2.326851823591039
-1.792240300375469	2.304793772490611
-1.7822277847309138	2.2679253829634693
-1.7722152690863577	2.224240339717406
-1.7622027534418017	2.1873396977337185
-1.7521902377972465	2.1668104326213062
-1.7421777221526904	2.162099056630787
-1.7321652065081352	2.165080345253225
-1.7221526908635791	2.167937913611649
-1.712140175219024	2.168781244438076
-1.7021276595744679	2.171378827916851
-1.6921151439299118	2.1815891976924346
-1.6821026282853566	2.204115193194984
-1.6720901126408005	2.2401982730208605
-1.6620775969962454	2.2860928002255347
-1.6520650813516893	2.3339803867171285
-1.642052565707134	2.3761460103568823
-1.632040050062578	2.409376297830783
-1.622027534418022	2.4354682095493043
-1.6120150187734668	2.4576291189871973
-1.6020025031289107	2.4766105043558677
-1.5919899874843555	2.490292749159355
-1.5819774718397994	2.497056603654065
-1.5719649561952442	2.4998969944583
-1.5619524405506882	2.507210293451356
-1.551939924906132	2.528514107323693
-1.541927409261577	2.567710825365874
-1.5319148936170208	2.619073917915221
-1.5219023779724656	2.6693564775946514
-1.5118898623279096	2.705075920574602
-1.5018773466833544	2.7206236891258
-1.4918648310387983	2.721916537677095
-1.4818523153942422	2.7223044472802718
-1.471839799749687	2.732820898130816
-1.461827284105131	2.754596667960878
-1.4518147684605758	2.7804683652461724
-1.4418022528160197	2.8037184832717066
-1.4317897371714645	2.824024437110854
-1.4217772215269084	2.844348315753552
-1.4117647058823524	2.8638069559005044
-1.4017521902377972	2.876537785061144
-1.391739674593241	2.879156421619847
-1.381727158948686	2.8783488244047617
-1.3717146433041298	2.888258484679854
-1.3617021276595747	2.9177583228613573
-1.3516896120150186	2.9599225245463967
-1.3416770963704625	2.9956990896381446
-1.3316645807259073	3.0096003146088446
-1.3216520650813512	3.002671801288638
-1.311639549436796	2.991218919592361
-1.30162703379224	2.99393977817612
-1.2916145181476848	3.018988935985883
-1.2816020025031287	3.0594412798687762
-1.2715894868585726	3.0980352326054392
-1.2615769712140175	3.1172967039602577
-1.2515644555694614	3.109092543051608
-1.2415519399249062	3.077816416909715
-1.2315394242803501	3.0357439755525655
-1.221526908635795	2.995259855638181
-1.2115143929912389	2.964016582202589
-1.2015018773466828	2.9444319203888454
-1.1914893617021276	2.9345942076030487
-1.1814768460575715	2.928321252189495
-1.1714643304130163	2.915460450487526
-1.1614518147684603	2.884550451377768
-1.151439299123905	2.8274210316048984
-1.141426783479349	2.742763077168964
-1.131414267834793	2.6365865458361086
-1.1214017521902377	2.520193828133117
-1.1113892365456817	2.4070733891965364
-1.1013767209011265	2.30920118947042
-1.0913642052565704	2.233510007095841
-1.0813516896120152	2.180451109827422
-1.0713391739674591	2.145710767015243
-1.061326658322903	2.123341831462091
-1.0513141426783479	2.1075548326947726
-1.0413016270337918	2.092834916720572
-1.0312891113892366	2.0744849445816587
-1.0212765957446805	2.0505352774539687
-1.0112640801001254	2.0229299026579626
-1.0012515644555693	1.9954910261774086
-0.9912390488110132	1.9691863336383855
-0.981226533166458	1.9382826518436589
-0.971214017521902	1.891197242539227
-0.9612015018773468	1.8170385496636257
-0.9511889862327907	1.714375376208948
-0.9411764705882355	1.595730784472464
-0.9311639549436794	1.4833343787242512
-0.9211514392991234	1.3984322641959432
-0.9111389236545682	1.3518013012153467
-0.9011264080100121	1.3415580370284823
-0.8911138923654569	1.3578342643721701
-0.8811013767209008	1.3892209754408456
-0.8710888610763456	1.4267315499275142
-0.8610763454317896	1.464843001236569
-0.8510638297872335	1.5012999499409474
-0.8410513141426783	1.5364859754740794
-0.8310387984981222	1.571997814873063
-0.821026282853567	1.608944289376665
-0.811013767209011	1.647691607627513
-0.8010012515644558	1.6893147356980724
-0.7909887359198997	1.7362828012606586
-0.7809762202753436	1.7903607309046294
-0.7709637046307884	1.8496207774092375
-0.7609511889862324	1.9085608644795962
-0.7509386733416772	1.9622447531654696
-0.7409261576971211	2.0105771671757156
-0.7309136420525659	2.058171593650603
-0.7209011264080099	2.109861615441569
-0.7108886107634538	2.1668388338033555
-0.7008760951188986	2.227979735700594
-0.6908635794743425	2.294885324582427
-0.6808510638297873	2.373840279341537
-0.6708385481852313	2.4702085040142654
-0.6608260325406761	2.5797657099937505
-0.65081351689612	2.687262742648327
-0.6408010012515639	2.7767431400412628
-0.6307884856070087	2.8453765246693368
-0.6207759699624527	2.907245475408056
-0.6107634543178975	2.98283598729912
-0.6007509386733414	3.083766308650032
-0.5907384230287862	3.2052348742130783
-0.5807259073842301	3.329633874806089
-0.5707133917396741	3.436040790047114
-0.5607008760951189	3.509444897226052
-0.5506883604505628	3.5463018840322023
-0.5406758448060076	3.5544348634354526
-0.5306633291614515	3.547323267451421
-0.5206508135168963	3.5368630287756297
-0.5106382978723403	3.5300902757226265
-0.5006257822277842	3.530812259145823
-0.490613266583229	3.541677480240135
-0.48060075093867294	3.5630548339187693
-0.47058823529411775	3.5908326517341234
-0.4605757196495617	3.6177144692534826
-0.4505632040050065	3.6382620938781915
-0.4405506883604504	3.652734747335301
-0.43053817271589434	3.6657209681074017
-0.42052565707133915	3.681462779319915
-0.4105131414267831	3.7011654324018446
-0.4005006257822279	3.7244246487483537
-0.3904881101376718	3.751565611323032
-0.38047559449311663	3.7832854302748196
-0.37046307884856056	3.8186727453292915
-0.3604505632040045	3.855161554369009
-0.3504380475594493	3.8904208149164132
-0.3404255319148932	3.9223470669415472
-0.33041301627033803	3.9456166279085543
-0.32040050062578196	3.948840558165931
-0.3103879849812259	3.917650070069946
-0.3003754693366707	3.8439342160553673
-0.2903629536921146	3.734985125271008
-0.28035043804755944	3.61486161536803
-0.27033792240300336	3.5158861027875923
-0.2603254067584482	3.4659907218704435
-0.2503128911138921	3.4798376125691877
-0.24030037546933602	3.5565623657865286
-0.23028785982478084	3.6815355678936683
-0.22027534418022476	3.8298173201558483
-0.21026282853566958	3.9722245110746686
-0.2002503128911135	4.084614363081869
-0.19023779724655832	4.156615551089264
-0.18022528160200224	4.193623959037531
-0.17021276595744617	4.209923627805606
-0.16020025031289098	4.218289831883039
-0.1501877346683349	4.224577647829553
-0.14017521902377972	4.230741807523374
-0.13016270337922364	4.241370417869854
-0.12015018773466846	4.265574321620758
-0.11013767209011238	4.3111100475508115
-0.10012515644555631	4.376105071091674
-0.09011264080100112	4.44738639011395
-0.08010012515644505	4.508721585369702
-0.07008760951188986	4.552072349330076
-0.060075093867333784	4.581285901656511
-0.0500625782227786	4.605413579799605
-0.04005006257822252	4.629313341532746
-0.030037546933666448	4.6504020735574265
-0.02002503128911126	4.662641390520303
-0.010012515644555187	4.662506942888197
0.0	4.65236516539832
