-8.0	5.6016561909669305
-7.989987484355444	5.490551235505921
-7.979974968710889	5.39495438642327
-7.969962453066333	5.33503152911878
-7.9599499374217775	5.302170669468731
-7.949937421777221	5.270629599770418
-7.939924906132666	5.218899300978458
-7.92991239048811	5.141981992125097
-7.919899874843554	5.047672898305597
-7.909887359198999	4.945016325737738
-7.899874843554443	4.837048584503573
-7.889862327909888	4.722383334323173
-7.8798498122653315	4.601135767563196
-7.869837296620776	4.47831976576485
-7.85982478097622	4.361848158547869
-7.849812265331664	4.257051508686317
-7.839799749687109	4.161836864095213
-7.829787234042553	4.066591657244244
-7.819774718397998	3.9604317975603065
-7.809762202753442	3.839979809757011
-7.7997496871088865	3.7130285368193094
-7.78973717146433	3.5931884115722843
-7.779724655819774	3.4903208959045453
-7.769712140175219	3.4051572165936084
-7.759699624530663	3.331083034925787
-7.749687108886108	3.2592337095656325
-7.739674593241552	3.1825075403995378
-7.729662077596997	3.0976507894207246
-7.719649561952441	3.0059198360606993
-7.7096370463078845	2.911746021609583
-7.699624530663329	2.8193126095497685
-7.689612015018773	2.7292518427102332
-7.679599499374218	2.638270682565846
-7.669586983729662	2.5421480540549584
-7.659574468085107	2.4396806687876134
-7.649561952440551	2.334470528799157
-7.639549436795995	2.2333440305575816
-7.629536921151439	2.142904674044163
-7.619524405506883	2.066859689295195
-7.609511889862328	2.005559846317833
-7.599499374217772	1.9572456358386965
-7.589486858573217	1.9195875317539648
-7.579474342928661	1.8903400693273205
-7.569461827284105	1.8667867479072875
-7.55944931163955	1.8449960922242226
-7.5494367959949935	1.8206723749698763
-7.539424280350438	1.7918900570991207
-7.529411764705882	1.7611789539421545
-7.519399249061326	1.7339685808629657
-7.509386733416771	1.7138131154808713
-7.499374217772215	1.6985797583799351
-7.48936170212766	1.681372280904653
-7.479349186483104	1.6555531861104076
-7.4693366708385485	1.6195927355630029
-7.459324155193992	1.5781923498062105
-7.449311639549437	1.539598058003753
-7.439299123904881	1.511346576831264
-7.429286608260325	1.496707739127467
-7.41927409261577	1.4932602841128937
-7.409261576971214	1.4942169264499356
-7.399249061326659	1.4921347202951498
-7.3892365456821025	1.4835894511693628
-7.3792240300375465	1.4723751471908417
-7.369211514392991	1.4683425239164927
-7.359198998748435	1.4809965821012514
-7.34918648310388	1.5117825714743731
-7.339173967459324	1.5518980207892548
-7.329161451814769	1.5883935042569144
-7.319148936170213	1.6133691154487118
-7.3091364205256575	1.6283598232766332
-7.299123904881101	1.6415341270277872
-7.289111389236545	1.6618672549250866
-7.27909887359199	1.6947975804310944
-7.269086357947434	1.7399929751285708
-7.259073842302879	1.7902708423772098
-7.249061326658323	1.8327477544671418
-7.239048811013767	1.8542546801016677
-7.2290362953692116	1.8498327744048144
-7.2190237797246555	1.8286889221932197
-7.2090112640801	1.811740348314831
-7.198998748435544	1.8205105260783234
-7.188986232790989	1.864459462521643
-7.178973717146433	1.9360275489830339
-7.168961201501878	2.016903334762077
-7.158948685857322	2.0901805359146053
-7.148936170212766	2.149157207506699
-7.13892365456821	2.19741354604876
-7.128911138923654	2.2421948140996024
-7.118898623279099	2.2876715801975096
-7.108886107634543	2.333353946573614
-7.098873591989987	2.377731339730526
-7.088861076345432	2.422697817709126
-7.078848560700876	2.474010438452517
-7.068836045056321	2.536937759763536
-7.0588235294117645	2.6109183567785674
-7.048811013767209	2.68813150261626
-7.038798498122653	2.757473238938979
-7.028785982478098	2.8110909847585073
-7.018773466833542	2.8490238154688527
-7.008760951188986	2.8789488186218355
-6.998748435544431	2.9111731243790238
-6.988735919899875	2.952375965073546
-6.9787234042553195	3.002701910045963
-6.968710888610763	3.057780192957158
-6.958698372966207	3.1127187221330863
-6.948685857321652	3.1641569324886407
-6.938673341677096	3.2096757553458826
-6.928660826032541	3.2467682786885375
-6.918648310387985	3.2732696046485037
-6.908635794743429	3.2891495465048677
-6.8986232790988735	3.2979856377316286
-6.888610763454318	3.306045327994205
-6.878598247809762	3.3185303055257664
-6.868585732165206	3.3355035282299794
-6.858573216520651	3.3509345951989875
-6.848560700876095	3.3556021809859122
-6.83854818523154	3.3415842846894876
-6.828535669586984	3.305798891560307
-6.818523153942428	3.2511389630546055
-6.808510638297872	3.184396160026206
-6.798498122653316	3.11173861259068
-6.788485607008761	3.035318129030733
-6.778473091364205	2.9547307119680326
-6.768460575719649	2.872161804464341
-6.758448060075094	2.795146447451949
-6.748435544430539	2.7329776631465683
-6.7384230287859825	2.6903269926787297
-6.7284105131414265	2.665037305968547
-6.718397997496871	2.651764300003201
-6.708385481852315	2.6464371456498075
-6.69837296620776	2.646999093351137
-6.688360450563204	2.6515966397861326
-6.678347934918648	2.658048073127868
-6.668335419274093	2.665474011872841
-6.658322903629537	2.675387307348809
-6.648310387984981	2.6901705195069328
-6.638297872340425	2.7107515208963266
-6.628285356695869	2.737004783328414
-6.618272841051314	2.7708327314804846
-6.608260325406759	2.817306199002567
-6.598247809762203	2.8805822488797097
-6.588235294117647	2.9579122525863792
-6.578222778473092	3.0384290809012264
-6.5682102628285355	3.108836867158544
-6.55819774718398	3.1612135390545664
-6.548185231539424	3.1969656477501367
-6.538172715894868	3.2256331650390857
-6.528160200250313	3.261007198084861
-6.518147684605757	3.3163764308886776
-6.508135168961202	3.399305655784975
-6.498122653316646	3.507741764354946
-6.4881101376720896	3.6306637825633885
-6.478097622027534	3.753856791777397
-6.468085106382979	3.8669556865268886
-6.458072590738423	3.9672206775508325
-6.448060075093867	4.058746279131305
-6.438047559449312	4.148419093951956
-6.428035043804756	4.240647296165627
-6.418022528160201	4.333970056241652
-6.4080100125156445	4.422943895461639
-6.397997496871088	4.504560928493225
-6.387984981226533	4.582689446872353
-6.377972465581977	4.6648988795399635
-6.367959949937422	4.75445347312376
-6.357947434292866	4.846134174551418
-6.34793491864831	4.930189047945699
-6.337922403003755	4.999585594390052
-6.3279098873591995	5.052903411376811
-6.317897371714643	5.0911119457064355
-6.307884856070087	5.1132766738854
-6.297872340425532	5.116442861538855
-6.287859824780976	5.0994494170115106
-6.277847309136421	5.065973183513975
-6.267834793491865	5.023323950032072
-6.257822277847309	4.978199280279054
-6.2478097622027535	4.933191262114891
-6.2377972465581975	4.88647221246369
-6.227784730913642	4.834379257096593
-6.217772215269086	4.77467150036311
-6.20775969962453	4.707669118318178
-6.197747183979975	4.634344362963072
-6.18773466833542	4.553906956979823
-6.177722152690864	4.464355402973511
-6.167709637046308	4.365860338336604
-6.157697121401752	4.26295471564495
-6.147684605757196	4.162415403284441
-6.137672090112641	4.068311963955651
-6.127659574468085	3.9784329010787
-6.117647058823529	3.8847380796307083
-6.107634543178974	3.777516911774447
-6.097622027534418	3.6513389379983034
-6.0876095118898625	3.5098771190787468
-6.0775969962453065	3.3658075857119374
-6.06758448060075	3.233933522021272
-6.057571964956195	3.1213487705318466
-6.04755944931164	3.02258832913949
-6.037546933667084	2.9243856545092726
-6.027534418022528	2.8161438211749976
-6.017521902377973	2.6974798275786065
-6.007509386733417	2.57768610781035
-5.997496871088861	2.468833296250349
-5.987484355444305	2.378081070481499
-5.977471839799749	2.3042642641454236
-5.967459324155194	2.2403568444640256
-5.957446808510639	2.1788602587029886
-5.947434292866083	2.1152907988512153
-5.937421777221527	2.047991400264243
-5.927409261576971	1.9765572946687673
-5.9173967459324155	1.9012038155281354
-5.90738423028786	1.8226885053319928
-5.897371714643304	1.7415842544204285
-5.887359198998748	1.6574776013360035
-5.877346683354192	1.5697257698757603
-5.867334167709637	1.4797465114706336
-5.857321652065082	1.392375854105302
-5.847309136420526	1.314061892618216
-5.83729662077597	1.248987663421222
-5.827284105131414	1.1967647909656545
-5.817271589486858	1.1536777915299505
-5.807259073842303	1.1155866995559331
-5.797246558197747	1.079545060395149
-5.787234042553191	1.0439469477702963
-5.777221526908636	1.0091035117020517
-5.767209011264081	0.9783727924314349
-5.7571964956195245	0.9574702067113925
-5.747183979974968	0.9510722123478818
-5.737171464330412	0.9597518740855722
-5.727158948685857	0.9806739679746418
-5.717146433041302	1.0111239325266657
-5.707133917396746	1.0504992858487219
-5.69712140175219	1.0982677322107248
-5.687108886107635	1.1501881709365145
-5.677096370463079	1.1974252508310543
-5.667083854818523	1.2307825317128684
-5.657071339173967	1.2474052353770229
-5.647058823529411	1.254473566762619
-5.637046307884856	1.2663503592364536
-5.627033792240301	1.2964647948795294
-5.617021276595745	1.3487885262470682
-5.607008760951189	1.4143225529022347
-5.596996245306633	1.4757620492573833
-5.5869837296620775	1.5183628850606075
-5.576971214017522	1.5393237931941246
-5.566958698372966	1.5478963680617088
-5.55694618272841	1.5564318905327923
-5.546933667083855	1.5711013878126387
-5.536921151439299	1.590338920094213
-5.526908635794744	1.610228658360706
-5.516896120150188	1.6296713297233254
-5.5068836045056315	1.650391018532392
-5.496871088861076	1.6731967799760579
-5.486858573216521	1.6953104996891115
-5.476846057571965	1.71203086357359
-5.466833541927409	1.7215986574976037
-5.456821026282853	1.7284410463010031
-5.446808510638298	1.740838937352541
-5.4367959949937426	1.7645391441617329
-5.4267834793491865	1.798187154185665
-5.41677096370463	1.8345558591756645
-5.406758448060075	1.8656625240779352
-5.396745932415519	1.8866543971183587
-5.386733416770964	1.8957323965657034
-5.376720901126408	1.8919971087610665
-5.366708385481852	1.8747692386161872
-5.356695869837297	1.845348068515305
-5.346683354192741	1.8088627446240666
-5.336670838548185	1.7735948304474025
-5.326658322903629	1.7475875389849367
-5.316645807259073	1.734674380410986
-5.306633291614518	1.7325821937904478
-5.296620775969963	1.7343804812495094
-5.286608260325407	1.732080410327934
-5.276595744680851	1.719627863779939
-5.2665832290362955	1.693495936040642
-5.256570713391739	1.6516133605218917
-5.246558197747184	1.5929198010608336
-5.236545682102628	1.5189422944105375
-5.226533166458072	1.436203802536931
-5.216520650813517	1.3563741159723577
-5.206508135168962	1.291997191763825
-5.196495619524406	1.249279428593739
-5.18648310387985	1.2230031905424417
-5.1764705882352935	1.198449144170209
-5.166458072590738	1.1601337869147879
-5.156445556946183	1.1011007594855722
-5.146433041301627	1.025664693740343
-5.136420525657071	0.9443379235176922
-5.126408010012516	0.866254373599905
-5.11639549436796	0.7951823831994879
-5.1063829787234045	0.730537191136492
-5.0963704630788484	0.6704204520654928
-5.086357947434292	0.6134474015570703
-5.076345431789737	0.5586371692742479
-5.066332916145182	0.5046568812582104
-5.056320400500626	0.4498063178419663
-5.04630788485607	0.3930365880181261
-5.036295369211514	0.33521414321707815
-5.026282853566959	0.2794887308344565
-5.016270337922403	0.23016976137436662
-5.006257822277847	0.19060574273958253
-4.996245306633291	0.16144545437874722
-4.986232790988735	0.14057550378920408
-4.97622027534418	0.12478879347498022
-4.966207759699625	0.11174761833641958
-4.956195244055069	0.10058574795957709
-4.946182728410513	0.09096260511030572
-4.9361702127659575	0.08197919019639649
-4.926157697121402	0.07228857334863267
-4.916145181476846	0.06120494653571176
-4.90613266583229	0.04949077290171734
-4.896120150187734	0.03891152812660863
-4.886107634543179	0.030918572233349786
-4.876095118898624	0.025608896247789014
-4.866082603254068	0.021803515133859683
-4.8560700876095115	0.01808010719346917
-4.8460575719649555	0.013806783433293425
-4.8360450563204	0.009352719316325064
-4.826032540675845	0.005506743574492846
-4.816020025031289	0.0027896755303146673
-4.806007509386733	0.0012099599984786932
-4.795994993742178	0.0004482320248250331
-4.785982478097623	0.00014165575716916338
-4.7759699624530665	3.816864835354133e-05
-4.76595744680851	8.765746538700878e-06
-4.755944931163954	1.7155859008773553e-06
-4.745932415519399	2.8611563809549087e-07
-4.735919899874844	4.065903205689807e-08
-4.725907384230288	4.923207638479773e-09
-4.715894868585732	5.079357803170958e-10
-4.705882352941176	4.4651412606699184e-11
-4.6958698372966206	3.344450438484446e-12
-4.685857321652065	2.1343986490828104e-13
-4.675844806007509	1.1606088425485887e-14
-4.665832290362953	5.377176259349952e-16
-4.655819774718398	2.1226543403235643e-17
-4.645807259073843	7.139362733128534e-19
-4.635794743429287	2.045942025169362e-20
-4.625782227784731	4.995505234539165e-22
-4.615769712140175	1.0392408686054555e-23
-4.605757196495619	1.8420532099602852e-25
-4.595744680851064	2.781862756722765e-27
-4.585732165206508	3.57944088809413e-29
-4.575719649561952	3.9240905232866674e-31
-4.565707133917396	3.665266064094449e-33
-4.555694618272841	2.9168424735713486e-35
-4.545682102628286	1.977696847460187e-37
-4.53566958698373	1.142467940348081e-39
-4.5256570713391735	5.622948952402184e-42
-4.515644555694618	2.357861709851855e-44
-4.505632040050063	8.423737621398589e-47
-4.495619524405507	2.5640227840613626e-49
-4.485607008760951	6.6491741361832654e-52
-4.475594493116395	1.4690634034220576e-54
-4.46558197747184	2.765276781484604e-57
-4.4555694618272845	4.434658057191098e-60
-4.4455569461827285	6.059033692572578e-63
-4.435544430538172	7.052880643942154e-66
-4.425531914893616	6.994358465169132e-69
-4.415519399249061	5.909431199519596e-72
-4.405506883604506	4.2536150661912963e-75
-4.39549436795995	2.6084569997922805e-78
-4.385481852315394	1.362763410932821e-81
-4.375469336670839	6.065503318780674e-85
-4.365456821026283	2.2999645896995554e-88
-4.355444305381727	7.429878728210213e-92
-4.345431789737171	2.0447816358866935e-95
-4.335419274092615	4.794189180757681e-99
-4.32540675844806	9.576015171861667e-103
-4.315394242803505	1.6294999004502927e-106
-4.305381727158949	2.3622298699816512e-110
-4.295369211514393	2.917338043224005e-114
-4.285356695869837	3.0693515441061725e-118
-4.275344180225281	2.751061578155493e-122
-4.265331664580726	2.100614409210816e-126
-4.25531914893617	1.3664171129869558e-130
-4.245306633291614	7.571985398932089e-135
-4.235294117647059	3.574574821817886e-139
-4.225281602002504	1.4375594603770938e-143
-4.215269086357948	4.9250735612763734e-148
-4.2052565707133915	1.4374204221037e-152
-4.1952440550688355	3.5738623128329536e-157
-4.18523153942428	7.569609893438051e-162
-4.175219023779725	1.3658079644098013e-166
-4.165206508135169	2.099351001649981e-171
-4.155193992490613	2.748897741160355e-176
-4.145181476846057	3.0662607893132814e-181
-4.135168961201502	2.9136371308294985e-186
-4.1251564455569465	2.358829621092072e-191
-4.11514392991239	4.519998885038085e-190
-4.105131414267834	5.3449698780125314e-185
-4.095118898623279	5.383828182482001e-180
-4.085106382978723	4.619297781845477e-175
-4.075093867334168	3.375977682466293e-170
-4.065081351689612	2.101657843607902e-165
-4.055068836045056	1.1144569522288963e-160
-4.045056320400501	5.033886526028931e-156
-4.035043804755945	1.9367893303839845e-151
-4.025031289111389	6.347463106371011e-147
-4.015018773466833	1.7719718792490554e-142
-4.005006257822277	4.2135902893537754e-138
-3.994993742177722	8.534667816741681e-134
-3.9849812265331668	1.4725151747092397e-129
-3.9749687108886107	2.1640723419660587e-125
-3.9649561952440546	2.709084858284208e-121
-3.9549436795994994	2.8887654558757623e-117
-3.9449311639549434	2.623860817274901e-113
-3.934918648310388	2.0300565924982708e-109
-3.924906132665832	1.337871291997076e-105
-3.914893617021277	7.510335935341734e-102
-3.904881101376721	3.5912300855354265e-98
-3.8948685857321648	1.4627359556107503e-94
-3.8848560700876096	5.074899918696888e-91
-3.8748435544430535	1.4997810638674541e-87
-3.8648310387984983	3.7754357916284575e-84
-3.8548185231539422	8.095527460214647e-81
-3.844806007509387	1.4786386387329828e-77
-3.834793491864831	2.3004764404649644e-74
-3.824780976220275	3.048683694833764e-71
-3.8147684605757197	3.4414842392701495e-68
-3.8047559449311636	3.309162092952967e-65
-3.7947434292866085	2.7103734557621383e-62
-3.7847309136420524	1.8909457475261167e-59
-3.774718397997497	1.1237451778375014e-56
-3.764705882352941	5.68846974086055e-54
-3.754693366708385	2.4527986711215643e-51
-3.74468085106383	9.008805093762056e-49
-3.734668335419274	2.8184563854659712e-46
-3.7246558197747186	7.51093986943008e-44
-3.7146433041301625	1.7049674433109427e-41
-3.7046307884856065	3.296679554064659e-39
-3.6946182728410513	5.429704786745916e-37
-3.684605757196495	7.617536422883628e-35
-3.67459324155194	9.103150023413124e-33
-3.664580725907384	9.266328656949696e-31
-3.6545682102628287	8.034568134403076e-29
-3.6445556946182727	5.934118507741659e-27
-3.6345431789737166	3.733264247527868e-25
-3.6245306633291614	2.0005991781718456e-23
-3.6145181476846053	9.13209203545993e-22
-3.60450563204005	3.5507435948895327e-20
-3.594493116395494	1.1759996261648393e-18
-3.584480600750939	3.3176754101317574e-17
-3.574468085106383	7.972590227634283e-16
-3.5644555694618267	1.6319386601237912e-14
-3.5544430538172715	2.8454244408542756e-13
-3.5444305381727155	4.225996403793959e-12
-3.5344180225281603	5.346259408513733e-11
-3.524405506883604	5.761157799183143e-10
-3.514392991239049	5.288205857576511e-09
-3.504380475594493	4.134716848866991e-08
-3.494367959949937	2.753734297120364e-07
-3.4843554443053817	1.5622017951952126e-06
-3.4743429286608256	7.549028608514318e-06
-3.4643304130162704	3.1073047777365796e-05
-3.4543178973717144	0.00010894705386293859
-3.444305381727159	0.00032537639373237396
-3.434292866082603	0.0008277434418678339
-3.424280350438047	0.0017936828493882997
-3.414267834793492	0.003310855649848607
-3.4042553191489358	0.005205936112142042
-3.3942428035043806	0.006974367647566113
-3.3842302878598245	0.00796745393250171
-3.3742177722152693	0.007789483888309693
-3.3642052565707132	0.00661870259973211
-3.354192740926157	0.005198105258580198
-3.344180225281602	0.004541951991076971
-3.334167709637046	0.005602033906303281
-3.3241551939924907	0.009025207231200889
-3.3141426783479346	0.014976014190785869
-3.3041301627033794	0.023095138277715352
-3.2941176470588234	0.03282035191838155
-3.2841051314142673	0.04407484010310255
-3.274092615769712	0.0577985407491266
-3.264080100125156	0.0756358495406051
-3.254067584480601	0.09871302931626055
-3.2440550688360448	0.12634007537383418
-3.2340425531914896	0.15575595930540842
-3.2240300375469335	0.183383498183256
-3.2140175219023774	0.206956898490243
-3.2040050062578223	0.22713708781403044
-3.193992490613266	0.24746127667494636
-3.183979974968711	0.2726738533274548
-3.173967459324155	0.30667254718524234
-3.1639549436795997	0.35124433846411024
-3.1539424280350437	0.4056846101184543
-3.1439299123904876	0.4669947794784888
-3.1339173967459324	0.5311018276877869
-3.1239048811013763	0.5954700139967185
-3.113892365456821	0.6615179478852853
-3.103879849812265	0.7339561768634085
-3.09386733416771	0.8163709815801282
-3.083854818523154	0.9064887719698501
-3.0738423028785977	0.9958086624044443
-3.0638297872340425	1.0747237468946877
-3.0538172715894865	1.1393059846864373
-3.0438047559449313	1.194490796206743
-3.033792240300375	1.2514062455871666
-3.02377972465582	1.3208309052177993
-3.013767209011264	1.4070710207458894
-3.003754693366708	1.5061276207406074
-2.9937421777221527	1.609255117830728
-2.9837296620775966	1.7089939071515312
-2.9737171464330414	1.8023803846724924
-2.9637046307884853	1.8884183626838875
-2.95369211514393	1.9629476891848878
-2.943679599499374	2.0174878552734
-2.933667083854818	2.044626108489175
-2.923654568210263	2.0449923610282963
-2.9136420525657067	2.0288346406589306
-2.9036295369211516	2.010876033005812
-2.8936170212765955	2.003165666998852
-2.8836045056320403	2.010825439028283
-2.873591989987484	2.0319417902071693
-2.863579474342928	2.0602089938482635
-2.853566958698373	2.0885106012391024
-2.843554443053817	2.111957750144347
-2.8335419274092617	2.1291998463679875
-2.8235294117647056	2.1415421370356964
-2.8135168961201504	2.150778899194644
-2.8035043804755944	2.157511877115973
-2.7934918648310383	2.160713819234787
-2.783479349186483	2.157566640207134
-2.773466833541927	2.142960391347988
-2.763454317897372	2.110202914710916
-2.7534418022528158	2.054504431327703
-2.7434292866082606	1.9773567686841544
-2.7334167709637045	1.887536617453499
-2.7234042553191484	1.797082053586894
-2.7133917396745932	1.7153909987147253
-2.703379224030037	1.6459006502083044
-2.693366708385482	1.5868215393198153
-2.683354192740926	1.5341500804746357
-2.6733416770963707	1.4844517622657452
-2.6633291614518146	1.4358361695208968
-2.6533166458072586	1.3867653489853469
-2.6433041301627034	1.3339167491607147
-2.6332916145181473	1.271681797104604
-2.623279098873592	1.1949314366856238
-2.613266583229036	1.1033048768811817
-2.603254067584481	1.0031131149573096
-2.593241551939925	0.9048236917872698
-2.5832290362953687	0.8179100775851761
-2.5732165206508135	0.7466457572018425
-2.5632040050062574	0.6892372250491388
-2.5531914893617023	0.6402495700079496
-2.543178973717146	0.594298447658519
-2.533166458072591	0.5484965616919609
-2.523153942428035	0.502455487665224
-2.513141426783479	0.456698701956821
-2.5031289111389237	0.4113679141570813
-2.4931163954943676	0.3663826482635084
-2.4831038798498124	0.3226004831461121
-2.4730913642052563	0.282441099039156
-2.463078848560701	0.24882035298717595
-2.453066332916145	0.22296010152311868
-2.443053817271589	0.20318173469944623
-2.433041301627034	0.18621279506994642
-2.4230287859824777	0.16993443612687778
-2.4130162703379225	0.1547845122680429
-2.4030037546933665	0.1425024623099426
-2.3929912390488113	0.13383446332013513
-2.382978723404255	0.1276490590806429
-2.372966207759699	0.12202050362112994
-2.362953692115144	0.11580778067263366
-2.352941176470588	0.1091238749476934
-2.3429286608260327	0.1024503686222216
-2.3329161451814766	0.09549752340971754
-2.3229036295369214	0.08710783328202291
-2.3128911138923653	0.07638152344842862
-2.3028785982478093	0.06382654107892685
-2.292866082603254	0.05123486056741774
-2.282853566958698	0.040364857991077654
-2.272841051314143	0.031775418397262195
-2.2628285356695867	0.024875891186367103
-2.2528160200250316	0.01890943234458909
-2.2428035043804755	0.013769299595253191
-2.2327909887359194	0.009961976595048761
-2.2227784730913642	0.007955256235639922
-2.212765957446808	0.007598099443880962
-2.202753441802253	0.008072469147973386
-2.192740926157697	0.008360457866374078
-2.1827284105131417	0.007867618694965734
-2.1727158948685856	0.006780944851225514
-2.1627033792240296	0.005962276995179303
-2.1526908635794744	0.006501142032174074
-2.1426783479349183	0.009192831986986848
-2.132665832290363	0.014141537777398032
-2.122653316645807	0.02064673683901695
-2.112640801001252	0.02753835984213516
-2.1026282853566958	0.03391484492382138
-2.0926157697121397	0.039816221608151944
-2.0826032540675845	0.04624865675857079
-2.0725907384230284	0.05450856853308434
-2.0625782227784732	0.06546176214993198
-2.052565707133917	0.07949205736056461
-2.042553191489362	0.097101175175804
-2.032540675844806	0.11939049560824902
-2.02252816020025	0.1476954202766624
-2.0125156445556946	0.1824518514885975
-2.0025031289111386	0.2222349920714779
-1.9924906132665834	0.2641160162835229
-1.9824780976220273	0.3057062168717688
-1.9724655819774712	0.3477417849572986
-1.962453066332916	0.3949527226745496
-1.95244055068836	0.45381104861251464
-1.9424280350438048	0.5285123452886623
-1.9324155193992487	0.6185155792792733
-1.9224030037546935	0.719632226285991
-1.9123904881101375	0.8273282580257942
-1.9023779724655814	0.9392743609272279
-1.8923654568210262	1.0554092588879989
-1.8823529411764701	1.1757323028218032
-1.872340425531915	1.2972121835052606
-1.8623279098873589	1.4121007652976605
-1.8523153942428037	1.5101940431909773
-1.8423028785982476	1.585211524385074
-1.8322903629536915	1.6409473466974283
-1.8222778473091363	1.6910700949808706
-1.8122653316645803	1.7512200269030072
-1.802252816020025	1.8295717502051236
-1.792240300375469	1.9238698498247613
-1.7822277847309138	2.026447078732896
-1.7722152690863577	2.130967095637536
-1.7622027534418017	2.234131993679238
-1.7521902377972465	2.332373224058174
-1.7421777221526904	2.4193599864488395
-1.7321652065081352	2.488379218220949
-1.7221526908635791	2.537099282092809
-1.712140175219024	2.56925570059925
-1.7021276595744679	2.5913982584151736
-1.6921151439299118	2.6078608728460497
-1.6821026282853566	2.6182249474545016
-1.6720901126408005	2.618997975167588
-1.6620775969962454	2.607902791171404
-1.6520650813516893	2.5870055823719524
-1.642052565707134	2.5615101236772797
-1.632040050062578	2.5349838512511362
-1.622027534418022	2.505717730718089
-1.6120150187734668	2.4680329498258495
-1.6020025031289107	2.4171665959489452
-1.5919899874843555	2.3528615936726616
-1.5819774718397994	2.27859862756291
-1.5719649561952442	2.1979003138535043
-1.5619524405506882	2.1115014832185177
-1.551939924906132	2.0176605918841863
-1.541927409261577	1.914719567456737
-1.5319148936170208	1.8033935700257797
-1.5219023779724656	1.68706691799181
-1.5118898623279096	1.5702682045190282
-1.5018773466833544	1.4569582612059822
-1.4918648310387983	1.3501978666714878
-1.4818523153942422	1.2530466209166267
-1.471839799749687	1.1689054379366683
-1.461827284105131	1.1000403310756808
-1.4518147684605758	1.0453447672691734
-1.4418022528160197	0.9998061226430813
-1.4317897371714645	0.9568262803210354
-1.4217772215269084	0.9118853376089529
-1.4117647058823524	0.8649923824236972
-1.4017521902377972	0.8207243881445717
-1.391739674593241	0.7862951301423919
-1.381727158948686	0.7684915786138636
-1.3717146433041298	0.770469462044338
-1.3617021276595747	0.790067020009528
-1.3516896120150186	0.8210186800092217
-1.3416770963704625	0.8564233106937336
-1.3316645807259073	0.8921152448232104
-1.3216520650813512	0.928122376758617
-1.311639549436796	0.9679869154417606
-1.30162703379224	1.0164425359165643
-1.2916145181476848	1.0761952253780047
-1.2816020025031287	1.1453627525957677
-1.2715894868585726	1.217408739519395
-1.2615769712140175	1.2838085128408474
-1.2515644555694614	1.3376285105250956
-1.2415519399249062	1.3761438292576742
-1.2315394242803501	1.402107812172764
-1.221526908635795	1.4237645068518432
-1.2115143929912389	1.45284188614877
-1.2015018773466828	1.4999516963847837
-1.1914893617021276	1.568961839954083
-1.1814768460575715	1.653709239190706
-1.1714643304130163	1.7395703082479863
-1.1614518147684603	1.8094165643277453
-1.151439299123905	1.85081124791929
-1.141426783479349	1.860916517966933
-1.131414267834793	1.847332762479424
-1.1214017521902377	1.8249719783627334
-1.1113892365456817	1.8098432518030692
-1.1013767209011265	1.8115751247048657
-1.0913642052565704	1.8285217989348315
-1.0813516896120152	1.8497275458183542
-1.0713391739674591	1.8637803174480756
-1.061326658322903	1.868185393696435
-1.0513141426783479	1.8713554586290508
-1.0413016270337918	1.8854902890468954
-1.0312891113892366	1.9165529283903906
-1.0212765957446805	1.9593232638136837
-1.0112640801001254	2.000464647053634
-1.0012515644555693	2.0265363483502092
-0.9912390488110132	2.031503586316713
-0.981226533166458	2.0193997510613104
-0.971214017521902	2.0006887130793887
-0.9612015018773468	1.984874491795807
-0.9511889862327907	1.9752791179120812
-0.9411764705882355	1.9705654844169378
-0.9311639549436794	1.970562676571803
-0.9211514392991234	1.9786072197382059
-0.9111389236545682	1.996938054717937
-0.9011264080100121	2.0213512376034597
-0.8911138923654569	2.0433042610565804
-0.8811013767209008	2.058533670501984
-0.8710888610763456	2.0726702993838346
-0.8610763454317896	2.097075560542512
-0.8510638297872335	2.1385484947652613
-0.8410513141426783	2.1927960011475376
-0.8310387984981222	2.2476786025213302
-0.821026282853567	2.293080446613094
-0.811013767209011	2.3288520539754565
-0.8010012515644558	2.3646750351043733
-0.7909887359198997	2.412438748199414
-0.7809762202753436	2.477099567866318
-0.7709637046307884	2.552810974432136
-0.7609511889862324	2.627070631747458
-0.7509386733416772	2.689595713136158
-0.7409261576971211	2.739628344900363
-0.7309136420525659	2.78735564571399
-0.7209011264080099	2.8489120845636133
-0.7108886107634538	2.9371456338533655
-0.7008760951188986	3.0526166145465803
-0.6908635794743425	3.18074692569634
-0.6808510638297873	3.2982520007746765
-0.6708385481852313	3.3850346502978024
-0.6608260325406761	3.433354146300569
-0.65081351689612	3.4494981041649098
-0.6408010012515639	3.450021289461904
-0.6307884856070087	3.4566115236624566
-0.6207759699624527	3.49023907485815
-0.6107634543178975	3.5636947832214694
-0.6007509386733414	3.675353974509427
-0.5907384230287862	3.8099103575870674
-0.5807259073842301	3.9475315711730277
-0.5707133917396741	4.075196877943142
-0.5607008760951189	4.192128682315257
-0.5506883604505628	4.3068644198220944
-0.5406758448060076	4.42935663151312
-0.5306633291614515	4.562762816160566
-0.5206508135168963	4.69895653194326
-0.5106382978723403	4.821277307060925
-0.5006257822277842	4.9145680853126485
-0.490613266583229	4.975941823246145
-0.48060075093867294	5.017286045751733
-0.47058823529411775	5.057169866023365
-0.4605757196495617	5.109108025855796
-0.4505632040050065	5.17495903485801
-0.4405506883604504	5.246149739481887
-0.43053817271589434	5.309790635780374
-0.42052565707133915	5.3562126515670485
-0.4105131414267831	5.385245988780586
-0.4005006257822279	5.407484915752509
-0.3904881101376718	5.437606654190521
-0.38047559449311663	5.482803320971273
-0.37046307884856056	5.535139558932713
-0.3604505632040045	5.57448326583916
-0.3504380475594493	5.580012497323035
-0.3404255319148932	5.542000685416058
-0.33041301627033803	5.466730399893902
-0.32040050062578196	5.373297952552234
-0.3103879849812259	5.2860707541245455
-0.3003754693366707	5.227142025924742
-0.2903629536921146	5.210583588811483
-0.28035043804755944	5.239078919978641
-0.27033792240300336	5.304462503038392
-0.2603254067584482	5.392395812289195
-0.2503128911138921	5.487503623412404
-0.24030037546933602	5.5753317680448635
-0.23028785982478084	5.642568794679002
-0.22027534418022476	5.678799071393418
-0.21026282853566958	5.678866244577973
-0.2002503128911135	5.642999033681356
-0.19023779724655832	5.575998117876609
-0.18022528160200224	5.489036224058423
-0.17021276595744617	5.402593376033971
-0.16020025031289098	5.344008915440289
-0.1501877346683349	5.336711013844623
-0.14017521902377972	5.3870141496593655
-0.13016270337922364	5.478299241101397
-0.12015018773466846	5.577816267160168
-0.11013767209011238	5.652974779557168
-0.10012515644555631	5.687539944507729
-0.09011264080100112	5.687312708135023
-0.08010012515644505	5.671422595252334
-0.07008760951188986	5.656139932526849
-0.060075093867333784	5.644302160537745
-0.0500625782227786	5.628395928288873
-0.04005006257822252	5.602852479530694
-0.030037546933666448	5.573058316755874
-0.02002503128911126	5.553026529713254
-0.010012515644555187	5.555559544195515
0.0	5.584736180570658
