-8.0	1.7548481591749796
-7.989987484355444	1.6925999212160492
-7.979974968710889	1.6395232661085688
-7.969962453066333	1.5956536867340592
-7.9599499374217775	1.5603655775794079
-7.949937421777221	1.5354017314409478
-7.939924906132666	1.5234933804953563
-7.92991239048811	1.5237287313864825
-7.919899874843554	1.5302982881401597
-7.909887359198999	1.537841469411086
-7.899874843554443	1.5487266225317995
-7.889862327909888	1.5747395590404623
-7.8798498122653315	1.6302527939372964
-7.869837296620776	1.721304274440676
-7.85982478097622	1.8397074727931824
-7.849812265331664	1.9690753701315207
-7.839799749687109	2.0995913240343507
-7.829787234042553	2.2383440784478585
-7.819774718397998	2.4041852045680687
-7.809762202753442	2.610897405450094
-7.7997496871088865	2.8544748147804064
-7.78973717146433	3.1159022075276637
-7.779724655819774	3.3752169147449167
-7.769712140175219	3.622950613110683
-7.759699624530663	3.859946531398182
-7.749687108886108	4.088519893367661
-7.739674593241552	4.304538129506992
-7.729662077596997	4.497266569786753
-7.719649561952441	4.65668410876673
-7.7096370463078845	4.782373364471942
-7.699624530663329	4.886926908074757
-7.689612015018773	4.990543670217619
-7.679599499374218	5.109995241018143
-7.669586983729662	5.249690429913638
-7.659574468085107	5.401244727451013
-7.649561952440551	5.551712441743185
-7.639549436795995	5.694458544295628
-7.629536921151439	5.834801219532573
-7.619524405506883	5.985998822198333
-7.609511889862328	6.158142626231337
-7.599499374217772	6.34849738060515
-7.589486858573217	6.541069811443227
-7.579474342928661	6.715385532501935
-7.569461827284105	6.857254912227764
-7.55944931163955	6.964455928800973
-7.5494367959949935	7.045467837057417
-7.539424280350438	7.11315452406155
-7.529411764705882	7.176178901873163
-7.519399249061326	7.232052683889946
-7.509386733416771	7.267178662666243
-7.499374217772215	7.266744913278495
-7.48936170212766	7.229582830016995
-7.479349186483104	7.17623734540907
-7.4693366708385485	7.140676472368006
-7.459324155193992	7.14848730793515
-7.449311639549437	7.197567635041114
-7.439299123904881	7.257570920222843
-7.429286608260325	7.288879886578341
-7.41927409261577	7.26550883526908
-7.409261576971214	7.1856446253580515
-7.399249061326659	7.066607520520543
-7.3892365456821025	6.932266052585714
-7.3792240300375465	6.801956153028343
-7.369211514392991	6.685225370962094
-7.359198998748435	6.5826478404107025
-7.34918648310388	6.49073332588517
-7.339173967459324	6.407347110128854
-7.329161451814769	6.33347648716579
-7.319148936170213	6.269546096151856
-7.3091364205256575	6.2095669903198765
-7.299123904881101	6.139616715020631
-7.289111389236545	6.0438757727354036
-7.27909887359199	5.914033553263142
-7.269086357947434	5.754408654737834
-7.259073842302879	5.579278213630515
-7.249061326658323	5.405268414283866
-7.239048811013767	5.243938733325052
-7.2290362953692116	5.098314384653619
-7.2190237797246555	4.964924245351032
-7.2090112640801	4.839638840779524
-7.198998748435544	4.721881129061263
-7.188986232790989	4.612455959816283
-7.178973717146433	4.507304019868296
-7.168961201501878	4.395620069198111
-7.158948685857322	4.267064693201289
-7.148936170212766	4.121803776501751
-7.13892365456821	3.971990530942409
-7.128911138923654	3.831654597962428
-7.118898623279099	3.704817489257093
-7.108886107634543	3.583652558488836
-7.098873591989987	3.4574175958368527
-7.088861076345432	3.3221998804232054
-7.078848560700876	3.182646621580502
-7.068836045056321	3.0462137398641094
-7.0588235294117645	2.9169449386944115
-7.048811013767209	2.794298455164682
-7.038798498122653	2.676569570237327
-7.028785982478098	2.5642777565863453
-7.018773466833542	2.459991745760768
-7.008760951188986	2.3655508311508058
-6.998748435544431	2.2802253002426047
-6.988735919899875	2.2015915481052173
-6.9787234042553195	2.1278266395955785
-6.968710888610763	2.05925941514199
-6.958698372966207	1.997931959609057
-6.948685857321652	1.9450814069489428
-6.938673341677096	1.8981422364259959
-6.928660826032541	1.8504991391043273
-6.918648310387985	1.7958825213994083
-6.908635794743429	1.7345924322286463
-6.8986232790988735	1.6755464265016708
-6.888610763454318	1.6310511815658715
-6.878598247809762	1.6080671593585192
-6.868585732165206	1.6034705991047116
-6.858573216520651	1.6071471959054564
-6.848560700876095	1.6093600083419317
-6.83854818523154	1.6056553865046923
-6.828535669586984	1.596511401199272
-6.818523153942428	1.584537961421922
-6.808510638297872	1.5729754594619965
-6.798498122653316	1.5660267553390774
-6.788485607008761	1.5691232388234901
-6.778473091364205	1.5876512660525262
-6.768460575719649	1.6241103588602284
-6.758448060075094	1.6748884821073788
-6.748435544430539	1.7291937085694205
-6.7384230287859825	1.77278205152112
-6.7284105131414265	1.795675496197397
-6.718397997496871	1.7984530114930233
-6.708385481852315	1.7918941888008315
-6.69837296620776	1.790481688169306
-6.688360450563204	1.8049806449676669
-6.678347934918648	1.838318213746699
-6.668335419274093	1.8852040124766167
-6.658322903629537	1.9342680709810796
-6.648310387984981	1.972065021376899
-6.638297872340425	1.9881573665287444
-6.628285356695869	1.9791589966456375
-6.618272841051314	1.949399312245284
-6.608260325406759	1.9077343575674468
-6.598247809762203	1.862396380913997
-6.588235294117647	1.8170642186314
-6.578222778473092	1.7709393369074853
-6.5682102628285355	1.7231124456796396
-6.55819774718398	1.678044799933187
-6.548185231539424	1.6478231207009542
-6.538172715894868	1.6494465137633123
-6.528160200250313	1.6989071476599655
-6.518147684605757	1.8049678664817805
-6.508135168961202	1.9647987333194232
-6.498122653316646	2.163195148245123
-6.4881101376720896	2.376871591916676
-6.478097622027534	2.583480823050739
-6.468085106382979	2.7715672888636935
-6.458072590738423	2.9455171182946813
-6.448060075093867	3.1215392256228918
-6.438047559449312	3.316228947990668
-6.428035043804756	3.5343323694787085
-6.418022528160201	3.762955166265217
-6.4080100125156445	3.975299212119971
-6.397997496871088	4.141524750217337
-6.387984981226533	4.2410769424437085
-6.377972465581977	4.27036966265231
-6.367959949937422	4.241500036785278
-6.357947434292866	4.1724185628623776
-6.34793491864831	4.075504636596356
-6.337922403003755	3.9534889694771937
-6.3279098873591995	3.8047284637139436
-6.317897371714643	3.6303654841245927
-6.307884856070087	3.4350216872879935
-6.297872340425532	3.2213191115172775
-6.287859824780976	2.985858289173063
-6.277847309136421	2.722073631884836
-6.267834793491865	2.4276343136474163
-6.257822277847309	2.1101108829554818
-6.2478097622027535	1.7872953930301165
-6.2377972465581975	1.4828971692557706
-6.227784730913642	1.2199243968752496
-6.217772215269086	1.0138087070403559
-6.20775969962453	0.8676443316001156
-6.197747183979975	0.7722279610938062
-6.18773466833542	0.711796530046554
-6.177722152690864	0.6727634731897058
-6.167709637046308	0.6504355667928365
-6.157697121401752	0.6500165158523885
-6.147684605757196	0.6820561647174548
-6.137672090112641	0.7556978041056845
-6.127659574468085	0.8737211604420139
-6.117647058823529	1.0318259552921047
-6.107634543178974	1.2218678022129528
-6.097622027534418	1.435992888556521
-6.0876095118898625	1.6679398190193089
-6.0775969962453065	1.9107775697126166
-6.06758448060075	2.154615941960418
-6.057571964956195	2.3881294394007786
-6.04755944931164	2.6030495980701973
-6.037546933667084	2.7969463360661333
-6.027534418022528	2.9716492694289145
-6.017521902377973	3.129507182632955
-6.007509386733417	3.2710066503573794
-5.997496871088861	3.394593469138126
-5.987484355444305	3.497478351162239
-5.977471839799749	3.5766075310132504
-5.967459324155194	3.6294848228076915
-5.957446808510639	3.6542283974742893
-5.947434292866083	3.649121230058152
-5.937421777221527	3.6137425721424585
-5.927409261576971	3.552678301876047
-5.9173967459324155	3.4780907732071396
-5.90738423028786	3.4054905295578073
-5.897371714643304	3.343111231743938
-5.887359198998748	3.283695764870702
-5.877346683354192	3.2072895140304474
-5.867334167709637	3.0935852913171633
-5.857321652065082	2.9337214310708624
-5.847309136420526	2.733458074022028
-5.83729662077597	2.508268114378434
-5.827284105131414	2.2758670104656074
-5.817271589486858	2.0502434256260194
-5.807259073842303	1.8382646658359183
-5.797246558197747	1.6389182246627214
-5.787234042553191	1.4453494513947116
-5.777221526908636	1.249509304287081
-5.767209011264081	1.0479535570951495
-5.7571964956195245	0.8457451051393334
-5.747183979974968	0.6554727656680728
-5.737171464330412	0.491384831447592
-5.727158948685857	0.3624368856646639
-5.717146433041302	0.26891019482502665
-5.707133917396746	0.20419770311860458
-5.69712140175219	0.1593698824579358
-5.687108886107635	0.1268599019300986
-5.677096370463079	0.10159935485349819
-5.667083854818523	0.08051656576467145
-5.657071339173967	0.06193104923416734
-5.647058823529411	0.0453016721139897
-5.637046307884856	0.030931933147606862
-5.627033792240301	0.019417583995297433
-5.617021276595745	0.011098843721254354
-5.607008760951189	0.005838764411954395
-5.596996245306633	0.003188619076887396
-5.5869837296620775	0.0027831085535379887
-5.576971214017522	0.004769489286276924
-5.566958698372966	0.010160892967666136
-5.55694618272841	0.02108861758538942
-5.546933667083855	0.04087578297523209
-5.536921151439299	0.07367221133560004
-5.526908635794744	0.1233783221991105
-5.516896120150188	0.19211699090024567
-5.5068836045056315	0.27935357130769267
-5.496871088861076	0.3828139376294821
-5.486858573216521	0.5008178664811763
-5.476846057571965	0.6337230569176783
-5.466833541927409	0.7823984423029613
-5.456821026282853	0.9445464496034078
-5.446808510638298	1.1122340931480874
-5.4367959949937426	1.2731023473374459
-5.4267834793491865	1.4144443706802718
-5.41677096370463	1.527293879432619
-5.406758448060075	1.6083096379251793
-5.396745932415519	1.6590545760711277
-5.386733416770964	1.683665528392577
-5.376720901126408	1.6865357957351845
-5.366708385481852	1.67137106069532
-5.356695869837297	1.6418232292988968
-5.346683354192741	1.6026156210408908
-5.336670838548185	1.559774954326837
-5.326658322903629	1.5195741556981108
-5.316645807259073	1.4869236795215757
-5.306633291614518	1.4639539726384234
-5.296620775969963	1.4490808674752451
-5.286608260325407	1.4373745537396458
-5.276595744680851	1.4233365460488558
-5.2665832290362955	1.404955850330248
-5.256570713391739	1.3852720015976332
-5.246558197747184	1.3693665145967926
-5.236545682102628	1.3598479570502273
-5.226533166458072	1.3556648060201033
-5.216520650813517	1.354706047048532
-5.206508135168962	1.3559616916390012
-5.196495619524406	1.3582180662481858
-5.18648310387985	1.357523484626589
-5.1764705882352935	1.3480312710927147
-5.166458072590738	1.3271752531065952
-5.156445556946183	1.3005394503446481
-5.146433041301627	1.2806702427998484
-5.136420525657071	1.279207484628744
-5.126408010012516	1.2981646088050596
-5.11639549436796	1.3274241822236958
-5.1063829787234045	1.3503753711295419
-5.0963704630788484	1.3533419278920586
-5.086357947434292	1.3325937387067093
-5.076345431789737	1.295684388613682
-5.066332916145182	1.25777845711576
-5.056320400500626	1.235304697777787
-5.04630788485607	1.2390741319285903
-5.036295369211514	1.2692421630643096
-5.026282853566959	1.3151803351660611
-5.016270337922403	1.361621273102433
-5.006257822277847	1.3977598555537352
-4.996245306633291	1.4228120867977545
-4.986232790988735	1.4441633066513146
-4.97622027534418	1.470632728796037
-4.966207759699625	1.506907429757203
-4.956195244055069	1.5522924160325604
-4.946182728410513	1.6016858851479872
-4.9361702127659575	1.6461572315428508
-4.926157697121402	1.6746326297776541
-4.916145181476846	1.679002641899927
-4.90613266583229	1.6594094096407912
-4.896120150187734	1.6232650348257722
-4.886107634543179	1.5778306955144823
-4.876095118898624	1.524443017965131
-4.866082603254068	1.4607136420289843
-4.8560700876095115	1.3869254552018127
-4.8460575719649555	1.307792153688946
-4.8360450563204	1.2273083351021656
-4.826032540675845	1.1437298167319943
-4.816020025031289	1.0515559921249011
-4.806007509386733	0.94830408492028
-4.795994993742178	0.838041707792744
-4.785982478097623	0.7281268920732666
-4.7759699624530665	0.6236139948541622
-4.76595744680851	0.5253428401480066
-4.755944931163954	0.4325213582158777
-4.745932415519399	0.3459277782011661
-4.735919899874844	0.2683255454339748
-4.725907384230288	0.20235283886646235
-4.715894868585732	0.14857490336246512
-4.705882352941176	0.10556819100522216
-4.6958698372966206	0.07146083618236627
-4.685857321652065	0.04511138958726978
-4.675844806007509	0.026002176005503436
-4.665832290362953	0.013449606839293147
-4.655819774718398	0.006163348208988369
-4.645807259073843	0.0024795710853035588
-4.635794743429287	0.0008701033139441384
-4.625782227784731	0.0002650506768891035
-4.615769712140175	6.983427966841695e-05
-4.605757196495619	1.5868596493771322e-05
-4.595744680851064	3.102595692812064e-06
-4.585732165206508	5.209528912116205e-07
-4.575719649561952	7.500252814970308e-08
-4.565707133917396	9.246933133500322e-09
-4.555694618272841	9.752293721475683e-10
-4.545682102628286	8.790870330199508e-11
-4.53566958698373	6.768201153354121e-12
-4.5256570713391735	4.448258812526487e-13
-4.515644555694618	2.4945344330486176e-14
-4.505632040050063	1.1932128621002794e-15
-4.495619524405507	4.866907416780926e-17
-4.485607008760951	1.6923803258805624e-18
-4.475594493116395	5.016209845868165e-20
-4.46558197747184	1.2671423500395904e-21
-4.4555694618272845	2.727714698388863e-23
-4.4455569461827285	5.0033193750319e-25
-4.435544430538172	7.819394687005332e-27
-4.425531914893616	1.0411656992774284e-28
-4.415519399249061	1.1810805998186529e-30
-4.405506883604506	1.1413984471979916e-32
-4.39549436795995	9.396827924798382e-35
-4.385481852315394	6.590254388988583e-37
-4.375469336670839	3.937246320670949e-39
-4.365456821026283	2.0037642453760185e-41
-4.355444305381727	8.686796203250825e-44
-4.345431789737171	3.207952428064138e-46
-4.335419274092615	1.0091333223633116e-48
-4.32540675844806	2.70407780925508e-51
-4.315394242803505	6.172171380957323e-54
-4.305381727158949	1.2000613518723082e-56
-4.295369211514393	1.9875333722334363e-59
-4.285356695869837	2.8039481741440543e-62
-4.275344180225281	3.3695302767557204e-65
-4.265331664580726	3.4491491799950797e-68
-4.25531914893617	3.0074426568859002e-71
-4.245306633291614	2.23370139673309e-74
-4.235294117647059	1.4131717859531001e-77
-4.225281602002504	7.615644124501903e-81
-4.215269086357948	3.495907823633562e-84
-4.2052565707133915	1.3669568286927602e-87
-4.1952440550688355	4.5529302323058994e-91
-4.18523153942428	1.2917202372449033e-94
-4.175219023779725	3.121670961336422e-98
-4.165206508135169	6.426091632606031e-102
-4.155193992490613	1.1268024464428675e-105
-4.145181476846057	1.6830215804516677e-109
-4.135168961201502	2.1412757138905613e-113
-4.1251564455569465	2.320579622342858e-117
-4.11514392991239	2.2716121680011965e-121
-4.105131414267834	1.4535509418183237e-118
-4.095118898623279	1.3907397801234443e-114
-4.085106382978723	1.1334457134406835e-110
-4.075093867334168	7.868551975396913e-107
-4.065081351689612	4.652948462242016e-103
-4.055068836045056	2.343695030186091e-99
-4.045056320400501	1.005572786858759e-95
-4.035043804755945	3.6750701133263945e-92
-4.025031289111389	1.1440832579474213e-88
-4.015018773466833	3.0338194619513094e-85
-4.005006257822277	6.852707572216324e-82
-3.994993742177722	1.3184854664432764e-78
-3.9849812265331668	2.1608745741565983e-75
-3.9749687108886107	3.0166526119351315e-72
-3.9649561952440546	3.587262304058651e-69
-3.9549436795994994	3.6336553969474997e-66
-3.9449311639549434	3.135219396024899e-63
-3.934918648310388	2.3042878500449389e-60
-3.924906132665832	1.442617931583381e-57
-3.914893617021277	7.69330931259503e-55
-3.904881101376721	3.494814383838496e-52
-3.8948685857321648	1.352341115610161e-49
-3.8848560700876096	4.457611725512222e-47
-3.8748435544430535	1.251627996479425e-44
-3.8648310387984983	2.9937066593137253e-42
-3.8548185231539422	6.09970608483641e-40
-3.844806007509387	1.058717420470417e-37
-3.834793491864831	1.5654160095933166e-35
-3.824780976220275	1.9718174272410263e-33
-3.8147684605757197	2.115930746930011e-31
-3.8047559449311636	1.9344032819885697e-29
-3.7947434292866085	1.5066743220619837e-27
-3.7847309136420524	9.998577158165642e-26
-3.774718397997497	5.6536340088776874e-24
-3.764705882352941	2.7240668444657587e-22
-3.754693366708385	1.1185242517803712e-20
-3.74468085106383	3.914321257338988e-19
-3.734668335419274	1.1676370157497616e-17
-3.7246558197747186	2.969411222836296e-16
-3.7146433041301625	6.439203009056894e-15
-3.7046307884856065	1.190976545323223e-13
-3.6946182728410513	1.8794083908664307e-12
-3.684605757196495	2.531384746729266e-11
-3.67459324155194	2.9115890978392534e-10
-3.664580725907384	2.861594361596523e-09
-3.6545682102628287	2.4051011485440443e-08
-3.6445556946182727	1.7303603861088098e-07
-3.6345431789737166	1.0669977738067228e-06
-3.6245306633291614	5.648201679237161e-06
-3.6145181476846053	2.5720075630325625e-05
-3.60450563204005	0.00010102214212371435
-3.594493116395494	0.00034346875490864676
-3.584480600750939	0.0010156893318761446
-3.574468085106383	0.0026294536692478714
-3.5644555694618267	0.00601250599459936
-3.5544430538172715	0.012287829159273672
-3.5444305381727155	0.022783781778425733
-3.5344180225281603	0.038988804323056195
-3.524405506883604	0.06261465162471451
-3.514392991239049	0.095608739577327
-3.504380475594493	0.13986407748554192
-3.494367959949937	0.19669498712963585
-3.4843554443053817	0.26654970180953225
-3.4743429286608256	0.3492690402198044
-3.4643304130162704	0.4445672842252948
-3.4543178973717144	0.5521791051396253
-3.444305381727159	0.6715432916842428
-3.434292866082603	0.8011767713893385
-3.424280350438047	0.9377277505530157
-3.414267834793492	1.0750114562579318
-3.4042553191489358	1.204264804307359
-3.3942428035043806	1.3165103975752857
-3.3842302878598245	1.4054742122922752
-3.3742177722152693	1.4681904748908023
-3.3642052565707132	1.503341147480072
-3.354192740926157	1.511025805568096
-3.344180225281602	1.4957673642280855
-3.334167709637046	1.468741054333725
-3.3241551939924907	1.444275670788302
-3.3141426783479346	1.432205731493217
-3.3041301627033794	1.4331491679167212
-3.2941176470588234	1.440799842065247
-3.2841051314142673	1.4478528595092464
-3.274092615769712	1.449478776701078
-3.264080100125156	1.4426440269102851
-3.254067584480601	1.4247712706824431
-3.2440550688360448	1.3951102491238012
-3.2340425531914896	1.3576197912588346
-3.2240300375469335	1.3210561323991326
-3.2140175219023774	1.294286686431182
-3.2040050062578223	1.2802782771619796
-3.193992490613266	1.2745089232508677
-3.183979974968711	1.2695613290504957
-3.173967459324155	1.261449076312702
-3.1639549436795997	1.2516986057241362
-3.1539424280350437	1.2438790693587225
-3.1439299123904876	1.2387920912081556
-3.1339173967459324	1.2332903817380212
-3.1239048811013763	1.2235840639603668
-3.113892365456821	1.2093807432261068
-3.103879849812265	1.1945239350882058
-3.09386733416771	1.183395759384945
-3.083854818523154	1.1767181211712996
-3.0738423028785977	1.1711105155230683
-3.0638297872340425	1.162865204953363
-3.0538172715894865	1.1518363973179673
-3.0438047559449313	1.1411941581056666
-3.033792240300375	1.1334783070138006
-3.02377972465582	1.1276264366725843
-3.013767209011264	1.120486586078246
-3.003754693366708	1.1112247164180724
-2.9937421777221527	1.103920517612947
-2.9837296620775966	1.1055118919865288
-2.9737171464330414	1.1204806661547568
-2.9637046307884853	1.1463353374141256
-2.95369211514393	1.1735925880815046
-2.943679599499374	1.1910321943996895
-2.933667083854818	1.1929876914201938
-2.923654568210263	1.183340647162364
-2.9136420525657067	1.1731166043394523
-2.9036295369211516	1.1734240098478854
-2.8936170212765955	1.1885596577413613
-2.8836045056320403	1.2134797694915724
-2.873591989987484	1.2369471899994255
-2.863579474342928	1.2483713370245795
-2.853566958698373	1.244181216181605
-2.843554443053817	1.2301225562787477
-2.8335419274092617	1.2186702105374276
-2.8235294117647056	1.222915760030766
-2.8135168961201504	1.2490207728615528
-2.8035043804755944	1.2907061031801825
-2.7934918648310383	1.330432653507965
-2.783479349186483	1.3487509915051041
-2.773466833541927	1.336487783928975
-2.763454317897372	1.3011803752234559
-2.7534418022528158	1.263340323248491
-2.7434292866082606	1.245276451150653
-2.7334167709637045	1.259394495568619
-2.7234042553191484	1.3026449037171024
-2.7133917396745932	1.360059407345034
-2.703379224030037	1.4144673599065063
-2.693366708385482	1.4552066647802397
-2.683354192740926	1.480352442230117
-2.6733416770963707	1.4934962315338733
-2.6633291614518146	1.500254303361493
-2.6533166458072586	1.507211318151644
-2.6433041301627034	1.5212696942016757
-2.6332916145181473	1.5470093943808532
-2.623279098873592	1.5835450898857053
-2.613266583229036	1.624644298337856
-2.603254067584481	1.6633004175428268
-2.593241551939925	1.6974764003569522
-2.5832290362953687	1.7321187978011199
-2.5732165206508135	1.7754091952864641
-2.5632040050062574	1.8322541984586043
-2.5531914893617023	1.9007913130934204
-2.543178973717146	1.9748750465345466
-2.533166458072591	2.0490985616773174
-2.523153942428035	2.120250661657982
-2.513141426783479	2.1843785713719783
-2.5031289111389237	2.2353411383253956
-2.4931163954943676	2.2691927072503586
-2.4831038798498124	2.290433609429206
-2.4730913642052563	2.3125896462709186
-2.463078848560701	2.3515569245206978
-2.453066332916145	2.417256487794088
-2.443053817271589	2.509019051283975
-2.433041301627034	2.615768868693777
-2.4230287859824777	2.7203399007656235
-2.4130162703379225	2.8072540788059728
-2.4030037546933665	2.8705561132389557
-2.3929912390488113	2.9155061558052413
-2.382978723404255	2.9515208751700412
-2.372966207759699	2.9818511042566813
-2.362953692115144	2.998815781038412
-2.352941176470588	2.988194090130012
-2.3429286608260327	2.9386172047301797
-2.3329161451814766	2.8486664398207946
-2.3229036295369214	2.727079750745376
-2.3128911138923653	2.586666388533817
-2.3028785982478093	2.4365703107103487
-2.292866082603254	2.278272001033261
-2.282853566958698	2.107772459721031
-2.272841051314143	1.9215917926584534
-2.2628285356695867	1.7213786404706974
-2.2528160200250316	1.5137914992903436
-2.2428035043804755	1.3070269023887346
-2.2327909887359194	1.1080051747565671
-2.2227784730913642	0.9222907494681537
-2.212765957446808	0.7550469107020541
-2.202753441802253	0.6103622290454582
-2.192740926157697	0.48911015874096003
-2.1827284105131417	0.3881528995314694
-2.1727158948685856	0.3025091881449107
-2.1627033792240296	0.22868553583445722
-2.1526908635794744	0.16615725964011901
-2.1426783479349183	0.1161212445742045
-2.132665832290363	0.0791733357945348
-2.122653316645807	0.05394639502220818
-2.112640801001252	0.037414184311801324
-2.1026282853566958	0.02622411880967809
-2.0926157697121397	0.01794808542735205
-2.0826032540675845	0.011488666266700193
-2.0725907384230284	0.006639551124170389
-2.0625782227784732	0.0033847309257582048
-2.052565707133917	0.001501118605075749
-2.042553191489362	0.0005746066637267484
-2.032540675844806	0.00018898639659821093
-2.02252816020025	5.326745864739706e-05
-2.0125156445556946	1.2846766525251015e-05
-2.0025031289111386	2.6485868262665475e-06
-1.9924906132665834	4.6650732193522457e-07
-1.9824780976220273	7.016921498987029e-08
-1.9724655819774712	9.010485532443298e-09
-1.962453066332916	9.875571277331848e-10
-1.95244055068836	9.236467749186577e-11
-1.9424280350438048	7.37069027012391e-12
-1.9324155193992487	5.017713777186319e-13
-1.9224030037546935	2.9136807049039194e-14
-1.9123904881101375	1.4429923012231734e-15
-1.9023779724655814	6.094298998027123e-17
-1.8923654568210262	2.1947070170126074e-18
-1.8823529411764701	6.738777928274905e-20
-1.872340425531915	1.7640035843324524e-21
-1.8623279098873589	3.936374807179541e-23
-1.8523153942428037	7.487552298575366e-25
-1.8423028785982476	1.2139483525747057e-26
-1.8322903629536915	1.6774534132949257e-28
-1.8222778473091363	1.9754498577625457e-30
-1.8122653316645803	1.9825512208462215e-32
-1.802252816020025	1.6955293558850618e-34
-1.792240300375469	1.2356350682408945e-36
-1.7822277847309138	7.672950969333111e-39
-1.7722152690863577	4.059820017102196e-41
-1.7622027534418017	1.8302467318660917e-43
-1.7521902377972465	7.03005436746417e-46
-1.7421777221526904	2.3006090105880314e-48
-1.7321652065081352	6.4208884701424e-51
-1.7221526908635791	2.866172702854444e-51
-1.712140175219024	1.057624874217421e-48
-1.7021276595744679	3.342798958404628e-46
-1.6921151439299118	9.00173764033523e-44
-1.6821026282853566	2.0653000378578067e-41
-1.6720901126408005	4.037236726743786e-39
-1.6620775969962454	6.724089433477143e-37
-1.6520650813516893	9.541911214613356e-35
-1.642052565707134	1.1537053086571256e-32
-1.632040050062578	1.1885508317655994e-30
-1.622027534418022	1.0433032812018195e-28
-1.6120150187734668	7.803348334782508e-27
-1.6020025031289107	4.973223719710407e-25
-1.5919899874843555	2.700798350815685e-23
-1.5819774718397994	1.2498446375750863e-21
-1.5719649561952442	4.9288383394271426e-20
-1.5619524405506882	1.6564400536436496e-18
-1.551939924906132	4.744288396755128e-17
-1.541927409261577	1.158128608234665e-15
-1.5319148936170208	2.4097092752906903e-14
-1.5219023779724656	4.2739906327216284e-13
-1.5118898623279096	6.462662444780669e-12
-1.5018773466833544	8.332166584951547e-11
-1.4918648310387983	9.16110526914065e-10
-1.4818523153942422	8.591654869674774e-09
-1.471839799749687	6.874943116725794e-08
-1.461827284105131	4.695593277446394e-07
-1.4518147684605758	2.738852143873437e-06
-1.4418022528160197	1.365297223533812e-05
-1.4317897371714645	5.822964284138364e-05
-1.4217772215269084	0.0002128387274728437
-1.4117647058823524	0.0006685007280294453
-1.4017521902377972	0.0018120153403043066
-1.391739674593241	0.004268303363771992
-1.381727158948686	0.008834849896183704
-1.3717146433041298	0.01634006646901764
-1.3617021276595747	0.027619967909661168
-1.3516896120150186	0.04375649546983773
-1.3416770963704625	0.06631259391141386
-1.3316645807259073	0.09702616900101776
-1.3216520650813512	0.13697662292215593
-1.311639549436796	0.18618347328800733
-1.30162703379224	0.24443297016276366
-1.2916145181476848	0.31256651433563976
-1.2816020025031287	0.39254202308657726
-1.2715894868585726	0.4859323164975057
-1.2615769712140175	0.5926252809104385
-1.2515644555694614	0.7115350432968034
-1.2415519399249062	0.8428624439134352
-1.2315394242803501	0.9893603677770646
-1.221526908635795	1.1544621262344854
-1.2115143929912389	1.3379240106216153
-1.2015018773466828	1.532419567226978
-1.1914893617021276	1.724539198169925
-1.1814768460575715	1.9003777392503183
-1.1714643304130163	2.0519778274926472
-1.1614518147684603	2.1799903764569177
-1.151439299123905	2.2910253010414214
-1.141426783479349	2.3921561569936607
-1.131414267834793	2.486103866693124
-1.1214017521902377	2.5691616266774577
-1.1113892365456817	2.632946957324413
-1.1013767209011265	2.6702491748929478
-1.0913642052565704	2.6821058300599434
-1.0813516896120152	2.680136586077114
-1.0713391739674591	2.6806803764642555
-1.061326658322903	2.694647967756043
-1.0513141426783479	2.7211808248802227
-1.0413016270337918	2.7495701873393052
-1.0312891113892366	2.766988123939296
-1.0212765957446805	2.7662167091167373
-1.0112640801001254	2.749038812634137
-1.0012515644555693	2.72439395769461
-0.9912390488110132	2.7033029371962676
-0.981226533166458	2.693639196838775
-0.971214017521902	2.6967907754134592
-0.9612015018773468	2.7066643727825395
-0.9511889862327907	2.7111413302658107
-0.9411764705882355	2.6961401657899136
-0.9311639549436794	2.6508882304852848
-0.9211514392991234	2.5711531506277487
-0.9111389236545682	2.4585097238889384
-0.9011264080100121	2.3176177742076107
-0.8911138923654569	2.1548127269005812
-0.8811013767209008	1.9781955978663994
-0.8710888610763456	1.7966178636637242
-0.8610763454317896	1.6166294551595795
-0.8510638297872335	1.4400806721687738
-0.8410513141426783	1.265485167148103
-0.8310387984981222	1.0925883114078951
-0.821026282853567	0.9260776713301206
-0.811013767209011	0.7750862713703011
-0.8010012515644558	0.6490474408443844
-0.7909887359198997	0.5531473695367969
-0.7809762202753436	0.48615503094008566
-0.7709637046307884	0.441520711668242
-0.7609511889862324	0.41087738154050196
-0.7509386733416772	0.3877609833337995
-0.7409261576971211	0.36941030732624286
-0.7309136420525659	0.3563610572932469
-0.7209011264080099	0.3512251091346654
-0.7108886107634538	0.35758761054733185
-0.7008760951188986	0.3785372514926929
-0.6908635794743425	0.41437332394586335
-0.6808510638297873	0.4605779602307866
-0.6708385481852313	0.5081109044321102
-0.6608260325406761	0.5469164414157119
-0.65081351689612	0.5709255717788289
-0.6408010012515639	0.5813058351844003
-0.6307884856070087	0.5860329718215542
-0.6207759699624527	0.596709781590629
-0.6107634543178975	0.624929004705232
-0.6007509386733414	0.6794871682419478
-0.5907384230287862	0.7643628778792613
-0.5807259073842301	0.8773312088484981
-0.5707133917396741	1.0099628287292834
-0.5607008760951189	1.1500154384737493
-0.5506883604505628	1.2860494722340852
-0.5406758448060076	1.41223682034583
-0.5306633291614515	1.5305706086092479
-0.5206508135168963	1.6490493375663662
-0.5106382978723403	1.7769660201010036
-0.5006257822277842	1.9202463184786418
-0.490613266583229	2.0794767350855965
-0.48060075093867294	2.2510089126280004
-0.47058823529411775	2.429408070096633
-0.4605757196495617	2.6095669587410053
-0.4505632040050065	2.7879265719574295
-0.4405506883604504	2.9621742041527224
-0.43053817271589434	3.128987504456633
-0.42052565707133915	3.2821667990502776
-0.4105131414267831	3.4151350230132
-0.4005006257822279	3.5271362333381755
-0.3904881101376718	3.6259296912287535
-0.38047559449311663	3.72159928929038
-0.37046307884856056	3.8165366824580067
-0.3604505632040045	3.903008182323925
-0.3504380475594493	3.97243496658357
-0.3404255319148932	4.026773370365319
-0.33041301627033803	4.078762178268667
-0.32040050062578196	4.139963769447705
-0.3103879849812259	4.209678990713082
-0.3003754693366707	4.276718752623824
-0.2903629536921146	4.330992935991679
-0.28035043804755944	4.371496334198872
-0.27033792240300336	4.403144615604453
-0.2603254067584482	4.42773386484998
-0.2503128911138921	4.438674395897185
-0.24030037546933602	4.423462372956545
-0.23028785982478084	4.371377470136099
-0.22027534418022476	4.281574794721277
-0.21026282853566958	4.166648641995618
-0.2002503128911135	4.048199756582858
-0.19023779724655832	3.945663060682911
-0.18022528160200224	3.865730302171726
-0.17021276595744617	3.8008874436831177
-0.16020025031289098	3.738680895568371
-0.1501877346683349	3.6738001860334135
-0.14017521902377972	3.612429125357437
-0.13016270337922364	3.5654990220628493
-0.12015018773466846	3.5373653459720074
-0.11013767209011238	3.5199835280589813
-0.10012515644555631	3.497735318268659
-0.09011264080100112	3.4593700762217634
-0.08010012515644505	3.4076099701025986
-0.07008760951188986	3.358417581655598
-0.060075093867333784	3.330110097679869
-0.0500625782227786	3.3304578658885697
-0.04005006257822252	3.3506960031767963
-0.030037546933666448	3.369709197831026
-0.02002503128911126	3.365311642949978
-0.010012515644555187	3.3260479463818315
0.0	3.2569712427267343
