-8.0	1.0973465429310434
-7.989987484355444	1.0363823155079368
-7.979974968710889	0.9801695084066736
-7.969962453066333	0.9357742564273541
-7.9599499374217775	0.9125368375805117
-7.949937421777221	0.9162491419392481
-7.939924906132666	0.9447048940274599
-7.92991239048811	0.9881950904141715
-7.919899874843554	1.034734664835586
-7.909887359198999	1.076037874396738
-7.899874843554443	1.1102389371623385
-7.889862327909888	1.1404660168139478
-7.8798498122653315	1.1711817049893911
-7.869837296620776	1.205015878949391
-7.85982478097622	1.2421247611815733
-7.849812265331664	1.282189417661585
-7.839799749687109	1.3267230634817273
-7.829787234042553	1.3789468524340978
-7.819774718397998	1.4414336800912482
-7.809762202753442	1.514739933184659
-7.7997496871088865	1.5990663069919382
-7.78973717146433	1.696633568006546
-7.779724655819774	1.8105475719397877
-7.769712140175219	1.9394591698527803
-7.759699624530663	2.0727061450595885
-7.749687108886108	2.1917665602359904
-7.739674593241552	2.2790109447024043
-7.729662077596997	2.3283433594594487
-7.719649561952441	2.3501821161769763
-7.7096370463078845	2.3669056344239086
-7.699624530663329	2.4012716405029093
-7.689612015018773	2.465161687158818
-7.679599499374218	2.5561099763609123
-7.669586983729662	2.6633770688235368
-7.659574468085107	2.777365631100815
-7.649561952440551	2.8935350702113487
-7.639549436795995	3.00849447590647
-7.629536921151439	3.1151179194571563
-7.619524405506883	3.204480529598774
-7.609511889862328	3.27358433367096
-7.599499374217772	3.3300455031552745
-7.589486858573217	3.3879745172779208
-7.579474342928661	3.459178582332359
-7.569461827284105	3.548151302741451
-7.55944931163955	3.653716187888706
-7.5494367959949935	3.772881563440648
-7.539424280350438	3.9018964214811125
-7.529411764705882	4.034208285222277
-7.519399249061326	4.158678484610085
-7.509386733416771	4.261487528848827
-7.499374217772215	4.332532422102812
-7.48936170212766	4.3729157219072246
-7.479349186483104	4.3973000331355525
-7.4693366708385485	4.427528879726171
-7.459324155193992	4.481211502419533
-7.449311639549437	4.563942185206671
-7.439299123904881	4.6707264092584175
-7.429286608260325	4.793471265561898
-7.41927409261577	4.92590235289977
-7.409261576971214	5.061137969510393
-7.399249061326659	5.186436854135075
-7.3892365456821025	5.2838845721312095
-7.3792240300375465	5.340043547400869
-7.369211514392991	5.3579401299152565
-7.359198998748435	5.360707987023164
-7.34918648310388	5.381251285361055
-7.339173967459324	5.442800925120694
-7.329161451814769	5.5436900660512505
-7.319148936170213	5.658251573412688
-7.3091364205256575	5.753361831625874
-7.299123904881101	5.8074831818928105
-7.289111389236545	5.819013924611325
-7.27909887359199	5.802208184582987
-7.269086357947434	5.777790040717768
-7.259073842302879	5.763940128731999
-7.249061326658323	5.769072795479036
-7.239048811013767	5.788726432884009
-7.2290362953692116	5.810125478444644
-7.2190237797246555	5.8223908261788875
-7.2090112640801	5.8236851487983605
-7.198998748435544	5.819139401318486
-7.188986232790989	5.812754767585872
-7.178973717146433	5.8013196730415
-7.168961201501878	5.775130263474504
-7.158948685857322	5.724346056714823
-7.148936170212766	5.64588987559283
-7.13892365456821	5.545688065027257
-7.128911138923654	5.435038739251145
-7.118898623279099	5.324875197313756
-7.108886107634543	5.2226077345577915
-7.098873591989987	5.132368217837912
-7.088861076345432	5.055703102752869
-7.078848560700876	4.990432033147974
-7.068836045056321	4.929295058403643
-7.0588235294117645	4.8618785205924775
-7.048811013767209	4.780157634368224
-7.038798498122653	4.683333226299099
-7.028785982478098	4.577436976491985
-7.018773466833542	4.46997064681016
-7.008760951188986	4.36424994325888
-6.998748435544431	4.258044337865997
-6.988735919899875	4.147376355743891
-6.9787234042553195	4.031894487772218
-6.968710888610763	3.9162265105040994
-6.958698372966207	3.8050657819302782
-6.948685857321652	3.6967919033468886
-6.938673341677096	3.5831250104567447
-6.928660826032541	3.455805621395444
-6.918648310387985	3.313184532150379
-6.908635794743429	3.160726005355704
-6.8986232790988735	3.0074987444469614
-6.888610763454318	2.8639019758181457
-6.878598247809762	2.741001341368427
-6.868585732165206	2.6478298506130082
-6.858573216520651	2.5859062831118584
-6.848560700876095	2.5453505052069376
-6.83854818523154	2.5073540148487328
-6.828535669586984	2.453026432100406
-6.818523153942428	2.3735593016405065
-6.808510638297872	2.27531309989209
-6.798498122653316	2.1764370820044037
-6.788485607008761	2.0967957031767708
-6.778473091364205	2.047276918707599
-6.768460575719649	2.0252994668342783
-6.758448060075094	2.0191217227510694
-6.748435544430539	2.0167401322898084
-6.7384230287859825	2.011961396167531
-6.7284105131414265	2.004170494441578
-6.718397997496871	1.9948111081978186
-6.708385481852315	1.985361511555323
-6.69837296620776	1.977812833243808
-6.688360450563204	1.974869554118417
-6.678347934918648	1.9777634870297456
-6.668335419274093	1.9836179358406676
-6.658322903629537	1.9865681268288753
-6.648310387984981	1.9835074702258932
-6.638297872340425	1.9792665734027075
-6.628285356695869	1.9849929038151952
-6.618272841051314	2.010125401342316
-6.608260325406759	2.0551757147220537
-6.598247809762203	2.1113658346130526
-6.588235294117647	2.1662694253457655
-6.578222778473092	2.2103973122255502
-6.5682102628285355	2.2408695099267706
-6.55819774718398	2.2612420129322532
-6.548185231539424	2.2787553530892803
-6.538172715894868	2.30142244904113
-6.528160200250313	2.3363944535459216
-6.518147684605757	2.388654236590427
-6.508135168961202	2.458834120163216
-6.498122653316646	2.5413636563574924
-6.4881101376720896	2.625230116705692
-6.478097622027534	2.6976959750233425
-6.468085106382979	2.7492971066072847
-6.458072590738423	2.7781199524710196
-6.448060075093867	2.7913979334343515
-6.438047559449312	2.80280179359249
-6.428035043804756	2.8259687509438556
-6.418022528160201	2.8675880582573816
-6.4080100125156445	2.923521999086165
-6.397997496871088	2.9793876788016638
-6.387984981226533	3.0159746326768277
-6.377972465581977	3.01915712043786
-6.367959949937422	2.9900461239500857
-6.357947434292866	2.9468096141625915
-6.34793491864831	2.913455160995184
-6.337922403003755	2.9030761209100033
-6.3279098873591995	2.9101777498642454
-6.317897371714643	2.9183977985259695
-6.307884856070087	2.9147640938799744
-6.297872340425532	2.8969632151162403
-6.287859824780976	2.8697227912393672
-6.277847309136421	2.837442962587447
-6.267834793491865	2.8011477348601366
-6.257822277847309	2.760799838534508
-6.2478097622027535	2.718238246790178
-6.2377972465581975	2.6765336069154007
-6.227784730913642	2.636557950746642
-6.217772215269086	2.5953514522283876
-6.20775969962453	2.5489526809776253
-6.197747183979975	2.4967444661155076
-6.18773466833542	2.4423082870201362
-6.177722152690864	2.390111985475986
-6.167709637046308	2.341986324853968
-6.157697121401752	2.2964455411283073
-6.147684605757196	2.2502244535878106
-6.137672090112641	2.200275172647625
-6.127659574468085	2.1454196620076362
-6.117647058823529	2.08696620315485
-6.107634543178974	2.027652079030522
-6.097622027534418	1.9698985646229277
-6.0876095118898625	1.9155489658338898
-6.0775969962453065	1.8676424744254896
-6.06758448060075	1.8321268606509187
-6.057571964956195	1.8171177465744095
-6.04755944931164	1.8295789643198481
-6.037546933667084	1.8714662394366257
-6.027534418022528	1.9375501587137278
-6.017521902377973	2.015890106115318
-6.007509386733417	2.091002982737638
-5.997496871088861	2.1494645386186972
-5.987484355444305	2.1862851329527757
-5.977471839799749	2.207840305130207
-5.967459324155194	2.2274234627115934
-5.957446808510639	2.2552465600994647
-5.947434292866083	2.2908779247575835
-5.937421777221527	2.3247944218370056
-5.927409261576971	2.3470462574746316
-5.9173967459324155	2.3542201280922663
-5.90738423028786	2.348684174288466
-5.897371714643304	2.333292167134496
-5.887359198998748	2.3093127104136015
-5.877346683354192	2.279897227371313
-5.867334167709637	2.2533295438823218
-5.857321652065082	2.2401393904049107
-5.847309136420526	2.2455833478584566
-5.83729662077597	2.2644781284807842
-5.827284105131414	2.2833424296164253
-5.817271589486858	2.2885081618340095
-5.807259073842303	2.2740493843191305
-5.797246558197747	2.2433582650203263
-5.787234042553191	2.20329295231481
-5.777221526908636	2.156346890830015
-5.767209011264081	2.097991042906802
-5.7571964956195245	2.021182321878981
-5.747183979974968	1.9235215502732457
-5.737171464330412	1.811098307321051
-5.727158948685857	1.6966346461122335
-5.717146433041302	1.5936506416531475
-5.707133917396746	1.5102620465161474
-5.69712140175219	1.4459323208700139
-5.687108886107635	1.3927215994789908
-5.677096370463079	1.3402203689108603
-5.667083854818523	1.2815067462393719
-5.657071339173967	1.2166667254133878
-5.647058823529411	1.1513782658103686
-5.637046307884856	1.0914735208490274
-5.627033792240301	1.0380815707596671
-5.617021276595745	0.9874952432754329
-5.607008760951189	0.9348955344503466
-5.596996245306633	0.8772882803766056
-5.5869837296620775	0.8131489835535937
-5.576971214017522	0.74122150725311
-5.566958698372966	0.6618488747131537
-5.55694618272841	0.57998612558398
-5.546933667083855	0.5056431335236166
-5.536921151439299	0.44966050296522125
-5.526908635794744	0.4177033824544779
-5.516896120150188	0.4071775236123509
-5.5068836045056315	0.40894710243157784
-5.496871088861076	0.412062351240814
-5.486858573216521	0.4085972627778818
-5.476846057571965	0.3966614270155695
-5.466833541927409	0.38062155528870983
-5.456821026282853	0.3682748746877449
-5.446808510638298	0.36611583723512237
-5.4367959949937426	0.37546277081003826
-5.4267834793491865	0.39217071015399435
-5.41677096370463	0.4102977658402856
-5.406758448060075	0.427121122216992
-5.396745932415519	0.44563038470032024
-5.386733416770964	0.47223020481999406
-5.376720901126408	0.5112532761954256
-5.366708385481852	0.5611030480877214
-5.356695869837297	0.6157301629699921
-5.346683354192741	0.6699213660514003
-5.336670838548185	0.7230486069459849
-5.326658322903629	0.7778987307918303
-5.316645807259073	0.8364533929167886
-5.306633291614518	0.8970553731966945
-5.296620775969963	0.9552201537983067
-5.286608260325407	1.0065174018151333
-5.276595744680851	1.048358198121958
-5.2665832290362955	1.0792718480593284
-5.256570713391739	1.09728791402804
-5.246558197747184	1.1002244851050489
-5.236545682102628	1.0885915862717856
-5.226533166458072	1.0683313915388315
-5.216520650813517	1.0496791063271955
-5.206508135168962	1.0418507587158978
-5.196495619524406	1.0477654440789872
-5.18648310387985	1.063452841133648
-5.1764705882352935	1.0824855164108518
-5.166458072590738	1.1013052231618852
-5.156445556946183	1.1210256790349757
-5.146433041301627	1.1448465294856964
-5.136420525657071	1.173850069243479
-5.126408010012516	1.2047033569483099
-5.11639549436796	1.2308261179263429
-5.1063829787234045	1.24607904547768
-5.0963704630788484	1.2485786049422036
-5.086357947434292	1.2421144185966704
-5.076345431789737	1.2338966576897297
-5.066332916145182	1.2298653990939692
-5.056320400500626	1.230894346507523
-5.04630788485607	1.232729392411673
-5.036295369211514	1.229655439189436
-5.026282853566959	1.219200538832188
-5.016270337922403	1.2044782709729887
-5.006257822277847	1.1923025898981687
-4.996245306633291	1.1884002911459073
-4.986232790988735	1.1937082851349463
-4.97622027534418	1.2048743000124125
-4.966207759699625	1.2178654610224415
-4.956195244055069	1.2304946396912182
-4.946182728410513	1.2413929691526195
-4.9361702127659575	1.2476127816674798
-4.926157697121402	1.2450253150993713
-4.916145181476846	1.2321714855231796
-4.90613266583229	1.2131587307156426
-4.896120150187734	1.1951942380171892
-4.886107634543179	1.182201229811512
-4.876095118898624	1.1708079318173497
-4.866082603254068	1.1529905878091782
-4.8560700876095115	1.1233386572599071
-4.8460575719649555	1.0849980784496773
-4.8360450563204	1.0496168691942418
-4.826032540675845	1.031065836532169
-4.816020025031289	1.0371616619198538
-4.806007509386733	1.0652194649852331
-4.795994993742178	1.104443918349911
-4.785982478097623	1.14286762718712
-4.7759699624530665	1.173430364316494
-4.76595744680851	1.1954603488612068
-4.755944931163954	1.212041081775426
-4.745932415519399	1.226396085234856
-4.735919899874844	1.2398151581595793
-4.725907384230288	1.2513846192224034
-4.715894868585732	1.2584540916791915
-4.705882352941176	1.2572628034345767
-4.6958698372966206	1.2440184529970713
-4.685857321652065	1.216448695012676
-4.675844806007509	1.1750171885424092
-4.665832290362953	1.1230588795789958
-4.655819774718398	1.065923379916392
-4.645807259073843	1.0096517184551494
-4.635794743429287	0.959572920047455
-4.625782227784731	0.9191705837396308
-4.615769712140175	0.8896381047702333
-4.605757196495619	0.8701804499338988
-4.595744680851064	0.858558828543187
-4.585732165206508	0.8513889028393757
-4.575719649561952	0.8442759272952163
-4.565707133917396	0.8322018967573254
-4.555694618272841	0.8103442908427156
-4.545682102628286	0.7751437516509284
-4.53566958698373	0.725278574406265
-4.5256570713391735	0.6621625936937033
-4.515644555694618	0.5896799612542563
-4.505632040050063	0.513246405812205
-4.495619524405507	0.4386823719642665
-4.485607008760951	0.37130916421649396
-4.475594493116395	0.3152345323352648
-4.46558197747184	0.2726530517186089
-4.4555694618272845	0.2433261482474854
-4.4455569461827285	0.2246041150508459
-4.435544430538172	0.21208129797732786
-4.425531914893616	0.20071114838576679
-4.415519399249061	0.18622592683759434
-4.405506883604506	0.16656801221046372
-4.39549436795995	0.14262888144736216
-4.385481852315394	0.11763834320141321
-4.375469336670839	0.0954081435715876
-4.365456821026283	0.07849147786184804
-4.355444305381727	0.06729286397206065
-4.345431789737171	0.060406937051760645
-4.335419274092615	0.05569927180908188
-4.32540675844806	0.051345083930568684
-4.315394242803505	0.04630811296836261
-4.305381727158949	0.04028801045741807
-4.295369211514393	0.033473571844192716
-4.285356695869837	0.026326948567334228
-4.275344180225281	0.01941694611382237
-4.265331664580726	0.013279415349150128
-4.25531914893617	0.008310436523575805
-4.245306633291614	0.0046919566846897786
-4.235294117647059	0.002363374946328603
-4.225281602002504	0.001076065093955091
-4.215269086357948	0.0005283409780698012
-4.2052565707133915	0.0005107315528615894
-4.1952440550688355	0.0009776119242405747
-4.18523153942428	0.0019971613467046853
-4.175219023779725	0.003583469119017886
-4.165206508135169	0.005496727000290474
-4.155193992490613	0.007184993124352532
-4.145181476846057	0.008000344356583417
-4.135168961201502	0.007588087456461309
-4.1251564455569465	0.006130488807341396
-4.11514392991239	0.004218875921076019
-4.105131414267834	0.0024730747566962634
-4.095118898623279	0.0012348567372654849
-4.085106382978723	0.0005252121272521521
-4.075093867334168	0.00019027939165042348
-4.065081351689612	5.872021024212277e-05
-4.055068836045056	1.543555637692584e-05
-4.045056320400501	3.456175709559302e-06
-4.035043804755945	6.591863075390603e-07
-4.025031289111389	1.0709257982014034e-07
-4.015018773466833	1.4820041592206441e-08
-4.005006257822277	1.7469412633167664e-09
-3.994993742177722	1.7540663720869072e-10
-3.9849812265331668	1.5002118131624434e-11
-3.9749687108886107	1.0929441706942282e-12
-3.9649561952440546	6.782381491308911e-14
-3.9549436795994994	3.585133142708682e-15
-3.9449311639549434	1.6142366468596677e-16
-3.934918648310388	6.191101941307922e-18
-3.924906132665832	2.0225885596363662e-19
-3.914893617021277	5.6284132479633504e-21
-3.904881101376721	1.334145653345633e-22
-3.8948685857321648	2.693762814391859e-24
-3.8848560700876096	4.632914657437896e-26
-3.8748435544430535	6.78715997451483e-28
-3.8648310387984983	8.469557290953118e-30
-3.8548185231539422	9.002687459648041e-32
-3.844806007509387	8.15121738199723e-34
-3.834793491864831	6.286539030177034e-36
-3.824780976220275	4.129900570857982e-38
-3.8147684605757197	2.311034452920855e-40
-3.8047559449311636	1.1024522402998608e-42
-3.7947434292866085	2.3210440195865018e-43
-3.7847309136420524	5.002454675315398e-41
-3.774718397997497	9.364226076853647e-39
-3.764705882352941	1.493136771718212e-36
-3.754693366708385	2.027991501819778e-34
-3.74468085106383	2.346235001668435e-32
-3.734668335419274	2.3121485177233535e-30
-3.7246558197747186	1.9408804411520632e-28
-3.7146433041301625	1.3877801755896585e-26
-3.7046307884856065	8.452426727919757e-25
-3.6946182728410513	4.3851150309127394e-23
-3.684605757196495	1.9378466557429885e-21
-3.67459324155194	7.294519173107555e-20
-3.664580725907384	2.33890608332791e-18
-3.6545682102628287	6.388041960127323e-17
-3.6445556946182727	1.4861465079570717e-15
-3.6345431789737166	2.945061917307216e-14
-3.6245306633291614	4.971257702051704e-13
-3.6145181476846053	7.147882019633578e-12
-3.60450563204005	8.754435580713683e-11
-3.594493116395494	9.13312641803533e-10
-3.584480600750939	8.116206537531913e-09
-3.574468085106383	6.143736853844891e-08
-3.5644555694618267	3.9615518648619583e-07
-3.5544430538172715	2.176037077792312e-06
-3.5444305381727155	1.018277367214485e-05
-3.5344180225281603	4.060013903069318e-05
-3.524405506883604	0.0001379682741618308
-3.514392991239049	0.00039983870410672325
-3.504380475594493	0.0009894261687446752
-3.494367959949937	0.0020959026442245697
-3.4843554443053817	0.003819862588299015
-3.4743429286608256	0.006049275355746536
-3.4643304130162704	0.008476719498074064
-3.4543178973717144	0.010828219981562017
-3.444305381727159	0.013117151707239193
-3.434292866082603	0.015619809363578117
-3.424280350438047	0.01857195709287213
-3.414267834793492	0.021995616881141343
-3.4042553191489358	0.02595255325562926
-3.3942428035043806	0.030939783958955313
-3.3842302878598245	0.03793354655419335
-3.3742177722152693	0.048075956986241834
-3.3642052565707132	0.062352950706855856
-3.354192740926157	0.0812402818697649
-3.344180225281602	0.1040230872648228
-3.334167709637046	0.12818250328029848
-3.3241551939924907	0.1499518501488733
-3.3141426783479346	0.16633986615368848
-3.3041301627033794	0.17716897720397287
-3.2941176470588234	0.1852977304669809
-3.2841051314142673	0.19494019629870293
-3.274092615769712	0.2097927216594108
-3.264080100125156	0.2323850895553181
-3.254067584480601	0.2642500179387792
-3.2440550688360448	0.30559152378359833
-3.2340425531914896	0.3543324319137205
-3.2240300375469335	0.4060910161535558
-3.2140175219023774	0.45620327506631514
-3.2040050062578223	0.5024141979387607
-3.193992490613266	0.5454908827867514
-3.183979974968711	0.5869941058248156
-3.173967459324155	0.6266218659546622
-3.1639549436795997	0.6619559716846654
-3.1539424280350437	0.690695546683197
-3.1439299123904876	0.713022273489946
-3.1339173967459324	0.7320720185677756
-3.1239048811013763	0.7523852700739025
-3.113892365456821	0.7774965913923859
-3.103879849812265	0.8081288719243709
-3.09386733416771	0.8422542113200764
-3.083854818523154	0.8772983810867713
-3.0738423028785977	0.9129828789519235
-3.0638297872340425	0.9522842792260919
-3.0538172715894865	0.9993904291072561
-3.0438047559449313	1.056370033847471
-3.033792240300375	1.1213858256877736
-3.02377972465582	1.18934522463225
-3.013767209011264	1.2535977048691354
-3.003754693366708	1.3076514557679881
-2.9937421777221527	1.3474587567384413
-2.9837296620775966	1.3740385121477638
-2.9737171464330414	1.3937993472999095
-2.9637046307884853	1.414509203646162
-2.95369211514393	1.439292428226686
-2.943679599499374	1.4639792843270947
-2.933667083854818	1.4803025751728633
-2.923654568210263	1.4818238199217852
-2.9136420525657067	1.46751937454678
-2.9036295369211516	1.4412849232722509
-2.8936170212765955	1.4095810042487016
-2.8836045056320403	1.3797161102099518
-2.873591989987484	1.3587555296443738
-2.863579474342928	1.3515336618773035
-2.853566958698373	1.3577013549070507
-2.843554443053817	1.3704877133956745
-2.8335419274092617	1.3800683194762056
-2.8235294117647056	1.3804379628819758
-2.8135168961201504	1.3742393771433357
-2.8035043804755944	1.3706511192414406
-2.7934918648310383	1.3774433148044407
-2.783479349186483	1.3938562588401249
-2.773466833541927	1.410497331803061
-2.763454317897372	1.4162402304346986
-2.7534418022528158	1.4059518065224461
-2.7434292866082606	1.3827205919442729
-2.7334167709637045	1.3540508425611868
-2.7234042553191484	1.326884932580552
-2.7133917396745932	1.3058690054212472
-2.703379224030037	1.2945340531868428
-2.693366708385482	1.2959765751803654
-2.683354192740926	1.3111708933116062
-2.6733416770963707	1.3366029599175862
-2.6633291614518146	1.3642773687078424
-2.6533166458072586	1.3851081644426513
-2.6433041301627034	1.393543126130277
-2.6332916145181473	1.3900937983689368
-2.623279098873592	1.380204970095526
-2.613266583229036	1.3705806893520605
-2.603254067584481	1.3651777897302346
-2.593241551939925	1.362587729438462
-2.5832290362953687	1.3560709595032587
-2.5732165206508135	1.3369869244419657
-2.5632040050062574	1.3003144801774487
-2.5531914893617023	1.24836999657699
-2.543178973717146	1.1892626583661479
-2.533166458072591	1.131084103777013
-2.523153942428035	1.0770408385324441
-2.513141426783479	1.0257347002169197
-2.5031289111389237	0.9753209403333029
-2.4931163954943676	0.9264888529528508
-2.4831038798498124	0.8813386924977266
-2.4730913642052563	0.8402776825496676
-2.463078848560701	0.8008665932374774
-2.453066332916145	0.7596706539973097
-2.443053817271589	0.7148228454433548
-2.433041301627034	0.6668925415960301
-2.4230287859824777	0.6178972608641146
-2.4130162703379225	0.5698579829065297
-2.4030037546933665	0.5239896416421347
-2.3929912390488113	0.4805905152766714
-2.382978723404255	0.4392160985658763
-2.372966207759699	0.39890317805671255
-2.362953692115144	0.3585495742883242
-2.352941176470588	0.31760982896771134
-2.3429286608260327	0.2768681272916953
-2.3329161451814766	0.23859348696776966
-2.3229036295369214	0.20559718080893954
-2.3128911138923653	0.17965575694006647
-2.3028785982478093	0.16048513913093215
-2.292866082603254	0.14606341256538571
-2.282853566958698	0.13392133080826646
-2.272841051314143	0.12229925604967112
-2.2628285356695867	0.11049678343043035
-2.2528160200250316	0.09861368840772121
-2.2428035043804755	0.08714167296238474
-2.2327909887359194	0.07654395024469392
-2.2227784730913642	0.06685546964393767
-2.212765957446808	0.05759437591563648
-2.202753441802253	0.04821213838341613
-2.192740926157697	0.03871883053892729
-2.1827284105131417	0.02979487066883968
-2.1727158948685856	0.022230693947165682
-2.1627033792240296	0.01630413901465231
-2.1526908635794744	0.011722405319601835
-2.1426783479349183	0.008055416140149218
-2.132665832290363	0.0051049908109270445
-2.122653316645807	0.0028920148971687772
-2.112640801001252	0.0014339462828443937
-2.1026282853566958	0.0006145925981023331
-2.0926157697121397	0.00022630809022319753
-2.0826032540675845	7.23637615940106e-05
-2.0725907384230284	2.5413197545783953e-05
-2.0625782227784732	3.234967073518989e-05
-2.052565707133917	0.00010694230024133537
-2.042553191489362	0.00034395192787514017
-2.032540675844806	0.0009524704125481908
-2.02252816020025	0.0022569438689040615
-2.0125156445556946	0.004580415222572099
-2.0025031289111386	0.007982873324356552
-1.9924906132665834	0.012017339430825549
-1.9824780976220273	0.01582323456755158
-1.9724655819774712	0.018696237040049572
-1.962453066332916	0.020754685093756216
-1.95244055068836	0.023025501959145097
-1.9424280350438048	0.02672470029851303
-1.9324155193992487	0.03233838282430179
-1.9224030037546935	0.03932933888268436
-1.9123904881101375	0.04662059251181318
-1.9023779724655814	0.05332595699475004
-1.8923654568210262	0.05929129961349039
-1.8823529411764701	0.065433414886156
-1.872340425531915	0.07377710973660492
-1.8623279098873589	0.08673322500249991
-1.8523153942428037	0.10551174630510946
-1.8423028785982476	0.12868464142090788
-1.8322903629536915	0.15249642147745282
-1.8222778473091363	0.17337622690346158
-1.8122653316645803	0.1908520364809078
-1.802252816020025	0.2080550273213788
-1.792240300375469	0.22891584443818855
-1.7822277847309138	0.2545084095311292
-1.7722152690863577	0.2821094695869635
-1.7622027534418017	0.30783638819276277
-1.7521902377972465	0.3300839988472316
-1.7421777221526904	0.3505484955145772
-1.7321652065081352	0.3726778194570124
-1.7221526908635791	0.3999272611984756
-1.712140175219024	0.4352193908185712
-1.7021276595744679	0.48052800422563346
-1.6921151439299118	0.5354708883067489
-1.6821026282853566	0.596121926027784
-1.6720901126408005	0.6560739863201757
-1.6620775969962454	0.7095633689116563
-1.6520650813516893	0.7542795115162839
-1.642052565707134	0.7920554758264509
-1.632040050062578	0.8275247158100494
-1.622027534418022	0.8656446227042084
-1.6120150187734668	0.9091462445717098
-1.6020025031289107	0.9574296389596623
-1.5919899874843555	1.0078754301034982
-1.5819774718397994	1.0583170571514768
-1.5719649561952442	1.1081320431912212
-1.5619524405506882	1.157138998149306
-1.551939924906132	1.2040465311379498
-1.541927409261577	1.246370295568879
-1.5319148936170208	1.2818467708976362
-1.5219023779724656	1.3101159432780898
-1.5118898623279096	1.3337238617370633
-1.5018773466833544	1.357891040174532
-1.4918648310387983	1.3884221137021908
-1.4818523153942422	1.4279856343848274
-1.471839799749687	1.4730785561129427
-1.461827284105131	1.5147856268872473
-1.4518147684605758	1.5439308511777752
-1.4418022528160197	1.5572691275847697
-1.4317897371714645	1.5599134584877148
-1.4217772215269084	1.561886925737733
-1.4117647058823524	1.5712983181575582
-1.4017521902377972	1.5892066365494015
-1.391739674593241	1.6096636100824933
-1.381727158948686	1.6243464831403374
-1.3717146433041298	1.6281669789947384
-1.3617021276595747	1.6221788007725588
-1.3516896120150186	1.6122925728304616
-1.3416770963704625	1.605140396709835
-1.3316645807259073	1.6042885500983166
-1.3216520650813512	1.609291753542726
-1.311639549436796	1.6171178495696807
-1.30162703379224	1.6234672171992182
-1.2916145181476848	1.6229500423068381
-1.2816020025031287	1.6098241580962462
-1.2715894868585726	1.5809344413380764
-1.2615769712140175	1.5393908972040804
-1.2515644555694614	1.4952801137284095
-1.2415519399249062	1.4612709271790107
-1.2315394242803501	1.4451972543947154
-1.221526908635795	1.444767648605256
-1.2115143929912389	1.4484212601465773
-1.2015018773466828	1.4418145503634943
-1.1914893617021276	1.4157479746636659
-1.1814768460575715	1.3713851013348375
-1.1714643304130163	1.320729991779689
-1.1614518147684603	1.2819530499816445
-1.151439299123905	1.2707035205213573
-1.141426783479349	1.2910669691508188
-1.131414267834793	1.331538348579287
-1.1214017521902377	1.3694778844141873
-1.1113892365456817	1.3821853165013038
-1.1013767209011265	1.3578018065393636
-1.0913642052565704	1.2991162664686378
-1.0813516896120152	1.2187919080102687
-1.0713391739674591	1.130958670866097
-1.061326658322903	1.0455073238209882
-1.0513141426783479	0.9671365585241851
-1.0413016270337918	0.8968355118095402
-1.0312891113892366	0.833411088470687
-1.0212765957446805	0.7748464304297573
-1.0112640801001254	0.7197096115142236
-1.0012515644555693	0.667777233332684
-0.9912390488110132	0.6192642529365597
-0.981226533166458	0.5736262954960413
-0.971214017521902	0.5294729392606011
-0.9612015018773468	0.4858827584358359
-0.9511889862327907	0.4438729217959185
-0.9411764705882355	0.4065439690615766
-0.9311639549436794	0.3776080227019455
-0.9211514392991234	0.3593677377892942
-0.9111389236545682	0.35142078152511447
-0.9011264080100121	0.35056042250439506
-0.8911138923654569	0.35174548340658746
-0.8811013767209008	0.34991481442669736
-0.8710888610763456	0.3420675493108453
-0.8610763454317896	0.328513776627405
-0.8510638297872335	0.3125394992661723
-0.8410513141426783	0.29887634566838983
-0.8310387984981222	0.29195912013121744
-0.821026282853567	0.2944368648572895
-0.811013767209011	0.3059284042033532
-0.8010012515644558	0.3225513062907868
-0.7909887359198997	0.33830803671228094
-0.7809762202753436	0.34835895604335404
-0.7709637046307884	0.35212352674334213
-0.7609511889862324	0.3536286397952022
-0.7509386733416772	0.3586519827462573
-0.7409261576971211	0.37088411214409767
-0.7309136420525659	0.38999559155911756
-0.7209011264080099	0.4129122798729042
-0.7108886107634538	0.4371907730232054
-0.7008760951188986	0.4636371630248303
-0.6908635794743425	0.4956097722585482
-0.6808510638297873	0.5353028492940758
-0.6708385481852313	0.5805797216184049
-0.6608260325406761	0.6258622680579898
-0.65081351689612	0.6665018109132094
-0.6408010012515639	0.7023163279688243
-0.6307884856070087	0.7370272420590508
-0.6207759699624527	0.7748566940613597
-0.6107634543178975	0.8181173895941622
-0.6007509386733414	0.8676167965365845
-0.5907384230287862	0.9241299031800855
-0.5807259073842301	0.9883829498289397
-0.5707133917396741	1.0593420978525216
-0.5607008760951189	1.13292863157719
-0.5506883604505628	1.2030958058038543
-0.5406758448060076	1.26500234477501
-0.5306633291614515	1.3179442862353146
-0.5206508135168963	1.3656275786299172
-0.5106382978723403	1.4135913227715444
-0.5006257822277842	1.4660730630536238
-0.490613266583229	1.5246724108608725
-0.48060075093867294	1.5890033581311827
-0.47058823529411775	1.6578751953678137
-0.4605757196495617	1.7297298693831458
-0.4505632040050065	1.8020687395215143
-0.4405506883604504	1.8706542763618923
-0.43053817271589434	1.9300977262008954
-0.42052565707133915	1.9768300687649423
-0.4105131414267831	2.012898004703648
-0.4005006257822279	2.0469384433038718
-0.3904881101376718	2.090146399053403
-0.38047559449311663	2.1495216706066453
-0.37046307884856056	2.223604900400402
-0.3604505632040045	2.3036642706086097
-0.3504380475594493	2.3782030128193337
-0.3404255319148932	2.4368105716884263
-0.33041301627033803	2.472444449083161
-0.32040050062578196	2.483964616074682
-0.3103879849812259	2.4787690370518662
-0.3003754693366707	2.4717508933474006
-0.2903629536921146	2.4777960631292495
-0.28035043804755944	2.5014208022349678
-0.27033792240300336	2.5321618048228753
-0.2603254067584482	2.551127832504458
-0.2503128911138921	2.544523572700972
-0.24030037546933602	2.5134655524331007
-0.23028785982478084	2.4725849824526245
-0.22027534418022476	2.439330067329418
-0.21026282853566958	2.422729444292871
-0.2002503128911135	2.419552382574761
-0.19023779724655832	2.4192949076804644
-0.18022528160200224	2.4127823132782806
-0.17021276595744617	2.396984235175957
-0.16020025031289098	2.372614646317914
-0.1501877346683349	2.3385786146980543
-0.14017521902377972	2.2910314208538383
-0.13016270337922364	2.229409145312035
-0.12015018773466846	2.162418768370586
-0.11013767209011238	2.1053345618217727
-0.10012515644555631	2.0692977210637924
-0.09011264080100112	2.052907233946689
-0.08010012515644505	2.0446988647627373
-0.07008760951188986	2.03426871207942
-0.060075093867333784	2.02183236460891
-0.0500625782227786	2.0179272258279495
-0.04005006257822252	2.033316196630369
-0.030037546933666448	2.0668808239377805
-0.02002503128911126	2.1015315096161564
-0.010012515644555187	2.112839852569403
0.0	2.0847838856536565
