-8.0	3.1436042258143084
-7.989987484355444	3.059600431967281
-7.979974968710889	2.9695481920563136
-7.969962453066333	2.890728117309064
-7.9599499374217775	2.8356709780428764
-7.949937421777221	2.8026753954274883
-7.939924906132666	2.7766060923154354
-7.92991239048811	2.739432185316843
-7.919899874843554	2.682692783358817
-7.909887359198999	2.613171373550292
-7.899874843554443	2.5484168765336133
-7.889862327909888	2.50585180093794
-7.8798498122653315	2.492937244525416
-7.869837296620776	2.5041828782142495
-7.85982478097622	2.5256274355878654
-7.849812265331664	2.542746244819011
-7.839799749687109	2.546492462027239
-7.829787234042553	2.5343562655952847
-7.819774718397998	2.5070291783130845
-7.809762202753442	2.4643856409234726
-7.7997496871088865	2.404900376891712
-7.78973717146433	2.3291780234754818
-7.779724655819774	2.2435445934205105
-7.769712140175219	2.1588992961974065
-7.759699624530663	2.084929705648758
-7.749687108886108	2.025065340905918
-7.739674593241552	1.9768209267991033
-7.729662077596997	1.9362657341934792
-7.719649561952441	1.9012789667325116
-7.7096370463078845	1.870336725949085
-7.699624530663329	1.8388693358887649
-7.689612015018773	1.7981048797256494
-7.679599499374218	1.7393472449891978
-7.669586983729662	1.6615283432654497
-7.659574468085107	1.5757842881304274
-7.649561952440551	1.5019430433034695
-7.639549436795995	1.4583993417193346
-7.629536921151439	1.4531007742822852
-7.619524405506883	1.4825390634859903
-7.609511889862328	1.5380791484696457
-7.599499374217772	1.6126774026326383
-7.589486858573217	1.7026286838009286
-7.579474342928661	1.8056311612500073
-7.569461827284105	1.919799754699457
-7.55944931163955	2.045192736527918
-7.5494367959949935	2.185084842037149
-7.539424280350438	2.3441504485277096
-7.529411764705882	2.5243576847665716
-7.519399249061326	2.7222776155718167
-7.509386733416771	2.930690515022966
-7.499374217772215	3.143680666109721
-7.48936170212766	3.361248433515385
-7.479349186483104	3.589412064548544
-7.4693366708385485	3.834682176519795
-7.459324155193992	4.096016811949938
-7.449311639549437	4.360639677231985
-7.439299123904881	4.609128287511687
-7.429286608260325	4.828366288328588
-7.41927409261577	5.022967750626747
-7.409261576971214	5.214969004464697
-7.399249061326659	5.430415368322596
-7.3892365456821025	5.68230190333402
-7.3792240300375465	5.962030731860877
-7.369211514392991	6.2443413415937465
-7.359198998748435	6.501239159450988
-7.34918648310388	6.716296600443216
-7.339173967459324	6.892050825044119
-7.329161451814769	7.046982322287761
-7.319148936170213	7.203759344125088
-7.3091364205256575	7.375932265541245
-7.299123904881101	7.56192995038832
-7.289111389236545	7.749920441070083
-7.27909887359199	7.928033932715162
-7.269086357947434	8.09006608507366
-7.259073842302879	8.232499570875731
-7.249061326658323	8.348906013320214
-7.239048811013767	8.430493980495173
-7.2290362953692116	8.473353171112718
-7.2190237797246555	8.484105472857637
-7.2090112640801	8.476996990549022
-7.198998748435544	8.464922265527088
-7.188986232790989	8.452919069093122
-7.178973717146433	8.43864911726794
-7.168961201501878	8.416566534516093
-7.158948685857322	8.381268331631352
-7.148936170212766	8.330208297073387
-7.13892365456821	8.266489228691277
-7.128911138923654	8.197825740883207
-7.118898623279099	8.12919786215897
-7.108886107634543	8.056318483534156
-7.098873591989987	7.969800427895062
-7.088861076345432	7.867734182796193
-7.078848560700876	7.762365335644713
-7.068836045056321	7.671778162427381
-7.0588235294117645	7.604090691695573
-7.048811013767209	7.549923945957036
-7.038798498122653	7.490681190166647
-7.028785982478098	7.415196344325831
-7.018773466833542	7.329827627768098
-7.008760951188986	7.253122632390412
-6.998748435544431	7.200013705035081
-6.988735919899875	7.169433441176256
-6.9787234042553195	7.145217488322408
-6.968710888610763	7.107907783924456
-6.958698372966207	7.04645392104485
-6.948685857321652	6.960708087919669
-6.938673341677096	6.855081108293937
-6.928660826032541	6.731734247638204
-6.918648310387985	6.590571153449837
-6.908635794743429	6.434465621053513
-6.8986232790988735	6.271764174372143
-6.888610763454318	6.111539696148311
-6.878598247809762	5.955913551904291
-6.868585732165206	5.797558615929056
-6.858573216520651	5.6252161915135614
-6.848560700876095	5.431939322321705
-6.83854818523154	5.218904138828293
-6.828535669586984	4.993550670851593
-6.818523153942428	4.766468759680532
-6.808510638297872	4.549927952695209
-6.798498122653316	4.356185120401171
-6.788485607008761	4.193503604836485
-6.778473091364205	4.061668384340289
-6.768460575719649	3.9505160283739866
-6.758448060075094	3.843065658133875
-6.748435544430539	3.722171018382195
-6.7384230287859825	3.5777400467102107
-6.7284105131414265	3.4109137429922467
-6.718397997496871	3.233299466232096
-6.708385481852315	3.062398633622504
-6.69837296620776	2.9153015133259492
-6.688360450563204	2.8015372550987943
-6.678347934918648	2.7170405300409635
-6.668335419274093	2.6445755745325807
-6.658322903629537	2.5642464834648644
-6.648310387984981	2.4680114125919683
-6.638297872340425	2.3650331138175713
-6.628285356695869	2.27199026982206
-6.618272841051314	2.19823956666316
-6.608260325406759	2.1409452289120927
-6.598247809762203	2.093053398019574
-6.588235294117647	2.052740814087773
-6.578222778473092	2.0238276639093944
-6.5682102628285355	2.0091502192352206
-6.55819774718398	2.0061669000474858
-6.548185231539424	2.0089680694682492
-6.538172715894868	2.012288683697784
-6.528160200250313	2.011949301120824
-6.518147684605757	2.0023566640499872
-6.508135168961202	1.9764661009350915
-6.498122653316646	1.9307813188695062
-6.4881101376720896	1.871032729532754
-6.478097622027534	1.8116239108166288
-6.468085106382979	1.7672871720951764
-6.458072590738423	1.743254926809145
-6.448060075093867	1.7322170935524022
-6.438047559449312	1.7203046798110053
-6.428035043804756	1.6968771061068313
-6.418022528160201	1.6611797493343718
-6.4080100125156445	1.6226686220109716
-6.397997496871088	1.5957394493463835
-6.387984981226533	1.5915197564832846
-6.377972465581977	1.6108010803729678
-6.367959949937422	1.6428451507582187
-6.357947434292866	1.6720178954755576
-6.34793491864831	1.688412577593571
-6.337922403003755	1.6949216656024622
-6.3279098873591995	1.7054884738532385
-6.317897371714643	1.7355711671076206
-6.307884856070087	1.7912659477578645
-6.297872340425532	1.8647957058728406
-6.287859824780976	1.9401190587338308
-6.277847309136421	2.0046246262198415
-6.267834793491865	2.057099396226778
-6.257822277847309	2.105338920370797
-6.2478097622027535	2.1571936626478614
-6.2377972465581975	2.2149517520973103
-6.227784730913642	2.277575754838469
-6.217772215269086	2.34601269076701
-6.20775969962453	2.4250081565499935
-6.197747183979975	2.5202686288875573
-6.18773466833542	2.6340380218938733
-6.177722152690864	2.7621953347592973
-6.167709637046308	2.8948420471343477
-6.157697121401752	3.0208934462850787
-6.147684605757196	3.1342177522700716
-6.137672090112641	3.2364278248252636
-6.127659574468085	3.33325668815578
-6.117647058823529	3.4271047432498247
-6.107634543178974	3.512610686000976
-6.097622027534418	3.5800745834138055
-6.0876095118898625	3.6240412580164056
-6.0775969962453065	3.6486586121783926
-6.06758448060075	3.6645835039015955
-6.057571964956195	3.681415994031082
-6.04755944931164	3.703784577806784
-6.037546933667084	3.733207391403314
-6.027534418022528	3.7702888857917483
-6.017521902377973	3.8129964153904115
-6.007509386733417	3.854171945600298
-5.997496871088861	3.8840446236918402
-5.987484355444305	3.897729812220459
-5.977471839799749	3.9011806612035516
-5.967459324155194	3.9093468049965394
-5.957446808510639	3.936604593373047
-5.947434292866083	3.986019165809283
-5.937421777221527	4.04569363355808
-5.927409261576971	4.095683574531457
-5.9173967459324155	4.120722981888555
-5.90738423028786	4.119290880936534
-5.897371714643304	4.1031131342977245
-5.887359198998748	4.0893556148282215
-5.877346683354192	4.091856595999025
-5.867334167709637	4.115123945467665
-5.857321652065082	4.151802645381572
-5.847309136420526	4.185210416126586
-5.83729662077597	4.198366715354631
-5.827284105131414	4.185311569987705
-5.817271589486858	4.15562467962033
-5.807259073842303	4.12722686655106
-5.797246558197747	4.1130702365613425
-5.787234042553191	4.1132487975134016
-5.777221526908636	4.1189768864831
-5.767209011264081	4.1234878869096825
-5.7571964956195245	4.128667591199446
-5.747183979974968	4.14182338839271
-5.737171464330412	4.1679584468359625
-5.727158948685857	4.20651437920912
-5.717146433041302	4.254314550186978
-5.707133917396746	4.308171909400581
-5.69712140175219	4.361865952713563
-5.687108886107635	4.401479827719431
-5.677096370463079	4.408291621042571
-5.667083854818523	4.371153336408606
-5.657071339173967	4.2978546275008265
-5.647058823529411	4.213124765352748
-5.637046307884856	4.1435366780062814
-5.627033792240301	4.102256430042385
-5.617021276595745	4.085086798108233
-5.607008760951189	4.077384384788666
-5.596996245306633	4.06364474070356
-5.5869837296620775	4.033562901016648
-5.576971214017522	3.9838163152539368
-5.566958698372966	3.9171872253593345
-5.55694618272841	3.8401135980036885
-5.546933667083855	3.75943083636502
-5.536921151439299	3.6797410942754265
-5.526908635794744	3.6025418824044273
-5.516896120150188	3.5264741307570864
-5.5068836045056315	3.447859934516067
-5.496871088861076	3.3627905933480067
-5.486858573216521	3.271492941025331
-5.476846057571965	3.18115629101847
-5.466833541927409	3.1023807026512205
-5.456821026282853	3.0411750581913033
-5.446808510638298	2.9945667320425144
-5.4367959949937426	2.9543849713018955
-5.4267834793491865	2.914922290652911
-5.41677096370463	2.876738802443281
-5.406758448060075	2.843692377770847
-5.396745932415519	2.8170902147738843
-5.386733416770964	2.7930119513783516
-5.376720901126408	2.765007073400464
-5.366708385481852	2.7286485408002794
-5.356695869837297	2.682850392072117
-5.346683354192741	2.6272273651349685
-5.336670838548185	2.559853862839726
-5.326658322903629	2.479127414885479
-5.316645807259073	2.387884679244306
-5.306633291614518	2.2947749810934006
-5.296620775969963	2.210951041340142
-5.286608260325407	2.1447905533006035
-5.276595744680851	2.098172427556096
-5.2665832290362955	2.0657891869115774
-5.256570713391739	2.0375529843296447
-5.246558197747184	2.0033036617413504
-5.236545682102628	1.9575627213166762
-5.226533166458072	1.9015299724216366
-5.216520650813517	1.841391011609297
-5.206508135168962	1.7843709602245468
-5.196495619524406	1.7344440337229976
-5.18648310387985	1.6892687355824727
-5.1764705882352935	1.6405876451040795
-5.166458072590738	1.5798414346968606
-5.156445556946183	1.5062186084875628
-5.146433041301627	1.429637981481825
-5.136420525657071	1.3639234426277274
-5.126408010012516	1.3151039842725765
-5.11639549436796	1.2755209621257295
-5.1063829787234045	1.2289994066819823
-5.0963704630788484	1.1619645222487223
-5.086357947434292	1.0713129589112849
-5.076345431789737	0.9645638635269852
-5.066332916145182	0.8544482108939621
-5.056320400500626	0.7525924529853243
-5.04630788485607	0.665649263268419
-5.036295369211514	0.5950861955502604
-5.026282853566959	0.539906551617067
-5.016270337922403	0.4998352185927031
-5.006257822277847	0.4761909301119964
-4.996245306633291	0.46981482740603925
-4.986232790988735	0.4783448915997253
-4.97622027534418	0.495860346417259
-4.966207759699625	0.5157301428957126
-4.956195244055069	0.5344585578869216
-4.946182728410513	0.5532181775546516
-4.9361702127659575	0.5758461091356619
-4.926157697121402	0.605502352438427
-4.916145181476846	0.6431647514220199
-4.90613266583229	0.6885087889424938
-4.896120150187734	0.7409454864649703
-4.886107634543179	0.7990760349462204
-4.876095118898624	0.859491505699537
-4.866082603254068	0.9172875063244756
-4.8560700876095115	0.9692632916786851
-4.8460575719649555	1.017596205997139
-4.8360450563204	1.0698511143304077
-4.826032540675845	1.1335819199029078
-4.816020025031289	1.2093829481320129
-4.806007509386733	1.288852747719858
-4.795994993742178	1.35961207234685
-4.785982478097623	1.4128534619674689
-4.7759699624530665	1.4473631869204815
-4.76595744680851	1.468207915930039
-4.755944931163954	1.4827017348507041
-4.745932415519399	1.4969922307968675
-4.735919899874844	1.5146572476486861
-4.725907384230288	1.5368011910402604
-4.715894868585732	1.5626762022342184
-4.705882352941176	1.5904319287342708
-4.6958698372966206	1.6179356765505428
-4.685857321652065	1.6432440281008933
-4.675844806007509	1.6643459362110717
-4.665832290362953	1.678935790672465
-4.655819774718398	1.685584363310919
-4.645807259073843	1.6859174262867684
-4.635794743429287	1.685044447550917
-4.625782227784731	1.688478920109823
-4.615769712140175	1.6980293478657909
-4.605757196495619	1.7110134590589972
-4.595744680851064	1.7234009490574662
-4.585732165206508	1.732914938238068
-4.575719649561952	1.7389745382172506
-4.565707133917396	1.740962098168561
-4.555694618272841	1.7379164243482326
-4.545682102628286	1.7299056150981966
-4.53566958698373	1.7189396869976978
-4.5256570713391735	1.7083235885866472
-4.515644555694618	1.7012874555511643
-4.505632040050063	1.699746109673038
-4.495619524405507	1.7032174278135246
-4.485607008760951	1.708375960490115
-4.475594493116395	1.710444719234049
-4.46558197747184	1.7063259403633066
-4.4555694618272845	1.696942447125414
-4.4455569461827285	1.686074754673507
-4.435544430538172	1.6760158432382544
-4.425531914893616	1.6638143150570723
-4.415519399249061	1.6421275632458894
-4.405506883604506	1.604749828638771
-4.39549436795995	1.552001162209678
-4.385481852315394	1.4906196906105305
-4.375469336670839	1.427867840985886
-4.365456821026283	1.365301469886168
-4.355444305381727	1.2982027563891183
-4.345431789737171	1.2214168752597958
-4.335419274092615	1.1361898076869847
-4.32540675844806	1.0513805702521204
-4.315394242803505	0.9774698631116113
-4.305381727158949	0.9185319976626063
-4.295369211514393	0.8693642213119153
-4.285356695869837	0.8201831050238303
-4.275344180225281	0.7642834998021216
-4.265331664580726	0.7018121708219761
-4.25531914893617	0.6373308837112731
-4.245306633291614	0.5748150289991106
-4.235294117647059	0.5149585354242362
-4.225281602002504	0.4561377961706051
-4.215269086357948	0.3969023610396627
-4.2052565707133915	0.3375122988292293
-4.1952440550688355	0.2798680542363304
-4.18523153942428	0.22668828342153413
-4.175219023779725	0.1807520543205507
-4.165206508135169	0.14420235008277926
-4.155193992490613	0.11772352613521533
-4.145181476846057	0.09996067321380396
-4.135168961201502	0.08778239634049805
-4.1251564455569465	0.07747565958209846
-4.11514392991239	0.06627775952857234
-4.105131414267834	0.05336130102900938
-4.095118898623279	0.03970542489205453
-4.085106382978723	0.027073502442062976
-4.075093867334168	0.01692002192872012
-4.065081351689612	0.009885603062347387
-4.055068836045056	0.0058934732903935
-4.045056320400501	0.0044540594313058
-4.035043804755945	0.0048568023249173
-4.025031289111389	0.006216856300162163
-4.015018773466833	0.007553090069331571
-4.005006257822277	0.008041907687110373
-3.994993742177722	0.007344847056309077
-3.9849812265331668	0.0057239594000856025
-3.9749687108886107	0.003801330530532861
-3.9649561952440546	0.002150602800495161
-3.9549436795994994	0.0010364189841500758
-3.9449311639549434	0.000425453713376731
-3.934918648310388	0.00014876777551888848
-3.924906132665832	4.431027546435581e-05
-3.914893617021277	1.1241879301916555e-05
-3.904881101376721	2.4294738996353154e-06
-3.8948685857321648	4.4722327665650816e-07
-3.8848560700876096	7.012540788933655e-08
-3.8748435544430535	9.36623910827807e-09
-3.8648310387984983	1.0655992831594763e-09
-3.8548185231539422	1.0326697076738165e-10
-3.844806007509387	8.524478002543379e-12
-3.834793491864831	5.993948263446065e-13
-3.824780976220275	3.5900212932879514e-14
-3.8147684605757197	1.831554717916518e-15
-3.8047559449311636	7.95942344409612e-17
-3.7947434292866085	2.9463352446627944e-18
-3.7847309136420524	9.290124854532163e-20
-3.774718397997497	2.4951679272251617e-21
-3.764705882352941	5.708432195305408e-23
-3.754693366708385	1.112430155757668e-24
-3.74468085106383	1.846577325114103e-26
-3.734668335419274	2.6109651938315793e-28
-3.7246558197747186	3.144658615115555e-30
-3.7146433041301625	3.226151566269857e-32
-3.7046307884856065	2.8192582983567536e-34
-3.6946182728410513	2.098571675092453e-36
-3.684605757196495	1.3306124571836642e-38
-3.67459324155194	7.186512776571561e-41
-3.664580725907384	3.30615840656182e-43
-3.6545682102628287	1.2955910899452124e-45
-3.6445556946182727	4.324651204931837e-48
-3.6345431789737166	1.2296260593508315e-50
-3.6245306633291614	2.9780629238854314e-53
-3.6145181476846053	6.143750066622761e-56
-3.60450563204005	1.1005906031294814e-58
-3.594493116395494	1.321316046418121e-57
-3.584480600750939	7.092564195863853e-55
-3.574468085106383	3.2442403297027352e-52
-3.5644555694618267	1.2644236236169353e-49
-3.5544430538172715	4.19906526140587e-47
-3.5444305381727155	1.1882411529501467e-44
-3.5344180225281603	2.8652398687054513e-42
-3.524405506883604	5.887560595870942e-40
-3.514392991239049	1.0309618162988652e-37
-3.504380475594493	1.5385041216348187e-35
-3.494367959949937	1.9566863753811955e-33
-3.4843554443053817	2.120945318089782e-31
-3.4743429286608256	1.9594963775863562e-29
-3.4643304130162704	1.5430830209227112e-27
-3.4543178973717144	1.035832027597129e-25
-3.444305381727159	5.9275133491897615e-24
-3.434292866082603	2.89180991370318e-22
-3.424280350438047	1.2028598158429822e-20
-3.414267834793492	4.2662479197623816e-19
-3.4042553191489358	1.290341870236878e-17
-3.3942428035043806	3.3284156467800874e-16
-3.3842302878598245	7.323117257173437e-15
-3.3742177722152693	1.3744769725758476e-13
-3.3642052565707132	2.20102922215902e-12
-3.354192740926157	3.0076823084330303e-11
-3.344180225281602	3.507799562088119e-10
-3.334167709637046	3.492382293882611e-09
-3.3241551939924907	2.9688629054837985e-08
-3.3141426783479346	2.155498719590215e-07
-3.3041301627033794	1.3369492814934295e-06
-3.2941176470588234	7.086422411062346e-06
-3.2841051314142673	3.210996474223677e-05
-3.274092615769712	0.00012443424011919849
-3.264080100125156	0.0004126352579718925
-3.254067584480601	0.0011718056245569866
-3.2440550688360448	0.002853213338789133
-3.2340425531914896	0.005969111407057954
-3.2240300375469335	0.010770987244603911
-3.2140175219023774	0.01688750133834894
-3.2040050062578223	0.023329865571514792
-3.193992490613266	0.0291237876510123
-3.183979974968711	0.03418845288041958
-3.173967459324155	0.03960802333666166
-3.1639549436795997	0.04689424303717523
-3.1539424280350437	0.056892223347486316
-3.1439299123904876	0.0693756610778733
-3.1339173967459324	0.08360785684580019
-3.1239048811013763	0.09920788532967187
-3.113892365456821	0.11662847109686482
-3.103879849812265	0.1371677923070955
-3.09386733416771	0.16276622010189762
-3.083854818523154	0.19564352379323957
-3.0738423028785977	0.23762475244486872
-3.0638297872340425	0.2891937922026935
-3.0538172715894865	0.3487923190244047
-3.0438047559449313	0.4131027744613735
-3.033792240300375	0.47849974008967217
-3.02377972465582	0.542835939555921
-3.013767209011264	0.6063211847036273
-3.003754693366708	0.6709541104756361
-2.9937421777221527	0.7390711999400692
-2.9837296620775966	0.8121351154870662
-2.9737171464330414	0.8905386126745658
-2.9637046307884853	0.9741563919843751
-2.95369211514393	1.0624324447849736
-2.943679599499374	1.1532021805254515
-2.933667083854818	1.2414728805799797
-2.923654568210263	1.3207243627934355
-2.9136420525657067	1.3871154307559965
-2.9036295369211516	1.4428090007867242
-2.8936170212765955	1.4941484501738023
-2.8836045056320403	1.5456841130122838
-2.873591989987484	1.5961467919348191
-2.863579474342928	1.640773220308524
-2.853566958698373	1.677558625653348
-2.843554443053817	1.7108586911229262
-2.8335419274092617	1.748663194775168
-2.8235294117647056	1.796248836249021
-2.8135168961201504	1.8519668167820171
-2.8035043804755944	1.908082254202839
-2.7934918648310383	1.9548715755431534
-2.783479349186483	1.9848142277271468
-2.773466833541927	1.9956501419170998
-2.763454317897372	1.9922658434271356
-2.7534418022528158	1.9864411675011013
-2.7434292866082606	1.9931649384424448
-2.7334167709637045	2.0241304191030967
-2.7234042553191484	2.0812585749121926
-2.7133917396745932	2.1536946239073345
-2.703379224030037	2.2206781976542582
-2.693366708385482	2.2601597504076447
-2.683354192740926	2.259296717361326
-2.6733416770963707	2.2205955934660677
-2.6633291614518146	2.1596222229469726
-2.6533166458072586	2.0958542878760813
-2.6433041301627034	2.0425951964576643
-2.6332916145181473	2.001826077737901
-2.623279098873592	1.966333438171814
-2.613266583229036	1.926844077197747
-2.603254067584481	1.8786862170041942
-2.593241551939925	1.8230821955250243
-2.5832290362953687	1.7629279257479986
-2.5732165206508135	1.6981349825327128
-2.5632040050062574	1.6259731117725318
-2.5531914893617023	1.546264225790326
-2.543178973717146	1.4654372552613182
-2.533166458072591	1.3941415845111547
-2.523153942428035	1.3398372293918508
-2.513141426783479	1.3009844583623733
-2.5031289111389237	1.267693078983397
-2.4931163954943676	1.2275756006856988
-2.4831038798498124	1.1717605396216095
-2.4730913642052563	1.09752442878485
-2.463078848560701	1.0077140360960248
-2.453066332916145	0.9088125548811756
-2.443053817271589	0.8087489329577736
-2.433041301627034	0.7146757002457256
-2.4230287859824777	0.6310697273230429
-2.4130162703379225	0.5588669741662491
-2.4030037546933665	0.49608406676550243
-2.3929912390488113	0.439546352391193
-2.382978723404255	0.38663286573612643
-2.372966207759699	0.3360762963289372
-2.362953692115144	0.28773658537321983
-2.352941176470588	0.24199063650290717
-2.3429286608260327	0.19931425983565418
-2.3329161451814766	0.16015764252860526
-2.3229036295369214	0.12500104790113406
-2.3128911138923653	0.09450057487756744
-2.3028785982478093	0.06952966347148755
-2.292866082603254	0.05085700158221204
-2.282853566958698	0.03854831402147648
-2.272841051314143	0.03161415848071361
-2.2628285356695867	0.02827680782538548
-2.2528160200250316	0.0266112986125823
-2.2428035043804755	0.025048026170519745
-2.2327909887359194	0.022580284697910312
-2.2227784730913642	0.018861348083872343
-2.212765957446808	0.01423657898208347
-2.202753441802253	0.009532055359264071
-2.192740926157697	0.0055884337836724545
-2.1827284105131417	0.002844438508789093
-2.1727158948685856	0.0012510138044311532
-2.1627033792240296	0.00047902801617745314
-2.1526908635794744	0.00018126196965054283
-2.1426783479349183	0.00014227001007833932
-2.132665832290363	0.00031199526895068895
-2.122653316645807	0.0007820297344023789
-2.112640801001252	0.0017235452016796996
-2.1026282853566958	0.003270260350311652
-2.0926157697121397	0.005386244259319664
-2.0826032540675845	0.00787462675741179
-2.0725907384230284	0.010683415606774927
-2.0625782227784732	0.014407449613588544
-2.052565707133917	0.02053619298180863
-2.042553191489362	0.0309709538404071
-2.032540675844806	0.0468335942574143
-2.02252816020025	0.0672853699362843
-2.0125156445556946	0.08934298555069568
-2.0025031289111386	0.10912002211539067
-1.9924906132665834	0.123825350882564
-1.9824780976220273	0.13317460976895845
-1.9724655819774712	0.13934875551122466
-1.962453066332916	0.14579750593433613
-1.95244055068836	0.15583887342466549
-1.9424280350438048	0.1717226723966456
-1.9324155193992487	0.19432211244342357
-1.9224030037546935	0.2235343253306361
-1.9123904881101375	0.25943796115382767
-1.9023779724655814	0.30362526900403286
-1.8923654568210262	0.35938533431639214
-1.8823529411764701	0.42995693915671973
-1.872340425531915	0.5159628943330098
-1.8623279098873589	0.6142151592758648
-1.8523153942428037	0.7187418083103638
-1.8423028785982476	0.8228460784429519
-1.8322903629536915	0.9209215606144859
-1.8222778473091363	1.0099425057646365
-1.8122653316645803	1.0903921225679452
-1.802252816020025	1.1653670052436216
-1.792240300375469	1.2376221245231183
-1.7822277847309138	1.3069397724398766
-1.7722152690863577	1.370476391099738
-1.7622027534418017	1.4256947081961044
-1.7521902377972465	1.4728831347977192
-1.7421777221526904	1.5150173964612303
-1.7321652065081352	1.5554498186052679
-1.7221526908635791	1.5955605788432075
-1.712140175219024	1.633938193497895
-1.7021276595744679	1.6672968442837572
-1.6921151439299118	1.692776896335545
-1.6821026282853566	1.710887880093541
-1.6720901126408005	1.727088459464945
-1.6620775969962454	1.7496945266985908
-1.6520650813516893	1.7847660962694638
-1.642052565707134	1.8322794457318403
-1.632040050062578	1.8870421775747515
-1.622027534418022	1.942728310818882
-1.6120150187734668	1.994546652313547
-1.6020025031289107	2.0389866826823226
-1.5919899874843555	2.07323106651019
-1.5819774718397994	2.096157732634021
-1.5719649561952442	2.1089444047478514
-1.5619524405506882	2.1130023493809142
-1.551939924906132	2.107420164415088
-1.541927409261577	2.089950325409009
-1.5319148936170208	2.060744635139762
-1.5219023779724656	2.023600175977308
-1.5118898623279096	1.982823646707695
-1.5018773466833544	1.9400956956221036
-1.4918648310387983	1.8953278942028553
-1.4818523153942422	1.8494801515095047
-1.471839799749687	1.8048953921880697
-1.461827284105131	1.762781489550043
-1.4518147684605758	1.7215459237845947
-1.4418022528160197	1.6783859523725806
-1.4317897371714645	1.6322319678179473
-1.4217772215269084	1.584538016056104
-1.4117647058823524	1.5370710483729175
-1.4017521902377972	1.4890357196100104
-1.391739674593241	1.4361025580329632
-1.381727158948686	1.3720346808376414
-1.3717146433041298	1.2921526796622118
-1.3617021276595747	1.1971432210816608
-1.3516896120150186	1.0949732763645277
-1.3416770963704625	0.998832018480179
-1.3316645807259073	0.9212673211507078
-1.3216520650813512	0.8677091072003763
-1.311639549436796	0.8336250461780575
-1.30162703379224	0.8075806799478642
-1.2916145181476848	0.7786782898893847
-1.2816020025031287	0.7433778842443659
-1.2715894868585726	0.706331204977559
-1.2615769712140175	0.6744225015839538
-1.2515644555694614	0.649690691077492
-1.2415519399249062	0.6281488848011191
-1.2315394242803501	0.6052571323111929
-1.221526908635795	0.5818072799260572
-1.2115143929912389	0.5642067281306287
-1.2015018773466828	0.5595178452717161
-1.1914893617021276	0.5703547836892134
-1.1814768460575715	0.5936148242571743
-1.1714643304130163	0.6229734748502648
-1.1614518147684603	0.6527391790684528
-1.151439299123905	0.6809432655204631
-1.141426783479349	0.7104510877943043
-1.131414267834793	0.7474463056192163
-1.1214017521902377	0.7977624468965516
-1.1113892365456817	0.8633589044716568
-1.1013767209011265	0.9418147546706084
-1.0913642052565704	1.0294813735076092
-1.0813516896120152	1.125479024173534
-1.0713391739674591	1.2325732390096409
-1.061326658322903	1.3536490354271984
-1.0513141426783479	1.486654386286498
-1.0413016270337918	1.6225279773071755
-1.0312891113892366	1.7481119167392414
-1.0212765957446805	1.8518905447031406
-1.0112640801001254	1.9287513960103164
-1.0012515644555693	1.9817728800222543
-0.9912390488110132	2.0211005099613035
-0.981226533166458	2.060092498726373
-0.971214017521902	2.1092233991534495
-0.9612015018773468	2.170613024928799
-0.9511889862327907	2.237519421294056
-0.9411764705882355	2.3000479928599704
-0.9311639549436794	2.352860144600931
-0.9211514392991234	2.3986585671378693
-0.9111389236545682	2.4448136128307967
-0.9011264080100121	2.496227539752999
-0.8911138923654569	2.5505865242962136
-0.8811013767209008	2.600188946062854
-0.8710888610763456	2.638968011409646
-0.8610763454317896	2.66840121299746
-0.8510638297872335	2.6960483184215276
-0.8410513141426783	2.7266610241997147
-0.8310387984981222	2.7539649639582566
-0.821026282853567	2.7629982707354754
-0.811013767209011	2.7436076419493824
-0.8010012515644558	2.7028112665549373
-0.7909887359198997	2.6622556072746857
-0.7809762202753436	2.641512769593497
-0.7709637046307884	2.643336368772598
-0.7609511889862324	2.654647533267231
-0.7509386733416772	2.65941797125064
-0.7409261576971211	2.648408868710432
-0.7309136420525659	2.6182340613685935
-0.7209011264080099	2.566199707541672
-0.7108886107634538	2.490070381409404
-0.7008760951188986	2.3931290907268363
-0.6908635794743425	2.2876119197896623
-0.6808510638297873	2.1911526085083586
-0.6708385481852313	2.117634247120808
-0.6608260325406761	2.069192145139112
-0.65081351689612	2.0360022255051016
-0.6408010012515639	2.004446362981476
-0.6307884856070087	1.9668431370321517
-0.6207759699624527	1.924620481313054
-0.6107634543178975	1.8835137999395364
-0.6007509386733414	1.8468217268430145
-0.5907384230287862	1.81301748677172
-0.5807259073842301	1.7782125869705268
-0.5707133917396741	1.739724826761012
-0.5607008760951189	1.6981593638718684
-0.5506883604505628	1.6582832158271406
-0.5406758448060076	1.6288999868091987
-0.5306633291614515	1.6200939004855506
-0.5206508135168963	1.637299750397632
-0.5106382978723403	1.6759130416582748
-0.5006257822277842	1.7217629166663353
-0.490613266583229	1.7581279592847996
-0.48060075093867294	1.7739936267548222
-0.47058823529411775	1.7680790272744191
-0.4605757196495617	1.748047935424548
-0.4505632040050065	1.7273454917030102
-0.4405506883604504	1.720844911335056
-0.43053817271589434	1.7393753872391022
-0.42052565707133915	1.7848111758372733
-0.4105131414267831	1.848492583771212
-0.4005006257822279	1.9139734842113008
-0.3904881101376718	1.9628274197618303
-0.38047559449311663	1.9814083843513883
-0.37046307884856056	1.9659682822397881
-0.3604505632040045	1.9235332231887983
-0.3504380475594493	1.8682175629092477
-0.3404255319148932	1.815859654948331
-0.33041301627033803	1.7801246202567511
-0.32040050062578196	1.7702972718699566
-0.3103879849812259	1.7892250056074892
-0.3003754693366707	1.831782698029573
-0.2903629536921146	1.8865227744654274
-0.28035043804755944	1.941414405018382
-0.27033792240300336	1.990003004930268
-0.2603254067584482	2.032813557127156
-0.2503128911138921	2.07309795205727
-0.24030037546933602	2.1116088833594553
-0.23028785982478084	2.1455282025715077
-0.22027534418022476	2.1716435512412438
-0.21026282853566958	2.1896513887149553
-0.2002503128911135	2.202727885311312
-0.19023779724655832	2.2161933435579053
-0.18022528160200224	2.235716406256522
-0.17021276595744617	2.2648633001987015
-0.16020025031289098	2.302626489652147
-0.1501877346683349	2.3439884311847106
-0.14017521902377972	2.38482701976161
-0.13016270337922364	2.4267655925046223
-0.12015018773466846	2.4759392779361264
-0.11013767209011238	2.5360441729096115
-0.10012515644555631	2.60319913986995
-0.09011264080100112	2.6686479409115895
-0.08010012515644505	2.726306873016029
-0.07008760951188986	2.7766008818443533
-0.060075093867333784	2.822992734980086
-0.0500625782227786	2.8667051624023236
-0.04005006257822252	2.906589833790908
-0.030037546933666448	2.9437536366507295
-0.02002503128911126	2.9848830140946476
-0.010012515644555187	3.04065063667346
0.0	3.12075835146836
