-8.0	8.032890893142424
-7.989987484355444	8.124903393518384
-7.979974968710889	8.239047877157391
-7.969962453066333	8.36618768037793
-7.9599499374217775	8.517421311037936
-7.949937421777221	8.706068749032957
-7.939924906132666	8.924541322577056
-7.92991239048811	9.17407622222716
-7.919899874843554	9.4228308216897
-7.909887359198999	9.669822220938443
-7.899874843554443	9.937207020134215
-7.889862327909888	10.204376297739927
-7.8798498122653315	10.395874876030087
-7.869837296620776	10.520958380452681
-7.85982478097622	10.62806096143075
-7.849812265331664	10.757003043809299
-7.839799749687109	10.944027582292126
-7.829787234042553	11.194807323624838
-7.819774718397998	11.476308162146763
-7.809762202753442	11.765345328702
-7.7997496871088865	12.073267775308219
-7.78973717146433	12.435893518819533
-7.779724655819774	12.880456182211363
-7.769712140175219	13.396260362359428
-7.759699624530663	13.917838063687515
-7.749687108886108	14.406781538846834
-7.739674593241552	14.860739784512566
-7.729662077596997	15.28169560416343
-7.719649561952441	15.680573262063659
-7.7096370463078845	16.127095545078298
-7.699624530663329	16.65179076466688
-7.689612015018773	17.217337540019468
-7.679599499374218	17.76115230268213
-7.669586983729662	18.244439271132645
-7.659574468085107	18.65724634362623
-7.649561952440551	18.999981345203235
-7.639549436795995	19.273088439378004
-7.629536921151439	19.488289425625553
-7.619524405506883	19.66202775156986
-7.609511889862328	19.804299236780896
-7.599499374217772	19.913162611324612
-7.589486858573217	19.972923665505217
-7.579474342928661	19.966802245840377
-7.569461827284105	19.901446102616703
-7.55944931163955	19.80678399199883
-7.5494367959949935	19.727047588105584
-7.539424280350438	19.69140664977196
-7.529411764705882	19.68008750923524
-7.519399249061326	19.636392549090786
-7.509386733416771	19.510814882430687
-7.499374217772215	19.305029101414156
-7.48936170212766	19.062573029243893
-7.479349186483104	18.805778957203238
-7.4693366708385485	18.54470863154597
-7.459324155193992	18.304113123540976
-7.449311639549437	18.111269034306815
-7.439299123904881	17.9830463130955
-7.429286608260325	17.922389526410875
-7.41927409261577	17.92740353325491
-7.409261576971214	18.001001800096425
-7.399249061326659	18.13223668792131
-7.3892365456821025	18.291860937799
-7.3792240300375465	18.448992377665427
-7.369211514392991	18.5743090588218
-7.359198998748435	18.641240174201997
-7.34918648310388	18.63968557999479
-7.339173967459324	18.575042498939673
-7.329161451814769	18.45759674177578
-7.319148936170213	18.305058085599203
-7.3091364205256575	18.13407295415167
-7.299123904881101	17.960547588268714
-7.289111389236545	17.815922631739095
-7.27909887359199	17.73697892715397
-7.269086357947434	17.715777582762243
-7.259073842302879	17.694914761869068
-7.249061326658323	17.61100181043826
-7.239048811013767	17.438543542230907
-7.2290362953692116	17.19028073998613
-7.2190237797246555	16.872833246914794
-7.2090112640801	16.480269742132243
-7.198998748435544	16.022849748599462
-7.188986232790989	15.524104757770795
-7.178973717146433	15.016499855175178
-7.168961201501878	14.531016180701602
-7.158948685857322	14.065124209598494
-7.148936170212766	13.603398198003399
-7.13892365456821	13.157093979429385
-7.128911138923654	12.752300808121104
-7.118898623279099	12.399323141085357
-7.108886107634543	12.089341897691847
-7.098873591989987	11.819299311719384
-7.088861076345432	11.5828526055717
-7.078848560700876	11.363425101252849
-7.068836045056321	11.191257321166416
-7.0588235294117645	11.090357187275137
-7.048811013767209	11.043933700173628
-7.038798498122653	11.047335148685734
-7.028785982478098	11.10827600179015
-7.018773466833542	11.236218242933191
-7.008760951188986	11.428884845171167
-6.998748435544431	11.68143033622945
-6.988735919899875	11.990422074412008
-6.9787234042553195	12.334658220880842
-6.968710888610763	12.684155966877148
-6.958698372966207	13.01791208011946
-6.948685857321652	13.322795004118403
-6.938673341677096	13.551178188690141
-6.928660826032541	13.691722438109379
-6.918648310387985	13.763540252826386
-6.908635794743429	13.770714610295455
-6.8986232790988735	13.725863338037751
-6.888610763454318	13.662792989176666
-6.878598247809762	13.599748024848704
-6.868585732165206	13.521002344100541
-6.858573216520651	13.39901369638076
-6.848560700876095	13.232526263267841
-6.83854818523154	13.0546558862964
-6.828535669586984	12.87839943287917
-6.818523153942428	12.693705794536225
-6.808510638297872	12.489256761463214
-6.798498122653316	12.238187940749096
-6.788485607008761	11.933277737559921
-6.778473091364205	11.591626299992004
-6.768460575719649	11.252251364381454
-6.758448060075094	10.977137678639306
-6.748435544430539	10.765055943368345
-6.7384230287859825	10.57035547577793
-6.7284105131414265	10.372941864422794
-6.718397997496871	10.171451945680296
-6.708385481852315	9.954465788140876
-6.69837296620776	9.729207639345379
-6.688360450563204	9.665798499191135
-6.678347934918648	9.614375553312243
-6.668335419274093	9.599063012606646
-6.658322903629537	9.777950267897134
-6.648310387984981	10.11015542712428
-6.638297872340425	10.858665069726301
-6.628285356695869	11.570012260485559
-6.618272841051314	12.454878606104419
-6.608260325406759	13.386149912815407
-6.598247809762203	14.288209440668759
-6.588235294117647	15.09701901301468
-6.578222778473092	15.789170321369253
-6.5682102628285355	16.41082905768397
-6.55819774718398	17.00772826176233
-6.548185231539424	17.55150990746568
-6.538172715894868	18.20056218506842
-6.528160200250313	18.99435396008243
-6.518147684605757	19.881942285741875
-6.508135168961202	20.81902491994006
-6.498122653316646	21.809816951501393
-6.4881101376720896	22.889105138795237
-6.478097622027534	24.096617847161696
-6.468085106382979	25.394575692078956
-6.458072590738423	26.734673202885237
-6.448060075093867	28.102684384905526
-6.438047559449312	29.49013197265896
-6.428035043804756	30.893212137228645
-6.418022528160201	32.2689767657063
-6.4080100125156445	33.535220953941746
-6.397997496871088	34.65754662518642
-6.387984981226533	35.609446916659984
-6.377972465581977	36.403051330891174
-6.367959949937422	37.047032696466204
-6.357947434292866	37.489304270403125
-6.34793491864831	37.64466666175823
-6.337922403003755	37.43920815614805
-6.3279098873591995	36.894577169700774
-6.317897371714643	36.09566663376859
-6.307884856070087	35.16861820428427
-6.297872340425532	34.236872030998335
-6.287859824780976	33.367049869253705
-6.277847309136421	32.549998051988595
-6.267834793491865	31.811178239471907
-6.257822277847309	31.099159994865033
-6.2478097622027535	30.46577724215502
-6.2377972465581975	30.128097740079863
-6.227784730913642	30.438523903519624
-6.217772215269086	31.19817005533528
-6.20775969962453	32.29706271570589
-6.197747183979975	33.60575491516404
-6.18773466833542	34.66259598851521
-6.177722152690864	35.7231221146693
-6.167709637046308	36.912267539960936
-6.157697121401752	38.244526938795524
-6.147684605757196	39.68619951419983
-6.137672090112641	40.935804674206004
-6.127659574468085	42.19521347332512
-6.117647058823529	43.49782340247261
-6.107634543178974	44.80695828640711
-6.097622027534418	46.0899238249859
-6.0876095118898625	47.28543038919965
-6.0775969962453065	48.351058275574886
-6.06758448060075	49.23817216791305
-6.057571964956195	49.84840057939254
-6.04755944931164	50.21425463679799
-6.037546933667084	50.481912389646155
-6.027534418022528	50.802930806026104
-6.017521902377973	51.08068371430362
-6.007509386733417	51.227280326962024
-5.997496871088861	51.29868241031811
-5.987484355444305	51.320326997472144
-5.977471839799749	51.2546318824446
-5.967459324155194	51.12344456137674
-5.957446808510639	50.95183259870304
-5.947434292866083	50.71821600419715
-5.937421777221527	50.45495283311298
-5.927409261576971	50.188400543625285
-5.9173967459324155	49.85663998300952
-5.90738423028786	49.40228969980719
-5.897371714643304	48.787094804912435
-5.887359198998748	47.965157776237575
-5.877346683354192	46.90510498698525
-5.867334167709637	45.59181337157638
-5.857321652065082	44.10744223898425
-5.847309136420526	42.540592166357584
-5.83729662077597	40.893990853944835
-5.827284105131414	39.23389086601174
-5.817271589486858	37.6485092653953
-5.807259073842303	36.036477311147586
-5.797246558197747	34.374700426604406
-5.787234042553191	32.76603678070882
-5.777221526908636	31.21615099819329
-5.767209011264081	29.891658359146835
-5.7571964956195245	28.730939686063486
-5.747183979974968	27.74856091720091
-5.737171464330412	26.847760617576014
-5.727158948685857	26.096720909743663
-5.717146433041302	25.370891664125146
-5.707133917396746	24.778879718681996
-5.69712140175219	24.484461655665047
-5.687108886107635	24.33135420659139
-5.677096370463079	24.226462135729363
-5.667083854818523	24.150231588758956
-5.657071339173967	24.10043849225689
-5.647058823529411	24.06888665784938
-5.637046307884856	24.048952352270454
-5.627033792240301	24.03638866893693
-5.617021276595745	24.028336052731643
-5.607008760951189	24.02298719031636
-5.596996245306633	24.019289959768336
-5.5869837296620775	24.016644544313987
-5.576971214017522	24.014699447973612
-5.566958698372966	24.013238615858317
-5.55694618272841	24.012122543760793
-5.546933667083855	24.01125727903583
-5.536921151439299	24.01057742706268
-5.526908635794744	24.01003633150673
-5.516896120150188	24.009600089058836
-5.5068836045056315	24.009243723240296
-5.496871088861076	24.008948640084988
-5.486858573216521	24.008700882753608
-5.476846057571965	24.008489905096376
-5.466833541927409	24.008307693798173
-5.456821026282853	24.008148130959512
-5.446808510638298	24.008006525998034
-5.4367959949937426	24.00787926875717
-5.4267834793491865	24.007763570517984
-5.41677096370463	24.007657269441374
-5.406758448060075	24.007558683649286
-5.396745932415519	24.007466499789498
-5.386733416770964	24.007379688194742
-5.376720901126408	24.007297438080627
-5.366708385481852	24.007219107911816
-5.356695869837297	24.007144187295918
-5.346683354192741	24.007072267668153
-5.336670838548185	24.0070030196991
-5.326658322903629	24.006936175858403
-5.316645807259073	24.006871516939505
-5.306633291614518	24.006808861634745
-5.296620775969963	24.006748058461298
-5.286608260325407	24.006688979502684
-5.276595744680851	24.006631515552325
-5.2665832290362955	24.006575572341813
-5.256570713391739	24.00652106760792
-5.246558197747184	24.006467928808714
-5.236545682102628	24.006416091342068
-5.226533166458072	24.00636549715305
-5.216520650813517	24.0063160936418
-5.206508135168962	24.00626783280457
-5.196495619524406	24.006220670554235
-5.18648310387985	24.006174566180317
-5.1764705882352935	24.00612948191647
-5.166458072590738	24.006085382591248
-5.156445556946183	24.006042235343145
-5.146433041301627	24.00600000938566
-5.136420525657071	24.00595867581101
-5.126408010012516	24.005918207423985
-5.11639549436796	24.005878578599432
-5.1063829787234045	24.005839765158193
-5.0963704630788484	24.005801744257845
-5.086357947434292	24.00576449429501
-5.076345431789737	24.00572799481748
-5.066332916145182	24.005692226443973
-5.056320400500626	24.005657170790478
-5.04630788485607	24.005622810402276
-5.036295369211514	24.0055891286907
-5.026282853566959	24.005556109874256
-5.016270337922403	24.005523738923404
-5.006257822277847	24.005492001509133
-4.996245306633291	24.00546088395438
-4.986232790988735	24.005430373188766
-4.97622027534418	24.005400456705903
-4.966207759699625	24.005371122523552
-4.956195244055069	24.005342359146226
-4.946182728410513	24.005314155530098
-4.9361702127659575	24.005286501050357
-4.926157697121402	24.005259385470662
-4.916145181476846	24.005232798914655
-4.90613266583229	24.005206731839426
-4.896120150187734	24.005181175010975
-4.886107634543179	24.005156119481317
-4.876095118898624	24.00513155656731
-4.866082603254068	24.005107477562028
-4.8560700876095115	23.90898286768182
-4.8460575719649555	23.598210702941245
-4.8360450563204	23.133577894266264
-4.826032540675845	22.09261764345019
-4.816020025031289	20.575200588407252
-4.806007509386733	19.654343345334713
-4.795994993742178	17.720637412902263
-4.785982478097623	14.984648415017004
-4.7759699624530665	12.418953206650865
-4.76595744680851	10.21534943546645
-4.755944931163954	6.504618844290176
-4.745932415519399	5.398946070560019
-4.735919899874844	3.639006732191653
-4.725907384230288	3.1357003832885697
-4.715894868585732	2.235810775412398
-4.705882352941176	1.521282823558193
-4.6958698372966206	1.0345844071780095
-4.685857321652065	0.7575476296752439
-4.675844806007509	0.5809341650477106
-4.665832290362953	0.7158471271869952
-4.655819774718398	0.8138140526749965
-4.645807259073843	1.2748758900717192
-4.635794743429287	1.847298315547466
-4.625782227784731	2.031651892536899
-4.615769712140175	2.491001602090691
-4.605757196495619	3.3604297174045157
-4.595744680851064	4.269369107153678
-4.585732165206508	5.598804472458565
-4.575719649561952	6.481752482062251
-4.565707133917396	7.568439197889211
-4.555694618272841	8.910952717519283
-4.545682102628286	10.395944293587418
-4.53566958698373	12.71041570076366
-4.5256570713391735	14.130698797256024
-4.515644555694618	16.379118439533773
-4.505632040050063	18.396931775603647
-4.495619524405507	20.008348099700836
-4.485607008760951	22.15561485748581
-4.475594493116395	22.851872040855543
-4.46558197747184	24.07772866019745
-4.4555694618272845	24.670735701899716
-4.4455569461827285	24.87953507944272
-4.435544430538172	25.065466752677423
-4.425531914893616	25.395297859454065
-4.415519399249061	25.39457928429808
-4.405506883604506	25.394608054100054
-4.39549436795995	25.615057572227755
-4.385481852315394	25.61508951964536
-4.375469336670839	25.615123192026722
-4.365456821026283	25.615158689349187
-4.355444305381727	25.615196117044256
-4.345431789737171	25.615235587205888
-4.335419274092615	25.61527721905909
-4.32540675844806	25.615321139465532
-4.315394242803505	25.61536748346899
-4.305381727158949	25.615416394884555
-4.295369211514393	25.61546802693519
-4.285356695869837	25.615522542939946
-4.275344180225281	25.615580117058588
-4.265331664580726	25.615640935097524
-4.25531914893617	25.615705195382898
-4.245306633291614	25.61577310970686
-4.235294117647059	25.61584490435376
-4.225281602002504	25.615920821214022
-4.215269086357948	25.616001118993566
-4.2052565707133915	25.61608607452821
-4.1952440550688355	25.61617598421299
-4.18523153942428	25.616271165557347
-4.175219023779725	25.616371958878695
-4.165206508135169	25.616478729147758
-4.155193992490613	25.61659186800085
-4.145181476846057	25.61671179593561
-4.135168961201502	25.616838964708798
-4.1251564455569465	25.61697385995668
-4.11514392991239	25.617117004060663
-4.105131414267834	25.617268959283898
-4.095118898623279	25.617430331206666
-4.085106382978723	25.617601772492872
-4.075093867334168	25.617783987022147
-4.065081351689612	25.617977734427843
-4.055068836045056	25.618183835084924
-4.045056320400501	25.618403175597948
-4.035043804755945	25.618636714845543
-4.025031289111389	25.618885490645148
-4.015018773466833	25.619150627110876
-4.005006257822277	25.61943334278734
-3.994993742177722	25.619734959654693
-3.9849812265331668	25.620056913115455
-3.9749687108886107	25.620400763090753
-3.9649561952440546	25.620768206377825
-3.9549436795994994	25.62116109044727
-3.9449311639549434	25.621581428896345
-3.934918648310388	25.622031418820754
-3.924906132665832	25.62251346043068
-3.914893617021277	25.623030179320597
-3.904881101376721	25.62358445191755
-3.8948685857321648	25.624179434791632
-3.8848560700876096	25.624818598737033
-3.8748435544430535	25.625505768849443
-3.8648310387984983	25.626245172284356
-3.8548185231539422	25.627041496044704
-3.844806007509387	25.62789995812435
-3.834793491864831	25.628826396787616
-3.824780976220275	25.629827384967296
-3.8147684605757197	25.630910380181124
-3.8047559449311636	25.632083925867992
-3.7947434292866085	25.633357929398997
-3.7847309136420524	25.63474405924646
-3.774718397997497	25.636256339138313
-3.764705882352941	25.637912099746043
-3.754693366708385	25.639733671335094
-3.74468085106383	25.641751886018348
-3.734668335419274	25.64401481134952
-3.7246558197747186	25.646613928659924
-3.7146433041301625	25.64977449788039
-3.7046307884856065	25.654187649747257
-3.6946182728410513	25.66206820045943
-3.684605757196495	25.67814925147921
-3.67459324155194	25.704695356282954
-3.664580725907384	25.739769399086676
-3.6545682102628287	25.78318757764709
-3.6445556946182727	25.85633240413816
-3.6345431789737166	25.985241838476067
-3.6245306633291614	26.151870690335222
-3.6145181476846053	26.345789888739837
-3.60450563204005	26.604055224675303
-3.594493116395494	26.973661788403543
-3.584480600750939	27.42158229182496
-3.574468085106383	28.039802542605145
-3.5644555694618267	28.82623283350745
-3.5544430538172715	29.71595338549785
-3.5444305381727155	30.679786281105184
-3.5344180225281603	31.676677558985354
-3.524405506883604	32.79053285042693
-3.514392991239049	34.02826152845873
-3.504380475594493	35.31291574249806
-3.494367959949937	36.59304430894408
-3.4843554443053817	37.86359290827337
-3.4743429286608256	39.03398223598897
-3.4643304130162704	40.19665977466696
-3.4543178973717144	41.3937369600297
-3.444305381727159	42.47541728819587
-3.434292866082603	43.34600781711254
-3.424280350438047	44.19997214483234
-3.414267834793492	45.08088873772325
-3.4042553191489358	45.86857642048657
-3.3942428035043806	46.51683487672805
-3.3842302878598245	46.9796050310614
-3.3742177722152693	47.325929013912656
-3.3642052565707132	47.630546646283804
-3.354192740926157	47.92173639741035
-3.344180225281602	48.104943384779986
-3.334167709637046	48.115991250107406
-3.3241551939924907	48.05265513037391
-3.3141426783479346	47.98199033603545
-3.3041301627033794	47.9320697173147
-3.2941176470588234	47.76882520536438
-3.2841051314142673	47.41529162462916
-3.274092615769712	46.91925754714327
-3.264080100125156	46.47894913905932
-3.254067584480601	46.1504839228278
-3.2440550688360448	45.72227893877562
-3.2340425531914896	45.203948865940745
-3.2240300375469335	44.69945872613051
-3.2140175219023774	44.13500406750121
-3.2040050062578223	43.517166424857855
-3.193992490613266	42.742110479813434
-3.183979974968711	41.720851058324236
-3.173967459324155	40.623552038367556
-3.1639549436795997	39.352835919173245
-3.1539424280350437	37.95373858427118
-3.1439299123904876	36.68491810768824
-3.1339173967459324	35.43648608141874
-3.1239048811013763	34.20360960226508
-3.113892365456821	32.90983700699119
-3.103879849812265	31.561623724938077
-3.09386733416771	30.42328101673355
-3.083854818523154	29.649869079831742
-3.0738423028785977	28.978919069844206
-3.0638297872340425	28.25011855022254
-3.0538172715894865	27.562606240417107
-3.0438047559449313	26.963993645841647
-3.033792240300375	26.53953391619342
-3.02377972465582	26.255541103078365
-3.013767209011264	26.004349104303483
-3.003754693366708	25.714455295525482
-2.9937421777221527	25.50273451430589
-2.9837296620775966	25.397375170585967
-2.9737171464330414	25.276845450893184
-2.9637046307884853	24.701248542887903
-2.95369211514393	24.24400248745149
-2.943679599499374	24.14320225509841
-2.933667083854818	24.25543619788102
-2.923654568210263	24.261283919199247
-2.9136420525657067	24.485243772243482
-2.9036295369211516	24.594940789478525
-2.8936170212765955	24.66624749690508
-2.8836045056320403	25.096497133116934
-2.873591989987484	25.51384290234525
-2.863579474342928	25.94325613620395
-2.853566958698373	26.248518087270522
-2.843554443053817	26.496971706522572
-2.8335419274092617	26.732160745951916
-2.8235294117647056	26.872193588173246
-2.8135168961201504	27.119821575566128
-2.8035043804755944	27.594309726378334
-2.7934918648310383	28.01306861330814
-2.783479349186483	28.52639223265908
-2.773466833541927	29.023484734519055
-2.763454317897372	29.584137914820015
-2.7534418022528158	30.321579312369433
-2.7434292866082606	31.15867130103992
-2.7334167709637045	32.041339367668286
-2.7234042553191484	33.006213041293584
-2.7133917396745932	33.88581695252314
-2.703379224030037	34.70016771221444
-2.693366708385482	35.48035763480047
-2.683354192740926	36.2308973493941
-2.6733416770963707	36.89134831975937
-2.6633291614518146	37.422302213698764
-2.6533166458072586	37.6862454814445
-2.6433041301627034	37.721571070782666
-2.6332916145181473	37.568362694932894
-2.623279098873592	37.22068627726133
-2.613266583229036	36.79233058786728
-2.603254067584481	36.304719529540904
-2.593241551939925	35.732571872269865
-2.5832290362953687	35.086877159804594
-2.5732165206508135	34.437499742738986
-2.5632040050062574	33.83172088455179
-2.5531914893617023	33.173867084050094
-2.543178973717146	32.29361540327223
-2.533166458072591	31.185216045281628
-2.523153942428035	30.026381049894205
-2.513141426783479	28.869584358308384
-2.5031289111389237	27.684595450726015
-2.4931163954943676	26.404952121584593
-2.4831038798498124	25.047894764193178
-2.4730913642052563	23.845335084828584
-2.463078848560701	22.886083569227512
-2.453066332916145	22.053062979381846
-2.443053817271589	21.239603559122095
-2.433041301627034	20.38967586457937
-2.4230287859824777	19.644693358362055
-2.4130162703379225	18.976259283468824
-2.4030037546933665	18.36548907432985
-2.3929912390488113	18.057227284257852
-2.382978723404255	17.864039863440805
-2.372966207759699	17.70980898118235
-2.362953692115144	17.61898067374257
-2.352941176470588	17.568752490077788
-2.3429286608260327	17.515232314827863
-2.3329161451814766	17.438935603177836
-2.3229036295369214	17.316611075222788
-2.3128911138923653	17.265733076721588
-2.3028785982478093	17.253062718395174
-2.292866082603254	17.25405445081872
-2.282853566958698	17.2555759746353
-2.272841051314143	17.252948374147312
-2.2628285356695867	17.249677851921042
-2.2528160200250316	17.2485927167022
-2.2428035043804755	17.248778813160573
-2.2327909887359194	17.249356338105795
-2.2227784730913642	17.25002706452972
-2.212765957446808	17.25070684797646
-2.202753441802253	17.251367830317548
-2.192740926157697	17.25199706169614
-2.1827284105131417	17.25258715915187
-2.1727158948685856	17.253134070504487
-2.1627033792240296	17.253636174451163
-2.1526908635794744	17.254093622678845
-2.1426783479349183	17.254507788532994
-2.132665832290363	17.254880825944745
-2.122653316645807	17.25521533756274
-2.112640801001252	17.255514137388907
-2.1026282853566958	17.25578008819759
-2.0926157697121397	17.256015994897172
-2.0826032540675845	17.256218605255164
-2.0725907384230284	17.248604434190863
-2.0625782227784732	17.16834819393994
-2.052565707133917	17.109268615112562
-2.042553191489362	17.10936114117777
-2.032540675844806	17.101012925959978
-2.02252816020025	17.10109844009232
-2.0125156445556946	17.08606440103769
-2.0025031289111386	17.08592576081839
-1.9924906132665834	17.09211870388931
-1.9824780976220273	17.10297840900304
-1.9724655819774712	17.028171455133606
-1.962453066332916	17.030894450987358
-1.95244055068836	17.021616266837377
-1.9424280350438048	16.994377425941494
-1.9324155193992487	17.205945103023698
-1.9224030037546935	17.30237138016878
-1.9123904881101375	17.192502117058986
-1.9023779724655814	17.273958046289838
-1.8923654568210262	17.491435824106073
-1.8823529411764701	17.54119642533258
-1.872340425531915	17.818812282331038
-1.8623279098873589	17.944089259013847
-1.8523153942428037	18.113977707018353
-1.8423028785982476	18.422982159702258
-1.8322903629536915	18.59293607173068
-1.8222778473091363	18.72988914701376
-1.8122653316645803	18.87831600943009
-1.802252816020025	19.047462898342488
-1.792240300375469	19.204355151616188
-1.7822277847309138	19.388032932961924
-1.7722152690863577	19.43083166523999
-1.7622027534418017	19.431571047384832
-1.7521902377972465	19.48230088810752
-1.7421777221526904	19.483099693090125
-1.7321652065081352	19.48386341492698
-1.7221526908635791	19.484638101827397
-1.712140175219024	19.48542273667162
-1.7021276595744679	19.48621624874372
-1.6921151439299118	19.487017603420867
-1.6821026282853566	19.487826014190297
-1.6720901126408005	19.488641475491402
-1.6620775969962454	19.489466175457746
-1.6520650813516893	19.490308371062554
-1.642052565707134	19.491193145053867
-1.632040050062578	19.492191740963335
-1.622027534418022	19.49349521534707
-1.6120150187734668	19.495552422506123
-1.6020025031289107	19.49907832508018
-1.5919899874843555	19.504169849912326
-1.5819774718397994	19.509192871920202
-1.5719649561952442	19.512706587792177
-1.5619524405506882	19.51521994930391
-1.551939924906132	19.51958091267721
-1.541927409261577	19.539302440072824
-1.5319148936170208	19.582970763931183
-1.5219023779724656	19.61669144112962
-1.5118898623279096	19.66603485489898
-1.5018773466833544	19.692720680131888
-1.4918648310387983	19.723300877514788
-1.4818523153942422	19.760965487305057
-1.471839799749687	19.79638877106126
-1.461827284105131	19.84284683654213
-1.4518147684605758	19.909142566871047
-1.4418022528160197	20.023226163049525
-1.4317897371714645	20.148899140100912
-1.4217772215269084	20.26602268547073
-1.4117647058823524	20.392703848027057
-1.4017521902377972	20.540236905777302
-1.391739674593241	20.716290262117802
-1.381727158948686	20.98738909639843
-1.3717146433041298	21.365723338744207
-1.3617021276595747	21.800028846374694
-1.3516896120150186	22.259346946610286
-1.3416770963704625	22.725464868303707
-1.3316645807259073	23.191314222908154
-1.3216520650813512	23.68407530384749
-1.311639549436796	24.31246426319528
-1.30162703379224	24.903956589205404
-1.2916145181476848	25.38164728643611
-1.2816020025031287	25.918389855308877
-1.2715894868585726	26.470474793747872
-1.2615769712140175	26.954878311011857
-1.2515644555694614	27.417103056235234
-1.2415519399249062	27.792781328898645
-1.2315394242803501	28.14386168527937
-1.221526908635795	28.51149708536526
-1.2115143929912389	28.89532261886375
-1.2015018773466828	29.23708670745933
-1.1914893617021276	29.42475905185683
-1.1814768460575715	29.468636598116483
-1.1714643304130163	29.385542549551136
-1.1614518147684603	29.15177378959823
-1.151439299123905	28.786220382137767
-1.141426783479349	28.2682201932893
-1.131414267834793	27.55618340848107
-1.1214017521902377	26.723600954909877
-1.1113892365456817	25.917569691644147
-1.1013767209011265	25.220190757902856
-1.0913642052565704	24.57972320858309
-1.0813516896120152	23.916012065878995
-1.0713391739674591	23.181174745843034
-1.061326658322903	22.43954990981806
-1.0513141426783479	21.798954780480223
-1.0413016270337918	21.273724391322297
-1.0312891113892366	20.796509578662405
-1.0212765957446805	20.244247294584003
-1.0112640801001254	19.65769834795651
-1.0012515644555693	19.05109930449916
-0.9912390488110132	18.580159076746217
-0.981226533166458	18.098812867127123
-0.971214017521902	17.6034456969595
-0.9612015018773468	17.1875095603965
-0.9511889862327907	16.808587138715595
-0.9411764705882355	16.535008306799032
-0.9311639549436794	16.36142602686307
-0.9211514392991234	16.34493618434189
-0.9111389236545682	16.424657844719118
-0.9011264080100121	16.498472547533424
-0.8911138923654569	16.546089446208978
-0.8811013767209008	16.57594127535888
-0.8710888610763456	16.619558954120766
-0.8610763454317896	16.672849510488994
-0.8510638297872335	16.75399487994033
-0.8410513141426783	16.832854198941845
-0.8310387984981222	16.854013111968516
-0.821026282853567	16.848403600745478
-0.811013767209011	16.8298043102269
-0.8010012515644558	16.808987676171036
-0.7909887359198997	16.771024723075286
-0.7809762202753436	16.686461924070393
-0.7709637046307884	16.5975763236414
-0.7609511889862324	16.523093217863316
-0.7509386733416772	16.465960131704758
-0.7409261576971211	16.43308129740152
-0.7309136420525659	16.431297507167372
-0.7209011264080099	16.409387982247445
-0.7108886107634538	16.363331130922113
-0.7008760951188986	16.314880552028395
-0.6908635794743425	16.243715366584723
-0.6808510638297873	16.13616289122217
-0.6708385481852313	15.949905311790356
-0.6608260325406761	15.759386861337614
-0.65081351689612	15.653618745627586
-0.6408010012515639	15.563931381493957
-0.6307884856070087	15.498811307673655
-0.6207759699624527	15.445318506289697
-0.6107634543178975	15.413960724434387
-0.6007509386733414	15.481845373320871
-0.5907384230287862	15.594120234322888
-0.5807259073842301	15.818830809719037
-0.5707133917396741	16.184584698402677
-0.5607008760951189	16.62805500460259
-0.5506883604505628	17.086446755322875
-0.5406758448060076	17.561538963826372
-0.5306633291614515	18.048089401597544
-0.5206508135168963	18.52137818042888
-0.5106382978723403	18.95300637359334
-0.5006257822277842	19.34960634495757
-0.490613266583229	19.720773193145238
-0.48060075093867294	20.096717843788365
-0.47058823529411775	20.52964014941606
-0.4605757196495617	21.002761183232153
-0.4505632040050065	21.445321560386915
-0.4405506883604504	21.86144087407879
-0.43053817271589434	22.29570122116126
-0.42052565707133915	22.736036667324903
-0.4105131414267831	23.144149392274862
-0.4005006257822279	23.496577771702
-0.3904881101376718	23.776191496936278
-0.38047559449311663	24.000235669329687
-0.37046307884856056	24.222286819620404
-0.3604505632040045	24.48665305132326
-0.3504380475594493	24.774812121217792
-0.3404255319148932	24.989204207464063
-0.33041301627033803	25.102372220755075
-0.32040050062578196	25.158881997369626
-0.3103879849812259	25.18380258111696
-0.3003754693366707	25.179536954362703
-0.2903629536921146	25.17931699616602
-0.28035043804755944	25.22676847875621
-0.27033792240300336	25.38209966746792
-0.2603254067584482	25.740255578566924
-0.2503128911138921	26.28809865851178
-0.24030037546933602	26.94709898085009
-0.23028785982478084	27.668375627937284
-0.22027534418022476	28.454157015892118
-0.21026282853566958	29.316434653894827
-0.2002503128911135	30.167764954207584
-0.19023779724655832	30.982074500604238
-0.18022528160200224	31.75453482987618
-0.17021276595744617	32.46066969064192
-0.16020025031289098	33.10413860051815
-0.1501877346683349	33.69162375433042
-0.14017521902377972	34.20518662279399
-0.13016270337922364	34.60256711809506
-0.12015018773466846	34.94635056024456
-0.11013767209011238	35.260483587600675
-0.10012515644555631	35.484249632786074
-0.09011264080100112	35.605364009899375
-0.08010012515644505	35.631811032872804
-0.07008760951188986	35.56613464040787
-0.060075093867333784	35.37277080802845
-0.0500625782227786	35.03790776337398
-0.04005006257822252	34.600385444651316
-0.030037546933666448	34.123285734417124
-0.02002503128911126	33.64531159474137
-0.010012515644555187	33.18090708481374
0.0	32.70591202626512
