-8.0	35.55230112761309
-7.989987484355444	35.81179042956276
-7.979974968710889	36.06399272516746
-7.969962453066333	36.29809642246557
-7.9599499374217775	36.50932582190997
-7.949937421777221	36.64230982683853
-7.939924906132666	36.644701986488286
-7.92991239048811	36.56246584058182
-7.919899874843554	36.433519319055776
-7.909887359198999	36.264421856091914
-7.899874843554443	36.08036957449166
-7.889862327909888	35.945330297081526
-7.8798498122653315	35.82229668126594
-7.869837296620776	35.603039752966325
-7.85982478097622	35.12401369670847
-7.849812265331664	34.33654961300214
-7.839799749687109	33.4302209543403
-7.829787234042553	32.53810940833322
-7.819774718397998	31.6591410255089
-7.809762202753442	30.773004277770514
-7.7997496871088865	29.865773025484966
-7.78973717146433	28.927555231365353
-7.779724655819774	27.954949854508257
-7.769712140175219	26.932472298224972
-7.759699624530663	25.86857305201554
-7.749687108886108	24.892153633931198
-7.739674593241552	24.09404999850131
-7.729662077596997	23.452213790414486
-7.719649561952441	22.92150519456441
-7.7096370463078845	22.399591140628566
-7.699624530663329	21.812498903561934
-7.689612015018773	21.20653715026294
-7.679599499374218	20.52131759750961
-7.669586983729662	19.744301550044163
-7.659574468085107	18.975119367621257
-7.649561952440551	18.05526763772979
-7.639549436795995	17.142963870934558
-7.629536921151439	16.258162172779212
-7.619524405506883	15.295168767736191
-7.609511889862328	14.358304852482496
-7.599499374217772	13.609211185388265
-7.589486858573217	12.879961155264203
-7.579474342928661	12.119857661395201
-7.569461827284105	11.388718058616535
-7.55944931163955	10.779762866397874
-7.5494367959949935	10.495417216669855
-7.539424280350438	10.45863908795837
-7.529411764705882	10.542376150769925
-7.519399249061326	10.704743084720514
-7.509386733416771	10.856597510580343
-7.499374217772215	10.909724012694706
-7.48936170212766	10.846528146916754
-7.479349186483104	10.747915625246836
-7.4693366708385485	10.628609780015385
-7.459324155193992	10.506908686422989
-7.449311639549437	10.415364018681926
-7.439299123904881	10.35259979561845
-7.429286608260325	10.352230892365208
-7.41927409261577	10.403003579036554
-7.409261576971214	10.50487461824806
-7.399249061326659	10.695068140916575
-7.3892365456821025	10.99315503191119
-7.3792240300375465	11.370381410857389
-7.369211514392991	11.784682858418003
-7.359198998748435	12.185632177626138
-7.34918648310388	12.546080304976474
-7.339173967459324	12.899577246897913
-7.329161451814769	13.259135349985733
-7.319148936170213	13.594090639550421
-7.3091364205256575	13.913258792907168
-7.299123904881101	14.22188067794647
-7.289111389236545	14.496454791181149
-7.27909887359199	14.71383718211698
-7.269086357947434	14.874508932868633
-7.259073842302879	15.019392621609693
-7.249061326658323	15.174181371859552
-7.239048811013767	15.3474633437689
-7.2290362953692116	15.554465820082802
-7.2190237797246555	15.80465911093283
-7.2090112640801	16.08855967394834
-7.198998748435544	16.381367131664422
-7.188986232790989	16.69337012468193
-7.178973717146433	17.05465817907885
-7.168961201501878	17.457307696184177
-7.158948685857322	17.871851541202204
-7.148936170212766	18.266289737800466
-7.13892365456821	18.629270286599617
-7.128911138923654	18.985524793198458
-7.118898623279099	19.340743128574942
-7.108886107634543	19.687647386185436
-7.098873591989987	20.00326316009647
-7.088861076345432	20.290854418726283
-7.078848560700876	20.59388590794442
-7.068836045056321	20.969900101136886
-7.0588235294117645	21.4731008255168
-7.048811013767209	22.069095207731003
-7.038798498122653	22.65515231288502
-7.028785982478098	23.18567155076965
-7.018773466833542	23.653117699145472
-7.008760951188986	24.023733988281794
-6.998748435544431	24.278121654235388
-6.988735919899875	24.46183377143012
-6.9787234042553195	24.63816958289847
-6.968710888610763	24.849761423487713
-6.958698372966207	25.14648124664718
-6.948685857321652	25.5320007020652
-6.938673341677096	26.007648954576926
-6.928660826032541	26.564286533869243
-6.918648310387985	27.0476698343894
-6.908635794743429	27.29126492728271
-6.8986232790988735	27.277564133307468
-6.888610763454318	27.146679513107337
-6.878598247809762	27.01132289096773
-6.868585732165206	27.060834864285955
-6.858573216520651	27.264253934528988
-6.848560700876095	27.47173576812161
-6.83854818523154	27.818869018924172
-6.828535669586984	28.328933500643775
-6.818523153942428	28.743575525557432
-6.808510638297872	29.10957707085724
-6.798498122653316	29.560283983282048
-6.788485607008761	30.059887010971597
-6.778473091364205	30.563871165498245
-6.768460575719649	31.094234943957417
-6.758448060075094	31.65866393722375
-6.748435544430539	32.15417141480033
-6.7384230287859825	32.48958288455638
-6.7284105131414265	32.981333247924404
-6.718397997496871	33.76108120579905
-6.708385481852315	34.64069672309636
-6.69837296620776	35.49059188733296
-6.688360450563204	36.3507986593832
-6.678347934918648	37.191791452977604
-6.668335419274093	37.95215000574204
-6.658322903629537	38.46514181145505
-6.648310387984981	38.91554866612399
-6.638297872340425	39.31577108736275
-6.628285356695869	39.70720092970296
-6.618272841051314	40.07776018984716
-6.608260325406759	40.42393593219739
-6.598247809762203	40.740327768063146
-6.588235294117647	40.96041558958863
-6.578222778473092	41.19387409933642
-6.5682102628285355	41.5625428889763
-6.55819774718398	41.99064971577916
-6.548185231539424	42.29286944040014
-6.538172715894868	42.45017515083871
-6.528160200250313	42.5004157717345
-6.518147684605757	42.53141966669411
-6.508135168961202	42.62580950533542
-6.498122653316646	42.76938632912844
-6.4881101376720896	42.938891747754774
-6.478097622027534	43.0547794177236
-6.468085106382979	43.04462036836125
-6.458072590738423	42.93644803029705
-6.448060075093867	42.85119259437286
-6.438047559449312	42.81659704258127
-6.428035043804756	42.72148515250397
-6.418022528160201	42.59475413388904
-6.4080100125156445	42.4346129340698
-6.397997496871088	42.26339345919522
-6.387984981226533	42.07549404322661
-6.377972465581977	41.873363573473114
-6.367959949937422	41.51186736766431
-6.357947434292866	40.88629362814909
-6.34793491864831	40.18520915557396
-6.337922403003755	39.51476027255217
-6.3279098873591995	38.84136141005077
-6.317897371714643	38.15613258978312
-6.307884856070087	37.50034451551042
-6.297872340425532	36.85322619005863
-6.287859824780976	36.1819734953914
-6.277847309136421	35.48221325616147
-6.267834793491865	34.789416502165224
-6.257822277847309	34.13931237086867
-6.2478097622027535	33.43126962202595
-6.2377972465581975	32.73500725996717
-6.227784730913642	32.086098631260725
-6.217772215269086	31.436952395931414
-6.20775969962453	30.797588291150912
-6.197747183979975	30.104892442977413
-6.18773466833542	29.446754534326555
-6.177722152690864	28.91616346484168
-6.167709637046308	28.410426702382495
-6.157697121401752	27.833265702119736
-6.147684605757196	27.12554713558215
-6.137672090112641	26.29955670604648
-6.127659574468085	25.562352024347142
-6.117647058823529	24.968882937816453
-6.107634543178974	24.22741745324852
-6.097622027534418	23.45328227042207
-6.0876095118898625	22.8350777853555
-6.0775969962453065	22.296136638998462
-6.06758448060075	21.849316814629997
-6.057571964956195	21.5430276296719
-6.04755944931164	21.299659790055767
-6.037546933667084	21.0685613382655
-6.027534418022528	20.897074187653164
-6.017521902377973	20.82502321112112
-6.007509386733417	20.894476228444272
-5.997496871088861	21.051357601830894
-5.987484355444305	21.243707616229443
-5.977471839799749	21.454725496556787
-5.967459324155194	21.655229238178254
-5.957446808510639	21.864757402231152
-5.947434292866083	22.08619901571869
-5.937421777221527	22.274956502782484
-5.927409261576971	22.426647919689348
-5.9173967459324155	22.533470550913915
-5.90738423028786	22.593049617060775
-5.897371714643304	22.646035765265157
-5.887359198998748	22.728619175425827
-5.877346683354192	22.88240274218475
-5.867334167709637	23.080986544139957
-5.857321652065082	23.264111448215065
-5.847309136420526	23.432916506945446
-5.83729662077597	23.58586469875797
-5.827284105131414	23.694715273209177
-5.817271589486858	23.749890877318524
-5.807259073842303	23.77152740042636
-5.797246558197747	23.802211665115784
-5.787234042553191	23.84934822253282
-5.777221526908636	23.896580151946985
-5.767209011264081	23.93157812227638
-5.7571964956195245	23.95631925810189
-5.747183979974968	24.022488673816714
-5.737171464330412	24.145160961402347
-5.727158948685857	24.296610745533656
-5.717146433041302	24.443859664175935
-5.707133917396746	24.541544097239143
-5.69712140175219	24.546302304809934
-5.687108886107635	24.435919442058932
-5.677096370463079	24.32081204931682
-5.667083854818523	24.253070941999365
-5.657071339173967	24.216487247903967
-5.647058823529411	24.237252940444993
-5.637046307884856	24.201919251378424
-5.627033792240301	23.998204868880226
-5.617021276595745	23.711034988302195
-5.607008760951189	23.377421401694672
-5.596996245306633	23.047635063551787
-5.5869837296620775	22.794139147314073
-5.576971214017522	22.57040189955545
-5.566958698372966	22.294617746377845
-5.55694618272841	21.966103075817298
-5.546933667083855	21.586591115063943
-5.536921151439299	21.24666757747682
-5.526908635794744	20.97913773053189
-5.516896120150188	20.726624675396685
-5.5068836045056315	20.47021100980364
-5.496871088861076	20.050921045157928
-5.486858573216521	19.498811854855195
-5.476846057571965	19.163463513355243
-5.466833541927409	18.950926935196776
-5.456821026282853	18.75315856295
-5.446808510638298	18.570072087954397
-5.4367959949937426	18.551802220691293
-5.4267834793491865	18.6080183490671
-5.41677096370463	18.516848632791948
-5.406758448060075	18.41782485346002
-5.396745932415519	18.294397454693954
-5.386733416770964	18.204292687807094
-5.376720901126408	18.30642418729537
-5.366708385481852	18.503848377533636
-5.356695869837297	18.71049789603945
-5.346683354192741	18.843027539512985
-5.336670838548185	19.09217695098782
-5.326658322903629	19.769012569779253
-5.316645807259073	20.01923248649773
-5.306633291614518	20.343573132748418
-5.296620775969963	20.699207001508725
-5.286608260325407	20.936217724039693
-5.276595744680851	21.214435791548677
-5.2665832290362955	21.5625264412128
-5.256570713391739	22.0732444177111
-5.246558197747184	23.16094233016814
-5.236545682102628	23.953236808304357
-5.226533166458072	24.53382803444066
-5.216520650813517	24.88630442407478
-5.206508135168962	25.12178472298852
-5.196495619524406	25.39434716281918
-5.18648310387985	25.914038510070565
-5.1764705882352935	26.131240271195328
-5.166458072590738	26.49581183144948
-5.156445556946183	26.732227602547017
-5.146433041301627	27.170521017657688
-5.136420525657071	27.658888236302563
-5.126408010012516	28.092315882843362
-5.11639549436796	28.50181111487107
-5.1063829787234045	28.96515353334903
-5.0963704630788484	29.49619821078677
-5.086357947434292	30.35617726211001
-5.076345431789737	31.18687364824291
-5.066332916145182	31.876736219130926
-5.056320400500626	32.60059501760268
-5.04630788485607	33.16926650802714
-5.036295369211514	33.7219934612097
-5.026282853566959	34.297845740463416
-5.016270337922403	34.88466837130298
-5.006257822277847	35.43815189131699
-4.996245306633291	35.930738938982174
-4.986232790988735	36.42219314810699
-4.97622027534418	36.847545853987846
-4.966207759699625	37.241758070815756
-4.956195244055069	37.66140784656114
-4.946182728410513	37.99532723050614
-4.9361702127659575	38.2795329844687
-4.926157697121402	38.53124271009676
-4.916145181476846	38.76130020576158
-4.90613266583229	38.93379546041807
-4.896120150187734	39.086346960869164
-4.886107634543179	39.298772004094964
-4.876095118898624	39.50239313502482
-4.866082603254068	39.67948564288595
-4.8560700876095115	39.82088255146166
-4.8460575719649555	39.9593027035459
-4.8360450563204	40.0296431923915
-4.826032540675845	39.98490308742977
-4.816020025031289	39.83049614167268
-4.806007509386733	39.64777452698258
-4.795994993742178	39.42291417462757
-4.785982478097623	39.11239275895922
-4.7759699624530665	38.84654463438551
-4.76595744680851	38.613636121642635
-4.755944931163954	38.34964709924023
-4.745932415519399	38.08509674706125
-4.735919899874844	37.763038127418326
-4.725907384230288	37.366454667152354
-4.715894868585732	36.98306376295693
-4.705882352941176	36.55634970810526
-4.6958698372966206	36.080150117347415
-4.685857321652065	35.62231053157367
-4.675844806007509	35.18692602884742
-4.665832290362953	34.740126568687266
-4.655819774718398	34.32424353345842
-4.645807259073843	33.88600457123349
-4.635794743429287	33.383095214944134
-4.625782227784731	32.85678605879415
-4.615769712140175	32.388162084275244
-4.605757196495619	32.002006388330244
-4.595744680851064	31.610750646572594
-4.585732165206508	31.180318189464938
-4.575719649561952	30.70172498639741
-4.565707133917396	30.13078221934921
-4.555694618272841	29.305597489176662
-4.545682102628286	28.376640210780984
-4.53566958698373	27.693592572291095
-4.5256570713391735	27.19322370248346
-4.515644555694618	26.731168943994643
-4.505632040050063	26.22554699269509
-4.495619524405507	25.74396460464078
-4.485607008760951	25.21209396839603
-4.475594493116395	24.754914168530565
-4.46558197747184	24.473476430808503
-4.4555694618272845	24.238440645134563
-4.4455569461827285	23.990939640615743
-4.435544430538172	23.76607614466587
-4.425531914893616	23.488297072533104
-4.415519399249061	23.1260679911906
-4.405506883604506	22.956436254602885
-4.39549436795995	22.872510844179764
-4.385481852315394	22.827315133451727
-4.375469336670839	22.768320781833257
-4.365456821026283	22.653845963760237
-4.355444305381727	22.616487018037873
-4.345431789737171	22.582436857659715
-4.335419274092615	22.519228141931855
-4.32540675844806	22.464500863463655
-4.315394242803505	22.36937707437061
-4.305381727158949	22.342101398636288
-4.295369211514393	22.338796686818554
-4.285356695869837	22.330752490755795
-4.275344180225281	22.275947775927403
-4.265331664580726	22.26369169343734
-4.25531914893617	22.24708477227859
-4.245306633291614	22.23711054478072
-4.235294117647059	22.236407772256616
-4.225281602002504	22.236329808602154
-4.215269086357948	22.236290160322586
-4.2052565707133915	22.236264954531038
-4.1952440550688355	22.236252376284487
-4.18523153942428	22.236249768357375
-4.175219023779725	22.23624054462326
-4.165206508135169	22.236039108239627
-4.155193992490613	22.233541197509833
-4.145181476846057	22.217137654949386
-4.135168961201502	22.19948448921402
-4.1251564455569465	22.19656416440568
-4.11514392991239	22.1963414854927
-4.105131414267834	22.196357480209386
-4.095118898623279	22.196393280028442
-4.085106382978723	22.19643069954228
-4.075093867334168	22.196467933917567
-4.065081351689612	22.196504569284915
-4.055068836045056	22.196540363684765
-4.045056320400501	22.196575138924203
-4.035043804755945	22.196608763324992
-4.025031289111389	22.196641143082452
-4.015018773466833	22.196672217757197
-4.005006257822277	22.209399321070443
-3.994993742177722	22.234084804779087
-3.9849812265331668	22.16952149309844
-3.9749687108886107	22.169414908009767
-3.9649561952440546	22.118596870787556
-3.9549436795994994	22.04425449358751
-3.9449311639549434	21.958405861953544
-3.934918648310388	21.76806718272177
-3.924906132665832	21.54842092939018
-3.914893617021277	21.57897833726744
-3.904881101376721	21.54766593176108
-3.8948685857321648	21.287395697584753
-3.8848560700876096	21.346471711483538
-3.8748435544430535	21.390444472764298
-3.8648310387984983	21.52046988102438
-3.8548185231539422	21.44470081889411
-3.844806007509387	21.249537902586084
-3.834793491864831	21.183563048030546
-3.824780976220275	21.17818496835137
-3.8147684605757197	20.976564104186497
-3.8047559449311636	21.036458811251023
-3.7947434292866085	21.055123211558087
-3.7847309136420524	20.89023299889209
-3.774718397997497	20.803122490221778
-3.764705882352941	20.698299172570486
-3.754693366708385	20.63947244060149
-3.74468085106383	20.618425568830997
-3.734668335419274	20.75851667600014
-3.7246558197747186	20.853026508767964
-3.7146433041301625	20.873337458869543
-3.7046307884856065	20.817470507043378
-3.6946182728410513	20.80986217396477
-3.684605757196495	20.79505331252864
-3.67459324155194	20.772723661484246
-3.664580725907384	20.789284777455034
-3.6545682102628287	20.832364938004392
-3.6445556946182727	20.9051313003753
-3.6345431789737166	20.88264016282049
-3.6245306633291614	20.823538260584904
-3.6145181476846053	20.823534367643592
-3.60450563204005	20.823530439380512
-3.594493116395494	20.917444353479254
-3.584480600750939	20.949722342528396
-3.574468085106383	20.94971643340501
-3.5644555694618267	20.949709683874865
-3.5544430538172715	20.94970198723368
-3.5444305381727155	20.949693226370933
-3.5344180225281603	20.94968327512933
-3.524405506883604	20.94967199980616
-3.514392991239049	20.94965926190916
-3.504380475594493	20.949644922893373
-3.494367959949937	20.949628829121686
-3.4843554443053817	20.940439674615245
-3.4743429286608256	20.94038793440804
-3.4643304130162704	20.940366440213456
-3.4543178973717144	20.940344141068238
-3.444305381727159	20.94032496776629
-3.434292866082603	20.940325995807793
-3.424280350438047	20.940423384748733
-3.414267834793492	20.940963361616877
-3.4042553191489358	20.94349737920231
-3.3942428035043806	20.953901809865062
-3.3842302878598245	20.980967051650683
-3.3742177722152693	21.008113971067306
-3.3642052565707132	21.021449845623692
-3.354192740926157	21.036489570953663
-3.344180225281602	21.051760672267115
-3.334167709637046	21.056372711508125
-3.3241551939924907	21.08556059986907
-3.3141426783479346	21.140818702691764
-3.3041301627033794	21.19566793022622
-3.2941176470588234	21.25117750555403
-3.2841051314142673	21.295809148552856
-3.274092615769712	21.3686295209762
-3.264080100125156	21.48906913084714
-3.254067584480601	21.608309578837662
-3.2440550688360448	21.72974530176905
-3.2340425531914896	21.850197369603624
-3.2240300375469335	21.949401901793244
-3.2140175219023774	22.14005232038661
-3.2040050062578223	22.49149880521696
-3.193992490613266	22.85863759369866
-3.183979974968711	23.253989430626657
-3.173967459324155	23.552377064779204
-3.1639549436795997	23.861413217950744
-3.1539424280350437	24.1902760223469
-3.1439299123904876	24.60315639253542
-3.1339173967459324	24.96402035487702
-3.1239048811013763	25.353950966887155
-3.113892365456821	25.82278197406844
-3.103879849812265	26.479578024867404
-3.09386733416771	27.162634886173006
-3.083854818523154	27.800932540871198
-3.0738423028785977	28.41362696732329
-3.0638297872340425	28.80156190577244
-3.0538172715894865	29.21040292582486
-3.0438047559449313	29.75267300288853
-3.033792240300375	30.51996348300947
-3.02377972465582	31.292716796695846
-3.013767209011264	32.095110844057025
-3.003754693366708	32.72577151252586
-2.9937421777221527	33.258589161859014
-2.9837296620775966	33.75828131384014
-2.9737171464330414	34.25178618563739
-2.9637046307884853	34.787303849966946
-2.95369211514393	35.1681328403155
-2.943679599499374	35.45733463231095
-2.933667083854818	35.688106510636416
-2.923654568210263	35.89350696409503
-2.9136420525657067	36.13036375560777
-2.9036295369211516	36.399290188514094
-2.8936170212765955	36.71278074887335
-2.8836045056320403	36.918745057397395
-2.873591989987484	36.97036339284938
-2.863579474342928	37.07008411495893
-2.853566958698373	37.29918863250081
-2.843554443053817	37.6049484000316
-2.8335419274092617	37.73455020085092
-2.8235294117647056	37.60691161099613
-2.8135168961201504	37.31562987304679
-2.8035043804755944	36.93759019994276
-2.7934918648310383	36.52609524097962
-2.783479349186483	36.06924181943819
-2.773466833541927	35.52565563767286
-2.763454317897372	34.95548598632351
-2.7534418022528158	34.45586051258536
-2.7434292866082606	34.04824699244178
-2.7334167709637045	33.78565894407645
-2.7234042553191484	33.566893811851415
-2.7133917396745932	33.16151196494134
-2.703379224030037	32.57826849617847
-2.693366708385482	31.969030297555964
-2.683354192740926	31.359211207762474
-2.6733416770963707	30.558563808476684
-2.6633291614518146	29.78134157561881
-2.6533166458072586	29.11170733882451
-2.6433041301627034	28.52388097032477
-2.6332916145181473	27.990451185230196
-2.623279098873592	27.46586917285231
-2.613266583229036	26.884012056517925
-2.603254067584481	26.304376509058653
-2.593241551939925	25.75524768959807
-2.5832290362953687	25.317042969778818
-2.5732165206508135	24.996475557062602
-2.5632040050062574	24.719263055148144
-2.5531914893617023	24.441064202016427
-2.543178973717146	24.23638007816083
-2.533166458072591	24.083866843708257
-2.523153942428035	23.928993977186806
-2.513141426783479	23.75777396513982
-2.5031289111389237	23.51034626337144
-2.4931163954943676	23.277651631515447
-2.4831038798498124	23.148154113784376
-2.4730913642052563	22.96540079173292
-2.463078848560701	22.756622016370144
-2.453066332916145	22.558719638496292
-2.443053817271589	22.42953647695054
-2.433041301627034	22.290501268523577
-2.4230287859824777	22.147459247246605
-2.4130162703379225	21.949426120832655
-2.4030037546933665	21.88004689670116
-2.3929912390488113	21.836969514916174
-2.382978723404255	21.765070485287648
-2.372966207759699	21.676027868326393
-2.362953692115144	21.630499695809384
-2.352941176470588	21.583912672220357
-2.3429286608260327	21.483231518142663
-2.3329161451814766	21.439722976552225
-2.3229036295369214	21.42717588460378
-2.3128911138923653	21.455040953320605
-2.3028785982478093	21.474064022983118
-2.292866082603254	21.495317676680063
-2.282853566958698	21.386577405339892
-2.272841051314143	21.477151674850926
-2.2628285356695867	21.45238857271871
-2.2528160200250316	21.62978961829414
-2.2428035043804755	21.698439598258858
-2.2327909887359194	21.67312211764599
-2.2227784730913642	21.69455323801203
-2.212765957446808	21.633443457476666
-2.202753441802253	21.68928100304634
-2.192740926157697	21.664550583802036
-2.1827284105131417	22.11904851432839
-2.1727158948685856	22.314176030025234
-2.1627033792240296	22.45246615730408
-2.1526908635794744	22.568397005892848
-2.1426783479349183	22.63497176139567
-2.132665832290363	22.781029787140824
-2.122653316645807	22.807797030262538
-2.112640801001252	22.819900263348433
-2.1026282853566958	22.97850272779574
-2.0926157697121397	23.168853766042915
-2.0826032540675845	23.329139650284816
-2.0725907384230284	23.444523112118553
-2.0625782227784732	23.492647586298144
-2.052565707133917	23.4660548904327
-2.042553191489362	23.56439382930035
-2.032540675844806	23.63354220324272
-2.02252816020025	23.760999871367137
-2.0125156445556946	23.88239369271646
-2.0025031289111386	23.938419878001092
-1.9924906132665834	24.005647861089223
-1.9824780976220273	24.09349571833108
-1.9724655819774712	24.153771872999418
-1.962453066332916	24.25821469220219
-1.95244055068836	24.286848295396677
-1.9424280350438048	24.321158991799404
-1.9324155193992487	24.367575436600248
-1.9224030037546935	24.404235819309484
-1.9123904881101375	24.490118731790297
-1.9023779724655814	24.51796374841121
-1.8923654568210262	24.551703238286763
-1.8823529411764701	24.616598056140077
-1.872340425531915	24.78175228825177
-1.8623279098873589	25.04961094002936
-1.8523153942428037	25.354696363547095
-1.8423028785982476	25.513481550831703
-1.8322903629536915	25.69319120839176
-1.8222778473091363	25.958478576930695
-1.8122653316645803	26.232529637886984
-1.802252816020025	26.56254534059515
-1.792240300375469	27.12766351925258
-1.7822277847309138	27.639895996678035
-1.7722152690863577	28.001874562004925
-1.7622027534418017	28.484638575508736
-1.7521902377972465	28.939955175896074
-1.7421777221526904	29.399231907252005
-1.7321652065081352	29.838815595400266
-1.7221526908635791	30.25057270237399
-1.712140175219024	30.716046980152626
-1.7021276595744679	31.180815094307466
-1.6921151439299118	31.60166695474616
-1.6821026282853566	32.06631209091512
-1.6720901126408005	32.55968755057056
-1.6620775969962454	33.054953436283455
-1.6520650813516893	33.58490212834967
-1.642052565707134	34.04449651430404
-1.632040050062578	34.357908919070304
-1.622027534418022	34.614562513766344
-1.6120150187734668	34.87184773796323
-1.6020025031289107	35.17579778026889
-1.5919899874843555	35.556202795520484
-1.5819774718397994	35.791727312174416
-1.5719649561952442	35.97089583845451
-1.5619524405506882	36.21691632956373
-1.551939924906132	36.556652891680955
-1.541927409261577	36.913158086883435
-1.5319148936170208	37.1627207589346
-1.5219023779724656	37.27453828151116
-1.5118898623279096	37.27185470525885
-1.5018773466833544	37.27673678952115
-1.4918648310387983	37.31493429986987
-1.4818523153942422	37.36216003704709
-1.471839799749687	37.3955611712067
-1.461827284105131	37.367151340297575
-1.4518147684605758	37.22946353007189
-1.4418022528160197	37.04195411521879
-1.4317897371714645	36.91989631396811
-1.4217772215269084	36.74252919683634
-1.4117647058823524	36.549714168291096
-1.4017521902377972	36.301423647463764
-1.391739674593241	35.983533576710514
-1.381727158948686	35.517493575671914
-1.3717146433041298	34.98506772406621
-1.3617021276595747	34.48201197499273
-1.3516896120150186	33.963445577796236
-1.3416770963704625	33.43138851281676
-1.3316645807259073	32.8157476894917
-1.3216520650813512	32.28582334941082
-1.311639549436796	31.884611939521452
-1.30162703379224	31.52907198737312
-1.2916145181476848	31.143808637013834
-1.2816020025031287	30.638211057950894
-1.2715894868585726	29.98308873267792
-1.2615769712140175	29.428093196542093
-1.2515644555694614	28.910869492906702
-1.2415519399249062	28.34954948875231
-1.2315394242803501	27.779064851145076
-1.221526908635795	27.079654631340045
-1.2115143929912389	26.19931322028898
-1.2015018773466828	25.455792488746084
-1.1914893617021276	24.87690775756992
-1.1814768460575715	24.507624931315068
-1.1714643304130163	24.240926186149245
-1.1614518147684603	23.872732837795315
-1.151439299123905	23.433403401138257
-1.141426783479349	23.014216255137224
-1.131414267834793	22.679955718827827
-1.1214017521902377	22.303522412748396
-1.1113892365456817	21.989657977360707
-1.1013767209011265	21.609892522001644
-1.0913642052565704	21.570128294566743
-1.0813516896120152	21.480508873260742
-1.0713391739674591	21.466792265621258
-1.061326658322903	21.42092531889481
-1.0513141426783479	21.45532819828254
-1.0413016270337918	21.728583083790227
-1.0312891113892366	21.822696363534423
-1.0212765957446805	21.93613023387492
-1.0112640801001254	22.201394371281662
-1.0012515644555693	22.55673243673664
-0.9912390488110132	22.94358055376824
-0.981226533166458	23.308019473648507
-0.971214017521902	23.669409652879583
-0.9612015018773468	24.010226488689828
-0.9511889862327907	24.3007902502955
-0.9411764705882355	24.649549416868393
-0.9311639549436794	25.014723475494243
-0.9211514392991234	25.39352772498728
-0.9111389236545682	25.76778282153264
-0.9011264080100121	26.093763461635387
-0.8911138923654569	26.291257102792805
-0.8811013767209008	26.393680966657154
-0.8710888610763456	26.5361551736567
-0.8610763454317896	26.785998154559195
-0.8510638297872335	27.148434855737733
-0.8410513141426783	27.557708645096177
-0.8310387984981222	27.808147592338514
-0.821026282853567	28.019498984441785
-0.811013767209011	28.22776188990516
-0.8010012515644558	28.370843025511455
-0.7909887359198997	28.479964311483936
-0.7809762202753436	28.595979370239736
-0.7709637046307884	28.68978471380069
-0.7609511889862324	28.768538616885387
-0.7509386733416772	28.87487405073817
-0.7409261576971211	28.962223308742505
-0.7309136420525659	28.954642857134015
-0.7209011264080099	28.791969447817102
-0.7108886107634538	28.456238033372273
-0.7008760951188986	28.06338206591579
-0.6908635794743425	27.71953352411565
-0.6808510638297873	27.429219296497575
-0.6708385481852313	27.1170827313375
-0.6608260325406761	26.747873033356278
-0.65081351689612	26.361054658315933
-0.6408010012515639	25.974371445029284
-0.6307884856070087	25.514179775697833
-0.6207759699624527	25.056576986358476
-0.6107634543178975	24.610653896397228
-0.6007509386733414	24.11014991532674
-0.5907384230287862	23.5510823561372
-0.5807259073842301	23.033669614460088
-0.5707133917396741	22.48314995205781
-0.5607008760951189	21.929820555608146
-0.5506883604505628	21.39022576043711
-0.5406758448060076	20.960423168881295
-0.5306633291614515	20.589186371146912
-0.5206508135168963	20.196759048213593
-0.5106382978723403	19.727866906491812
-0.5006257822277842	19.302724234191242
-0.490613266583229	18.678654118900745
-0.48060075093867294	18.031715438467938
-0.47058823529411775	17.39592596854651
-0.4605757196495617	16.664711737335605
-0.4505632040050065	16.041013729160635
-0.4405506883604504	15.534714656285665
-0.43053817271589434	14.96465921062643
-0.42052565707133915	14.544019790184679
-0.4105131414267831	14.25325443307475
-0.4005006257822279	13.951024167409276
-0.3904881101376718	13.611935289737946
-0.38047559449311663	13.296415816001067
-0.37046307884856056	13.001837798127651
-0.3604505632040045	12.466617323069075
-0.3504380475594493	11.885177945371263
-0.3404255319148932	11.244320800071263
-0.33041301627033803	10.699498880763173
-0.32040050062578196	10.345080182816929
-0.3103879849812259	9.863163913118465
-0.3003754693366707	9.39536683477383
-0.2903629536921146	9.127806198024384
-0.28035043804755944	8.911915774836578
-0.27033792240300336	8.528822567297107
-0.2603254067584482	8.291161412895127
-0.2503128911138921	8.162223382548907
-0.24030037546933602	8.022873205186855
-0.23028785982478084	7.844261151943016
-0.22027534418022476	7.661465358919099
-0.21026282853566958	7.6172891597420085
-0.2002503128911135	7.638432350892695
-0.19023779724655832	7.692733762158608
-0.18022528160200224	7.7774494591428605
-0.17021276595744617	7.885690974888188
-0.16020025031289098	7.965410350612691
-0.1501877346683349	8.05965954781826
-0.14017521902377972	8.073391897698082
-0.13016270337922364	8.0799827578862
-0.12015018773466846	8.113146692572547
-0.11013767209011238	8.148030741186158
-0.10012515644555631	8.161271652036548
-0.09011264080100112	8.143461534113952
-0.08010012515644505	8.153653909903374
-0.07008760951188986	8.246772553111677
-0.060075093867333784	8.32414194319259
-0.0500625782227786	8.382971693675488
-0.04005006257822252	8.417302315912723
-0.030037546933666448	8.4591701759381
-0.02002503128911126	8.543186381543455
-0.010012515644555187	8.620188221274422
0.0	8.733283233504316
