-8.0	3.4452453743681732
-7.989987484355444	3.362600285519
-7.979974968710889	3.243985890755423
-7.969962453066333	3.1386402491912753
-7.9599499374217775	3.0440051864412787
-7.949937421777221	2.960569240814645
-7.939924906132666	2.895684239643738
-7.92991239048811	2.8207769344242046
-7.919899874843554	2.755453903492085
-7.909887359198999	2.6804089029114104
-7.899874843554443	2.624425467808753
-7.889862327909888	2.519901776172588
-7.8798498122653315	2.4373560119526094
-7.869837296620776	2.4464937287061326
-7.85982478097622	2.445676327581919
-7.849812265331664	2.470937683659991
-7.839799749687109	2.457848971428131
-7.829787234042553	2.448864518401538
-7.819774718397998	2.4740545592844914
-7.809762202753442	2.5315039895265268
-7.7997496871088865	2.616592187565629
-7.78973717146433	2.695291703966123
-7.779724655819774	2.768679230997749
-7.769712140175219	2.8871244481850153
-7.759699624530663	3.069711206075678
-7.749687108886108	3.195092894740991
-7.739674593241552	3.266690728903827
-7.729662077596997	3.3389364446563694
-7.719649561952441	3.4323942390458644
-7.7096370463078845	3.5320747741168246
-7.699624530663329	3.616161948935202
-7.689612015018773	3.686579863673226
-7.679599499374218	3.753871155666069
-7.669586983729662	3.8392794818606375
-7.659574468085107	3.9018664014289515
-7.649561952440551	3.977841462804834
-7.639549436795995	4.056010159695899
-7.629536921151439	4.155348729948001
-7.619524405506883	4.259116986908266
-7.609511889862328	4.358356034550575
-7.599499374217772	4.468892243079777
-7.589486858573217	4.568854775486552
-7.579474342928661	4.63132212336632
-7.569461827284105	4.694854631191683
-7.55944931163955	4.808532061630191
-7.5494367959949935	4.957424910320844
-7.539424280350438	5.085224693340179
-7.529411764705882	5.201875953491336
-7.519399249061326	5.339232493218632
-7.509386733416771	5.495859846939621
-7.499374217772215	5.675404534220043
-7.48936170212766	5.8322671486995405
-7.479349186483104	6.0141754274962125
-7.4693366708385485	6.23849281507117
-7.459324155193992	6.49856064931871
-7.449311639549437	6.750889720215582
-7.439299123904881	7.010586274076735
-7.429286608260325	7.334879291296444
-7.41927409261577	7.7466091828931285
-7.409261576971214	8.218816311655912
-7.399249061326659	8.69401196433413
-7.3892365456821025	9.15289637575555
-7.3792240300375465	9.665468162023725
-7.369211514392991	10.18828960505547
-7.359198998748435	10.634615171883738
-7.34918648310388	11.007631362632232
-7.339173967459324	11.367847952342641
-7.329161451814769	11.714970377367974
-7.319148936170213	11.991162379085011
-7.3091364205256575	12.20615993277553
-7.299123904881101	12.3786458713106
-7.289111389236545	12.497821047948754
-7.27909887359199	12.55685811631965
-7.269086357947434	12.556123670172823
-7.259073842302879	12.488958979003122
-7.249061326658323	12.34796684163211
-7.239048811013767	12.19117368641986
-7.2290362953692116	12.060109544611398
-7.2190237797246555	11.968719964119867
-7.2090112640801	11.89568748312704
-7.198998748435544	11.810046059800934
-7.188986232790989	11.701796078693652
-7.178973717146433	11.567938102973962
-7.168961201501878	11.40277087508063
-7.158948685857322	11.192656246475506
-7.148936170212766	10.948475633099463
-7.13892365456821	10.69806663697831
-7.128911138923654	10.449100403802415
-7.118898623279099	10.188466660139955
-7.108886107634543	9.889649408238409
-7.098873591989987	9.571733256340659
-7.088861076345432	9.262264100192327
-7.078848560700876	8.97000684708512
-7.068836045056321	8.718906003004214
-7.0588235294117645	8.535379300624273
-7.048811013767209	8.428837555041406
-7.038798498122653	8.37638570895202
-7.028785982478098	8.33855544996584
-7.018773466833542	8.28624483459979
-7.008760951188986	8.203349024759797
-6.998748435544431	8.062994401196661
-6.988735919899875	7.898795458618894
-6.9787234042553195	7.727876821374179
-6.968710888610763	7.543443762997886
-6.958698372966207	7.345560322219637
-6.948685857321652	7.129084634916105
-6.938673341677096	6.917482794825022
-6.928660826032541	6.741831797651628
-6.918648310387985	6.615721954610084
-6.908635794743429	6.529250561152573
-6.8986232790988735	6.455529133290933
-6.888610763454318	6.368340331132367
-6.878598247809762	6.254358033556222
-6.868585732165206	6.111088296722341
-6.858573216520651	5.950906827133909
-6.848560700876095	5.786582500112025
-6.83854818523154	5.605245744370502
-6.828535669586984	5.4348821198427135
-6.818523153942428	5.288061746178419
-6.808510638297872	5.155519976564886
-6.798498122653316	5.033095900108582
-6.788485607008761	4.905112927981763
-6.778473091364205	4.751124269211935
-6.768460575719649	4.616672377633613
-6.758448060075094	4.503596048131157
-6.748435544430539	4.386745918234521
-6.7384230287859825	4.272250888632361
-6.7284105131414265	4.16575034672064
-6.718397997496871	4.049203460733627
-6.708385481852315	3.931672649850482
-6.69837296620776	3.8520095997448447
-6.688360450563204	3.7948334381530002
-6.678347934918648	3.7427229071856627
-6.668335419274093	3.693011461786561
-6.658322903629537	3.6120561513704788
-6.648310387984981	3.5386520791596423
-6.638297872340425	3.483923094097003
-6.628285356695869	3.4415545759024884
-6.618272841051314	3.381476048909367
-6.608260325406759	3.299120015985154
-6.598247809762203	3.1909653185268483
-6.588235294117647	3.062969515102222
-6.578222778473092	2.9965650917812656
-6.5682102628285355	2.9599476998372514
-6.55819774718398	2.918880202505502
-6.548185231539424	2.8609539481364004
-6.538172715894868	2.8167523428460544
-6.528160200250313	2.7540820778732917
-6.518147684605757	2.66562782921229
-6.508135168961202	2.619909991963193
-6.498122653316646	2.6005972236214334
-6.4881101376720896	2.5753966817288023
-6.478097622027534	2.565523224265214
-6.468085106382979	2.5562182298772718
-6.458072590738423	2.5379983732484583
-6.448060075093867	2.5059738305248915
-6.438047559449312	2.5037878745151954
-6.428035043804756	2.507220467055035
-6.418022528160201	2.5106354281376615
-6.4080100125156445	2.507067068391603
-6.397997496871088	2.495755174982783
-6.387984981226533	2.489573573603791
-6.377972465581977	2.4878279915672583
-6.367959949937422	2.4879263417691244
-6.357947434292866	2.488849480030737
-6.34793491864831	2.491254294779212
-6.337922403003755	2.494081259600855
-6.3279098873591995	2.495084246198913
-6.317897371714643	2.4959201608976156
-6.307884856070087	2.4966246730802335
-6.297872340425532	2.4972201723302687
-6.287859824780976	2.525514700187655
-6.277847309136421	2.5327461331898644
-6.267834793491865	2.6495655457795118
-6.257822277847309	2.687674743735903
-6.2478097622027535	2.777255714410522
-6.2377972465581975	2.8962881351303977
-6.227784730913642	3.1126042225365844
-6.217772215269086	3.636944466079107
-6.20775969962453	4.096681752657819
-6.197747183979975	4.477805352454882
-6.18773466833542	4.963761032910682
-6.177722152690864	5.479740617189648
-6.167709637046308	6.220049108274887
-6.157697121401752	7.174313889042586
-6.147684605757196	8.193179429677896
-6.137672090112641	8.976575344606225
-6.127659574468085	9.917324855296847
-6.117647058823529	10.625519045569659
-6.107634543178974	11.592709941351474
-6.097622027534418	12.065454849516012
-6.0876095118898625	12.457927436728053
-6.0775969962453065	12.845353777774276
-6.06758448060075	13.446151028477248
-6.057571964956195	13.709509171752158
-6.04755944931164	13.882395184765167
-6.037546933667084	13.965942199620569
-6.027534418022528	14.033624852174452
-6.017521902377973	14.034899798348203
-6.007509386733417	14.09574318904397
-5.997496871088861	14.09566660764145
-5.987484355444305	14.095533427126387
-5.977471839799749	14.095387431639562
-5.967459324155194	14.095380550444531
-5.957446808510639	14.156729765731491
-5.947434292866083	14.196503491345657
-5.937421777221527	14.196312860905246
-5.927409261576971	14.196283075072149
-5.9173967459324155	14.23829533907324
-5.90738423028786	14.239298165478552
-5.897371714643304	14.239308565475135
-5.887359198998748	14.240786352153744
-5.877346683354192	14.247498562367632
-5.867334167709637	14.267897389909676
-5.857321652065082	14.294746861651005
-5.847309136420526	14.343950891069493
-5.83729662077597	14.381255109130223
-5.827284105131414	14.439731844676867
-5.817271589486858	14.64621739262021
-5.807259073842303	14.857237767503504
-5.797246558197747	14.993282594922537
-5.787234042553191	15.189955474269636
-5.777221526908636	15.411559457080276
-5.767209011264081	15.708368594646661
-5.7571964956195245	16.085555937043626
-5.747183979974968	16.51792274318387
-5.737171464330412	16.907455029326847
-5.727158948685857	17.39618266797649
-5.717146433041302	17.9499929113204
-5.707133917396746	18.575712489090908
-5.69712140175219	19.23272504910851
-5.687108886107635	19.760166060974406
-5.677096370463079	20.220941442012695
-5.667083854818523	20.687653132961564
-5.657071339173967	21.163284051556367
-5.647058823529411	21.62996987632376
-5.637046307884856	22.07544495037823
-5.627033792240301	22.56604492232543
-5.617021276595745	23.133593666801186
-5.607008760951189	23.71241303448861
-5.596996245306633	24.314755813914363
-5.5869837296620775	24.849012250276576
-5.576971214017522	25.286545699777665
-5.566958698372966	25.666195183930583
-5.55694618272841	26.00310788205024
-5.546933667083855	26.303343686241103
-5.536921151439299	26.5840356927309
-5.526908635794744	26.86816126662699
-5.516896120150188	27.153082190688306
-5.5068836045056315	27.42064398110629
-5.496871088861076	27.72370082918736
-5.486858573216521	28.055195786254796
-5.476846057571965	28.318993510897837
-5.466833541927409	28.504246011288053
-5.456821026282853	28.67753156022466
-5.446808510638298	28.836654661428053
-5.4367959949937426	28.959807299454006
-5.4267834793491865	29.037782610201386
-5.41677096370463	29.090672628300233
-5.406758448060075	29.149081489404097
-5.396745932415519	29.21088689244912
-5.386733416770964	29.258268827595302
-5.376720901126408	29.342504319671043
-5.366708385481852	29.43494528158113
-5.356695869837297	29.52209846405962
-5.346683354192741	29.61763444690063
-5.336670838548185	29.64045105240653
-5.326658322903629	29.63345992352596
-5.316645807259073	29.588625544953242
-5.306633291614518	29.48918550921315
-5.296620775969963	29.407995474891422
-5.286608260325407	29.36655683651805
-5.276595744680851	29.303894571343783
-5.2665832290362955	29.195086630201804
-5.256570713391739	29.000671177932784
-5.246558197747184	28.807880073502226
-5.236545682102628	28.656600327135944
-5.226533166458072	28.503668330584055
-5.216520650813517	28.344349974437467
-5.206508135168962	28.168678435764505
-5.196495619524406	27.98065434633128
-5.18648310387985	27.798061545478276
-5.1764705882352935	27.618277843465556
-5.166458072590738	27.386410072503978
-5.156445556946183	27.108854782594513
-5.146433041301627	26.88874537004665
-5.136420525657071	26.71362268165327
-5.126408010012516	26.486762217291666
-5.11639549436796	26.170738336824
-5.1063829787234045	25.739611588177176
-5.0963704630788484	25.35033394831157
-5.086357947434292	25.01821345656074
-5.076345431789737	24.668877483436304
-5.066332916145182	24.383521837595683
-5.056320400500626	24.113192752221536
-5.04630788485607	23.81342257379066
-5.036295369211514	23.449998204135774
-5.026282853566959	23.093779230990965
-5.016270337922403	22.831972989721066
-5.006257822277847	22.509183434678366
-4.996245306633291	22.064824936380912
-4.986232790988735	21.589787798196724
-4.97622027534418	21.133488547567346
-4.966207759699625	20.591207495023337
-4.956195244055069	20.05179822858336
-4.946182728410513	19.516364453361735
-4.9361702127659575	19.050598399631113
-4.926157697121402	18.584374025956937
-4.916145181476846	18.148030952789036
-4.90613266583229	17.811665888744
-4.896120150187734	17.570495753118276
-4.886107634543179	17.42433739986205
-4.876095118898624	17.256610108156664
-4.866082603254068	17.136048978375005
-4.8560700876095115	17.07872466476158
-4.8460575719649555	17.026896131821065
-4.8360450563204	17.013777450284902
-4.826032540675845	17.00719740418925
-4.816020025031289	16.976680491798326
-4.806007509386733	16.927409238171144
-4.795994993742178	16.907813090756708
-4.785982478097623	16.903308593064665
-4.7759699624530665	16.902094629657636
-4.76595744680851	16.90165090670638
-4.755944931163954	16.9014028008791
-4.745932415519399	16.9012209505563
-4.735919899874844	16.901073901461224
-4.725907384230288	16.900951646292903
-4.715894868585732	16.900849266537293
-4.705882352941176	16.90076337311706
-4.6958698372966206	16.90069127682286
-4.685857321652065	16.900630751838204
-4.675844806007509	16.900579935538623
-4.665832290362953	16.900537265304617
-4.655819774718398	16.9005014297741
-4.645807259073843	16.90047132865496
-4.635794743429287	16.90044603899785
-4.625782227784731	16.900424786781368
-4.615769712140175	16.900406922972536
-4.605757196495619	16.900391903377496
-4.595744680851064	16.900379271701883
-4.585732165206508	16.90036864532481
-4.575719649561952	16.900359703362536
-4.565707133917396	16.90035217666071
-4.555694618272841	16.900345839407997
-4.545682102628286	16.900340502111444
-4.53566958698373	16.90033600571389
-4.5256570713391735	16.900332216668442
-4.515644555694618	16.90032902281451
-4.505632040050063	16.900326329924862
-4.495619524405507	16.900324058814107
-4.485607008760951	16.900322142917037
-4.475594493116395	16.900320526259975
-4.46558197747184	16.900319161760994
-4.4555694618272845	16.900318009805215
-4.4455569461827285	16.90031703705048
-4.435544430538172	16.90031621542567
-4.425531914893616	16.900315521290413
-4.415519399249061	16.90031493472996
-4.405506883604506	16.900314438963264
-4.39549436795995	16.900314019845894
-4.385481852315394	16.9003136654525
-4.375469336670839	16.900313365726014
-4.365456821026283	16.90031311218267
-4.355444305381727	16.900312897664083
-4.345431789737171	16.90031271612866
-4.335419274092615	16.900312562476106
-4.32540675844806	16.900312432399776
-4.315394242803505	16.900312322262266
-4.305381727158949	16.900312228990757
-4.295369211514393	16.900312149988785
-4.285356695869837	16.900312083061912
-4.275344180225281	16.900312026355106
-4.265331664580726	16.900311978299882
-4.25531914893617	16.90031193756979
-4.245306633291614	16.90031190304285
-4.235294117647059	16.900311873769837
-4.225281602002504	16.900311848947524
-4.215269086357948	16.90031182789611
-4.2052565707133915	16.900311810040144
-4.1952440550688355	16.90031179489661
-4.18523153942428	16.91134576709436
-4.175219023779725	16.923995893250044
-4.165206508135169	16.83222107138314
-4.155193992490613	16.776584547726692
-4.145181476846057	16.7433148431546
-4.135168961201502	16.722449086399962
-4.1251564455569465	16.751922468103597
-4.11514392991239	16.667218856960737
-4.105131414267834	16.635787205068326
-4.095118898623279	16.74687176611204
-4.085106382978723	16.75593660980413
-4.075093867334168	16.7063419554652
-4.065081351689612	16.818844933688407
-4.055068836045056	17.105954891424545
-4.045056320400501	17.342395355834753
-4.035043804755945	17.535832106102376
-4.025031289111389	17.85128571673705
-4.015018773466833	17.99901282379952
-4.005006257822277	18.4847889932393
-3.994993742177722	18.72202487032784
-3.9849812265331668	18.904713603880733
-3.9749687108886107	19.09622086627936
-3.9649561952440546	19.257310140338685
-3.9549436795994994	19.401325886444535
-3.9449311639549434	19.543715381897385
-3.934918648310388	19.614634066461257
-3.924906132665832	19.680755018779255
-3.914893617021277	19.73076451946686
-3.904881101376721	19.792355056618042
-3.8948685857321648	19.792355056662654
-3.8848560700876096	19.79235505666269
-3.8748435544430535	19.792355056662746
-3.8648310387984983	19.79235505666282
-3.8548185231539422	19.79235505666293
-3.844806007509387	19.792355056663084
-3.834793491864831	19.7923550566633
-3.824780976220275	19.792355056663613
-3.8147684605757197	19.792355056664046
-3.8047559449311636	19.79235505666467
-3.7947434292866085	19.79235505666555
-3.7847309136420524	19.7923550566668
-3.774718397997497	19.792355056668566
-3.764705882352941	19.79235505667107
-3.754693366708385	19.792355056674626
-3.74468085106383	19.79235505667966
-3.734668335419274	19.792355056686795
-3.7246558197747186	19.792355056696902
-3.7146433041301625	19.792355056711237
-3.7046307884856065	19.792355056731544
-3.6946182728410513	19.79235505676034
-3.684605757196495	19.792355056801142
-3.67459324155194	19.792355056858977
-3.664580725907384	19.79235505694095
-3.6545682102628287	19.792355057057133
-3.6445556946182727	19.7923550572218
-3.6345431789737166	19.79235505745521
-3.6245306633291614	19.792355057786047
-3.6145181476846053	19.79235505825499
-3.60450563204005	19.792355058919707
-3.594493116395494	19.79235505986194
-3.584480600750939	19.792355061197586
-3.574468085106383	19.792355063090938
-3.5644555694618267	19.79235506577494
-3.5544430538172715	19.792355069579816
-3.5444305381727155	19.792355074973734
-3.5344180225281603	19.792355082620272
-3.524405506883604	19.792355093459868
-3.514392991239049	19.792355108824847
-3.504380475594493	19.79235513060173
-3.494367959949937	19.792355161459593
-3.4843554443053817	19.792355205169972
-3.4743429286608256	19.792355267052695
-3.4643304130162704	19.792355354591873
-3.4543178973717144	19.792355478277496
-3.444305381727159	19.792355652736905
-3.434292866082603	19.79235589822369
-3.424280350438047	19.792356242523695
-3.414267834793492	19.792356723327035
-3.4042553191489358	19.79235739117418
-3.3942428035043806	19.79235831360211
-3.3842302878598245	19.792359583937255
-3.3742177722152693	19.79236135231199
-3.3642052565707132	19.79236396827063
-3.354192740926157	19.792368703621165
-3.344180225281602	19.792381599191387
-3.334167709637046	19.792434570389606
-3.3241551939924907	19.7927024002538
-3.3141426783479346	19.79411856700843
-3.3041301627033794	19.80059989263878
-3.2941176470588234	19.816614437389333
-3.2841051314142673	19.829877320300554
-3.274092615769712	19.836839339145197
-3.264080100125156	19.849088045769335
-3.254067584480601	19.89526888045175
-3.2440550688360448	20.045777557609288
-3.2340425531914896	20.247500178536463
-3.2240300375469335	20.344253922586162
-3.2140175219023774	20.500183351125393
-3.2040050062578223	20.744093873706056
-3.193992490613266	21.060368374435104
-3.183979974968711	21.33484429738322
-3.173967459324155	21.675069328550435
-3.1639549436795997	22.00564988793543
-3.1539424280350437	22.2844471688553
-3.1439299123904876	22.631783246165757
-3.1339173967459324	23.047643530310058
-3.1239048811013763	23.36417665165486
-3.113892365456821	23.631476802755365
-3.103879849812265	24.050326580848278
-3.09386733416771	24.449663351995213
-3.083854818523154	24.679929349261553
-3.0738423028785977	24.941588199381563
-3.0638297872340425	25.277990415025897
-3.0538172715894865	25.517809991704954
-3.0438047559449313	25.72505588264989
-3.033792240300375	25.92536991356201
-3.02377972465582	26.19856911850195
-3.013767209011264	26.450561541534285
-3.003754693366708	26.682317902448307
-2.9937421777221527	26.882689912983185
-2.9837296620775966	27.110804780734057
-2.9737171464330414	27.54566399000975
-2.9637046307884853	27.887762822528078
-2.95369211514393	28.039483702186267
-2.943679599499374	28.18107335669517
-2.933667083854818	28.297383504970394
-2.923654568210263	28.401382419065122
-2.9136420525657067	28.50397630116399
-2.9036295369211516	28.62487925720936
-2.8936170212765955	28.80224245357827
-2.8836045056320403	28.9876444300591
-2.873591989987484	29.203230679833133
-2.863579474342928	29.371067255906137
-2.853566958698373	29.518570116092842
-2.843554443053817	29.629148568263876
-2.8335419274092617	29.752521085484084
-2.8235294117647056	29.9241015833531
-2.8135168961201504	30.08988754548824
-2.8035043804755944	30.244299887789072
-2.7934918648310383	30.386060069621106
-2.783479349186483	30.45971481144171
-2.773466833541927	30.482658390923106
-2.763454317897372	30.534165073617686
-2.7534418022528158	30.566024577289895
-2.7434292866082606	30.594899571240344
-2.7334167709637045	30.65794148843997
-2.7234042553191484	30.808042794015403
-2.7133917396745932	31.011998766601092
-2.703379224030037	31.111328970176693
-2.693366708385482	31.101364106467834
-2.683354192740926	31.103066224098516
-2.6733416770963707	31.1575123536692
-2.6633291614518146	31.235820562636494
-2.6533166458072586	31.3460268433624
-2.6433041301627034	31.463678594149698
-2.6332916145181473	31.55419497081579
-2.623279098873592	31.652659487291128
-2.613266583229036	31.69930367952514
-2.603254067584481	31.665071945820053
-2.593241551939925	31.661055750971986
-2.5832290362953687	31.679434425859466
-2.5732165206508135	31.67203234433179
-2.5632040050062574	31.67431119498574
-2.5531914893617023	31.7106722717901
-2.543178973717146	31.71501765379189
-2.533166458072591	31.70781348120724
-2.523153942428035	31.692828073783296
-2.513141426783479	31.712158464963128
-2.5031289111389237	31.82085870554193
-2.4931163954943676	31.9223677452387
-2.4831038798498124	31.963450708786088
-2.4730913642052563	31.96830980160975
-2.463078848560701	31.993512768887967
-2.453066332916145	31.991765840944844
-2.443053817271589	31.938213250906315
-2.433041301627034	31.890695079148777
-2.4230287859824777	31.848536316359887
-2.4130162703379225	31.837166960217452
-2.4030037546933665	31.842491083436833
-2.3929912390488113	31.902615251891472
-2.382978723404255	31.95891876700898
-2.372966207759699	31.94457087568214
-2.362953692115144	31.89951102100813
-2.352941176470588	31.899007260194708
-2.3429286608260327	31.89808976415628
-2.3329161451814766	31.89522172292634
-2.3229036295369214	31.872363925073316
-2.3128911138923653	31.836158722883056
-2.3028785982478093	31.800620761766027
-2.292866082603254	31.73982115220242
-2.282853566958698	31.65076219138221
-2.272841051314143	31.594467348907116
-2.2628285356695867	31.575084258927955
-2.2528160200250316	31.510286167829815
-2.2428035043804755	31.391307622692356
-2.2327909887359194	31.287838829455097
-2.2227784730913642	31.19153536718568
-2.212765957446808	31.094326722072303
-2.202753441802253	30.975510648522096
-2.192740926157697	30.852737892273918
-2.1827284105131417	30.785242882023958
-2.1727158948685856	30.67052723110521
-2.1627033792240296	30.48988169201559
-2.1526908635794744	30.317862841120043
-2.1426783479349183	30.123433423844705
-2.132665832290363	29.951082141725603
-2.122653316645807	29.770244246781445
-2.112640801001252	29.506101079916895
-2.1026282853566958	29.221029210556914
-2.0926157697121397	29.023560455067464
-2.0826032540675845	28.83031066994541
-2.0725907384230284	28.577532521797956
-2.0625782227784732	28.204653273723338
-2.052565707133917	27.830911291607453
-2.042553191489362	27.4910016948683
-2.032540675844806	27.120036225474923
-2.02252816020025	26.653371563403482
-2.0125156445556946	26.120550486798777
-2.0025031289111386	25.618737223631513
-1.9924906132665834	25.123997019131053
-1.9824780976220273	24.613558174839934
-1.9724655819774712	24.085428740122243
-1.962453066332916	23.73239083150182
-1.95244055068836	23.411665008602284
-1.9424280350438048	23.20248450344506
-1.9324155193992487	23.08377864877585
-1.9224030037546935	23.019389642501533
-1.9123904881101375	22.963599964078192
-1.9023779724655814	22.918102816705108
-1.8923654568210262	22.88368201911037
-1.8823529411764701	22.84691783171152
-1.872340425531915	22.80506379487442
-1.8623279098873589	22.75801538674189
-1.8523153942428037	22.748130959371423
-1.8423028785982476	22.745841504519912
-1.8322903629536915	22.744984534316114
-1.8222778473091363	22.744569470164155
-1.8122653316645803	22.744330215095587
-1.802252816020025	22.744178660673732
-1.792240300375469	22.744078378942977
-1.7822277847309138	22.744010696614723
-1.7722152690863577	22.743964544550618
-1.7622027534418017	22.743932851514774
-1.7521902377972465	22.743910947442387
-1.7421777221526904	22.743895704198664
-1.7321652065081352	22.743885013139575
-1.7221526908635791	22.743877447810977
-1.712140175219024	22.74387204051691
-1.7021276595744679	22.74386813280702
-1.6921151439299118	22.743865275044907
-1.6821026282853566	22.743863158842643
-1.6720901126408005	22.743861571566782
-1.6620775969962454	22.743860365678195
-1.6520650813516893	22.743859438043742
-1.642052565707134	22.74385871595338
-1.632040050062578	22.74385782433376
-1.622027534418022	22.683732113338866
-1.6120150187734668	22.619066376126252
-1.6020025031289107	22.4909148459446
-1.5919899874843555	22.33624729771432
-1.5819774718397994	22.127596271262348
-1.5719649561952442	21.79394656221304
-1.5619524405506882	21.51917371171956
-1.551939924906132	21.309783594260953
-1.541927409261577	21.228468634609573
-1.5319148936170208	21.104107409867794
-1.5219023779724656	21.056852795204517
-1.5118898623279096	20.889238035024533
-1.5018773466833544	20.673277186610726
-1.4918648310387983	20.592921998356953
-1.4818523153942422	20.328993006727394
-1.471839799749687	20.199742751998144
-1.461827284105131	20.264890864824054
-1.4518147684605758	20.263369458615585
-1.4418022528160197	20.31041974546752
-1.4317897371714645	20.229997701973463
-1.4217772215269084	20.22788287880861
-1.4117647058823524	20.263119412724485
-1.4017521902377972	20.28591493972316
-1.391739674593241	20.305653800129082
-1.381727158948686	20.353545795792005
-1.3717146433041298	20.35355206651821
-1.3617021276595747	20.353553619387508
-1.3516896120150186	20.35355561207096
-1.3416770963704625	20.35355817056518
-1.3316645807259073	20.353561458111557
-1.3216520650813512	20.353565687356927
-1.311639549436796	20.35357113748305
-1.30162703379224	20.353578179279538
-1.2916145181476848	20.353587313472293
-1.2816020025031287	20.353599232173867
-1.2715894868585726	20.353614922218217
-1.2615769712140175	20.35363584667956
-1.2515644555694614	20.353664275651
-1.2415519399249062	20.353703906527446
-1.2315394242803501	20.353761051679747
-1.221526908635795	20.353846945488172
-1.2115143929912389	20.353982277760064
-1.2015018773466828	20.354206301480676
-1.1914893617021276	20.35459670065609
-1.1814768460575715	20.3553258939694
-1.1714643304130163	20.356912086217722
-1.1614518147684603	20.361694804008962
-1.151439299123905	20.379541427416093
-1.141426783479349	20.428116234305364
-1.131414267834793	20.506880467562134
-1.1214017521902377	20.58173223507999
-1.1113892365456817	20.68588925195942
-1.1013767209011265	20.879181968522154
-1.0913642052565704	21.114522424654563
-1.0813516896120152	21.292250998771305
-1.0713391739674591	21.512278177118905
-1.061326658322903	21.870823092755302
-1.0513141426783479	22.25616005714712
-1.0413016270337918	22.751502787234614
-1.0312891113892366	23.104617812635105
-1.0212765957446805	23.383395561022308
-1.0112640801001254	23.730608987428703
-1.0012515644555693	24.137830253307428
-0.9912390488110132	24.55494377300646
-0.981226533166458	24.997550463101277
-0.971214017521902	25.39448287208138
-0.9612015018773468	25.800121515598473
-0.9511889862327907	26.127160478732357
-0.9411764705882355	26.460326866091478
-0.9311639549436794	26.76506853824795
-0.9211514392991234	27.00994539313438
-0.9111389236545682	27.254922161647965
-0.9011264080100121	27.506769932365565
-0.8911138923654569	27.77279372270513
-0.8811013767209008	27.974590403638327
-0.8710888610763456	28.18339644377422
-0.8610763454317896	28.352645409545868
-0.8510638297872335	28.47326320045664
-0.8410513141426783	28.619399157335902
-0.8310387984981222	28.715357647154494
-0.821026282853567	28.79261985728504
-0.811013767209011	28.857549112388288
-0.8010012515644558	28.926681996236205
-0.7909887359198997	28.983900262753615
-0.7809762202753436	29.00528403139691
-0.7709637046307884	29.077274311497646
-0.7609511889862324	29.133157013540533
-0.7509386733416772	29.163628454395464
-0.7409261576971211	29.179772345673946
-0.7309136420525659	29.188085928467398
-0.7209011264080099	29.224479072545748
-0.7108886107634538	29.321035794099814
-0.7008760951188986	29.409489455627103
-0.6908635794743425	29.47084859639417
-0.6808510638297873	29.529515532498245
-0.6708385481852313	29.57467903107499
-0.6608260325406761	29.62312966624804
-0.65081351689612	29.64336867003951
-0.6408010012515639	29.618054011889686
-0.6307884856070087	29.61580947209477
-0.6207759699624527	29.631448680610827
-0.6107634543178975	29.65219823212538
-0.6007509386733414	29.67993329141637
-0.5907384230287862	29.670442555267737
-0.5807259073842301	29.621094681841104
-0.5707133917396741	29.61405572554298
-0.5607008760951189	29.648321735018513
-0.5506883604505628	29.68439627871539
-0.5406758448060076	29.71584996638823
-0.5306633291614515	29.730411303448182
-0.5206508135168963	29.634821542891576
-0.5106382978723403	29.48308795382206
-0.5006257822277842	29.327765698411955
-0.490613266583229	29.207682268284017
-0.48060075093867294	29.05178954392869
-0.47058823529411775	28.957010620457364
-0.4605757196495617	28.855558515490547
-0.4505632040050065	28.77763059488044
-0.4405506883604504	28.676773173118864
-0.43053817271589434	28.54424206275053
-0.42052565707133915	28.41841944400212
-0.4105131414267831	28.333274078780768
-0.4005006257822279	28.275666899500944
-0.3904881101376718	28.170246138319563
-0.38047559449311663	27.937995528216977
-0.37046307884856056	27.68266325255004
-0.3604505632040045	27.553867584901223
-0.3504380475594493	27.52299659699996
-0.3404255319148932	27.45104460282108
-0.33041301627033803	27.302358047071596
-0.32040050062578196	27.06011922111361
-0.3103879849812259	26.73855035268931
-0.3003754693366707	26.423986212982427
-0.2903629536921146	26.053074915724338
-0.28035043804755944	25.73125131785888
-0.27033792240300336	25.49000917791756
-0.2603254067584482	25.195440462243422
-0.2503128911138921	24.879274432257745
-0.24030037546933602	24.553439129250844
-0.23028785982478084	24.188768364072548
-0.22027534418022476	23.875182466667646
-0.21026282853566958	23.52175194845438
-0.2002503128911135	23.099738720551088
-0.19023779724655832	22.6566864160867
-0.18022528160200224	22.278397032558868
-0.17021276595744617	21.95761227123183
-0.16020025031289098	21.6153118309735
-0.1501877346683349	21.231643517077064
-0.14017521902377972	20.88916802751427
-0.13016270337922364	20.59977173049554
-0.12015018773466846	20.39521080876691
-0.11013767209011238	20.127649760498254
-0.10012515644555631	19.864804892892156
-0.09011264080100112	19.669873851141
-0.08010012515644505	19.525894067191302
-0.07008760951188986	19.162935553624934
-0.060075093867333784	18.999404902158272
-0.0500625782227786	18.831147231157587
-0.04005006257822252	18.666274487174814
-0.030037546933666448	18.54266174243724
-0.02002503128911126	18.290904485028456
-0.010012515644555187	17.947511882206825
0.0	17.679522141608317
