-8.0	18.21400149684824
-7.989987484355444	18.09171217085764
-7.979974968710889	17.91252762953467
-7.969962453066333	17.677803495516795
-7.9599499374217775	17.39779704273434
-7.949937421777221	17.109446641872832
-7.939924906132666	16.844398608325225
-7.92991239048811	16.60164064267058
-7.919899874843554	16.329568792974005
-7.909887359198999	16.0154546391429
-7.899874843554443	15.672324878168572
-7.889862327909888	15.281498486111065
-7.8798498122653315	14.82440132274312
-7.869837296620776	14.23739857843612
-7.85982478097622	13.520064556568084
-7.849812265331664	12.75247085349625
-7.839799749687109	12.18783436494251
-7.829787234042553	11.817171008463596
-7.819774718397998	11.448693475634906
-7.809762202753442	11.188536735162039
-7.7997496871088865	10.976402717275954
-7.78973717146433	11.154441074901527
-7.779724655819774	11.671993180977733
-7.769712140175219	12.339011208259803
-7.759699624530663	13.008121630753712
-7.749687108886108	13.632206204458154
-7.739674593241552	14.288910848690493
-7.729662077596997	15.069983488536323
-7.719649561952441	15.986373448043347
-7.7096370463078845	16.98341354711469
-7.699624530663329	17.918857354855707
-7.689612015018773	18.925033192054084
-7.679599499374218	19.884791339145025
-7.669586983729662	20.819251164090318
-7.659574468085107	21.722333321926282
-7.649561952440551	22.53537094606169
-7.639549436795995	23.219607946054555
-7.629536921151439	23.826314507353604
-7.619524405506883	24.406835519371345
-7.609511889862328	24.973124122243377
-7.599499374217772	25.487878883694083
-7.589486858573217	25.896535084623252
-7.579474342928661	26.160578825720496
-7.569461827284105	26.273739720693925
-7.55944931163955	26.268343027442995
-7.5494367959949935	26.154861511774836
-7.539424280350438	25.893098920935543
-7.529411764705882	25.454142065434482
-7.519399249061326	24.872101281700903
-7.509386733416771	24.208906581920484
-7.499374217772215	23.521353320073374
-7.48936170212766	22.85506263743966
-7.479349186483104	22.224044253190396
-7.4693366708385485	21.610770813530173
-7.459324155193992	20.954577834942455
-7.449311639549437	20.18287968700482
-7.439299123904881	19.279089008730182
-7.429286608260325	18.27801283912486
-7.41927409261577	17.27076500866572
-7.409261576971214	16.329189963235084
-7.399249061326659	15.47108573086846
-7.3892365456821025	14.704063490738852
-7.3792240300375465	14.037408054816815
-7.369211514392991	13.477237313970994
-7.359198998748435	13.003037109445494
-7.34918648310388	12.60433003711855
-7.339173967459324	12.284742292322168
-7.329161451814769	12.019887110166884
-7.319148936170213	11.769511676713877
-7.3091364205256575	11.517137884173518
-7.299123904881101	11.274915253035694
-7.289111389236545	11.039196168759254
-7.27909887359199	10.821409032294458
-7.269086357947434	10.647250213118905
-7.259073842302879	10.505635046951745
-7.249061326658323	10.3463978842731
-7.239048811013767	10.132701100675206
-7.2290362953692116	9.907610769665052
-7.2190237797246555	9.739665866646927
-7.2090112640801	9.61618585654682
-7.198998748435544	9.491490729380848
-7.188986232790989	9.33466601496559
-7.178973717146433	9.138339429767663
-7.168961201501878	8.918261052481322
-7.158948685857322	8.700491856167892
-7.148936170212766	8.515992483758573
-7.13892365456821	8.39708486549492
-7.128911138923654	8.360606464437518
-7.118898623279099	8.372895870033064
-7.108886107634543	8.389347172616397
-7.098873591989987	8.392103741467398
-7.088861076345432	8.375882860811727
-7.078848560700876	8.35792212812816
-7.068836045056321	8.35010244702648
-7.0588235294117645	8.337194992185486
-7.048811013767209	8.292189669445108
-7.038798498122653	8.210449738179022
-7.028785982478098	8.12390482547778
-7.018773466833542	8.060986342384535
-7.008760951188986	8.004070906450835
-6.998748435544431	7.92796694060168
-6.988735919899875	7.845256469959908
-6.9787234042553195	7.777089874897698
-6.968710888610763	7.732170828770193
-6.958698372966207	7.705456455088878
-6.948685857321652	7.683676798336501
-6.938673341677096	7.637905451979157
-6.928660826032541	7.540119226619516
-6.918648310387985	7.389436937771398
-6.908635794743429	7.210985916027839
-6.8986232790988735	7.033608929866018
-6.888610763454318	6.863847875555458
-6.878598247809762	6.698988124470276
-6.868585732165206	6.550429824324031
-6.858573216520651	6.423209243584416
-6.848560700876095	6.309258532160557
-6.83854818523154	6.2073085626821545
-6.828535669586984	6.122357354096626
-6.818523153942428	6.05367350696064
-6.808510638297872	5.986153433280922
-6.798498122653316	5.902219533766587
-6.788485607008761	5.80770293055236
-6.778473091364205	5.740999740936344
-6.768460575719649	5.748605171196152
-6.758448060075094	5.832396125940166
-6.748435544430539	5.9418473630816315
-6.7384230287859825	6.033495473823168
-6.7284105131414265	6.113728304717628
-6.718397997496871	6.1729756330493055
-6.708385481852315	6.175992026573423
-6.69837296620776	6.139580611704567
-6.688360450563204	6.107260402939642
-6.678347934918648	6.0922998727180175
-6.668335419274093	6.085281988365028
-6.658322903629537	6.071683990766458
-6.648310387984981	6.048258948210895
-6.638297872340425	6.026854273793831
-6.628285356695869	6.019864910504841
-6.618272841051314	6.04304716181387
-6.608260325406759	6.081905428844019
-6.598247809762203	6.094678149826463
-6.588235294117647	6.077704392865021
-6.578222778473092	6.055186546024532
-6.5682102628285355	6.056519966710977
-6.55819774718398	6.070825072004171
-6.548185231539424	6.073491817933432
-6.538172715894868	6.064049717876092
-6.528160200250313	6.044091921815401
-6.518147684605757	6.017130646071926
-6.508135168961202	6.002115593874115
-6.498122653316646	6.004438558813457
-6.4881101376720896	6.006038609704308
-6.478097622027534	5.980851171603984
-6.468085106382979	5.925441261026831
-6.458072590738423	5.870304679848682
-6.448060075093867	5.838157285317741
-6.438047559449312	5.8175870921929915
-6.428035043804756	5.804149351837608
-6.418022528160201	5.788959384415143
-6.4080100125156445	5.76901299892269
-6.397997496871088	5.742195812186588
-6.387984981226533	5.748923921137057
-6.377972465581977	5.829779719935512
-6.367959949937422	5.853162225243251
-6.357947434292866	6.0188096172539565
-6.34793491864831	6.30978525924542
-6.337922403003755	6.792313493198825
-6.3279098873591995	7.377641299688555
-6.317897371714643	7.98106864294069
-6.307884856070087	8.716101202427842
-6.297872340425532	9.668901047620063
-6.287859824780976	10.8928878690851
-6.277847309136421	11.711219877689366
-6.267834793491865	12.369767109971058
-6.257822277847309	12.925466352089163
-6.2478097622027535	13.49222131501029
-6.2377972465581975	14.355936975776235
-6.227784730913642	15.305409705129255
-6.217772215269086	16.176277029448077
-6.20775969962453	17.066377146564626
-6.197747183979975	17.888158935354852
-6.18773466833542	18.726271401567328
-6.177722152690864	19.536824325581723
-6.167709637046308	20.38033130813788
-6.157697121401752	21.31356321546667
-6.147684605757196	22.2527362276221
-6.137672090112641	23.113886482314207
-6.127659574468085	23.92482075426006
-6.117647058823529	24.762845658809002
-6.107634543178974	25.605436644457832
-6.097622027534418	26.37711209130688
-6.0876095118898625	27.01224781400265
-6.0775969962453065	27.476595404472807
-6.06758448060075	27.75703189737527
-6.057571964956195	27.864568225002134
-6.04755944931164	27.833623218836774
-6.037546933667084	27.726797958000123
-6.027534418022528	27.56403970649473
-6.017521902377973	27.272608606788864
-6.007509386733417	26.882872871545437
-5.997496871088861	26.47897623878791
-5.987484355444305	26.082270841096367
-5.977471839799749	25.686050147257266
-5.967459324155194	25.250434222820417
-5.957446808510639	24.727450575485623
-5.947434292866083	24.155481715856485
-5.937421777221527	23.56427462563664
-5.927409261576971	23.036350358229146
-5.9173967459324155	22.604649751384922
-5.90738423028786	22.233759845914683
-5.897371714643304	22.013393130336627
-5.887359198998748	21.88207148024893
-5.877346683354192	21.753452152749272
-5.867334167709637	21.693538499189124
-5.857321652065082	21.660345189877376
-5.847309136420526	21.606590478866273
-5.83729662077597	21.442910362543874
-5.827284105131414	21.427564071815034
-5.817271589486858	21.470140828251463
-5.807259073842303	21.465702040411667
-5.797246558197747	21.40404088848438
-5.787234042553191	21.190392708723408
-5.777221526908636	20.89139406978422
-5.767209011264081	20.678118283997602
-5.7571964956195245	20.635847608863482
-5.747183979974968	20.627192773991176
-5.737171464330412	20.539161804726962
-5.727158948685857	20.368637222435556
-5.717146433041302	20.610569569271732
-5.707133917396746	20.497279571544187
-5.69712140175219	21.02883275283006
-5.687108886107635	21.2701637779288
-5.677096370463079	21.58809619938844
-5.667083854818523	21.70316536017524
-5.657071339173967	21.785514745457668
-5.647058823529411	21.804413527079493
-5.637046307884856	21.8657645606516
-5.627033792240301	21.889338156745758
-5.617021276595745	21.891778840246534
-5.607008760951189	21.89977288573469
-5.596996245306633	21.9193235648764
-5.5869837296620775	22.002080993823366
-5.576971214017522	22.1605098235801
-5.566958698372966	22.429394208467194
-5.55694618272841	22.692552236496407
-5.546933667083855	22.987445904668757
-5.536921151439299	23.324437217457085
-5.526908635794744	23.730122874484547
-5.516896120150188	24.278907683700375
-5.5068836045056315	24.87397321118473
-5.496871088861076	25.542243015026383
-5.486858573216521	26.35058505253533
-5.476846057571965	27.2099075120729
-5.466833541927409	28.118342632613594
-5.456821026282853	28.987662015183865
-5.446808510638298	29.8851755614347
-5.4367959949937426	30.81501884671534
-5.4267834793491865	31.749863900570492
-5.41677096370463	32.586916367687635
-5.406758448060075	33.33340568671685
-5.396745932415519	33.91874994616131
-5.386733416770964	34.34172111587998
-5.376720901126408	34.662361039095735
-5.366708385481852	34.86680948798696
-5.356695869837297	34.913214569631016
-5.346683354192741	34.8042305415777
-5.336670838548185	34.53671042859597
-5.326658322903629	34.07566263062564
-5.316645807259073	33.38096272771374
-5.306633291614518	32.51559320368168
-5.296620775969963	31.545343112914615
-5.286608260325407	30.49721604791833
-5.276595744680851	29.41272275596309
-5.2665832290362955	28.315092096822617
-5.256570713391739	27.204293168499692
-5.246558197747184	26.17811976687388
-5.236545682102628	25.219372956349773
-5.226533166458072	24.3146799654113
-5.216520650813517	23.436000489082836
-5.206508135168962	22.562113339945203
-5.196495619524406	21.749398498235664
-5.18648310387985	20.934457953884305
-5.1764705882352935	20.0662323416761
-5.166458072590738	19.307858116169648
-5.156445556946183	18.726139399952476
-5.146433041301627	18.30405968176049
-5.136420525657071	18.024683979833046
-5.126408010012516	17.848751922891363
-5.11639549436796	17.740566066781685
-5.1063829787234045	17.618936808631446
-5.0963704630788484	17.47350935129178
-5.086357947434292	17.423969146457164
-5.076345431789737	17.385565874983893
-5.066332916145182	17.342916253746058
-5.056320400500626	17.303189751344807
-5.04630788485607	17.198260655162674
-5.036295369211514	17.174444078194213
-5.026282853566959	17.16677293977884
-5.016270337922403	17.16055536260377
-5.006257822277847	17.155283290446896
-4.996245306633291	17.150780981528502
-4.986232790988735	17.146926711204035
-4.97622027534418	17.14362473901867
-4.966207759699625	17.14079635889479
-4.956195244055069	17.138375535926365
-4.946182728410513	17.1363062269717
-4.9361702127659575	17.134540527385532
-4.926157697121402	17.133037298383556
-4.916145181476846	17.131761101956066
-4.90613266583229	17.130681345990137
-4.896120150187734	17.129771581272177
-4.886107634543179	17.129008913670024
-4.876095118898624	17.128373507210664
-4.866082603254068	17.127848161085986
-4.8560700876095115	17.12741794806585
-4.8460575719649555	17.127069904621536
-4.8360450563204	17.126792764955994
-4.826032540675845	17.126576732489816
-4.816020025031289	17.12641328337618
-4.806007509386733	17.12629499743485
-4.795994993742178	17.126215412567586
-4.785982478097623	17.126168899285513
-4.7759699624530665	17.126150552464008
-4.76595744680851	17.126156097856526
-4.755944931163954	17.126181811257396
-4.745932415519399	17.126224448511152
-4.735919899874844	17.126281184830095
-4.725907384230288	17.12634956210767
-4.715894868585732	17.126427443108437
-4.705882352941176	17.126512971579658
-4.6958698372966206	17.126604537469962
-4.685857321652065	17.126700746559052
-4.675844806007509	17.12680039390378
-4.665832290362953	17.126902440591753
-4.655819774718398	17.127005993365994
-4.645807259073843	17.127110286746483
-4.635794743429287	17.127214667326708
-4.625782227784731	17.127318579967945
-4.615769712140175	17.127421555652088
-4.605757196495619	17.127523200786204
-4.595744680851064	17.12762318777968
-4.585732165206508	17.127721246738485
-4.575719649561952	17.127817158141372
-4.565707133917396	17.127910746380117
-4.555694618272841	17.1280018740611
-4.545682102628286	17.12809043697817
-4.53566958698373	17.12817635967824
-4.5256570713391735	17.128259591550247
-4.515644555694618	17.12834010337707
-4.505632040050063	17.128417884296724
-4.495619524405507	17.128492939125834
-4.485607008760951	17.128565286004044
-4.475594493116395	17.12863495432236
-4.46558197747184	17.128701982903277
-4.4555694618272845	17.12876641840383
-4.4455569461827285	17.12882831391624
-4.435544430538172	17.128887727743546
-4.425531914893616	17.12894472233039
-4.415519399249061	17.128999363331047
-4.405506883604506	17.1290517187686
-4.39549436795995	17.129065276793032
-4.385481852315394	17.01463600713775
-4.375469336670839	17.014683203199834
-4.365456821026283	17.014728301115788
-4.355444305381727	17.01477137938218
-4.345431789737171	17.014812515357995
-4.335419274092615	17.01485178498539
-4.32540675844806	17.014703766948525
-4.315394242803505	16.98142486696338
-4.305381727158949	16.46712810836387
-4.295369211514393	16.241032843514454
-4.285356695869837	16.169160922633434
-4.275344180225281	15.134161292447038
-4.265331664580726	14.342554012678
-4.25531914893617	12.99316874712018
-4.245306633291614	11.719969962560212
-4.235294117647059	10.695279223646732
-4.225281602002504	9.396262806980019
-4.215269086357948	8.083438169859717
-4.2052565707133915	6.873653688913553
-4.1952440550688355	6.025883951378518
-4.18523153942428	4.405863042464733
-4.175219023779725	3.410893141456885
-4.165206508135169	2.4050464434863303
-4.155193992490613	1.9511963305029416
-4.145181476846057	1.1174153140013272
-4.135168961201502	0.8306602788399686
-4.1251564455569465	0.8806528855409488
-4.11514392991239	0.9053508861706134
-4.105131414267834	0.7860601182899909
-4.095118898623279	1.203880715426293
-4.085106382978723	1.1536893483671222
-4.075093867334168	1.504254246897859
-4.065081351689612	2.1969331934894734
-4.055068836045056	2.9081163042978857
-4.045056320400501	3.41608550500464
-4.035043804755945	4.361778757868734
-4.025031289111389	6.568410696697926
-4.015018773466833	9.510264637878297
-4.005006257822277	11.079832824549781
-3.994993742177722	15.027801614079932
-3.9849812265331668	16.324525282660076
-3.9749687108886107	17.701538282118666
-3.9649561952440546	19.288763295910172
-3.9549436795994994	21.472041223674047
-3.9449311639549434	21.75872776850432
-3.934918648310388	23.006410970794434
-3.924906132665832	24.088134254887976
-3.914893617021277	25.07790900466576
-3.904881101376721	25.368587844557222
-3.8948685857321648	25.51363287949402
-3.8848560700876096	25.603404258387698
-3.8748435544430535	25.603265402883554
-3.8648310387984983	25.755206554840118
-3.8548185231539422	25.755062592012827
-3.844806007509387	25.947889955585662
-3.834793491864831	25.9477405453518
-3.824780976220275	25.94758832439625
-3.8147684605757197	25.947433182490933
-3.8047559449311636	25.94727502800479
-3.7947434292866085	25.947113765137082
-3.7847309136420524	25.946949293746634
-3.774718397997497	25.94678150918408
-3.764705882352941	25.946610302129496
-3.754693366708385	25.946435558438395
-3.74468085106383	25.946257158999387
-3.734668335419274	25.94607497960767
-3.7246558197747186	25.945888890859333
-3.7146433041301625	25.945698758072087
-3.7046307884856065	25.945504441239418
-3.6946182728410513	25.94530579502636
-3.684605757196495	25.945102668815995
-3.67459324155194	25.944894906818735
-3.664580725907384	25.944682348256812
-3.6545682102628287	25.944464827639962
-3.6445556946182727	25.944242175150595
-3.6345431789737166	25.94401421715984
-3.6245306633291614	25.94378077689962
-3.6145181476846053	25.943541675320457
-3.60450563204005	25.943296732169802
-3.594493116395494	25.943045767331554
-3.584480600750939	25.94278860247514
-3.574468085106383	25.94252506307011
-3.5644555694618267	25.9422549808333
-3.5544430538172715	25.941978196686286
-3.5444305381727155	25.94169456431613
-3.5344180225281603	25.94140395444787
-3.524405506883604	25.94110625995798
-3.514392991239049	25.9408014019816
-3.504380475594493	25.940489337193725
-3.494367959949937	25.94017006647996
-3.4843554443053817	25.939843645251262
-3.4743429286608256	25.93951019570716
-3.4643304130162704	25.939169921409345
-3.4543178973717144	25.93882312459857
-3.444305381727159	25.938470226772285
-3.434292866082603	25.938111793142568
-3.424280350438047	25.937748561717587
-3.414267834793492	25.937381477898356
-3.4042553191489358	25.937011735663447
-3.3942428035043806	25.936640826630363
-3.3842302878598245	25.93627059854613
-3.3742177722152693	25.93590332507455
-3.3642052565707132	25.93554178913001
-3.354192740926157	25.935189382464365
-3.344180225281602	25.93485022476409
-3.334167709637046	25.934529306172173
-3.3241551939924907	25.934232657938114
-3.3141426783479346	25.933967556845857
-3.3041301627033794	25.933742770215964
-3.2941176470588234	25.933568849698823
-3.2841051314142673	25.93345848390766
-3.274092615769712	25.933426922483132
-3.264080100125156	25.933492488083157
-3.254067584480601	25.93367719954938
-3.2440550688360448	25.934007542604597
-3.2340425531914896	25.934515452304666
-3.2240300375469335	25.935239635044045
-3.2140175219023774	25.936227511226274
-3.2040050062578223	25.93753844750763
-3.193992490613266	25.939249971497564
-3.183979974968711	25.94147146660536
-3.173967459324155	25.94437770939064
-3.1639549436795997	25.94829641666721
-3.1539424280350437	25.953937282886038
-3.1439299123904876	25.96290885556174
-3.1339173967459324	25.978240067687373
-3.1239048811013763	26.00280337192134
-3.113892365456821	26.03816425126407
-3.103879849812265	26.092342642054664
-3.09386733416771	26.166853203976707
-3.083854818523154	26.257917870706304
-3.0738423028785977	26.41218100671901
-3.0638297872340425	26.633562353377172
-3.0538172715894865	26.981537514205115
-3.0438047559449313	27.385774004062842
-3.033792240300375	27.821416778665952
-3.02377972465582	28.447168406071636
-3.013767209011264	29.26817724620197
-3.003754693366708	30.142353919210425
-2.9937421777221527	30.967411759570773
-2.9837296620775966	31.81243554809822
-2.9737171464330414	32.7687723414474
-2.9637046307884853	33.847973602286395
-2.95369211514393	35.1832371781113
-2.943679599499374	36.68798599120686
-2.933667083854818	38.19869660023099
-2.923654568210263	39.583563262459926
-2.9136420525657067	40.75283347273272
-2.9036295369211516	41.834119449610874
-2.8936170212765955	42.82158218296119
-2.8836045056320403	43.58920542785318
-2.873591989987484	44.214687739611335
-2.863579474342928	44.757762122858914
-2.853566958698373	45.1684923634095
-2.843554443053817	45.46747714225925
-2.8335419274092617	45.68984830879257
-2.8235294117647056	45.862814939494356
-2.8135168961201504	46.04137616451016
-2.8035043804755944	46.24572938582427
-2.7934918648310383	46.41135088572175
-2.783479349186483	46.53165318101539
-2.773466833541927	46.59044317497816
-2.763454317897372	46.443115063600864
-2.7534418022528158	46.1133897170692
-2.7434292866082606	45.671574505334334
-2.7334167709637045	45.11244545273281
-2.7234042553191484	44.45813512531836
-2.7133917396745932	43.809150748844516
-2.703379224030037	43.29219394311527
-2.693366708385482	42.89144431116211
-2.683354192740926	42.46645245591626
-2.6733416770963707	41.90872333541312
-2.6633291614518146	41.22443743135929
-2.6533166458072586	40.453494958012726
-2.6433041301627034	39.647325001211335
-2.6332916145181473	38.83110503197203
-2.623279098873592	37.79879270363027
-2.613266583229036	36.51622336943027
-2.603254067584481	35.39219111384393
-2.593241551939925	34.442444143204476
-2.5832290362953687	33.54260229609971
-2.5732165206508135	32.647567304915846
-2.5632040050062574	31.861077960735802
-2.5531914893617023	31.300878247255028
-2.543178973717146	30.893079897852864
-2.533166458072591	30.605860667575485
-2.523153942428035	30.431107181390455
-2.513141426783479	30.22882934147814
-2.5031289111389237	30.083385817204555
-2.4931163954943676	30.00913500487526
-2.4831038798498124	29.9969844592251
-2.4730913642052563	29.89624634721829
-2.463078848560701	29.807565804644195
-2.453066332916145	29.767051091278137
-2.443053817271589	29.786080684129196
-2.433041301627034	29.712284977502254
-2.4230287859824777	29.744845652658782
-2.4130162703379225	29.476601890204584
-2.4030037546933665	29.564952064638405
-2.3929912390488113	29.836603898154337
-2.382978723404255	30.1595965752836
-2.372966207759699	31.15896029024988
-2.362953692115144	32.156538481740746
-2.352941176470588	33.473935211389836
-2.3429286608260327	34.492330937783834
-2.3329161451814766	36.070543801185124
-2.3229036295369214	36.860999438069456
-2.3128911138923653	37.456703460054875
-2.3028785982478093	37.95979171027559
-2.292866082603254	38.61571564786119
-2.282853566958698	39.04122887733537
-2.272841051314143	39.21401858658766
-2.2628285356695867	39.41083893089601
-2.2528160200250316	39.57643608108569
-2.2428035043804755	39.83554787068333
-2.2327909887359194	39.92420875685705
-2.2227784730913642	40.10434943766725
-2.212765957446808	40.16698169131931
-2.202753441802253	40.213724819634834
-2.192740926157697	40.28977238967607
-2.1827284105131417	40.41943709282517
-2.1727158948685856	40.62281912199169
-2.1627033792240296	40.934011105661966
-2.1526908635794744	41.36185791082231
-2.1426783479349183	41.982720604433055
-2.132665832290363	42.80394126606224
-2.122653316645807	43.77036133729304
-2.112640801001252	44.884778082469495
-2.1026282853566958	45.97228285896008
-2.0926157697121397	46.87968422649293
-2.0826032540675845	47.74553525795917
-2.0725907384230284	48.636895972412674
-2.0625782227784732	49.4163128179264
-2.052565707133917	50.07322138454748
-2.042553191489362	50.73521115805293
-2.032540675844806	51.37079760173959
-2.02252816020025	51.94479259037045
-2.0125156445556946	52.48188717381782
-2.0025031289111386	52.98320822152924
-1.9924906132665834	53.45768452449423
-1.9824780976220273	53.85885409687964
-1.9724655819774712	54.1685236455032
-1.962453066332916	54.37441825458798
-1.95244055068836	54.57213133918903
-1.9424280350438048	54.78692164714486
-1.9324155193992487	55.0619867490053
-1.9224030037546935	55.3920726188402
-1.9123904881101375	55.67295926922089
-1.9023779724655814	55.91437415475658
-1.8923654568210262	56.1126119770194
-1.8823529411764701	56.27843394815341
-1.872340425531915	56.39692446617617
-1.8623279098873589	56.51848792431714
-1.8523153942428037	56.705091142866976
-1.8423028785982476	56.896610183737074
-1.8322903629536915	57.05083713072641
-1.8222778473091363	57.195855761720075
-1.8122653316645803	57.31223575978141
-1.802252816020025	57.33462726339769
-1.792240300375469	57.30932080551014
-1.7822277847309138	57.30950414627465
-1.7722152690863577	57.276095698135364
-1.7622027534418017	57.23869775151039
-1.7521902377972465	57.23257664554717
-1.7421777221526904	57.1892149270038
-1.7321652065081352	57.10463822655482
-1.7221526908635791	56.97328188764064
-1.712140175219024	56.81805199270019
-1.7021276595744679	56.59608999474395
-1.6921151439299118	56.35879553595658
-1.6821026282853566	56.188406444074445
-1.6720901126408005	56.04222183001439
-1.6620775969962454	55.88327991573063
-1.6520650813516893	55.673058582482525
-1.642052565707134	55.30264230735794
-1.632040050062578	54.74314606745476
-1.622027534418022	54.19367800322579
-1.6120150187734668	53.74985202471837
-1.6020025031289107	53.34330801161954
-1.5919899874843555	52.91367135102605
-1.5819774718397994	52.418451271663834
-1.5719649561952442	51.82432079880678
-1.5619524405506882	51.25366217161102
-1.551939924906132	50.661091711751624
-1.541927409261577	49.955746768575196
-1.5319148936170208	49.15498623296704
-1.5219023779724656	48.36122724092358
-1.5118898623279096	47.52944793973222
-1.5018773466833544	46.67033020730757
-1.4918648310387983	46.13985021463592
-1.4818523153942422	45.65574860888978
-1.471839799749687	45.04296366841706
-1.461827284105131	44.41389986824971
-1.4518147684605758	44.14406703480644
-1.4418022528160197	43.998401480719366
-1.4317897371714645	43.6840449213565
-1.4217772215269084	43.404414851738885
-1.4117647058823524	43.22188020740082
-1.4017521902377972	43.53445614077859
-1.391739674593241	44.028060319400595
-1.381727158948686	44.5461281685161
-1.3717146433041298	45.23031355126259
-1.3617021276595747	46.03766274145605
-1.3516896120150186	46.706227561026054
-1.3416770963704625	47.13021532939982
-1.3316645807259073	47.437843499304066
-1.3216520650813512	47.6789248587884
-1.311639549436796	47.88812152563459
-1.30162703379224	47.99453505121831
-1.2916145181476848	47.9932860429148
-1.2816020025031287	47.80330568634411
-1.2715894868585726	47.433404600145685
-1.2615769712140175	47.03319817165673
-1.2515644555694614	46.61513421492486
-1.2415519399249062	46.22591655503824
-1.2315394242803501	45.86511236757511
-1.221526908635795	45.437227240633604
-1.2115143929912389	44.92692770898601
-1.2015018773466828	44.352327438412466
-1.1914893617021276	43.705717713777055
-1.1814768460575715	42.98122721316086
-1.1714643304130163	42.259520960744794
-1.1614518147684603	41.60061232760174
-1.151439299123905	41.02678792352396
-1.141426783479349	40.553886787835864
-1.131414267834793	40.211063596174895
-1.1214017521902377	39.990861440261405
-1.1113892365456817	39.84311851121631
-1.1013767209011265	39.726958775726565
-1.0913642052565704	39.635828287117974
-1.0813516896120152	39.55692675979881
-1.0713391739674591	39.44268504626066
-1.061326658322903	39.264400494218464
-1.0513141426783479	39.04676352136419
-1.0413016270337918	38.82328937056926
-1.0312891113892366	38.590286664293735
-1.0212765957446805	38.337366605973855
-1.0112640801001254	38.09065843510703
-1.0012515644555693	37.88871117438355
-0.9912390488110132	37.75937450768137
-0.981226533166458	37.7025827152586
-0.971214017521902	37.69674340080154
-0.9612015018773468	37.72512177421126
-0.9511889862327907	37.78561319513506
-0.9411764705882355	37.877723128241634
-0.9311639549436794	38.00934783433822
-0.9211514392991234	38.17874626844217
-0.9111389236545682	38.381970548029294
-0.9011264080100121	38.63612522526588
-0.8911138923654569	38.96153155929649
-0.8811013767209008	39.38829581165447
-0.8710888610763456	39.911482071173886
-0.8610763454317896	40.44678122093389
-0.8510638297872335	40.953580839564545
-0.8410513141426783	41.45752625638275
-0.8310387984981222	41.98276362616097
-0.821026282853567	42.51652233604423
-0.811013767209011	43.062724231580695
-0.8010012515644558	43.67248993095475
-0.7909887359198997	44.37993030079494
-0.7809762202753436	45.10374134251679
-0.7709637046307884	45.73917627642238
-0.7609511889862324	46.28853639619269
-0.7509386733416772	46.75486687872525
-0.7409261576971211	47.14134965393342
-0.7309136420525659	47.3999665570968
-0.7209011264080099	47.58060608590971
-0.7108886107634538	47.764414374347005
-0.7008760951188986	47.99910594988953
-0.6908635794743425	48.269165389189524
-0.6808510638297873	48.538756791980546
-0.6708385481852313	48.81699762935574
-0.6608260325406761	49.161767009446706
-0.65081351689612	49.57311583228121
-0.6408010012515639	49.91344035145596
-0.6307884856070087	50.05203670602032
-0.6207759699624527	50.08075484898628
-0.6107634543178975	50.03674627536425
-0.6007509386733414	49.93823292916243
-0.5907384230287862	49.866400761186846
-0.5807259073842301	49.76629821640479
-0.5707133917396741	49.56013253153545
-0.5607008760951189	49.39171998815329
-0.5506883604505628	49.21579648107096
-0.5406758448060076	48.83921905987004
-0.5306633291614515	48.471636699098546
-0.5206508135168963	48.228321888713765
-0.5106382978723403	48.136410512358886
-0.5006257822277842	48.14444186618678
-0.490613266583229	48.097821055762815
-0.48060075093867294	47.93495265587887
-0.47058823529411775	47.79533297545809
-0.4605757196495617	47.77091808294004
-0.4505632040050065	47.960254386571066
-0.4405506883604504	48.30621797224707
-0.43053817271589434	48.74888874048428
-0.42052565707133915	49.246253271538045
-0.4105131414267831	49.788648461003085
-0.4005006257822279	50.25971868058393
-0.3904881101376718	50.565999644918506
-0.38047559449311663	50.75293056187742
-0.37046307884856056	50.87158247038327
-0.3604505632040045	50.89012096908499
-0.3504380475594493	50.82016986546577
-0.3404255319148932	50.689355832851305
-0.33041301627033803	50.55384507537432
-0.32040050062578196	50.50291205392593
-0.3103879849812259	50.49763357835087
-0.3003754693366707	50.48528712308655
-0.2903629536921146	50.39247435606926
-0.28035043804755944	50.27120765741197
-0.27033792240300336	50.068931817025096
-0.2603254067584482	49.81459596375753
-0.2503128911138921	49.64565459229726
-0.24030037546933602	49.51392510459264
-0.23028785982478084	49.34633900123105
-0.22027534418022476	49.14784632751319
-0.21026282853566958	48.851146166113224
-0.2002503128911135	48.373871079792536
-0.19023779724655832	47.76302357771623
-0.18022528160200224	47.189536816897096
-0.17021276595744617	46.791095475168134
-0.16020025031289098	46.406011314772186
-0.1501877346683349	45.87966457758923
-0.14017521902377972	45.408513752983346
-0.13016270337922364	44.98262519529872
-0.12015018773466846	44.52946885953946
-0.11013767209011238	44.03173988358736
-0.10012515644555631	43.521593618256524
-0.09011264080100112	42.97375040552113
-0.08010012515644505	42.45999266810724
-0.07008760951188986	42.04761311276968
-0.060075093867333784	41.75441137492626
-0.0500625782227786	41.539798623758166
-0.04005006257822252	41.36426116859394
-0.030037546933666448	41.15839091673937
-0.02002503128911126	40.85743499014679
-0.010012515644555187	40.49196364000041
0.0	40.12817773043706
