-8.0	18.659840665556278
-7.989987484355444	18.5650951735149
-7.979974968710889	18.531071835517253
-7.969962453066333	18.561843080299592
-7.9599499374217775	18.62985781117087
-7.949937421777221	18.6930997201185
-7.939924906132666	18.72803656656251
-7.92991239048811	18.726107416606716
-7.919899874843554	18.675615138729764
-7.909887359198999	18.567611090342737
-7.899874843554443	18.424607509926506
-7.889862327909888	18.288693073087774
-7.8798498122653315	18.18867566234822
-7.869837296620776	18.132408966846533
-7.85982478097622	18.115604372647883
-7.849812265331664	18.12571745052306
-7.839799749687109	18.144886288970746
-7.829787234042553	18.15168369555113
-7.819774718397998	18.12316034663083
-7.809762202753442	18.050870072819613
-7.7997496871088865	17.94649460572759
-7.78973717146433	17.83712231503414
-7.779724655819774	17.751638032610444
-7.769712140175219	17.70738249609688
-7.759699624530663	17.720053667320705
-7.749687108886108	17.809843046207003
-7.739674593241552	17.962897453065462
-7.729662077596997	18.120485391066367
-7.719649561952441	18.243835948307893
-7.7096370463078845	18.338111523936057
-7.699624530663329	18.421579552186888
-7.689612015018773	18.49954812662844
-7.679599499374218	18.555842078015985
-7.669586983729662	18.569970268323697
-7.659574468085107	18.536376400080922
-7.649561952440551	18.45690358673778
-7.639549436795995	18.347794468191736
-7.629536921151439	18.257127896130196
-7.619524405506883	18.201130055363976
-7.609511889862328	18.15377604953962
-7.599499374217772	18.09472681303614
-7.589486858573217	18.021353471664924
-7.579474342928661	17.941189347840083
-7.569461827284105	17.862926881227594
-7.55944931163955	17.79322793478506
-7.5494367959949935	17.73158920779968
-7.539424280350438	17.659690938143736
-7.529411764705882	17.55530033921604
-7.519399249061326	17.421365546428035
-7.509386733416771	17.282338003029707
-7.499374217772215	17.160293915787445
-7.48936170212766	17.08001441146758
-7.479349186483104	17.06600297665301
-7.4693366708385485	17.102350302579797
-7.459324155193992	17.155746915936845
-7.449311639549437	17.207161049124824
-7.439299123904881	17.241339728277786
-7.429286608260325	17.234674399900054
-7.41927409261577	17.173262748924333
-7.409261576971214	17.068508596193052
-7.399249061326659	16.92620024080978
-7.3892365456821025	16.741646324396548
-7.3792240300375465	16.52534395651832
-7.369211514392991	16.3029489386446
-7.359198998748435	16.108274343364005
-7.34918648310388	15.969674405505431
-7.339173967459324	15.893357219503192
-7.329161451814769	15.863605389324793
-7.319148936170213	15.848785081604188
-7.3091364205256575	15.81609291851716
-7.299123904881101	15.744540147887522
-7.289111389236545	15.612975658475685
-7.27909887359199	15.414215413031704
-7.269086357947434	15.167974072615
-7.259073842302879	14.910864916104556
-7.249061326658323	14.680056185753113
-7.239048811013767	14.498882432757997
-7.2290362953692116	14.364177492265856
-7.2190237797246555	14.246062260384555
-7.2090112640801	14.108976841555663
-7.198998748435544	13.936642729996866
-7.188986232790989	13.73724068568765
-7.178973717146433	13.543761659372194
-7.168961201501878	13.39677914650795
-7.158948685857322	13.311845832198182
-7.148936170212766	13.281768177565601
-7.13892365456821	13.291130108590982
-7.128911138923654	13.320594450893218
-7.118898623279099	13.35502663236296
-7.108886107634543	13.392454949058205
-7.098873591989987	13.435453459557879
-7.088861076345432	13.473687601283231
-7.078848560700876	13.495448819987176
-7.068836045056321	13.511997426493968
-7.0588235294117645	13.531411887636905
-7.048811013767209	13.541227865884888
-7.038798498122653	13.539265794474952
-7.028785982478098	13.531242495820301
-7.018773466833542	13.521919843585565
-7.008760951188986	13.51535659875054
-6.998748435544431	13.496151025321156
-6.988735919899875	13.453610969453344
-6.9787234042553195	13.397978160333063
-6.968710888610763	13.339124675017429
-6.958698372966207	13.28357577702099
-6.948685857321652	13.25088970848113
-6.938673341677096	13.247985965953184
-6.928660826032541	13.237675291784031
-6.918648310387985	13.187717173784517
-6.908635794743429	13.106339457595555
-6.8986232790988735	13.01348385216752
-6.888610763454318	12.927007103486089
-6.878598247809762	12.869331427743775
-6.868585732165206	12.87576707327129
-6.858573216520651	12.94592986816936
-6.848560700876095	13.024617316459006
-6.83854818523154	13.106197260845274
-6.828535669586984	13.206153520036437
-6.818523153942428	13.31627622018005
-6.808510638297872	13.414600498066058
-6.798498122653316	13.49068966114563
-6.788485607008761	13.562525646125884
-6.778473091364205	13.682940693037159
-6.768460575719649	13.910333290007369
-6.758448060075094	14.221600997801968
-6.748435544430539	14.520100884099369
-6.7384230287859825	14.76064246664517
-6.7284105131414265	14.995852032022286
-6.718397997496871	15.274902331142744
-6.708385481852315	15.616359716807057
-6.69837296620776	16.019631652159458
-6.688360450563204	16.413904647306886
-6.678347934918648	16.810228638324624
-6.668335419274093	17.297167400685456
-6.658322903629537	17.886878607750383
-6.648310387984981	18.534111812599363
-6.638297872340425	19.229779311524382
-6.628285356695869	19.8610371887223
-6.618272841051314	20.355549207342428
-6.608260325406759	20.77409885996662
-6.598247809762203	21.11317960560431
-6.588235294117647	21.399006519547537
-6.578222778473092	21.737060997554998
-6.5682102628285355	22.132148501164792
-6.55819774718398	22.50207988467333
-6.548185231539424	22.969951460018915
-6.538172715894868	23.563068085497495
-6.528160200250313	24.155094459209884
-6.518147684605757	24.67552919206591
-6.508135168961202	25.12983346567197
-6.498122653316646	25.5990339807344
-6.4881101376720896	25.99932655823255
-6.478097622027534	26.299970402082568
-6.468085106382979	26.516034771369597
-6.458072590738423	26.63773635573037
-6.448060075093867	26.659803243622978
-6.438047559449312	26.703810147804827
-6.428035043804756	26.80725913801686
-6.418022528160201	26.82097075735839
-6.4080100125156445	26.717901392305897
-6.397997496871088	26.556086492698032
-6.387984981226533	26.35208908008861
-6.377972465581977	26.197172301049488
-6.367959949937422	26.059602110940258
-6.357947434292866	25.921042055930535
-6.34793491864831	25.84478736280629
-6.337922403003755	25.760072788608195
-6.3279098873591995	25.684136228104908
-6.317897371714643	25.572322361817562
-6.307884856070087	25.43593543789307
-6.297872340425532	25.33079356851845
-6.287859824780976	25.123445521805067
-6.277847309136421	24.81097077517461
-6.267834793491865	24.438590423045767
-6.257822277847309	24.068196848230162
-6.2478097622027535	23.697282261730813
-6.2377972465581975	23.397945043582837
-6.227784730913642	23.09314995471391
-6.217772215269086	22.669603728454153
-6.20775969962453	22.251527513230506
-6.197747183979975	21.88579202867299
-6.18773466833542	21.34161549937093
-6.177722152690864	20.826772005700832
-6.167709637046308	20.564258982902253
-6.157697121401752	20.22660277466656
-6.147684605757196	19.93898546302828
-6.137672090112641	19.55698790028421
-6.127659574468085	19.302288638216744
-6.117647058823529	19.10417390268436
-6.107634543178974	18.892675193244223
-6.097622027534418	18.7163101006863
-6.0876095118898625	18.598848565433244
-6.0775969962453065	18.471763442562064
-6.06758448060075	18.36893920847547
-6.057571964956195	18.21647103668392
-6.04755944931164	17.975268180742532
-6.037546933667084	17.799525720608166
-6.027534418022528	17.834109658217884
-6.017521902377973	17.815717220369443
-6.007509386733417	17.556468920866358
-5.997496871088861	17.32871427508321
-5.987484355444305	17.24220247530979
-5.977471839799749	17.174838500534975
-5.967459324155194	17.104223625205293
-5.957446808510639	16.926928962059932
-5.947434292866083	17.01502023427086
-5.937421777221527	16.953853919712124
-5.927409261576971	16.995989447886913
-5.9173967459324155	16.858935222934992
-5.90738423028786	16.649554239258375
-5.897371714643304	16.559934151906315
-5.887359198998748	16.275664962931582
-5.877346683354192	16.123599905486746
-5.867334167709637	16.107464191138995
-5.857321652065082	16.034604558732045
-5.847309136420526	15.74307250878092
-5.83729662077597	15.624356199198964
-5.827284105131414	15.655501478237582
-5.817271589486858	15.578096120982512
-5.807259073842303	15.440686227658263
-5.797246558197747	15.350605287068143
-5.787234042553191	15.388681173393222
-5.777221526908636	15.355850015841659
-5.767209011264081	15.354058023027088
-5.7571964956195245	15.301900314096288
-5.747183979974968	15.397673714760348
-5.737171464330412	15.456958501915008
-5.727158948685857	15.533103136630602
-5.717146433041302	15.694038933601128
-5.707133917396746	15.81250297855379
-5.69712140175219	15.910620805484552
-5.687108886107635	16.023017762509514
-5.677096370463079	16.2001199828858
-5.667083854818523	16.303564484097816
-5.657071339173967	16.477550243156493
-5.647058823529411	16.714718358983287
-5.637046307884856	16.95245647821789
-5.627033792240301	17.19806148832527
-5.617021276595745	17.336883544584648
-5.607008760951189	17.485197989491656
-5.596996245306633	17.637138106606127
-5.5869837296620775	17.804160795009437
-5.576971214017522	17.997589341565085
-5.566958698372966	18.186643629889964
-5.55694618272841	18.437820112897132
-5.546933667083855	18.65710580545421
-5.536921151439299	18.843126206667247
-5.526908635794744	19.012215630343814
-5.516896120150188	19.091592651638926
-5.5068836045056315	19.164927007314095
-5.496871088861076	19.27328886785805
-5.486858573216521	19.321726037014194
-5.476846057571965	19.31882239401925
-5.466833541927409	19.417772411542362
-5.456821026282853	19.572845535768842
-5.446808510638298	19.745115293980014
-5.4367959949937426	19.943423768962134
-5.4267834793491865	20.184692842452744
-5.41677096370463	20.44222474414909
-5.406758448060075	20.6385584487772
-5.396745932415519	20.78391069454493
-5.386733416770964	20.908304205698112
-5.376720901126408	20.977135973398344
-5.366708385481852	20.959748366197427
-5.356695869837297	20.933245922660028
-5.346683354192741	20.89814811017882
-5.336670838548185	20.812329467258536
-5.326658322903629	20.703097969413484
-5.316645807259073	20.574741639801132
-5.306633291614518	20.415118460940747
-5.296620775969963	20.23581414200255
-5.286608260325407	20.06631935920203
-5.276595744680851	19.906449765161344
-5.2665832290362955	19.652937204705506
-5.256570713391739	19.377276415990703
-5.246558197747184	19.20509528591728
-5.236545682102628	19.01017514221967
-5.226533166458072	18.804182737771466
-5.216520650813517	18.563388637157953
-5.206508135168962	18.359806777031757
-5.196495619524406	18.23127089351599
-5.18648310387985	18.09420348590375
-5.1764705882352935	17.92419251553293
-5.166458072590738	17.71998914265945
-5.156445556946183	17.565275166335514
-5.146433041301627	17.44208427900832
-5.136420525657071	17.352759138990642
-5.126408010012516	17.243212924467443
-5.11639549436796	17.102039025811013
-5.1063829787234045	16.958655990750884
-5.0963704630788484	16.82643686385446
-5.086357947434292	16.658046396743202
-5.076345431789737	16.526359942901898
-5.066332916145182	16.451114196490984
-5.056320400500626	16.36151506127968
-5.04630788485607	16.26037943792319
-5.036295369211514	16.18007362181196
-5.026282853566959	16.116143155982368
-5.016270337922403	16.03354319692373
-5.006257822277847	15.98932375290802
-4.996245306633291	15.965905091636678
-4.986232790988735	15.942793649194247
-4.97622027534418	15.940086814978958
-4.966207759699625	15.932366973769554
-4.956195244055069	15.937363317951656
-4.946182728410513	15.95730669290519
-4.9361702127659575	15.966111931960521
-4.926157697121402	15.965925708959015
-4.916145181476846	15.963351661380681
-4.90613266583229	15.958077578402618
-4.896120150187734	15.946226653603379
-4.886107634543179	15.87069665247229
-4.876095118898624	15.786477336511851
-4.866082603254068	15.763264024607077
-4.8560700876095115	15.74992221061065
-4.8460575719649555	15.740097530613854
-4.8360450563204	15.734797144741583
-4.826032540675845	15.732585306600662
-4.816020025031289	15.731761092774251
-4.806007509386733	15.731454727029975
-4.795994993742178	15.731326963756066
-4.785982478097623	15.731257937292096
-4.7759699624530665	15.731207209891888
-4.76595744680851	15.731161778560557
-4.755944931163954	15.731117883618362
-4.745932415519399	15.73107477797025
-4.735919899874844	15.731032619307094
-4.725907384230288	15.730991770957882
-4.715894868585732	15.730952581566186
-4.705882352941176	15.730915325943544
-4.6958698372966206	15.730880198660305
-4.685857321652065	15.73084732345504
-4.675844806007509	15.730816766046292
-4.665832290362953	15.730788546344801
-4.655819774718398	15.730762648951494
-4.645807259073843	15.730739031802521
-4.635794743429287	15.730717633134406
-4.625782227784731	15.730698377020497
-4.615769712140175	15.73068117772874
-4.605757196495619	15.730665943123004
-4.595744680851064	15.730652577296578
-4.585732165206508	15.730640982594402
-4.575719649561952	15.730631061151334
-4.565707133917396	15.730622716049599
-4.555694618272841	15.73061585217703
-4.545682102628286	15.711396063324761
-4.53566958698373	15.672439914819359
-4.5256570713391735	15.617837689954037
-4.515644555694618	15.617834906527655
-4.505632040050063	15.617834120159348
-4.495619524405507	15.617834290163787
-4.485607008760951	15.58226253022821
-4.475594493116395	15.573117084211663
-4.46558197747184	15.559875993226909
-4.4555694618272845	15.549157677231165
-4.4455569461827285	15.548281400311817
-4.435544430538172	15.328299826134012
-4.425531914893616	15.302156582210756
-4.415519399249061	15.157672181906426
-4.405506883604506	14.953187397555546
-4.39549436795995	14.817386345641559
-4.385481852315394	14.59523917825031
-4.375469336670839	14.401020996554154
-4.365456821026283	14.273745236225027
-4.355444305381727	14.053657759591525
-4.345431789737171	13.477711341341532
-4.335419274092615	13.027897201216339
-4.32540675844806	12.621526495522037
-4.315394242803505	12.37391702094857
-4.305381727158949	11.796471817183772
-4.295369211514393	11.600545854431132
-4.285356695869837	11.148376227441075
-4.275344180225281	10.767092222944543
-4.265331664580726	10.499927986655008
-4.25531914893617	10.1115270699628
-4.245306633291614	9.839395862686477
-4.235294117647059	9.176513426767553
-4.225281602002504	8.629018777085873
-4.215269086357948	8.189677636465166
-4.2052565707133915	8.081810279631906
-4.1952440550688355	7.848145176442218
-4.18523153942428	7.7359275257347075
-4.175219023779725	7.549020160043682
-4.165206508135169	7.069914853959043
-4.155193992490613	6.848819612315204
-4.145181476846057	6.793415730109261
-4.135168961201502	6.693346310098412
-4.1251564455569465	6.561212636041916
-4.11514392991239	6.4635868725578645
-4.105131414267834	6.421703404859126
-4.095118898623279	6.406949603515707
-4.085106382978723	6.355659932477421
-4.075093867334168	6.2970257655930855
-4.065081351689612	6.297115242034455
-4.055068836045056	6.297204504606515
-4.045056320400501	6.227030537780305
-4.035043804755945	6.201865607713293
-4.025031289111389	6.2019604169791265
-4.015018773466833	6.202056681497797
-4.005006257822277	6.201420961759858
-3.994993742177722	6.201517453047926
-3.9849812265331668	6.201618807579452
-3.9749687108886107	6.201722157879902
-3.9649561952440546	6.201827690296361
-3.9549436795994994	6.20193561944002
-3.9449311639549434	6.202046193587361
-3.934918648310388	6.2021597013225565
-3.924906132665832	6.202276479778977
-3.914893617021277	6.202396924970279
-3.904881101376721	6.2025215048936335
-3.8948685857321648	6.202650776369713
-3.8848560700876096	6.2027854070015715
-3.8748435544430535	6.202926204258957
-3.8648310387984983	6.20307415463496
-3.8548185231539422	6.203230477247467
-3.844806007509387	6.2033966984325835
-3.834793491864831	6.20357475721596
-3.824780976220275	6.203767156718241
-3.8147684605757197	6.20397718467321
-3.8047559449311636	6.20420923933769
-3.7947434292866085	6.204469319268295
-3.7847309136420524	6.204765776350034
-3.774718397997497	6.205110516818026
-3.764705882352941	6.205521044080018
-3.754693366708385	6.206024408547046
-3.74468085106383	6.20666837728664
-3.734668335419274	6.207606491178325
-3.7246558197747186	6.210435832603824
-3.7146433041301625	6.225684745454282
-3.7046307884856065	6.238261676790696
-3.6946182728410513	6.246282370670132
-3.684605757196495	6.256940270351351
-3.67459324155194	6.269413155926801
-3.664580725907384	6.281735534672048
-3.6545682102628287	6.307968386551095
-3.6445556946182727	6.343304442012335
-3.6345431789737166	6.3933064691980075
-3.6245306633291614	6.453528247456803
-3.6145181476846053	6.512222212166604
-3.60450563204005	6.531517015078659
-3.594493116395494	6.566150142265807
-3.584480600750939	6.6175698651431345
-3.574468085106383	6.629346234931052
-3.5644555694618267	6.65367662558523
-3.5544430538172715	6.683538798256274
-3.5444305381727155	6.748855789956555
-3.5344180225281603	6.8236977713745395
-3.524405506883604	6.862362350211279
-3.514392991239049	6.867372007372333
-3.504380475594493	6.877888827830372
-3.494367959949937	6.904412076755936
-3.4843554443053817	6.920380284402367
-3.4743429286608256	6.9580044079791525
-3.4643304130162704	7.044161916952135
-3.4543178973717144	7.217829754282178
-3.444305381727159	7.395244411340736
-3.434292866082603	7.594099014609604
-3.424280350438047	7.722928509796983
-3.414267834793492	7.797636083814628
-3.4042553191489358	7.899994697129729
-3.3942428035043806	8.069940335839105
-3.3842302878598245	8.185305891269538
-3.3742177722152693	8.348794132557039
-3.3642052565707132	8.555040127347802
-3.354192740926157	8.768922799052614
-3.344180225281602	8.940965753718247
-3.334167709637046	9.039335616585893
-3.3241551939924907	9.066526948058508
-3.3141426783479346	9.032143984286098
-3.3041301627033794	9.043050628310962
-3.2941176470588234	9.110601064319818
-3.2841051314142673	9.197784060145777
-3.274092615769712	9.38044528613824
-3.264080100125156	9.62147250091498
-3.254067584480601	9.856951611174303
-3.2440550688360448	10.06834405047328
-3.2340425531914896	10.273074961245497
-3.2240300375469335	10.461456438388026
-3.2140175219023774	10.601641045067378
-3.2040050062578223	10.694621994948198
-3.193992490613266	10.716335312775193
-3.183979974968711	10.664105553005518
-3.173967459324155	10.525004329727388
-3.1639549436795997	10.448530762435494
-3.1539424280350437	10.416766059894057
-3.1439299123904876	10.361238229190397
-3.1339173967459324	10.273484680167432
-3.1239048811013763	10.116108957031482
-3.113892365456821	9.926161852442782
-3.103879849812265	9.747445197060006
-3.09386733416771	9.562632515994439
-3.083854818523154	9.374789348041483
-3.0738423028785977	9.20036852918865
-3.0638297872340425	8.976097306344254
-3.0538172715894865	8.719648076820711
-3.0438047559449313	8.540180694652552
-3.033792240300375	8.384541829017095
-3.02377972465582	8.255789147311532
-3.013767209011264	8.164851797878066
-3.003754693366708	8.079571272447787
-2.9937421777221527	8.007262577388866
-2.9837296620775966	7.9050972309049765
-2.9737171464330414	7.835784233671536
-2.9637046307884853	7.768127909138413
-2.95369211514393	7.714689383117966
-2.943679599499374	7.672051877461375
-2.933667083854818	7.596789964864521
-2.923654568210263	7.531392798114974
-2.9136420525657067	7.461133445588995
-2.9036295369211516	7.422342010360211
-2.8936170212765955	7.39712902293859
-2.8836045056320403	7.362550802041352
-2.873591989987484	7.32734660683648
-2.863579474342928	7.284733151322651
-2.853566958698373	7.255438227504141
-2.843554443053817	7.23381495432383
-2.8335419274092617	7.219363568341554
-2.8235294117647056	7.213580395786464
-2.8135168961201504	7.2007954980185715
-2.8035043804755944	7.182944606788762
-2.7934918648310383	7.179497086199862
-2.783479349186483	7.17765652187567
-2.773466833541927	7.176094134020941
-2.763454317897372	7.174707387724586
-2.7534418022528158	7.181487554737848
-2.7434292866082606	7.184902935993111
-2.7334167709637045	7.202810514221234
-2.7234042553191484	7.217703490513439
-2.7133917396745932	7.2171642959810125
-2.703379224030037	7.216355720213523
-2.693366708385482	7.213893797100352
-2.683354192740926	7.213224519263597
-2.6733416770963707	7.223224600770053
-2.6633291614518146	7.289752745864873
-2.6533166458072586	7.26134487000619
-2.6433041301627034	7.293926691897967
-2.6332916145181473	7.255860869552626
-2.623279098873592	7.362977299537792
-2.613266583229036	7.398068226940935
-2.603254067584481	7.414993586482927
-2.593241551939925	7.484862953628197
-2.5832290362953687	7.515165643238347
-2.5732165206508135	7.577641874216071
-2.5632040050062574	7.682423312843711
-2.5531914893617023	7.862252869744998
-2.543178973717146	7.941204335906556
-2.533166458072591	7.951091320774619
-2.523153942428035	7.96289089797207
-2.513141426783479	7.976399342285714
-2.5031289111389237	8.080961612517061
-2.4931163954943676	7.993663763553299
-2.4831038798498124	7.8971852885671785
-2.4730913642052563	7.971033653805942
-2.463078848560701	8.072063973221107
-2.453066332916145	8.08053559093744
-2.443053817271589	8.261028677208744
-2.433041301627034	8.481598261468033
-2.4230287859824777	8.554434678447647
-2.4130162703379225	8.602054331813454
-2.4030037546933665	8.684830886576306
-2.3929912390488113	8.760395466156439
-2.382978723404255	8.96479981324639
-2.372966207759699	9.155091562493537
-2.362953692115144	9.25305177752227
-2.352941176470588	9.396402738817537
-2.3429286608260327	9.493383851246865
-2.3329161451814766	9.55483303046819
-2.3229036295369214	9.589087648207173
-2.3128911138923653	9.59770653288058
-2.3028785982478093	9.744105446089925
-2.292866082603254	9.71832173561844
-2.282853566958698	9.72068457477611
-2.272841051314143	9.736876981241764
-2.2628285356695867	9.82529789768298
-2.2528160200250316	9.809800808263882
-2.2428035043804755	9.84132556333428
-2.2327909887359194	9.872350583694404
-2.2227784730913642	9.907174801486475
-2.212765957446808	9.909029090830634
-2.202753441802253	9.910534974646696
-2.192740926157697	9.912522689925945
-2.1827284105131417	9.916248088286164
-2.1727158948685856	9.915028999470788
-2.1627033792240296	9.910896186038242
-2.1526908635794744	9.919794576995784
-2.1426783479349183	9.939089941311765
-2.132665832290363	9.957233246163941
-2.122653316645807	9.971722488963273
-2.112640801001252	9.991310720056612
-2.1026282853566958	10.01906559047197
-2.0926157697121397	10.043019287922636
-2.0826032540675845	10.057498605301394
-2.0725907384230284	10.070483605986507
-2.0625782227784732	10.058360108640775
-2.052565707133917	10.047280078914488
-2.042553191489362	10.116318060463813
-2.032540675844806	10.17978758206237
-2.02252816020025	10.24524928523774
-2.0125156445556946	10.326515587578728
-2.0025031289111386	10.387788586472482
-1.9924906132665834	10.418583409555161
-1.9824780976220273	10.462522741083271
-1.9724655819774712	10.485438470290532
-1.962453066332916	10.534448401977672
-1.95244055068836	10.592573804461706
-1.9424280350438048	10.619355125680336
-1.9324155193992487	10.631436043028334
-1.9224030037546935	10.654385011753547
-1.9123904881101375	10.679351941885844
-1.9023779724655814	10.726061405249848
-1.8923654568210262	10.782366892100397
-1.8823529411764701	10.86077849810299
-1.872340425531915	10.935529524293388
-1.8623279098873589	11.083046427137736
-1.8523153942428037	11.228028549842882
-1.8423028785982476	11.324878801195588
-1.8322903629536915	11.440849375988618
-1.8222778473091363	11.566420789891184
-1.8122653316645803	11.695189951317586
-1.802252816020025	11.825086919759867
-1.792240300375469	11.922820140732512
-1.7822277847309138	12.00917793451515
-1.7722152690863577	12.086265240261813
-1.7622027534418017	12.166295394271598
-1.7521902377972465	12.235779077514357
-1.7421777221526904	12.323700486886946
-1.7321652065081352	12.442555116978397
-1.7221526908635791	12.547517437623831
-1.712140175219024	12.737535874605896
-1.7021276595744679	12.97352412200576
-1.6921151439299118	13.143118684154576
-1.6821026282853566	13.250820740401938
-1.6720901126408005	13.354676559992024
-1.6620775969962454	13.550641645691131
-1.6520650813516893	13.78410919609192
-1.642052565707134	14.039381019705985
-1.632040050062578	14.315082564335054
-1.622027534418022	14.593050646064354
-1.6120150187734668	14.861813638472354
-1.6020025031289107	15.154167830990199
-1.5919899874843555	15.43901908631582
-1.5819774718397994	15.658230977843054
-1.5719649561952442	15.82782133063851
-1.5619524405506882	15.973461594561284
-1.551939924906132	16.096483409031258
-1.541927409261577	16.197869189245747
-1.5319148936170208	16.280474275007734
-1.5219023779724656	16.36787962805717
-1.5118898623279096	16.48631213392752
-1.5018773466833544	16.626720662816332
-1.4918648310387983	16.75537957268683
-1.4818523153942422	16.84477760130369
-1.471839799749687	16.896648218137088
-1.461827284105131	16.915256065047885
-1.4518147684605758	16.871461090795638
-1.4418022528160197	16.782691709820153
-1.4317897371714645	16.738853488988834
-1.4217772215269084	16.732085903634033
-1.4117647058823524	16.732872011072857
-1.4017521902377972	16.76482365406906
-1.391739674593241	16.818917871547114
-1.381727158948686	16.849705856015845
-1.3717146433041298	16.844100288926317
-1.3617021276595747	16.814916688808218
-1.3516896120150186	16.777084010914038
-1.3416770963704625	16.80948602781377
-1.3316645807259073	16.918052543274833
-1.3216520650813512	17.105237226889997
-1.311639549436796	17.386674747433116
-1.30162703379224	17.649576789340635
-1.2916145181476848	17.8646473985941
-1.2816020025031287	18.070890460937324
-1.2715894868585726	18.249082509280125
-1.2615769712140175	18.39658411279565
-1.2515644555694614	18.529762906314456
-1.2415519399249062	18.586149489358412
-1.2315394242803501	18.56903999195299
-1.221526908635795	18.568793476205673
-1.2115143929912389	18.62633097351409
-1.2015018773466828	18.697910579712477
-1.1914893617021276	18.757868888099996
-1.1814768460575715	18.831734751480123
-1.1714643304130163	18.965365617539828
-1.1614518147684603	19.1481558515787
-1.151439299123905	19.34435249776055
-1.141426783479349	19.488228287469894
-1.131414267834793	19.595246528891316
-1.1214017521902377	19.6992107956225
-1.1113892365456817	19.756990939584945
-1.1013767209011265	19.78036949744822
-1.0913642052565704	19.78494849519332
-1.0813516896120152	19.80478900873758
-1.0713391739674591	19.88277032469101
-1.061326658322903	19.96846386462804
-1.0513141426783479	20.03334249041551
-1.0413016270337918	20.08364019610808
-1.0312891113892366	20.115686585273952
-1.0212765957446805	20.12044263233813
-1.0112640801001254	20.098540725142428
-1.0012515644555693	20.137457515951823
-0.9912390488110132	20.20605128921611
-0.981226533166458	20.23604303216731
-0.971214017521902	20.216074630122264
-0.9612015018773468	20.139610216439493
-0.9511889862327907	20.010493481103186
-0.9411764705882355	19.849600605378292
-0.9311639549436794	19.670703719629874
-0.9211514392991234	19.47485222944073
-0.9111389236545682	19.27927122553994
-0.9011264080100121	19.11991332015177
-0.8911138923654569	19.017268679357702
-0.8811013767209008	18.956891618187633
-0.8710888610763456	18.95520607457208
-0.8610763454317896	19.017424917903526
-0.8510638297872335	19.054574047519342
-0.8410513141426783	19.020806745094774
-0.8310387984981222	18.91405998877432
-0.821026282853567	18.812619423420333
-0.811013767209011	18.752347786736788
-0.8010012515644558	18.66485797297866
-0.7909887359198997	18.545465414599974
-0.7809762202753436	18.41442759583512
-0.7709637046307884	18.252726233786106
-0.7609511889862324	18.04006121694923
-0.7509386733416772	17.797142959956524
-0.7409261576971211	17.561058841059122
-0.7309136420525659	17.354984638640175
-0.7209011264080099	17.13781274874713
-0.7108886107634538	16.88398944718529
-0.7008760951188986	16.63997594272725
-0.6908635794743425	16.384572157424163
-0.6808510638297873	16.13205611974765
-0.6708385481852313	15.881157545286458
-0.6608260325406761	15.667389689797313
-0.65081351689612	15.449453123394871
-0.6408010012515639	15.219472439082256
-0.6307884856070087	14.962057089372395
-0.6207759699624527	14.71019480763392
-0.6107634543178975	14.417882912008785
-0.6007509386733414	14.078588883179005
-0.5907384230287862	13.739468595598753
-0.5807259073842301	13.4505340903168
-0.5707133917396741	13.159448425850975
-0.5607008760951189	12.820779523741543
-0.5506883604505628	12.533812969830652
-0.5406758448060076	12.323950485257784
-0.5306633291614515	12.126592755188067
-0.5206508135168963	11.960725606527049
-0.5106382978723403	11.823095605851139
-0.5006257822277842	11.564973270543568
-0.490613266583229	11.35718255831616
-0.48060075093867294	11.130424228472727
-0.47058823529411775	10.816740439666473
-0.4605757196495617	10.535294075247053
-0.4505632040050065	10.289952847395547
-0.4405506883604504	10.150022697340518
-0.43053817271589434	9.942518572166168
-0.42052565707133915	9.692025412236578
-0.4105131414267831	9.500484568682737
-0.4005006257822279	9.381589840805228
-0.3904881101376718	9.25820409947737
-0.38047559449311663	9.101437138755246
-0.37046307884856056	8.96559311143669
-0.3604505632040045	8.891367008392283
-0.3504380475594493	8.786933375735718
-0.3404255319148932	8.586434242507341
-0.33041301627033803	8.4664327720315
-0.32040050062578196	8.41669373921834
-0.3103879849812259	8.374183931055866
-0.3003754693366707	8.414264620994453
-0.2903629536921146	8.645027150256906
-0.28035043804755944	8.881465369975329
-0.27033792240300336	9.091407941500211
-0.2603254067584482	9.13235256271522
-0.2503128911138921	9.264175054270511
-0.24030037546933602	9.293917192096558
-0.23028785982478084	9.322555702692505
-0.22027534418022476	9.458862523495009
-0.21026282853566958	9.696508518745773
-0.2002503128911135	9.902705615987276
-0.19023779724655832	10.031088944657677
-0.18022528160200224	10.26944088401692
-0.17021276595744617	10.549343561724287
-0.16020025031289098	10.899370143400406
-0.1501877346683349	10.987155168705767
-0.14017521902377972	11.212420035014283
-0.13016270337922364	11.314556474987478
-0.12015018773466846	11.446187337640989
-0.11013767209011238	11.686610680350016
-0.10012515644555631	11.967066844263307
-0.09011264080100112	12.091561913802423
-0.08010012515644505	12.17521414881384
-0.07008760951188986	12.20217038533004
-0.060075093867333784	12.371472334949672
-0.0500625782227786	12.536193008362615
-0.04005006257822252	12.719617974223974
-0.030037546933666448	12.830047054384053
-0.02002503128911126	12.877784434406497
-0.010012515644555187	12.939411915513501
0.0	13.1305360427031
