-8.0	25.07264215935902
-7.989987484355444	24.184695408187125
-7.979974968710889	23.27769539980498
-7.969962453066333	22.276703474781886
-7.9599499374217775	21.408650558317056
-7.949937421777221	20.719980176514582
-7.939924906132666	20.145083980343536
-7.92991239048811	19.7141990191138
-7.919899874843554	19.655052549694172
-7.909887359198999	20.012109833520263
-7.899874843554443	20.569854837164055
-7.889862327909888	21.567491786285995
-7.8798498122653315	23.590270545470478
-7.869837296620776	25.577878920371486
-7.85982478097622	27.949340910884413
-7.849812265331664	30.692397420086504
-7.839799749687109	33.72300306349616
-7.829787234042553	35.54237855840744
-7.819774718397998	36.92121786114314
-7.809762202753442	38.16683552515449
-7.7997496871088865	39.26470021543729
-7.78973717146433	40.26076253753477
-7.779724655819774	41.42717051085547
-7.769712140175219	42.49739890229125
-7.759699624530663	43.66398413393616
-7.749687108886108	45.04325848162105
-7.739674593241552	46.76663717127776
-7.729662077596997	48.49802555308215
-7.719649561952441	50.25530934462085
-7.7096370463078845	51.96717745022245
-7.699624530663329	53.60738857962762
-7.689612015018773	55.2138996036933
-7.679599499374218	56.82110897018754
-7.669586983729662	58.557198202664246
-7.659574468085107	60.358912372715245
-7.649561952440551	61.969171697690314
-7.639549436795995	63.26520512953418
-7.629536921151439	64.22512147598765
-7.619524405506883	65.11778745553455
-7.609511889862328	65.99709330371634
-7.599499374217772	66.72976372001598
-7.589486858573217	67.40301641224629
-7.579474342928661	68.06855461807473
-7.569461827284105	68.64231853330982
-7.55944931163955	69.10002073030532
-7.5494367959949935	69.50382649578161
-7.539424280350438	69.8987791704748
-7.529411764705882	70.39454602131894
-7.519399249061326	70.97089297594343
-7.509386733416771	71.54296675620529
-7.499374217772215	72.00615540034605
-7.48936170212766	72.32033366476685
-7.479349186483104	72.48111732447431
-7.4693366708385485	72.50210750599474
-7.459324155193992	72.54314317284505
-7.449311639549437	72.70828922530782
-7.439299123904881	72.97059975158929
-7.429286608260325	73.20360561289337
-7.41927409261577	73.21008589313647
-7.409261576971214	72.88592450708059
-7.399249061326659	72.3961746841979
-7.3892365456821025	71.91021592201636
-7.3792240300375465	71.44018801631144
-7.369211514392991	70.94042671274498
-7.359198998748435	70.4858431516414
-7.34918648310388	69.92629844987265
-7.339173967459324	69.1506435530158
-7.329161451814769	68.17242234874844
-7.319148936170213	67.09619905285506
-7.3091364205256575	66.00308012081577
-7.299123904881101	64.95435879606455
-7.289111389236545	63.91404118425565
-7.27909887359199	62.87144283686053
-7.269086357947434	61.80991000339786
-7.259073842302879	60.67888578417415
-7.249061326658323	59.43314640486356
-7.239048811013767	58.18343388658797
-7.2290362953692116	57.021821423370945
-7.2190237797246555	55.90174656942147
-7.2090112640801	54.71787534931138
-7.198998748435544	53.37904585727849
-7.188986232790989	51.791501973222594
-7.178973717146433	49.915040110705284
-7.168961201501878	47.92057414459682
-7.158948685857322	46.023881702290794
-7.148936170212766	44.32810138442144
-7.13892365456821	42.838767366872496
-7.128911138923654	41.53498980344229
-7.118898623279099	40.41604164696013
-7.108886107634543	39.47147410425777
-7.098873591989987	38.686728434167335
-7.088861076345432	38.06075471565381
-7.078848560700876	37.58321577424814
-7.068836045056321	37.22770723475248
-7.0588235294117645	36.96406737067951
-7.048811013767209	36.76104687949383
-7.038798498122653	36.59904477499156
-7.028785982478098	36.465568575815944
-7.018773466833542	36.335289235080225
-7.008760951188986	36.175319528855866
-6.998748435544431	35.956576282106234
-6.988735919899875	35.665295338422375
-6.9787234042553195	35.32084640384126
-6.968710888610763	34.95701778938482
-6.958698372966207	34.60622734786424
-6.948685857321652	34.29441980814243
-6.938673341677096	34.000921057586424
-6.928660826032541	33.664116572385105
-6.918648310387985	33.23690720039449
-6.908635794743429	32.72354242345455
-6.8986232790988735	32.19337213532859
-6.888610763454318	31.752404761757386
-6.878598247809762	31.484055236786116
-6.868585732165206	31.4238753611802
-6.858573216520651	31.548318999545604
-6.848560700876095	31.877051238520167
-6.83854818523154	32.47880420914746
-6.828535669586984	33.29320270101965
-6.818523153942428	34.32008557483793
-6.808510638297872	35.65757669975956
-6.798498122653316	37.462479920416804
-6.788485607008761	39.75509889667356
-6.778473091364205	42.49123164450573
-6.768460575719649	45.57595849801809
-6.758448060075094	48.71472223657876
-6.748435544430539	51.787268157102815
-6.7384230287859825	54.855654864486624
-6.7284105131414265	57.85355586423701
-6.718397997496871	60.700438507414304
-6.708385481852315	63.381471159720356
-6.69837296620776	65.78688717925822
-6.688360450563204	67.80837672178356
-6.678347934918648	69.39900639266357
-6.668335419274093	70.56679268984755
-6.658322903629537	71.4460779973427
-6.648310387984981	72.23316198575449
-6.638297872340425	73.11627191453722
-6.628285356695869	74.05718934053867
-6.618272841051314	74.95756457539557
-6.608260325406759	75.81191077765938
-6.598247809762203	76.52070078450906
-6.588235294117647	76.98115736186446
-6.578222778473092	77.20998550675401
-6.5682102628285355	77.25490825965558
-6.55819774718398	77.1823074960664
-6.548185231539424	77.1556159066501
-6.538172715894868	77.30366835742925
-6.528160200250313	77.68518979605467
-6.518147684605757	78.11655212330368
-6.508135168961202	78.53311601126933
-6.498122653316646	78.82693160933313
-6.4881101376720896	78.86419704721807
-6.478097622027534	78.68582077507706
-6.468085106382979	78.47714916807286
-6.458072590738423	78.4220451972282
-6.448060075093867	78.51941673037629
-6.438047559449312	78.69936217034888
-6.428035043804756	78.94496477201595
-6.418022528160201	79.16167357586724
-6.4080100125156445	79.27686309409137
-6.397997496871088	79.35277818051172
-6.387984981226533	79.35216928040394
-6.377972465581977	79.2269638035075
-6.367959949937422	79.00766155723963
-6.357947434292866	78.74021521423417
-6.34793491864831	78.50742079519824
-6.337922403003755	78.43454414743368
-6.3279098873591995	78.53401588760168
-6.317897371714643	78.75972480119285
-6.307884856070087	79.00469431664776
-6.297872340425532	79.19851215111245
-6.287859824780976	79.32382945327592
-6.277847309136421	79.30506136902125
-6.267834793491865	79.17724742309711
-6.257822277847309	79.02233946744246
-6.2478097622027535	78.85676478006822
-6.2377972465581975	78.60891830289981
-6.227784730913642	78.38674713798936
-6.217772215269086	78.3575365115783
-6.20775969962453	78.54451242813835
-6.197747183979975	78.80521086105585
-6.18773466833542	79.08236740624282
-6.177722152690864	79.27406589309464
-6.167709637046308	79.23110498915604
-6.157697121401752	79.02663097321087
-6.147684605757196	78.75888173998666
-6.137672090112641	78.63545639059785
-6.127659574468085	78.64311028578689
-6.117647058823529	78.78372119643865
-6.107634543178974	79.03458028560397
-6.097622027534418	79.39716581776649
-6.0876095118898625	79.81376101332081
-6.0775969962453065	80.065208118502
-6.06758448060075	80.04660125049301
-6.057571964956195	79.81274718088079
-6.04755944931164	79.3618926661441
-6.037546933667084	78.89192046545573
-6.027534418022528	78.52898235526081
-6.017521902377973	78.13312868795467
-6.007509386733417	77.82530295427483
-5.997496871088861	77.61312443718263
-5.987484355444305	77.4313260798655
-5.977471839799749	77.12222070305117
-5.967459324155194	76.41391227287173
-5.957446808510639	75.34631307586108
-5.947434292866083	73.98505511669813
-5.937421777221527	72.20028882854831
-5.927409261576971	70.18393413114327
-5.9173967459324155	68.3313275426559
-5.90738423028786	66.69352940854984
-5.897371714643304	65.31921315323909
-5.887359198998748	64.26319977600731
-5.877346683354192	63.63925229613884
-5.867334167709637	63.34099995907241
-5.857321652065082	63.201884027833366
-5.847309136420526	63.13290754668465
-5.83729662077597	63.10205963307925
-5.827284105131414	63.07806592980128
-5.817271589486858	62.97022548050013
-5.807259073842303	62.94604797480717
-5.797246558197747	62.88511855352874
-5.787234042553191	62.63463978601661
-5.777221526908636	62.08291328193984
-5.767209011264081	61.06293336317051
-5.7571964956195245	60.547112324059576
-5.747183979974968	60.959057673838714
-5.737171464330412	61.21737245386914
-5.727158948685857	61.34106914783376
-5.717146433041302	61.34327877921488
-5.707133917396746	61.64341901955278
-5.69712140175219	61.951115203633336
-5.687108886107635	62.17237128854428
-5.677096370463079	62.2334809669353
-5.667083854818523	62.23141015160217
-5.657071339173967	62.250674408877956
-5.647058823529411	62.2964879749584
-5.637046307884856	62.40080535247281
-5.627033792240301	62.6055961169321
-5.617021276595745	62.94441498366423
-5.607008760951189	63.48479647948647
-5.596996245306633	64.30048599566814
-5.5869837296620775	65.53445064954835
-5.576971214017522	67.26994536457427
-5.566958698372966	69.29336056238137
-5.55694618272841	71.23314331292119
-5.546933667083855	72.89011511972684
-5.536921151439299	74.2830747536228
-5.526908635794744	75.24818110160656
-5.516896120150188	75.7886968538667
-5.5068836045056315	76.18385111242188
-5.496871088861076	76.44756195918829
-5.486858573216521	76.58396049446685
-5.476846057571965	76.72481996307616
-5.466833541927409	77.02328151097417
-5.456821026282853	77.3503639856328
-5.446808510638298	77.56020419491684
-5.4367959949937426	77.63968475451422
-5.4267834793491865	77.66119198062145
-5.41677096370463	77.6121222829341
-5.406758448060075	77.49616711262973
-5.396745932415519	77.29901430540669
-5.386733416770964	77.02170041947669
-5.376720901126408	76.78297562830595
-5.366708385481852	76.62035259755329
-5.356695869837297	76.54510673312042
-5.346683354192741	76.47756894893023
-5.336670838548185	76.41317969983301
-5.326658322903629	76.33059443075736
-5.316645807259073	76.21699650543353
-5.306633291614518	76.03529087076322
-5.296620775969963	75.82783898988416
-5.286608260325407	75.64335823188604
-5.276595744680851	75.60287621439129
-5.2665832290362955	75.59904430714661
-5.256570713391739	75.45074855142049
-5.246558197747184	75.26624449628869
-5.236545682102628	75.04016168102474
-5.226533166458072	74.63290720092837
-5.216520650813517	74.07367205771295
-5.206508135168962	73.43019792604956
-5.196495619524406	72.7288914361082
-5.18648310387985	72.09062963558358
-5.1764705882352935	71.50092052654992
-5.166458072590738	70.86330827582323
-5.156445556946183	70.3581738269378
-5.146433041301627	69.93847861615727
-5.136420525657071	69.37305783097848
-5.126408010012516	68.59140264085141
-5.11639549436796	67.69023739048727
-5.1063829787234045	66.73684950607031
-5.0963704630788484	65.76065797624224
-5.086357947434292	64.76730145071095
-5.076345431789737	63.81517144834841
-5.066332916145182	62.76039888509714
-5.056320400500626	61.659497683206254
-5.04630788485607	60.617117515242136
-5.036295369211514	59.61608688707494
-5.026282853566959	58.60468596121306
-5.016270337922403	57.519378500431884
-5.006257822277847	56.285579187662215
-4.996245306633291	54.99219300699605
-4.986232790988735	53.44846206268108
-4.97622027534418	51.847260536909225
-4.966207759699625	50.245112246485284
-4.956195244055069	48.58788543659326
-4.946182728410513	46.895354591244995
-4.9361702127659575	45.1517793175388
-4.926157697121402	43.356882186195456
-4.916145181476846	41.46736240860319
-4.90613266583229	39.85203093737433
-4.896120150187734	38.4965273376707
-4.886107634543179	37.296005710445385
-4.876095118898624	36.267892235324375
-4.866082603254068	35.46564368619448
-4.8560700876095115	35.0195466617728
-4.8460575719649555	34.79650824712188
-4.8360450563204	34.67301548626135
-4.826032540675845	34.612757247717255
-4.816020025031289	34.57793650414531
-4.806007509386733	34.55387132168149
-4.795994993742178	34.53517117126371
-4.785982478097623	34.519995905928695
-4.7759699624530665	34.508232931513746
-4.76595744680851	34.4997160086201
-4.755944931163954	34.49368377888307
-4.745932415519399	34.48930763814834
-4.735919899874844	34.48600358481419
-4.725907384230288	34.483416546097786
-4.715894868585732	34.48133434912624
-4.705882352941176	34.479625163282705
-4.6958698372966206	34.47820231059954
-4.685857321652065	34.477005575601865
-4.675844806007509	34.4759911487552
-4.665832290362953	34.475125981058284
-4.655819774718398	34.474384441532656
-4.645807259073843	34.4737462281979
-4.635794743429287	34.47319499614308
-4.625782227784731	34.472717417146704
-4.615769712140175	34.47230251157161
-4.605757196495619	34.4719411593886
-4.595744680851064	34.47162573337671
-4.585732165206508	34.471349818265246
-4.575719649561952	34.471107991947
-4.565707133917396	34.470895652556024
-4.555694618272841	34.47070888011288
-4.545682102628286	34.47054432467569
-4.53566958698373	34.470399115123456
-4.5256570713391735	34.47027078420892
-4.515644555694618	34.470157206587444
-4.505632040050063	34.470056547294604
-4.495619524405507	34.46996721870856
-4.485607008760951	34.46988784445184
-4.475594493116395	34.46981722900349
-4.46558197747184	34.46975433203561
-4.4555694618272845	34.469698246676444
-4.4455569461827285	34.46964818105043
-4.435544430538172	34.46960344256313
-4.425531914893616	34.46956342449188
-4.415519399249061	34.46952759452012
-4.405506883604506	34.469495484913566
-4.39549436795995	34.469466684086875
-4.385481852315394	34.469440829351065
-4.375469336670839	34.46941760066489
-4.365456821026283	34.469396715242226
-4.355444305381727	34.469377922890374
-4.345431789737171	34.46936100197378
-4.335419274092615	34.46934575591354
-4.32540675844806	34.469332010147085
-4.315394242803505	34.469319609483286
-4.305381727158949	34.46930841579855
-4.295369211514393	34.46929830602635
-4.285356695869837	34.46928917040112
-4.275344180225281	34.469280910921334
-4.265331664580726	34.46927344000318
-4.25531914893617	34.46926667929927
-4.245306633291614	34.46926055866074
-4.235294117647059	34.46925501522445
-4.225281602002504	34.4692499926086
-4.215269086357948	34.46924544020368
-4.2052565707133915	34.46924131254607
-4.1952440550688355	34.46923756876427
-4.18523153942428	34.46923417208882
-4.175219023779725	34.46923108941789
-4.165206508135169	34.46922829093184
-4.155193992490613	34.46922574975083
-4.145181476846057	34.469223441630554
-4.135168961201502	34.46922134469123
-4.1251564455569465	34.46921943917606
-4.11514392991239	34.46921770723606
-4.105131414267834	34.469216132737664
-4.095118898623279	34.46921470109101
-4.085106382978723	34.46921339909617
-4.075093867334168	34.46921221480565
-4.065081351689612	34.46921113740106
-4.055068836045056	34.469210154446145
-4.045056320400501	34.200913761278215
-4.035043804755945	33.74577771040609
-4.025031289111389	33.63808031577055
-4.015018773466833	33.4376199723599
-4.005006257822277	33.25532293648671
-3.994993742177722	32.10874895497645
-3.9849812265331668	30.497072385264243
-3.9749687108886107	28.02428950153862
-3.9649561952440546	25.841151904136385
-3.9549436795994994	24.536465658770137
-3.9449311639549434	22.645984702059184
-3.934918648310388	19.59978730656573
-3.924906132665832	16.964461845778658
-3.914893617021277	16.262602948638435
-3.904881101376721	15.92621619182148
-3.8948685857321648	15.651684418595853
-3.8848560700876096	16.71881327937926
-3.8748435544430535	18.916970948533407
-3.8648310387984983	22.456476234669303
-3.8548185231539422	24.356957951879053
-3.844806007509387	26.95965590774083
-3.834793491864831	28.679958505455676
-3.824780976220275	30.33719468272475
-3.8147684605757197	30.779850147200708
-3.8047559449311636	32.33772627501125
-3.7947434292866085	32.36057281114389
-3.7847309136420524	32.36060340006479
-3.774718397997497	32.579416299757064
-3.764705882352941	32.57944995953331
-3.754693366708385	32.57948527046389
-3.74468085106383	32.57952231914902
-3.734668335419274	32.57956119504539
-3.7246558197747186	32.57960199257357
-3.7146433041301625	32.57964481142889
-3.7046307884856065	32.579689756915485
-3.6946182728410513	32.57973694030561
-3.684605757196495	32.579786479227046
-3.67459324155194	32.57983849808059
-3.664580725907384	32.579893128491214
-3.6545682102628287	32.57995050979597
-3.6445556946182727	32.58001078957237
-3.6345431789737166	32.58007412421178
-3.6245306633291614	32.58014067954216
-3.6145181476846053	32.58021063150598
-3.60450563204005	32.58028416689924
-3.594493116395494	32.58036148417831
-3.584480600750939	32.580442794343035
-3.574468085106383	32.58052832190445
-3.5644555694618267	32.58061830594787
-3.5544430538172715	32.58071300130254
-3.5444305381727155	32.58081267983194
-3.5344180225281603	32.58091763185954
-3.524405506883604	32.581028167748016
-3.514392991239049	32.581144619652555
-3.504380475594493	32.58126734347158
-3.494367959949937	32.581396721022536
-3.4843554443053817	32.581533162474734
-3.4743429286608256	32.58167710907601
-3.4643304130162704	32.581829036216895
-3.4543178973717144	32.58198945688288
-3.444305381727159	32.582158925554424
-3.434292866082603	32.58233804262483
-3.424280350438047	32.58252745941892
-3.414267834793492	32.58272788391074
-3.4042553191489358	32.58294008725696
-3.3942428035043806	32.58316491128531
-3.3842302878598245	32.58340327710474
-3.3742177722152693	32.58365619503731
-3.3642052565707132	32.58392477611406
-3.354192740926157	32.584210245426625
-3.344180225281602	32.58451395769097
-3.334167709637046	32.58483741545709
-3.3241551939924907	32.58518229049816
-3.3141426783479346	32.58555044903547
-3.3041301627033794	32.58594398161198
-3.2941176470588234	32.586365238626676
-3.2841051314142673	32.586816872794266
-3.274092615769712	32.587301890121246
-3.264080100125156	32.58782371140921
-3.254067584480601	32.58838624684255
-3.2440550688360448	32.58899398693399
-3.2340425531914896	32.589652114043055
-3.2240300375469335	32.590366639938
-3.2140175219023774	32.59114457655415
-3.2040050062578223	32.59199414938509
-3.193992490613266	32.59292506607341
-3.183979974968711	32.59394885712651
-3.173967459324155	32.595079311834326
-3.1639549436795997	32.596333041317074
-3.1539424280350437	32.59773021361973
-3.1439299123904876	32.59929552528321
-3.1339173967459324	32.6010595039089
-3.1239048811013763	32.60306028396065
-3.113892365456821	32.60534607610204
-3.103879849812265	32.60797868212489
-3.09386733416771	32.61103863716046
-3.083854818523154	32.61463297382291
-3.0738423028785977	32.618907368003875
-3.0638297872340425	32.624065882490186
-3.0538172715894865	32.630404362148006
-3.0438047559449313	32.63836915456772
-3.033792240300375	32.648664010269165
-3.02377972465582	32.66244983094239
-3.013767209011264	32.681721636517075
-3.003754693366708	32.71000817054143
-2.9937421777221527	32.75364707774297
-2.9837296620775966	32.82527987370662
-2.9737171464330414	32.9578252727082
-2.9637046307884853	33.14354152516266
-2.95369211514393	33.39388278178349
-2.943679599499374	33.80378848195026
-2.933667083854818	34.46041863112182
-2.923654568210263	35.422217409338174
-2.9136420525657067	36.63544174389663
-2.9036295369211516	38.00985731659566
-2.8936170212765955	39.61760298350264
-2.8836045056320403	41.3885364393859
-2.873591989987484	43.12185875230686
-2.863579474342928	44.72946737000227
-2.853566958698373	46.28215183233863
-2.843554443053817	47.830306045327085
-2.8335419274092617	49.336134362888274
-2.8235294117647056	50.76178172121062
-2.8135168961201504	51.9888612888278
-2.8035043804755944	53.11565358901406
-2.7934918648310383	54.20889554030675
-2.783479349186483	55.23402370111631
-2.773466833541927	56.090194168324004
-2.763454317897372	56.745799557313276
-2.7534418022528158	57.28161845149647
-2.7434292866082606	57.75467695504794
-2.7334167709637045	58.18623302240771
-2.7234042553191484	58.60194689331207
-2.7133917396745932	59.01940459509131
-2.703379224030037	59.404455452890204
-2.693366708385482	59.6838986268869
-2.683354192740926	59.89018526483823
-2.6733416770963707	59.964962816360156
-2.6633291614518146	59.76700675599688
-2.6533166458072586	59.197837069161494
-2.6433041301627034	58.35410826688185
-2.6332916145181473	57.310717275589866
-2.623279098873592	56.00993639741902
-2.613266583229036	54.41378301605511
-2.603254067584481	52.61270925083967
-2.593241551939925	50.68831775959928
-2.5832290362953687	48.7574953301342
-2.5732165206508135	46.94031323916965
-2.5632040050062574	45.172792724662216
-2.5531914893617023	43.25748912468092
-2.543178973717146	41.11547438817028
-2.533166458072591	38.99584267048644
-2.523153942428035	36.90367278615584
-2.513141426783479	34.8702977529071
-2.5031289111389237	33.03781800601308
-2.4931163954943676	31.534920830915805
-2.4831038798498124	30.366472862206315
-2.4730913642052563	29.499393528237622
-2.463078848560701	28.902560954136447
-2.453066332916145	28.455833683224178
-2.443053817271589	28.135450440854076
-2.433041301627034	27.762878539739383
-2.4230287859824777	27.566543930947194
-2.4130162703379225	27.44248924311485
-2.4030037546933665	27.339808500639265
-2.3929912390488113	27.287260436835908
-2.382978723404255	27.270816928236822
-2.372966207759699	27.262809686213167
-2.362953692115144	27.257949942844995
-2.352941176470588	27.254968746606135
-2.3429286608260327	27.253240462316835
-2.3329161451814766	27.252371597785803
-2.3229036295369214	27.25209658562203
-2.3128911138923653	27.252229941366338
-2.3028785982478093	27.25263932806765
-2.292866082603254	27.253229099266367
-2.282853566958698	27.253929690343167
-2.272841051314143	27.25469048333599
-2.2628285356695867	27.255474838872086
-2.2528160200250316	27.25625653882873
-2.2428035043804755	27.257017182040105
-2.2327909887359194	27.25774424487768
-2.2227784730913642	27.258429618522438
-2.212765957446808	27.259068495860138
-2.202753441802253	27.25965851955068
-2.192740926157697	27.26019912802168
-2.1827284105131417	27.260691053088255
-2.1727158948685856	27.261135934640013
-2.1627033792240296	27.26153598062517
-2.1526908635794744	27.25036701347267
-2.1426783479349183	26.88650720236325
-2.132665832290363	26.441527791920684
-2.122653316645807	25.98556350558864
-2.112640801001252	24.958307741694007
-2.1026282853566958	23.59968348253241
-2.0926157697121397	21.220705375412784
-2.0826032540675845	20.066465187029163
-2.0725907384230284	18.759313518099496
-2.0625782227784732	17.87750715199803
-2.052565707133917	17.004614788012656
-2.042553191489362	16.319682076179856
-2.032540675844806	15.695315329981337
-2.02252816020025	15.603141832356823
-2.0125156445556946	15.573269625567518
-2.0025031289111386	15.59218067995021
-1.9924906132665834	15.585716737447541
-1.9824780976220273	15.58638784307747
-1.9724655819774712	15.587113958033097
-1.962453066332916	15.587895850208088
-1.95244055068836	15.588740321022184
-1.9424280350438048	15.58965545939726
-1.9324155193992487	15.590650932800695
-1.9224030037546935	15.591738352242244
-1.9123904881101375	15.592931740790215
-1.9023779724655814	15.594248165885826
-1.8923654568210262	15.595708681531535
-1.8823529411764701	15.597339979153382
-1.872340425531915	15.599177908739067
-1.8623279098873589	15.601276348983205
-1.8523153942428037	15.603731844456648
-1.8423028785982476	15.606753920849561
-1.8322903629536915	15.610853617611497
-1.8222778473091363	15.617218239278413
-1.8122653316645803	15.627683527740938
-1.802252816020025	15.642087650759557
-1.792240300375469	15.656187611180918
-1.7822277847309138	15.667802329433933
-1.7722152690863577	15.6787045272532
-1.7622027534418017	15.691096083170448
-1.7521902377972465	15.706830810041769
-1.7421777221526904	15.728096416584664
-1.7321652065081352	15.757830591179031
-1.7221526908635791	15.80129229395735
-1.712140175219024	15.868437326307467
-1.7021276595744679	15.967400601674049
-1.6921151439299118	16.098678555002802
-1.6821026282853566	16.275070419606088
-1.6720901126408005	16.485051545265982
-1.6620775969962454	16.746259172725733
-1.6520650813516893	17.120500959440758
-1.642052565707134	17.630238664468607
-1.632040050062578	18.225890640218957
-1.622027534418022	18.84596914762258
-1.6120150187734668	19.457902101456277
-1.6020025031289107	20.040703636151708
-1.5919899874843555	20.560541084879524
-1.5819774718397994	21.00898435301117
-1.5719649561952442	21.38893496944328
-1.5619524405506882	21.676051516427453
-1.551939924906132	21.86479190039632
-1.541927409261577	21.947643261299024
-1.5319148936170208	21.91324447852553
-1.5219023779724656	21.740337203874414
-1.5118898623279096	21.42038544239703
-1.5018773466833544	20.991389091994
-1.4918648310387983	20.503401730220666
-1.4818523153942422	20.001423080315465
-1.471839799749687	19.454344122167292
-1.461827284105131	18.79725586246458
-1.4518147684605758	17.991253139800357
-1.4418022528160197	17.09817316972208
-1.4317897371714645	16.299699871398296
-1.4217772215269084	15.640564098769861
-1.4117647058823524	15.06318425478994
-1.4017521902377972	14.533977301153636
-1.391739674593241	14.105010554020136
-1.381727158948686	13.764300738377122
-1.3717146433041298	13.548514046462076
-1.3617021276595747	13.40049701112857
-1.3516896120150186	13.267017725575881
-1.3416770963704625	13.17206730159386
-1.3316645807259073	13.134100058304922
-1.3216520650813512	13.110147425873482
-1.311639549436796	13.089801056722344
-1.30162703379224	13.065150220126172
-1.2916145181476848	13.03677466911858
-1.2816020025031287	13.062364413197708
-1.2715894868585726	13.129746703540357
-1.2615769712140175	13.276907019715525
-1.2515644555694614	13.82986574284436
-1.2415519399249062	14.685810902022064
-1.2315394242803501	15.802894451780087
-1.221526908635795	17.49533902414046
-1.2115143929912389	20.02086760852443
-1.2015018773466828	22.692735336158425
-1.1914893617021276	25.41749930788526
-1.1814768460575715	27.00962274053115
-1.1714643304130163	29.28943617174094
-1.1614518147684603	31.206660247332223
-1.151439299123905	32.472383110913725
-1.141426783479349	32.901684852419784
-1.131414267834793	33.285119110369514
-1.1214017521902377	33.36151711203037
-1.1113892365456817	33.41614964728937
-1.1013767209011265	33.44250617666181
-1.0913642052565704	33.50255483042739
-1.0813516896120152	33.59867986376167
-1.0713391739674591	33.62768023759539
-1.061326658322903	33.68436906536962
-1.0513141426783479	33.79886368206487
-1.0413016270337918	33.99436532396595
-1.0312891113892366	34.26300957309837
-1.0212765957446805	34.65753560992617
-1.0112640801001254	35.333424124718356
-1.0012515644555693	36.33889871953489
-0.9912390488110132	37.563632468983464
-0.981226533166458	38.82182922260413
-0.971214017521902	40.36086866706564
-0.9612015018773468	42.10489059182107
-0.9511889862327907	43.91095969337727
-0.9411764705882355	45.7557418864944
-0.9311639549436794	47.59989170454531
-0.9211514392991234	49.36677862430019
-0.9111389236545682	50.98993670419409
-0.9011264080100121	52.35341645600548
-0.8911138923654569	53.42002115038367
-0.8811013767209008	54.33059219449726
-0.8710888610763456	55.200681687596536
-0.8610763454317896	55.94328730462698
-0.8510638297872335	56.578210566707476
-0.8410513141426783	57.23589643591344
-0.8310387984981222	57.97119275266276
-0.821026282853567	58.80258465355005
-0.811013767209011	59.71925442983777
-0.8010012515644558	60.611940099330496
-0.7909887359198997	61.385932387014606
-0.7809762202753436	62.06578790821185
-0.7709637046307884	62.588844768713074
-0.7609511889862324	62.82347997121801
-0.7509386733416772	62.87801725762528
-0.7409261576971211	62.86963633199135
-0.7309136420525659	62.775062493045795
-0.7209011264080099	62.49494233153031
-0.7108886107634538	62.08431850376155
-0.7008760951188986	61.65323163926813
-0.6908635794743425	61.209766759856336
-0.6808510638297873	60.69654337072495
-0.6708385481852313	60.084187333832496
-0.6608260325406761	59.39231925224982
-0.65081351689612	58.64229001036237
-0.6408010012515639	57.85255772472179
-0.6307884856070087	57.09193078756562
-0.6207759699624527	56.318040551841506
-0.6107634543178975	55.38117602802256
-0.6007509386733414	54.248217953099044
-0.5907384230287862	52.85767866779262
-0.5807259073842301	51.19027468109532
-0.5707133917396741	49.39448809788888
-0.5607008760951189	47.60952435323605
-0.5506883604505628	45.90950800038087
-0.5406758448060076	44.17537180980968
-0.5306633291614515	42.25105848698054
-0.5206508135168963	40.19626158267462
-0.5106382978723403	38.21964526995083
-0.5006257822277842	36.342128963819135
-0.490613266583229	34.51110398635484
-0.48060075093867294	32.71671059564666
-0.47058823529411775	31.013987003361972
-0.4605757196495617	29.38533528052706
-0.4505632040050065	27.90170953945755
-0.4405506883604504	26.767362456293792
-0.43053817271589434	25.76812205069042
-0.42052565707133915	24.657921238430497
-0.4105131414267831	23.37448087185236
-0.4005006257822279	22.05912129492771
-0.3904881101376718	20.91657266133594
-0.38047559449311663	19.968003585706526
-0.37046307884856056	19.152153184615827
-0.3604505632040045	18.46213372488716
-0.3504380475594493	17.868032518817472
-0.3404255319148932	17.37113729409676
-0.33041301627033803	16.965464822245366
-0.32040050062578196	16.584616653186302
-0.3103879849812259	16.222618684027523
-0.3003754693366707	15.882459270651733
-0.2903629536921146	15.614942732168002
-0.28035043804755944	15.436184792136817
-0.27033792240300336	15.388285917008067
-0.2603254067584482	15.438083648565659
-0.2503128911138921	15.662282414502288
-0.24030037546933602	15.989498111309475
-0.23028785982478084	16.260646833850846
-0.22027534418022476	16.438658844117462
-0.21026282853566958	16.619602026322898
-0.2002503128911135	16.8662172374116
-0.19023779724655832	17.344683457008244
-0.18022528160200224	17.918641850726654
-0.17021276595744617	18.540124575600295
-0.16020025031289098	19.095696718799314
-0.1501877346683349	19.65356132970253
-0.14017521902377972	20.37354775071953
-0.13016270337922364	21.17161032123159
-0.12015018773466846	22.04124156185326
-0.11013767209011238	23.00473793808782
-0.10012515644555631	24.0246373808792
-0.09011264080100112	25.040656474839302
-0.08010012515644505	26.06641115877712
-0.07008760951188986	27.090955697892117
-0.060075093867333784	28.122985947097458
-0.0500625782227786	29.198267298203252
-0.04005006257822252	30.3198908463543
-0.030037546933666448	31.451880515298505
-0.02002503128911126	32.605864675215116
-0.010012515644555187	33.76050102504248
0.0	34.865081438017455
