-8.0	2.1098653181440135
-7.989987484355444	1.9871504888357707
-7.979974968710889	1.8857997767989771
-7.969962453066333	1.8060638583364528
-7.9599499374217775	1.7398609695892826
-7.949937421777221	1.6796124606092149
-7.939924906132666	1.6221040821391013
-7.92991239048811	1.5672080787471578
-7.919899874843554	1.5162187091630877
-7.909887359198999	1.4711670206358354
-7.899874843554443	1.4332955414573554
-7.889862327909888	1.401076426146974
-7.8798498122653315	1.3705012502893124
-7.869837296620776	1.337989976175586
-7.85982478097622	1.3029445563569175
-7.849812265331664	1.267926804592179
-7.839799749687109	1.2375804561044952
-7.829787234042553	1.2176596542322797
-7.819774718397998	1.2134900449771215
-7.809762202753442	1.2272361434472918
-7.7997496871088865	1.2556122704558832
-7.78973717146433	1.2903531310484118
-7.779724655819774	1.3217336642160153
-7.769712140175219	1.3431544491763403
-7.759699624530663	1.3540696463104624
-7.749687108886108	1.359383174277785
-7.739674593241552	1.365622219016273
-7.729662077596997	1.3765800066251905
-7.719649561952441	1.3914776587985733
-7.7096370463078845	1.4063626805004648
-7.699624530663329	1.416880361123293
-7.689612015018773	1.4204313429384872
-7.679599499374218	1.4174334510060957
-7.669586983729662	1.4119616037999114
-7.659574468085107	1.4107709299728517
-7.649561952440551	1.4196865028697565
-7.639549436795995	1.4393273781587061
-7.629536921151439	1.464298214565663
-7.619524405506883	1.4870008000571948
-7.609511889862328	1.5021688986778108
-7.599499374217772	1.5080905891301013
-7.589486858573217	1.5052033585889781
-7.579474342928661	1.4953325829339104
-7.569461827284105	1.4824164158589375
-7.55944931163955	1.4726442738952104
-7.5494367959949935	1.4724207453588758
-7.539424280350438	1.4851108352166942
-7.529411764705882	1.50911029434437
-7.519399249061326	1.539057410590429
-7.509386733416771	1.5694571309189782
-7.499374217772215	1.5977903315225543
-7.48936170212766	1.6247289526350543
-7.479349186483104	1.6519896001769994
-7.4693366708385485	1.6804101414988852
-7.459324155193992	1.7100240260499064
-7.449311639549437	1.7416657497565213
-7.439299123904881	1.7783402012620981
-7.429286608260325	1.8250132508061383
-7.41927409261577	1.886930894968833
-7.409261576971214	1.9676019547107837
-7.399249061326659	2.067208629940044
-7.3892365456821025	2.1814689005612653
-7.3792240300375465	2.301535008825763
-7.369211514392991	2.41647205817226
-7.359198998748435	2.5186496711662123
-7.34918648310388	2.6092002977066056
-7.339173967459324	2.699087316119985
-7.329161451814769	2.803703099488593
-7.319148936170213	2.933772354711409
-7.3091364205256575	3.088798359877119
-7.299123904881101	3.258011080240196
-7.289111389236545	3.4278346501113885
-7.27909887359199	3.5894597661616565
-7.269086357947434	3.7411872013160377
-7.259073842302879	3.8864872297783024
-7.249061326658323	4.031981755627795
-7.239048811013767	4.186133860586679
-7.2290362953692116	4.355803963724326
-7.2190237797246555	4.540668691714453
-7.2090112640801	4.731052969070864
-7.198998748435544	4.913743419487363
-7.188986232790989	5.081849626350911
-7.178973717146433	5.2391449613994325
-7.168961201501878	5.394671331966823
-7.158948685857322	5.553630490777055
-7.148936170212766	5.713512637964262
-7.13892365456821	5.86795381357388
-7.128911138923654	6.013369742155021
-7.118898623279099	6.151817367501401
-7.108886107634543	6.287759005356609
-7.098873591989987	6.42228898652296
-7.088861076345432	6.550529406382524
-7.078848560700876	6.664035002920288
-7.068836045056321	6.754773117517258
-7.0588235294117645	6.816906025609666
-7.048811013767209	6.846689787523029
-7.038798498122653	6.8433602866312535
-7.028785982478098	6.811896033517368
-7.018773466833542	6.764758481114046
-7.008760951188986	6.718654598822783
-6.998748435544431	6.685958218937587
-6.988735919899875	6.665943773150743
-6.9787234042553195	6.643044932394711
-6.968710888610763	6.5951301510089895
-6.958698372966207	6.507156500439859
-6.948685857321652	6.380740467734578
-6.938673341677096	6.23257538708579
-6.928660826032541	6.082994003979836
-6.918648310387985	5.943602502175474
-6.908635794743429	5.812941971656086
-6.8986232790988735	5.681620578636197
-6.888610763454318	5.540844485998532
-6.878598247809762	5.387633343488056
-6.868585732165206	5.225022782813461
-6.858573216520651	5.059457740207345
-6.848560700876095	4.8971665952952685
-6.83854818523154	4.740353542660426
-6.828535669586984	4.58565778220902
-6.818523153942428	4.4275051606718865
-6.808510638297872	4.263946078799845
-6.798498122653316	4.098084880444471
-6.788485607008761	3.932390936204063
-6.778473091364205	3.7625007413798834
-6.768460575719649	3.5790980630652207
-6.758448060075094	3.3772662263734574
-6.748435544430539	3.1637292923484286
-6.7384230287859825	2.9549152795993465
-6.7284105131414265	2.768515099196782
-6.718397997496871	2.6156927716109823
-6.708385481852315	2.4975799513843806
-6.69837296620776	2.405916537585051
-6.688360450563204	2.327531456936838
-6.678347934918648	2.251533459719173
-6.668335419274093	2.1747897486519414
-6.658322903629537	2.100925115616804
-6.648310387984981	2.03381810193685
-6.638297872340425	1.9722455105277787
-6.628285356695869	1.9106243371563703
-6.618272841051314	1.8439976374301517
-6.608260325406759	1.7717755207519261
-6.598247809762203	1.6971047816725358
-6.588235294117647	1.6230163434490628
-6.578222778473092	1.549097614692766
-6.5682102628285355	1.472385183679685
-6.55819774718398	1.3926413785904663
-6.548185231539424	1.316948390444104
-6.538172715894868	1.2577070316096894
-6.528160200250313	1.224353830400293
-6.518147684605757	1.2158546567127633
-6.508135168961202	1.220437099940101
-6.498122653316646	1.2223086810485828
-6.4881101376720896	1.2099384287733184
-6.478097622027534	1.1808709720349007
-6.468085106382979	1.1414424647207357
-6.458072590738423	1.1025158566780897
-6.448060075093867	1.073696233329934
-6.438047559449312	1.0589367444803273
-6.428035043804756	1.0556521187655414
-6.418022528160201	1.057312795354768
-6.4080100125156445	1.057414531821274
-6.397997496871088	1.05232122662134
-6.387984981226533	1.0417585537139444
-6.377972465581977	1.0273944803045731
-6.367959949937422	1.0109836820917153
-6.357947434292866	0.9936447956984864
-6.34793491864831	0.9766902402043834
-6.337922403003755	0.9625867538418842
-6.3279098873591995	0.9542474566936311
-6.317897371714643	0.9529672169332611
-6.307884856070087	0.9572553818784335
-6.297872340425532	0.9637587784631899
-6.287859824780976	0.9689912364220234
-6.277847309136421	0.9702267235826089
-6.267834793491865	0.9657362802784589
-6.257822277847309	0.955547801137804
-6.2478097622027535	0.9425800519422362
-6.2377972465581975	0.9322344822801636
-6.227784730913642	0.9291948742062768
-6.217772215269086	0.9333426734827673
-6.20775969962453	0.9387199942320281
-6.197747183979975	0.9373298968538358
-6.18773466833542	0.9251235288700554
-6.177722152690864	0.9054457280807836
-6.167709637046308	0.8873870334560303
-6.157697121401752	0.8805253387695191
-6.147684605757196	0.8898752030683638
-6.137672090112641	0.9140060320281063
-6.127659574468085	0.9465845100020304
-6.117647058823529	0.9795610238389082
-6.107634543178974	1.0060737321481696
-6.097622027534418	1.0220959933338436
-6.0876095118898625	1.0266903766883846
-6.0775969962453065	1.0212136588111491
-6.06758448060075	1.0082035539309129
-6.057571964956195	0.9907351626029124
-6.04755944931164	0.9723182632888231
-6.037546933667084	0.9564947436430487
-6.027534418022528	0.9456416868121867
-6.017521902377973	0.9400376520364111
-6.007509386733417	0.9385729459211646
-5.997496871088861	0.9403818118403636
-5.987484355444305	0.9450686117108871
-5.977471839799749	0.9510575273048072
-5.967459324155194	0.9545521126733538
-5.957446808510639	0.9510775475649524
-5.947434292866083	0.938140291001916
-5.937421777221527	0.9160886898012802
-5.927409261576971	0.8865893816062859
-5.9173967459324155	0.8508360463767382
-5.90738423028786	0.8094258491725238
-5.897371714643304	0.7635706101187949
-5.887359198998748	0.7158891911859276
-5.877346683354192	0.6697958127016949
-5.867334167709637	0.6281299843060167
-5.857321652065082	0.5922444115942155
-5.847309136420526	0.5620448783685544
-5.83729662077597	0.5366458757563283
-5.827284105131414	0.5151174703030734
-5.817271589486858	0.4969575468629922
-5.807259073842303	0.4820330654600504
-5.797246558197747	0.46997720444370367
-5.787234042553191	0.459621524065713
-5.777221526908636	0.4493942466345205
-5.767209011264081	0.43888737247562387
-5.7571964956195245	0.43041580951812053
-5.747183979974968	0.428883888775381
-5.737171464330412	0.43934949071469065
-5.727158948685857	0.4635750406214343
-5.717146433041302	0.49815613651955665
-5.707133917396746	0.536117938441553
-5.69712140175219	0.5711530724030507
-5.687108886107635	0.601378717367953
-5.677096370463079	0.6299828564892543
-5.667083854818523	0.6625573993131467
-5.657071339173967	0.7028766403262148
-5.647058823529411	0.7496297659447198
-5.637046307884856	0.7963322241963061
-5.627033792240301	0.8349533454485577
-5.617021276595745	0.8612266536734529
-5.607008760951189	0.8781142494619536
-5.596996245306633	0.89470478370966
-5.5869837296620775	0.9204881542968318
-5.576971214017522	0.9582245007884193
-5.566958698372966	1.000509360595297
-5.55694618272841	1.0334395618896894
-5.546933667083855	1.0457337154989832
-5.536921151439299	1.0369889489936857
-5.526908635794744	1.0186869845626356
-5.516896120150188	1.006766549539627
-5.5068836045056315	1.0111552621421236
-5.496871088861076	1.0301071952257324
-5.486858573216521	1.0532098440824298
-5.476846057571965	1.0698462842776604
-5.466833541927409	1.0759979688893155
-5.456821026282853	1.0748023486400256
-5.446808510638298	1.07217031762806
-5.4367959949937426	1.0720144488470311
-5.4267834793491865	1.0740634564762321
-5.41677096370463	1.074339175184896
-5.406758448060075	1.0676505049649518
-5.396745932415519	1.0516375448914552
-5.386733416770964	1.0304099481295266
-5.376720901126408	1.0143132925274574
-5.366708385481852	1.014398495699132
-5.356695869837297	1.0349143259037086
-5.346683354192741	1.0696060211485339
-5.336670838548185	1.1050114760779253
-5.326658322903629	1.128726265604363
-5.316645807259073	1.1370745843666878
-5.306633291614518	1.1369344669846262
-5.296620775969963	1.1401511865945182
-5.286608260325407	1.1541958640851555
-5.276595744680851	1.1762631014782625
-5.2665832290362955	1.196035969587016
-5.256570713391739	1.2049410749981486
-5.246558197747184	1.2034718577198706
-5.236545682102628	1.1999838114264847
-5.226533166458072	1.202645800906457
-5.216520650813517	1.2122949479761798
-5.206508135168962	1.2223413858763836
-5.196495619524406	1.2253977310592932
-5.18648310387985	1.220988597189846
-5.1764705882352935	1.217864855834945
-5.166458072590738	1.22817156587558
-5.156445556946183	1.2569583174417995
-5.146433041301627	1.2951986156845754
-5.136420525657071	1.323167598629369
-5.126408010012516	1.323201794926108
-5.11639549436796	1.2924163103607893
-5.1063829787234045	1.245122052565019
-5.0963704630788484	1.2033479445721638
-5.086357947434292	1.183928169378294
-5.076345431789737	1.1920323659012675
-5.066332916145182	1.2232446698798933
-5.056320400500626	1.2686306124359337
-5.04630788485607	1.317435551604882
-5.036295369211514	1.357683267050927
-5.026282853566959	1.3779338365435612
-5.016270337922403	1.3709859826698418
-5.006257822277847	1.336990304939209
-4.996245306633291	1.2835093430329272
-4.986232790988735	1.2223393750326317
-4.97622027534418	1.1646302900088132
-4.966207759699625	1.1166442769370477
-4.956195244055069	1.0785760879426545
-4.946182728410513	1.0472110041963165
-4.9361702127659575	1.0201178383105083
-4.926157697121402	0.9975029905528047
-4.916145181476846	0.9800023043108876
-4.90613266583229	0.9648284509760238
-4.896120150187734	0.9446413032706905
-4.886107634543179	0.9110030038649527
-4.876095118898624	0.8596231187709753
-4.866082603254068	0.7927175137230946
-4.8560700876095115	0.7168819652986264
-4.8460575719649555	0.6393965047123668
-4.8360450563204	0.5665601864884774
-4.826032540675845	0.5041126740639242
-4.816020025031289	0.4569580524953289
-4.806007509386733	0.426902791077373
-4.795994993742178	0.41056130406941593
-4.785982478097623	0.4001322059177254
-4.7759699624530665	0.3868291422200943
-4.76595744680851	0.3643777318964127
-4.755944931163954	0.33073319124526956
-4.745932415519399	0.2880809784644015
-4.735919899874844	0.24167477489714237
-4.725907384230288	0.19766076536299654
-4.715894868585732	0.16042100553116606
-4.705882352941176	0.1308589259273694
-4.6958698372966206	0.10687931550924411
-4.685857321652065	0.08572584873511721
-4.675844806007509	0.0662838509023602
-4.665832290362953	0.04958099018192417
-4.655819774718398	0.037447843524267915
-4.645807259073843	0.03081150569331717
-4.635794743429287	0.028963889597031854
-4.625782227784731	0.029942619265642834
-4.615769712140175	0.03138162229355342
-4.605757196495619	0.031303470246512144
-4.595744680851064	0.0286791287835886
-4.585732165206508	0.023659201840603845
-4.575719649561952	0.017354250283447458
-4.565707133917396	0.01121336670813381
-4.555694618272841	0.0063355012719745135
-4.545682102628286	0.003111427757804307
-4.53566958698373	0.001321981235062303
-4.5256570713391735	0.0004841607277901041
-4.515644555694618	0.00015242144599025506
-4.505632040050063	4.1161722463265625e-05
-4.495619524405507	9.520640551097451e-06
-4.485607008760951	1.8839742537351701e-06
-4.475594493116395	3.1868442644226497e-07
-4.46558197747184	4.6053087650139424e-08
-4.4555694618272845	5.682913087921334e-09
-4.4455569461827285	5.986154106446746e-10
-4.435544430538172	5.3811328365746325e-11
-4.425531914893616	4.127214231709906e-12
-4.415519399249061	2.700372269108018e-13
-4.405506883604506	1.506995437794492e-14
-4.39549436795995	7.172480967649046e-16
-4.385481852315394	2.9110547951440413e-17
-4.375469336670839	1.007429000458617e-18
-4.365456821026283	2.9725237238269094e-20
-4.355444305381727	7.477391302232868e-22
-4.345431789737171	1.603462082464094e-23
-4.335419274092615	2.931051381825209e-25
-4.32540675844806	4.566871754956324e-27
-4.315394242803505	6.064866985802815e-29
-4.305381727158949	6.864501847378669e-31
-4.295369211514393	6.621583899723973e-33
-4.285356695869837	5.443286666219211e-35
-4.275344180225281	3.813201405039703e-37
-4.265331664580726	2.276310871578264e-39
-4.25531914893617	1.1579025070223823e-41
-4.245306633291614	5.018771932393167e-44
-4.235294117647059	1.8535123906913957e-46
-4.225281602002504	5.832498202034512e-49
-4.215269086357948	1.5637390036192946e-51
-4.2052565707133915	3.5720272999482523e-54
-4.1952440550688355	6.951799302281647e-57
-4.18523153942428	1.1526660111923437e-59
-4.175219023779725	1.628268752838622e-62
-4.165206508135169	1.9595583302305425e-65
-4.155193992490613	2.0090630038193185e-68
-4.145181476846057	1.7547952691592895e-71
-4.135168961201502	1.3057248469058092e-74
-4.1251564455569465	8.276837469220208e-78
-4.11514392991239	4.469514767355553e-81
-4.105131414267834	2.0560588609288465e-84
-4.095118898623279	8.057240071388218e-88
-4.085106382978723	2.6897341282932373e-91
-4.075093867334168	7.648947500131545e-95
-4.065081351689612	1.8529365116431615e-98
-4.055068836045056	3.823696645680544e-102
-4.045056320400501	6.721528985637452e-106
-4.035043804755945	1.0064968097361657e-109
-4.025031289111389	1.2838507017251486e-113
-4.015018773466833	1.3949952150351852e-117
-4.005006257822277	1.2911759386009347e-121
-3.994993742177722	1.0180080654491954e-125
-3.9849812265331668	6.837050804460117e-130
-3.9749687108886107	3.911443048732601e-134
-3.9649561952440546	1.9061398891931778e-138
-3.9549436795994994	1.2248871332772101e-141
-3.9449311639549434	2.6452627215667346e-137
-3.934918648310388	5.202145622446973e-133
-3.924906132665832	8.714350776290886e-129
-3.914893617021277	1.2434445084973798e-124
-3.904881101376721	1.5113206580276892e-120
-3.8948685857321648	1.5646804906611178e-116
-3.8848560700876096	1.3798553293307843e-112
-3.8748435544430535	1.0365261944885104e-108
-3.8648310387984983	6.6323257275268764e-105
-3.8548185231539422	3.614849755820643e-101
-3.844806007509387	1.6782377834065046e-97
-3.834793491864831	6.636751801054338e-94
-3.824780976220275	2.235612334540113e-90
-3.8147684605757197	6.41469861702555e-87
-3.8047559449311636	1.5678151438093434e-83
-3.7947434292866085	3.2640161002183324e-80
-3.7847309136420524	5.7882671657131895e-77
-3.774718397997497	8.743467162431205e-74
-3.764705882352941	1.1250132490444237e-70
-3.754693366708385	1.2330208761997635e-67
-3.74468085106383	1.1511238738541144e-64
-3.734668335419274	9.154034215566938e-62
-3.7246558197747186	6.200715998349729e-59
-3.7146433041301625	3.577749983969199e-56
-3.7046307884856065	1.7583971664269144e-53
-3.6946182728410513	7.361440409801014e-51
-3.684605757196495	2.625109751933818e-48
-3.67459324155194	7.97390337322138e-46
-3.664580725907384	2.0631619075953434e-43
-3.6545682102628287	4.547099857831773e-41
-3.6445556946182727	8.536395173269712e-39
-3.6345431789737166	1.365065121493269e-36
-3.6245306633291614	1.8593924694061887e-34
-3.6145181476846053	2.1573847478268224e-32
-3.60450563204005	2.1321756496921307e-30
-3.594493116395494	1.7949699949688561e-28
-3.584480600750939	1.287153215851574e-26
-3.574468085106383	7.862164707205064e-25
-3.5644555694618267	4.0906551414852856e-23
-3.5544430538172715	1.812935852569834e-21
-3.5444305381727155	6.844013315949403e-20
-3.5344180225281603	2.200787409780355e-18
-3.524405506883604	6.028151781175206e-17
-3.514392991239049	1.4064655644543064e-15
-3.504380475594493	2.7951998673491238e-14
-3.494367959949937	4.731899034480969e-13
-3.4843554443053817	6.8233384036993764e-12
-3.4743429286608256	8.381026054570754e-11
-3.4643304130162704	8.768722166087175e-10
-3.4543178973717144	7.814735225282991e-09
-3.444305381727159	5.932408743996949e-08
-3.434292866082603	3.8360716258003393e-07
-3.424280350438047	2.1129109878910794e-06
-3.414267834793492	9.913216299124973e-06
-3.4042553191489358	3.961749077987224e-05
-3.3942428035043806	0.00013486484262158002
-3.3842302878598245	0.0003910671252448479
-3.3742177722152693	0.0009659383032811835
-3.3642052565707132	0.00203240116057161
-3.354192740926157	0.003643247107605798
-3.344180225281602	0.005566553096541824
-3.334167709637046	0.007261041945632077
-3.3241551939924907	0.008131086494852646
-3.3141426783479346	0.007966377698280302
-3.3041301627033794	0.007241738347807882
-3.2941176470588234	0.007004200927739461
-3.2841051314142673	0.008363504223031384
-3.274092615769712	0.011840762249478796
-3.264080100125156	0.01691401655352887
-3.254067584480601	0.022105002956307827
-3.2440550688360448	0.02577119785673353
-3.2340425531914896	0.027276259472717234
-3.2240300375469335	0.027790184838781155
-3.2140175219023774	0.030179018717236383
-3.2040050062578223	0.03809301891950036
-3.193992490613266	0.05469110576026229
-3.183979974968711	0.08134307681424052
-3.173967459324155	0.11673907954530129
-3.1639549436795997	0.15708906699884845
-3.1539424280350437	0.19769995481373998
-3.1439299123904876	0.2351447400395335
-3.1339173967459324	0.2686942221866651
-3.1239048811013763	0.3003578024361579
-3.113892365456821	0.3338368685747277
-3.103879849812265	0.372817010383977
-3.09386733416771	0.4187866758993396
-3.083854818523154	0.46920320031328183
-3.0738423028785977	0.5178536285829062
-3.0638297872340425	0.5584383854449341
-3.0538172715894865	0.5893068758369614
-3.0438047559449313	0.6152639541129934
-3.033792240300375	0.6445895835127388
-3.02377972465582	0.6838931840496845
-3.013767209011264	0.7351996955157507
-3.003754693366708	0.797040697488753
-2.9937421777221527	0.8673142619600874
-2.9837296620775966	0.9442594960970522
-2.9737171464330414	1.0245450282163455
-2.9637046307884853	1.1016952941077227
-2.95369211514393	1.1687708600716278
-2.943679599499374	1.2243010733249737
-2.933667083854818	1.2751839564331884
-2.923654568210263	1.3319912596326293
-2.9136420525657067	1.4001334819207847
-2.9036295369211516	1.475226642846332
-2.8936170212765955	1.546540294590069
-2.8836045056320403	1.604113587245111
-2.873591989987484	1.6428927340902
-2.863579474342928	1.6624114367830154
-2.853566958698373	1.6654700443799386
-2.843554443053817	1.6583923612681382
-2.8335419274092617	1.651462320488248
-2.8235294117647056	1.656851558029707
-2.8135168961201504	1.6839888579123243
-2.8035043804755944	1.7350685789659355
-2.7934918648310383	1.8031662959115606
-2.783479349186483	1.873678520358725
-2.773466833541927	1.9290110145504924
-2.763454317897372	1.955636371704812
-2.7534418022528158	1.9503359343752569
-2.7434292866082606	1.921354717688518
-2.7334167709637045	1.8834890771491588
-2.7234042553191484	1.8509202309022286
-2.7133917396745932	1.8322957619872213
-2.703379224030037	1.8292040295295866
-2.693366708385482	1.8368728176883655
-2.683354192740926	1.8465714702737621
-2.6733416770963707	1.8495762562406595
-2.6633291614518146	1.8408952224495314
-2.6533166458072586	1.820259667760498
-2.6433041301627034	1.7904485960664118
-2.6332916145181473	1.7555512238867412
-2.623279098873592	1.7203648272327074
-2.613266583229036	1.6892401745398358
-2.603254067584481	1.6636025513417172
-2.593241551939925	1.6408333816793639
-2.5832290362953687	1.6168058422004286
-2.5732165206508135	1.5895725076723453
-2.5632040050062574	1.5595868814831373
-2.5531914893617023	1.5261080624249677
-2.543178973717146	1.4845222971345244
-2.533166458072591	1.4285490803676233
-2.523153942428035	1.3558381348043018
-2.513141426783479	1.2716831888562379
-2.5031289111389237	1.1870331482130003
-2.4931163954943676	1.1118777405904383
-2.4831038798498124	1.049143022100184
-2.4730913642052563	0.993898742842103
-2.463078848560701	0.9379752695743759
-2.453066332916145	0.8755936194232251
-2.443053817271589	0.8059206330535728
-2.433041301627034	0.7322697245680136
-2.4230287859824777	0.6598692300916131
-2.4130162703379225	0.5933777685628114
-2.4030037546933665	0.5347738076334343
-2.3929912390488113	0.4829411083558943
-2.382978723404255	0.43565474287819894
-2.372966207759699	0.39222226204945576
-2.362953692115144	0.3540564833791933
-2.352941176470588	0.3226994776360999
-2.3429286608260327	0.2975115512111653
-2.3329161451814766	0.2752601120741412
-2.3229036295369214	0.25176096015887023
-2.3128911138923653	0.22411293170923863
-2.3028785982478093	0.19204791503893803
-2.292866082603254	0.15781030794997988
-2.282853566958698	0.12489063353848778
-2.272841051314143	0.09645477561145391
-2.2628285356695867	0.07428428829799899
-2.2528160200250316	0.05856231374154993
-2.2428035043804755	0.04829739686964402
-2.2327909887359194	0.04196608174848618
-2.2227784730913642	0.03808211838470136
-2.212765957446808	0.03556469513665393
-2.202753441802253	0.03380956941745023
-2.192740926157697	0.03242946852735823
-2.1827284105131417	0.030883216685487075
-2.1727158948685856	0.02841023326443651
-2.1627033792240296	0.02444058625914928
-2.1526908635794744	0.019107354565247266
-2.1426783479349183	0.01330324207031463
-2.132665832290363	0.008179000855280618
-2.122653316645807	0.004540735838885876
-2.112640801001252	0.002623941527110356
-2.1026282853566958	0.002269754401892676
-2.0926157697121397	0.003177835424263335
-2.0826032540675845	0.004989911953175907
-2.0725907384230284	0.007275765231678939
-2.0625782227784732	0.009648173493908514
-2.052565707133917	0.012033949761110786
-2.042553191489362	0.014810960925942779
-2.032540675844806	0.018544725198263484
-2.02252816020025	0.023502555026524843
-2.0125156445556946	0.0294406976958205
-2.0025031289111386	0.03587895806491441
-1.9924906132665834	0.04255140075762963
-1.9824780976220273	0.0496350617511476
-1.9724655819774712	0.057684592877282656
-1.962453066332916	0.06738790875208055
-1.95244055068836	0.07925124870393124
-1.9424280350438048	0.09344669387544831
-1.9324155193992487	0.11008727025952844
-1.9224030037546935	0.1297278606900577
-1.9123904881101375	0.15344411516840906
-1.9023779724655814	0.18226014546254668
-1.8923654568210262	0.21655051883371537
-1.8823529411764701	0.2560433763117909
-1.872340425531915	0.30011901954796977
-1.8623279098873589	0.34769302399590274
-1.8523153942428037	0.39690952444930444
-1.8423028785982476	0.4458022128980469
-1.8322903629536915	0.4942084704085627
-1.8222778473091363	0.545243443284736
-1.8122653316645803	0.6044290837034276
-1.802252816020025	0.6770267300894395
-1.792240300375469	0.7660627116954157
-1.7822277847309138	0.8720572269588468
-1.7722152690863577	0.9929214886198093
-1.7622027534418017	1.1232340956178477
-1.7521902377972465	1.2549748354726602
-1.7421777221526904	1.3813406009090226
-1.7321652065081352	1.5010669110063746
-1.7221526908635791	1.6188092119662476
-1.712140175219024	1.740707894762204
-1.7021276595744679	1.868847673775363
-1.6921151439299118	1.9989128843660209
-1.6821026282853566	2.122352344922974
-1.6720901126408005	2.2311366623200324
-1.6620775969962454	2.32172879252375
-1.6520650813516893	2.395527560006254
-1.642052565707134	2.455579910739257
-1.632040050062578	2.502688656754687
-1.622027534418022	2.5352555724734525
-1.6120150187734668	2.5536395700167884
-1.6020025031289107	2.5639565732433622
-1.5919899874843555	2.575480294324569
-1.5819774718397994	2.5929819534450607
-1.5719649561952442	2.6123389690642096
-1.5619524405506882	2.6246769569538344
-1.551939924906132	2.624076880899441
-1.541927409261577	2.6098691739624194
-1.5319148936170208	2.582404004015158
-1.5219023779724656	2.5401359692069594
-1.5118898623279096	2.483172810752418
-1.5018773466833544	2.4177433376983113
-1.4918648310387983	2.3529266536449427
-1.4818523153942422	2.2910143103620366
-1.471839799749687	2.222946842155611
-1.461827284105131	2.136076635560437
-1.4518147684605758	2.0272571407982856
-1.4418022528160197	1.907573022684294
-1.4317897371714645	1.7940338093004926
-1.4217772215269084	1.696942588789608
-1.4117647058823524	1.6142271072860128
-1.4017521902377972	1.5352998451814528
-1.391739674593241	1.4486689730326656
-1.381727158948686	1.3472041488493687
-1.3717146433041298	1.2296157030864021
-1.3617021276595747	1.0998465190630056
-1.3516896120150186	0.965693611041641
-1.3416770963704625	0.8366681513008437
-1.3316645807259073	0.7213394776783938
-1.3216520650813512	0.6253979425623281
-1.311639549436796	0.5512609604635377
-1.30162703379224	0.4985148563968107
-1.2916145181476848	0.464129633728477
-1.2816020025031287	0.4426559330707798
-1.2715894868585726	0.427419005470382
-1.2615769712140175	0.41274438828130605
-1.2515644555694614	0.39575320473135767
-1.2415519399249062	0.37631862727072773
-1.2315394242803501	0.3556281349693287
-1.221526908635795	0.3352843104814071
-1.2115143929912389	0.3179156912140944
-1.2015018773466828	0.3079001488836043
-1.1914893617021276	0.310211717766478
-1.1814768460575715	0.3276184059513761
-1.1714643304130163	0.35879882232689386
-1.1614518147684603	0.39940359431122974
-1.151439299123905	0.4451345308397327
-1.141426783479349	0.49396872688355614
-1.131414267834793	0.5459140945589976
-1.1214017521902377	0.6014301867608595
-1.1113892365456817	0.660541314730053
-1.1013767209011265	0.7230817844851397
-1.0913642052565704	0.7889762235628587
-1.0813516896120152	0.8578059245762467
-1.0713391739674591	0.9281084078137382
-1.061326658322903	0.9972570216408322
-1.0513141426783479	1.0622919168453988
-1.0413016270337918	1.1212994248572061
-1.0312891113892366	1.1742707307300482
-1.0212765957446805	1.2226463895728084
-1.0112640801001254	1.268197473013909
-1.0012515644555693	1.3126561654946491
-0.9912390488110132	1.3581425893794297
-0.981226533166458	1.4069326354756764
-0.971214017521902	1.4599905741952026
-0.9612015018773468	1.5156346836304204
-0.9511889862327907	1.569817889073681
-0.9411764705882355	1.6178994239975246
-0.9311639549436794	1.656650023059829
-0.9211514392991234	1.685446934186457
-0.9111389236545682	1.706410924056672
-0.9011264080100121	1.7235508308942775
-0.8911138923654569	1.740597285389698
-0.8811013767209008	1.7575749880989333
-0.8710888610763456	1.7684510788051866
-0.8610763454317896	1.7637874253302515
-0.8510638297872335	1.7389798944947026
-0.8410513141426783	1.7019705265786618
-0.8310387984981222	1.6723056546217259
-0.821026282853567	1.6703510854598307
-0.811013767209011	1.7047982662784607
-0.8010012515644558	1.7682742299402243
-0.7909887359198997	1.8434807481891227
-0.7809762202753436	1.9138125714128633
-0.7709637046307884	1.97047685968183
-0.7609511889862324	2.012925464391326
-0.7509386733416772	2.0452658758038234
-0.7409261576971211	2.0729161863045285
-0.7309136420525659	2.100976126230589
-0.7209011264080099	2.1330361989785462
-0.7108886107634538	2.1696031427603013
-0.7008760951188986	2.2072705426707855
-0.6908635794743425	2.2401450936622895
-0.6808510638297873	2.2635691176039403
-0.6708385481852313	2.2782673318394897
-0.6608260325406761	2.2919723072537277
-0.65081351689612	2.3166967475887406
-0.6408010012515639	2.362898545441785
-0.6307884856070087	2.4337866177347736
-0.6207759699624527	2.522217925595955
-0.6107634543178975	2.611447963899981
-0.6007509386733414	2.680857837229337
-0.5907384230287862	2.71586777100026
-0.5807259073842301	2.716728316552228
-0.5707133917396741	2.699132212019319
-0.5607008760951189	2.6849388123795106
-0.5506883604505628	2.6895277195853087
-0.5406758448060076	2.71500582048152
-0.5306633291614515	2.7529335698806
-0.5206508135168963	2.792112808426261
-0.5106382978723403	2.824313931209362
-0.5006257822277842	2.8454259132130666
-0.490613266583229	2.854868200751126
-0.48060075093867294	2.855794004626556
-0.47058823529411775	2.854942667529874
-0.4605757196495617	2.8603260152584364
-0.4505632040050065	2.877514823124384
-0.4405506883604504	2.906680244033107
-0.43053817271589434	2.9418231242065747
-0.42052565707133915	2.9729534259656556
-0.4105131414267831	2.991112461365282
-0.4005006257822279	2.9938913492032975
-0.3904881101376718	2.987604349197146
-0.38047559449311663	2.984151056337722
-0.37046307884856056	2.9942596259229717
-0.3604505632040045	3.0208180588277056
-0.3504380475594493	3.055841890267306
-0.3404255319148932	3.0833806143353213
-0.33041301627033803	3.0879000942791137
-0.32040050062578196	3.063534959295204
-0.3103879849812259	3.0176355023156507
-0.3003754693366707	2.9656239394994337
-0.2903629536921146	2.9210188787017803
-0.28035043804755944	2.888375971460524
-0.27033792240300336	2.8645645161175075
-0.2603254067584482	2.8471200815564646
-0.2503128911138921	2.8419509275648682
-0.24030037546933602	2.8620256495361986
-0.23028785982478084	2.916505326018198
-0.22027534418022476	2.999962383968762
-0.21026282853566958	3.092646563565409
-0.2002503128911135	3.1724502873602023
-0.19023779724655832	3.227898896432361
-0.18022528160200224	3.261206782491782
-0.17021276595744617	3.2808932859485638
-0.16020025031289098	3.2930654845484333
-0.1501877346683349	3.2998631829086364
-0.14017521902377972	3.304675409914667
-0.13016270337922364	3.316097535211105
-0.12015018773466846	3.3437721017118123
-0.11013767209011238	3.38839659135911
-0.10012515644555631	3.436095202549654
-0.09011264080100112	3.4648916626023154
-0.08010012515644505	3.459688817170102
-0.07008760951188986	3.4234131179134724
-0.060075093867333784	3.374638067969661
-0.0500625782227786	3.333507271971262
-0.04005006257822252	3.307799104594637
-0.030037546933666448	3.2907125181474397
-0.02002503128911126	3.2713882896869473
-0.010012515644555187	3.2477258060863483
0.0	3.2294834166387165
