-8.0	18.235213717200693
-7.989987484355444	18.32403494599143
-7.979974968710889	18.385823072499736
-7.969962453066333	18.40623556619825
-7.9599499374217775	18.39132344910897
-7.949937421777221	18.33904110453895
-7.939924906132666	18.220851332748023
-7.92991239048811	18.023605910043678
-7.919899874843554	17.758836509585155
-7.909887359198999	17.448659094346127
-7.899874843554443	17.1258628597213
-7.889862327909888	16.822174263623207
-7.8798498122653315	16.550899661428673
-7.869837296620776	16.317774564605717
-7.85982478097622	16.12464295229879
-7.849812265331664	15.973212850056557
-7.839799749687109	15.865646308191048
-7.829787234042553	15.797401050155878
-7.819774718397998	15.760007264906983
-7.809762202753442	15.746013304143114
-7.7997496871088865	15.741519586899782
-7.78973717146433	15.71812806915818
-7.779724655819774	15.660331295106786
-7.769712140175219	15.586761059909502
-7.759699624530663	15.532360761956424
-7.749687108886108	15.518511522138596
-7.739674593241552	15.553555493168547
-7.729662077596997	15.652930328990212
-7.719649561952441	15.820656759927973
-7.7096370463078845	16.045756033983682
-7.699624530663329	16.299444714700012
-7.689612015018773	16.52811643151756
-7.679599499374218	16.70696617231109
-7.669586983729662	16.850118617467086
-7.659574468085107	16.98902760826859
-7.649561952440551	17.179362972190713
-7.639549436795995	17.47720148841547
-7.629536921151439	17.871102843275732
-7.619524405506883	18.300078984015418
-7.609511889862328	18.72417494833279
-7.599499374217772	19.132651295548072
-7.589486858573217	19.51517225814186
-7.579474342928661	19.859705038856887
-7.569461827284105	20.14653826779231
-7.55944931163955	20.355661575746687
-7.5494367959949935	20.48124854976311
-7.539424280350438	20.531186563919597
-7.529411764705882	20.521043101250125
-7.519399249061326	20.4596943427578
-7.509386733416771	20.343233313133815
-7.499374217772215	20.172966311287887
-7.48936170212766	19.965111161625785
-7.479349186483104	19.74405864278417
-7.4693366708385485	19.52635280576971
-7.459324155193992	19.324442627373582
-7.449311639549437	19.148320511439177
-7.439299123904881	18.995881878040677
-7.429286608260325	18.86560877541114
-7.41927409261577	18.759156954667514
-7.409261576971214	18.677599346966232
-7.399249061326659	18.616735197948508
-7.3892365456821025	18.566979619976443
-7.3792240300375465	18.5179906911501
-7.369211514392991	18.46790655363081
-7.359198998748435	18.42049387518865
-7.34918648310388	18.374619150106152
-7.339173967459324	18.33107892191624
-7.329161451814769	18.302615943383472
-7.319148936170213	18.2997352880432
-7.3091364205256575	18.31325625854225
-7.299123904881101	18.31958589181117
-7.289111389236545	18.29239210690243
-7.27909887359199	18.21315784083212
-7.269086357947434	18.07671265950482
-7.259073842302879	17.89127100927586
-7.249061326658323	17.682566358970448
-7.239048811013767	17.489093101260277
-7.2290362953692116	17.341359691456926
-7.2190237797246555	17.244998770881104
-7.2090112640801	17.18260044511692
-7.198998748435544	17.131944126708657
-7.188986232790989	17.07723204967349
-7.178973717146433	17.00768168164491
-7.168961201501878	16.926792065308874
-7.158948685857322	16.851026769468163
-7.148936170212766	16.796453257301817
-7.13892365456821	16.767512091278224
-7.128911138923654	16.752588880657886
-7.118898623279099	16.735885125316198
-7.108886107634543	16.70962967367593
-7.098873591989987	16.679958806701503
-7.088861076345432	16.655749729376357
-7.078848560700876	16.625026425017605
-7.068836045056321	16.59132237115861
-7.0588235294117645	16.587751002281593
-7.048811013767209	16.63866763712243
-7.038798498122653	16.742594509692594
-7.028785982478098	16.891082608310757
-7.018773466833542	17.080509142656037
-7.008760951188986	17.287013848976404
-6.998748435544431	17.470629541819942
-6.988735919899875	17.615037583388723
-6.9787234042553195	17.72888004396697
-6.968710888610763	17.82490428042676
-6.958698372966207	17.917209553676383
-6.948685857321652	18.04744777726726
-6.938673341677096	18.253931075435023
-6.928660826032541	18.51305214009185
-6.918648310387985	18.770311717340075
-6.908635794743429	18.97157633210075
-6.8986232790988735	19.08062421125727
-6.888610763454318	19.093214719689303
-6.878598247809762	19.020460634487698
-6.868585732165206	18.859941802008702
-6.858573216520651	18.60396818079277
-6.848560700876095	18.26829331782192
-6.83854818523154	17.89257377424426
-6.828535669586984	17.46393612164788
-6.818523153942428	16.990902837061135
-6.808510638297872	16.57652082745351
-6.798498122653316	16.273905293346335
-6.788485607008761	15.99099645635415
-6.778473091364205	15.702810966121444
-6.768460575719649	15.43715273686661
-6.758448060075094	15.229355614847716
-6.748435544430539	15.006386023481076
-6.7384230287859825	14.741863787752953
-6.7284105131414265	14.49568656826603
-6.718397997496871	14.332174505280829
-6.708385481852315	14.281170927774408
-6.69837296620776	14.167842260011566
-6.688360450563204	13.976930102416286
-6.678347934918648	13.738887817919851
-6.668335419274093	13.437189492722878
-6.658322903629537	12.886519116454755
-6.648310387984981	12.584751323546648
-6.638297872340425	12.395653782767738
-6.628285356695869	11.96706354398099
-6.618272841051314	11.390637582507226
-6.608260325406759	10.810801972071754
-6.598247809762203	10.3559669471708
-6.588235294117647	9.889363885705672
-6.578222778473092	9.488131738125091
-6.5682102628285355	9.283775681118955
-6.55819774718398	9.197321712791254
-6.548185231539424	9.009339736146895
-6.538172715894868	8.799202953808646
-6.528160200250313	8.733988463558834
-6.518147684605757	8.69697525465803
-6.508135168961202	8.557646222398185
-6.498122653316646	8.53898139890663
-6.4881101376720896	8.510633178992425
-6.478097622027534	8.433956215696597
-6.468085106382979	8.436371700840137
-6.458072590738423	8.44413633591324
-6.448060075093867	8.510544015462937
-6.438047559449312	8.550278295556812
-6.428035043804756	8.57369137774041
-6.418022528160201	8.649053528036081
-6.4080100125156445	8.752135159108047
-6.397997496871088	8.74492803040975
-6.387984981226533	8.750738082800005
-6.377972465581977	8.750944728080992
-6.367959949937422	8.726137018514168
-6.357947434292866	8.720079053310402
-6.34793491864831	8.729440647630495
-6.337922403003755	8.743073674108551
-6.3279098873591995	8.819828548949483
-6.317897371714643	8.941665626940871
-6.307884856070087	9.239578603809136
-6.297872340425532	9.699906805862017
-6.287859824780976	10.18502816855124
-6.277847309136421	10.734607844749771
-6.267834793491865	11.328050359832577
-6.257822277847309	11.850032405336568
-6.2478097622027535	12.339843733630712
-6.2377972465581975	13.154605213212204
-6.227784730913642	14.142288227532795
-6.217772215269086	15.083617395598553
-6.20775969962453	15.976011331351106
-6.197747183979975	16.58427743181076
-6.18773466833542	17.337563119619226
-6.177722152690864	18.052796868179403
-6.167709637046308	18.602561061872706
-6.157697121401752	19.176548000781793
-6.147684605757196	19.72939324790906
-6.137672090112641	20.166496758745822
-6.127659574468085	20.70650356585059
-6.117647058823529	21.111505859574613
-6.107634543178974	21.469340654108958
-6.097622027534418	21.740691613234624
-6.0876095118898625	21.965180060468153
-6.0775969962453065	22.2535649306735
-6.06758448060075	22.5435952706354
-6.057571964956195	22.871925051463307
-6.04755944931164	23.21044132803854
-6.037546933667084	23.60808216710985
-6.027534418022528	23.89920317985788
-6.017521902377973	24.094887471663846
-6.007509386733417	24.27163393034362
-5.997496871088861	24.4304119160595
-5.987484355444305	24.596008486309117
-5.977471839799749	24.813844092561247
-5.967459324155194	25.085982410119023
-5.957446808510639	25.340154621508702
-5.947434292866083	25.551669773931692
-5.937421777221527	25.714148479796616
-5.927409261576971	25.843379909550777
-5.9173967459324155	25.98771693900232
-5.90738423028786	26.153004535484538
-5.897371714643304	26.248609661617127
-5.887359198998748	26.38478280438295
-5.877346683354192	26.517798660702447
-5.867334167709637	26.611751490278188
-5.857321652065082	26.6669789785989
-5.847309136420526	26.64713406677612
-5.83729662077597	26.53202996768459
-5.827284105131414	26.37011422042161
-5.817271589486858	26.19977190489556
-5.807259073842303	26.080236612385974
-5.797246558197747	25.931077656075182
-5.787234042553191	25.783557430262572
-5.777221526908636	25.755689059915294
-5.767209011264081	25.778621519931114
-5.7571964956195245	25.74517943005964
-5.747183979974968	25.608418873855182
-5.737171464330412	25.379054194088894
-5.727158948685857	25.12212802564216
-5.717146433041302	24.82939033541988
-5.707133917396746	24.498094050962713
-5.69712140175219	24.14154363960209
-5.687108886107635	23.781756374888865
-5.677096370463079	23.428408658573616
-5.667083854818523	23.071271954010836
-5.657071339173967	22.68145984206113
-5.647058823529411	22.280099347997385
-5.637046307884856	21.907969412050704
-5.627033792240301	21.510868787497106
-5.617021276595745	21.061868600138858
-5.607008760951189	20.6482006487765
-5.596996245306633	20.261086492963322
-5.5869837296620775	19.822566715728218
-5.576971214017522	19.437290322209016
-5.566958698372966	19.04458389448497
-5.55694618272841	18.573404302089262
-5.546933667083855	18.163332826099925
-5.536921151439299	17.86605357233672
-5.526908635794744	17.611719878455645
-5.516896120150188	17.396843999683124
-5.5068836045056315	17.286239539313613
-5.496871088861076	17.20811738293016
-5.486858573216521	17.14295933094615
-5.476846057571965	17.105334857480052
-5.466833541927409	17.088731094388656
-5.456821026282853	17.079869913983853
-5.446808510638298	17.070348913387466
-5.4367959949937426	17.06029082591013
-5.4267834793491865	17.05493217160392
-5.41677096370463	17.054221786472294
-5.406758448060075	17.055065455075717
-5.396745932415519	17.05619822776894
-5.386733416770964	17.05733343466641
-5.376720901126408	17.058420065379945
-5.366708385481852	17.05945043444901
-5.356695869837297	17.06042403214339
-5.346683354192741	17.061342078292324
-5.336670838548185	17.062206835260938
-5.326658322903629	17.063021334994552
-5.316645807259073	17.063789065204755
-5.306633291614518	17.064513676583896
-5.296620775969963	17.065198761623545
-5.286608260325407	17.06584771129873
-5.276595744680851	17.06646363573309
-5.2665832290362955	17.067049330860673
-5.256570713391739	17.067607275384812
-5.246558197747184	17.068139646164212
-5.236545682102628	17.06864834370232
-5.226533166458072	17.0691350221928
-5.216520650813517	17.069601120588306
-5.206508135168962	17.070047892558932
-5.196495619524406	17.070476434148894
-5.18648310387985	17.070887708557414
-5.1764705882352935	17.071282567862557
-5.166458072590738	17.0716617717455
-5.156445556946183	17.072026003410514
-5.146433041301627	17.072375882965673
-5.136420525657071	17.07271197855693
-5.126408010012516	17.073034815548706
-5.11639549436796	17.073344884029606
-5.1063829787234045	17.073642644898424
-5.0963704630788484	17.07392853475884
-5.086357947434292	17.074202969823034
-5.076345431789737	17.074466348997916
-5.066332916145182	17.074719056302445
-5.056320400500626	17.074961462741875
-5.04630788485607	17.075193927744763
-5.036295369211514	17.075416800251165
-5.026282853566959	17.075630419525083
-5.016270337922403	17.075835115751442
-5.006257822277847	17.076031210467004
-4.996245306633291	17.076219016865053
-4.986232790988735	17.0763988400063
-4.97622027534418	17.076570976961747
-4.966207759699625	17.07673571690812
-4.956195244055069	17.076893341191834
-4.946182728410513	17.07704412337409
-4.9361702127659575	17.07718832926665
-4.926157697121402	17.077326216965375
-4.916145181476846	17.07745803688692
-4.90613266583229	17.077584031812147
-4.896120150187734	17.077704436938895
-4.886107634543179	17.07781947994558
-4.876095118898624	17.077929381066397
-4.866082603254068	17.078034353178438
-4.8560700876095115	17.078134601900476
-4.8460575719649555	17.07823032570291
-4.8360450563204	17.0783217160281
-4.826032540675845	17.078408957420308
-4.816020025031289	17.078492227664135
-4.806007509386733	17.07857169793051
-4.795994993742178	17.078647532929157
-4.785982478097623	17.07871989106648
-4.7759699624530665	17.078788924607945
-4.76595744680851	17.078854779843866
-4.755944931163954	17.07891759725784
-4.745932415519399	17.078977511696845
-4.735919899874844	17.079034652542315
-4.725907384230288	17.07908927347899
-4.715894868585732	16.940823239639865
-4.705882352941176	16.845395396971238
-4.6958698372966206	16.845444320393884
-4.685857321652065	16.577195727776584
-4.675844806007509	16.475472129608754
-4.665832290362953	16.18776946710066
-4.655819774718398	15.805909010448657
-4.645807259073843	14.62933524317189
-4.635794743429287	14.448638487117908
-4.625782227784731	13.818641900957017
-4.615769712140175	12.822536934059768
-4.605757196495619	12.130210438171162
-4.595744680851064	11.52843194244365
-4.585732165206508	10.648323624045897
-4.575719649561952	9.530748841984387
-4.565707133917396	8.474371282662306
-4.555694618272841	7.332446374333652
-4.545682102628286	6.655543545398623
-4.53566958698373	5.902184047940014
-4.5256570713391735	5.949965465001749
-4.515644555694618	6.232073591345011
-4.505632040050063	6.174708474824392
-4.495619524405507	6.246662092920512
-4.485607008760951	6.812343053105932
-4.475594493116395	7.841394522135953
-4.46558197747184	8.314116225987043
-4.4555694618272845	9.12714207230952
-4.4455569461827285	9.796741681583416
-4.435544430538172	10.502829272537824
-4.425531914893616	11.033111524647373
-4.415519399249061	11.322805288016527
-4.405506883604506	11.415392218257518
-4.39549436795995	11.70233256544604
-4.385481852315394	11.948645876121903
-4.375469336670839	11.948550370758179
-4.365456821026283	12.02111924236374
-4.355444305381727	12.02115358976022
-4.345431789737171	12.02118973867254
-4.335419274092615	12.021227774587302
-4.32540675844806	12.112662266839534
-4.315394242803505	12.11292185850883
-4.305381727158949	12.112971703377196
-4.295369211514393	12.11302411977504
-4.285356695869837	12.113079238294214
-4.275344180225281	12.113137195939894
-4.265331664580726	12.113198136541014
-4.25531914893617	12.113262211096506
-4.245306633291614	12.113329578142801
-4.235294117647059	12.113400404144748
-4.225281602002504	12.113474863912398
-4.215269086357948	12.113553141046363
-4.2052565707133915	12.113635428415149
-4.1952440550688355	12.113721928667974
-4.18523153942428	12.113812854787525
-4.175219023779725	12.113908430687589
-4.165206508135169	12.11400889186113
-4.155193992490613	12.114114486085713
-4.145181476846057	12.114225474193612
-4.135168961201502	12.114342130915631
-4.1251564455569465	12.114464745808652
-4.11514392991239	12.114593624278745
-4.105131414267834	12.114729088713167
-4.095118898623279	12.11487147973689
-4.085106382978723	12.115021157611206
-4.075093867334168	12.11517850379502
-4.065081351689612	12.115343922691743
-4.055068836045056	12.115517843608565
-4.045056320400501	12.115700722958007
-4.035043804755945	12.115893046735929
-4.025031289111389	12.116095333314528
-4.015018773466833	12.116308136593515
-4.005006257822277	12.116532049557845
-3.994993742177722	12.116767708295843
-3.9849812265331668	12.117015796536979
-3.9749687108886107	12.117277050774193
-3.9649561952440546	12.117552266041148
-3.9549436795994994	12.117842302419406
-3.9449311639549434	12.11814809235439
-3.934918648310388	12.118470648861308
-3.924906132665832	12.11881107470163
-3.914893617021277	12.119170572607215
-3.904881101376721	12.119550456620553
-3.8948685857321648	12.119952164604527
-3.8848560700876096	12.120377271952108
-3.8748435544430535	12.120827506493514
-3.8648310387984983	12.121304764553086
-3.8548185231539422	12.121811128051945
-3.844806007509387	12.122348882484756
-3.834793491864831	12.12292053552868
-3.824780976220275	12.123528835985718
-3.8147684605757197	12.124176792753149
-3.8047559449311636	12.124867693631153
-3.7947434292866085	12.125605124151491
-3.7847309136420524	12.126392987500767
-3.774718397997497	12.127235528491385
-3.764705882352941	12.128137368271057
-3.754693366708385	12.129103563629451
-3.74468085106383	12.130139718192956
-3.734668335419274	12.131252197508347
-3.7246558197747186	12.132448544634867
-3.7146433041301625	12.133738271437162
-3.7046307884856065	12.135134333625448
-3.6946182728410513	12.136655806395785
-3.684605757196495	12.138332562299524
-3.67459324155194	12.140213037457285
-3.664580725907384	12.142376290682524
-3.6545682102628287	12.144949857388982
-3.6445556946182727	12.148139489478304
-3.6345431789737166	12.152302502989746
-3.6245306633291614	12.158171890202794
-3.6145181476846053	12.167325194814353
-3.60450563204005	12.18216102299549
-3.594493116395494	12.204434126201944
-3.584480600750939	12.24224556479419
-3.574468085106383	12.331291872298664
-3.5644555694618267	12.486617715262598
-3.5544430538172715	12.678704654779093
-3.5444305381727155	12.911991137987608
-3.5344180225281603	13.183217321464376
-3.524405506883604	13.480882759161512
-3.514392991239049	13.84041865638151
-3.504380475594493	14.258459790287441
-3.494367959949937	14.623880979208035
-3.4843554443053817	15.0162765776877
-3.4743429286608256	15.48147851893554
-3.4643304130162704	15.910250822675488
-3.4543178973717144	16.290592297315737
-3.444305381727159	16.679501909559033
-3.434292866082603	17.09605054155426
-3.424280350438047	17.558297181281688
-3.414267834793492	18.027028850595894
-3.4042553191489358	18.429339928750565
-3.3942428035043806	18.72717889565562
-3.3842302878598245	18.951103175599926
-3.3742177722152693	19.167418048164937
-3.3642052565707132	19.35947353879066
-3.354192740926157	19.5197456009826
-3.344180225281602	19.684545904775426
-3.334167709637046	19.828162771632748
-3.3241551939924907	19.902071832905154
-3.3141426783479346	19.844952598458775
-3.3041301627033794	19.645655414355517
-3.2941176470588234	19.34465820582833
-3.2841051314142673	19.017476060230297
-3.274092615769712	18.68077358177537
-3.264080100125156	18.311754528082595
-3.254067584480601	17.907541328136226
-3.2440550688360448	17.445698213829925
-3.2340425531914896	16.91075456059686
-3.2240300375469335	16.355509573069558
-3.2140175219023774	15.808137406855268
-3.2040050062578223	15.309189424604094
-3.193992490613266	14.875355890954115
-3.183979974968711	14.464369013995853
-3.173967459324155	14.087254034883218
-3.1639549436795997	13.768290657744112
-3.1539424280350437	13.478648044417374
-3.1439299123904876	13.23575811753235
-3.1339173967459324	13.004076772063758
-3.1239048811013763	12.798906162237204
-3.113892365456821	12.604850341981756
-3.103879849812265	12.448450610734385
-3.09386733416771	12.308754487275642
-3.083854818523154	12.152727638401739
-3.0738423028785977	12.07851501382491
-3.0638297872340425	12.042690431396815
-3.0538172715894865	12.024088071914678
-3.0438047559449313	12.011215095105975
-3.033792240300375	11.998585520461571
-3.02377972465582	11.990470264499484
-3.013767209011264	11.987801577753036
-3.003754693366708	11.987583604171297
-2.9937421777221527	11.988099567111973
-2.9837296620775966	11.98879299490816
-2.9737171464330414	11.989504759590792
-2.9637046307884853	11.990188978647096
-2.95369211514393	11.990832389736454
-2.943679599499374	11.991432082201792
-2.933667083854818	11.99198891941751
-2.923654568210263	11.992505307423071
-2.9136420525657067	11.992984287082646
-2.9036295369211516	11.993429099824647
-2.8936170212765955	11.993842959569893
-2.8836045056320403	11.994228930615144
-2.873591989987484	11.994589865640823
-2.863579474342928	11.994928379288412
-2.853566958698373	11.995246842864818
-2.843554443053817	11.995547391300844
-2.8335419274092617	11.995831936832648
-2.8235294117647056	11.996102185965922
-2.8135168961201504	11.996359657612269
-2.8035043804755944	11.996605701138002
-2.7934918648310383	11.99684151360768
-2.783479349186483	11.997068155846062
-2.773466833541927	11.997286567155601
-2.763454317897372	11.997497578654768
-2.7534418022528158	11.997701925277566
-2.7434292866082606	11.997900256515647
-2.7334167709637045	11.99809314600358
-2.7234042553191484	11.998281100054442
-2.7133917396745932	11.998464565251384
-2.703379224030037	11.9986439351954
-2.693366708385482	11.998819558631642
-2.683354192740926	12.026727944197999
-2.6733416770963707	12.03577587621634
-2.6633291614518146	11.994773507798456
-2.6533166458072586	11.992946872318555
-2.6433041301627034	11.993107707481492
-2.6332916145181473	11.993266136445254
-2.623279098873592	12.008967128548022
-2.613266583229036	12.022350874303843
-2.603254067584481	12.021182872844747
-2.593241551939925	11.869642158465302
-2.5832290362953687	11.796847190560584
-2.5732165206508135	11.610334233548228
-2.5632040050062574	11.54082018256101
-2.5531914893617023	11.496683888107434
-2.543178973717146	11.50253591091937
-2.533166458072591	11.450970081613907
-2.523153942428035	11.361552766142426
-2.513141426783479	11.279475348553746
-2.5031289111389237	11.283028960983746
-2.4931163954943676	11.36807150648726
-2.4831038798498124	11.325582424399864
-2.4730913642052563	11.351685745391094
-2.463078848560701	11.411714932636093
-2.453066332916145	11.512332945109103
-2.443053817271589	11.546552724913694
-2.433041301627034	11.628158945655253
-2.4230287859824777	11.631329389530773
-2.4130162703379225	11.692065570378746
-2.4030037546933665	11.695297179391185
-2.3929912390488113	11.6952658747234
-2.382978723404255	11.695232271238236
-2.372966207759699	11.695196169374995
-2.362953692115144	11.695157343059046
-2.352941176470588	11.695115535436056
-2.3429286608260327	11.695070453900572
-2.3329161451814766	11.695021764329907
-2.3229036295369214	11.694969084407784
-2.3128911138923653	11.694911975909653
-2.3028785982478093	11.694849935808852
-2.292866082603254	11.69478238605047
-2.282853566958698	11.694708661829273
-2.272841051314143	11.694627998200593
-2.2628285356695867	11.694539514850106
-2.2528160200250316	11.694442198852602
-2.2428035043804755	11.69433488526451
-2.2327909887359194	11.694216235422205
-2.2227784730913642	11.69408471286364
-2.212765957446808	11.69393855685682
-2.202753441802253	11.693775753607834
-2.192740926157697	11.693594005332338
-2.1827284105131417	11.693390697496334
-2.1727158948685856	11.693162864639225
-2.1627033792240296	11.692907155216231
-2.1526908635794744	11.692619795694402
-2.1426783479349183	11.692296553369095
-2.132665832290363	11.691932695242294
-2.122653316645807	11.691522934856678
-2.112640801001252	11.69106134516948
-2.1026282853566958	11.690541180127912
-2.0926157697121397	11.689954455329975
-2.0826032540675845	11.689290895594235
-2.0725907384230284	11.68853522315387
-2.0625782227784732	11.687660152153507
-2.052565707133917	11.686608499265068
-2.042553191489362	11.68524060620911
-2.032540675844806	11.682856714410114
-2.02252816020025	11.669912977883643
-2.0125156445556946	11.646650435837214
-2.0025031289111386	11.64482725423056
-1.9924906132665834	11.658472092174712
-1.9824780976220273	11.670655093282422
-1.9724655819774712	11.68886376534674
-1.962453066332916	11.720048376934054
-1.95244055068836	11.755504998319354
-1.9424280350438048	11.800541742911221
-1.9324155193992487	11.815126505408557
-1.9224030037546935	11.808336980372786
-1.9123904881101375	11.80008836783726
-1.9023779724655814	11.822156737923475
-1.8923654568210262	11.852008008656442
-1.8823529411764701	11.929363486916966
-1.872340425531915	12.03877833859677
-1.8623279098873589	12.173954956858447
-1.8523153942428037	12.353524387662999
-1.8423028785982476	12.540646711448
-1.8322903629536915	12.67549205721511
-1.8222778473091363	12.790552652592044
-1.8122653316645803	12.8866402332415
-1.802252816020025	12.971283919455944
-1.792240300375469	13.07998807305292
-1.7822277847309138	13.218928330438981
-1.7722152690863577	13.403507414119224
-1.7622027534418017	13.647673248452609
-1.7521902377972465	13.952707233894378
-1.7421777221526904	14.282597713946554
-1.7321652065081352	14.580488488750019
-1.7221526908635791	14.840798457769367
-1.712140175219024	15.077629370929332
-1.7021276595744679	15.314588211043908
-1.6921151439299118	15.566870157250962
-1.6821026282853566	15.82993157253063
-1.6720901126408005	16.110168047070466
-1.6620775969962454	16.391535075968036
-1.6520650813516893	16.64521321858647
-1.642052565707134	16.872529264881774
-1.632040050062578	17.09599191913958
-1.622027534418022	17.33198314470684
-1.6120150187734668	17.555945676621388
-1.6020025031289107	17.743470801551464
-1.5919899874843555	17.906222418880283
-1.5819774718397994	18.079741038492585
-1.5719649561952442	18.281290326824926
-1.5619524405506882	18.514354877897294
-1.551939924906132	18.753195659780868
-1.541927409261577	18.96303281067013
-1.5319148936170208	19.132267560433068
-1.5219023779724656	19.26986527744956
-1.5118898623279096	19.392101344267036
-1.5018773466833544	19.528964598119234
-1.4918648310387983	19.712866469745283
-1.4818523153942422	19.936600292136713
-1.471839799749687	20.13874223241015
-1.461827284105131	20.25425817540768
-1.4518147684605758	20.262433090249196
-1.4418022528160197	20.18235333060703
-1.4317897371714645	20.029977450223267
-1.4217772215269084	19.815376478605298
-1.4117647058823524	19.5610961831578
-1.4017521902377972	19.29415777616641
-1.391739674593241	19.00825150591199
-1.381727158948686	18.701103230937544
-1.3717146433041298	18.418064198150585
-1.3617021276595747	18.179430184204808
-1.3516896120150186	17.91922247977786
-1.3416770963704625	17.635779789922605
-1.3316645807259073	17.355475086067507
-1.3216520650813512	17.114353756891123
-1.311639549436796	16.882201737098796
-1.30162703379224	16.621419531139505
-1.2916145181476848	16.385477892511034
-1.2816020025031287	16.19584579131215
-1.2715894868585726	16.06139407581544
-1.2615769712140175	16.0157933657904
-1.2515644555694614	16.048412403712952
-1.2415519399249062	16.13102452593454
-1.2315394242803501	16.281739387458785
-1.221526908635795	16.48622073314488
-1.2115143929912389	16.755714269386996
-1.2015018773466828	16.95856461796044
-1.1914893617021276	17.14051606172525
-1.1814768460575715	17.33333317823225
-1.1714643304130163	17.610863697902232
-1.1614518147684603	17.988345871153406
-1.151439299123905	18.37019523460935
-1.141426783479349	18.739644053660065
-1.131414267834793	19.076886891921347
-1.1214017521902377	19.342853246143473
-1.1113892365456817	19.52689545112529
-1.1013767209011265	19.59679122118382
-1.0913642052565704	19.58502658306534
-1.0813516896120152	19.540980778560616
-1.0713391739674591	19.465302165317876
-1.061326658322903	19.373930584518163
-1.0513141426783479	19.286075269767252
-1.0413016270337918	19.208526593346093
-1.0312891113892366	19.11709408405019
-1.0212765957446805	18.97364385527698
-1.0112640801001254	18.75724852417362
-1.0012515644555693	18.437666066473376
-0.9912390488110132	18.033079456883264
-0.981226533166458	17.588577778026234
-0.971214017521902	17.103189967931527
-0.9612015018773468	16.60559211530543
-0.9511889862327907	16.07601520644206
-0.9411764705882355	15.495289506988566
-0.9311639549436794	14.954937699474865
-0.9211514392991234	14.517083725071437
-0.9111389236545682	14.130869406862006
-0.9011264080100121	13.801377442013735
-0.8911138923654569	13.532340332163997
-0.8811013767209008	13.273019414681034
-0.8710888610763456	12.990431825288278
-0.8610763454317896	12.751730356728054
-0.8510638297872335	12.576777414290154
-0.8410513141426783	12.398448902565256
-0.8310387984981222	12.236836860754995
-0.821026282853567	12.12617760034993
-0.811013767209011	12.063598845228995
-0.8010012515644558	12.005742407222385
-0.7909887359198997	11.960756896666787
-0.7809762202753436	11.939469873838238
-0.7709637046307884	11.92573982148894
-0.7609511889862324	11.932662318757584
-0.7509386733416772	11.994795807682177
-0.7409261576971211	12.028021110300365
-0.7309136420525659	12.132973894288256
-0.7209011264080099	12.261917279985619
-0.7108886107634538	12.357791659344384
-0.7008760951188986	12.379497170758656
-0.6908635794743425	12.36414123823306
-0.6808510638297873	12.405845879099775
-0.6708385481852313	12.424128640416718
-0.6608260325406761	12.447278242096615
-0.65081351689612	12.499916084471677
-0.6408010012515639	12.57337023840317
-0.6307884856070087	12.666742042863534
-0.6207759699624527	12.76529869831406
-0.6107634543178975	12.882716385008063
-0.6007509386733414	13.01825503160184
-0.5907384230287862	13.1491445667623
-0.5807259073842301	13.260452751187136
-0.5707133917396741	13.379178679922381
-0.5607008760951189	13.492891000971076
-0.5506883604505628	13.562408796705663
-0.5406758448060076	13.588383944827568
-0.5306633291614515	13.60660869356616
-0.5206508135168963	13.635028952483497
-0.5106382978723403	13.685114066958842
-0.5006257822277842	13.743474833506989
-0.490613266583229	13.805081240344665
-0.48060075093867294	13.845632322397368
-0.47058823529411775	13.844854757119178
-0.4605757196495617	13.82153462417018
-0.4505632040050065	13.77597325513818
-0.4405506883604504	13.711110709850498
-0.43053817271589434	13.656442425046544
-0.42052565707133915	13.610158985723695
-0.4105131414267831	13.558726454226393
-0.4005006257822279	13.491582620836414
-0.3904881101376718	13.400628987983232
-0.38047559449311663	13.304862546748744
-0.37046307884856056	13.191868508176874
-0.3604505632040045	13.068046143768273
-0.3504380475594493	12.957138437802598
-0.3404255319148932	12.829302074397882
-0.33041301627033803	12.747764645413419
-0.32040050062578196	12.710109276845207
-0.3103879849812259	12.690978381783154
-0.3003754693366707	12.677345106524005
-0.2903629536921146	12.591364879850246
-0.28035043804755944	12.50708895692413
-0.27033792240300336	12.37539888000245
-0.2603254067584482	12.104703514428087
-0.2503128911138921	11.856528458950866
-0.24030037546933602	11.59897451708943
-0.23028785982478084	11.268124837385665
-0.22027534418022476	10.976240923754702
-0.21026282853566958	10.854476113104681
-0.2002503128911135	10.467589427542677
-0.19023779724655832	9.986246241760698
-0.18022528160200224	9.602133754262027
-0.17021276595744617	9.007556576258182
-0.16020025031289098	8.58302581068872
-0.1501877346683349	8.1143256838888
-0.14017521902377972	7.470265719298412
-0.13016270337922364	6.754368119178852
-0.12015018773466846	6.201119870852745
-0.11013767209011238	5.521214332782085
-0.10012515644555631	5.272468048983139
-0.09011264080100112	4.7921162552385645
-0.08010012515644505	4.294456641410661
-0.07008760951188986	3.96547318715573
-0.060075093867333784	3.8107033234476835
-0.0500625782227786	3.4710216081484973
-0.04005006257822252	3.244380343640425
-0.030037546933666448	3.15050356291985
-0.02002503128911126	3.062939948310078
-0.010012515644555187	3.018259904865514
0.0	2.91407675351748
