-8.0	2.499076908396281
-7.989987484355444	2.5881481282185526
-7.979974968710889	2.7011888952860494
-7.969962453066333	2.817817737692703
-7.9599499374217775	2.9206405152785395
-7.949937421777221	3.003346453082217
-7.939924906132666	3.07146334601438
-7.92991239048811	3.135678590512887
-7.919899874843554	3.2026977524351525
-7.909887359198999	3.2705018802328385
-7.899874843554443	3.3313627094187295
-7.889862327909888	3.3795478097165725
-7.8798498122653315	3.416586081496346
-7.869837296620776	3.4487596779133995
-7.85982478097622	3.4785942033227792
-7.849812265331664	3.4993070984772023
-7.839799749687109	3.5002205218352356
-7.829787234042553	3.4796846847504947
-7.819774718397998	3.4514245518906157
-7.809762202753442	3.4349869119289536
-7.7997496871088865	3.4382370641178475
-7.78973717146433	3.4495744011888574
-7.779724655819774	3.4477467799703616
-7.769712140175219	3.4194641425478642
-7.759699624530663	3.3690940449461095
-7.749687108886108	3.3144469353974375
-7.739674593241552	3.274877702996878
-7.729662077596997	3.261041722121766
-7.719649561952441	3.27121279565668
-7.7096370463078845	3.2943586472744855
-7.699624530663329	3.3173021704407133
-7.689612015018773	3.3310788694394815
-7.679599499374218	3.332055883299123
-7.669586983729662	3.3185065608512287
-7.659574468085107	3.2883411985670614
-7.649561952440551	3.2417375098131536
-7.639549436795995	3.1853522475617826
-7.629536921151439	3.13170048427464
-7.619524405506883	3.092064808188817
-7.609511889862328	3.068260981429941
-7.599499374217772	3.0505730200918824
-7.589486858573217	3.0246219826548004
-7.579474342928661	2.9824611521927875
-7.569461827284105	2.928860474541711
-7.55944931163955	2.8774279559764304
-7.5494367959949935	2.840643786871075
-7.539424280350438	2.823162733762541
-7.529411764705882	2.8226475026260816
-7.519399249061326	2.833811943028648
-7.509386733416771	2.850298014314179
-7.499374217772215	2.8649662901510067
-7.48936170212766	2.8720812992914757
-7.479349186483104	2.870853561162272
-7.4693366708385485	2.8658847349419205
-7.459324155193992	2.8627647366233173
-7.449311639549437	2.863128432505845
-7.439299123904881	2.8646154406903728
-7.429286608260325	2.8653948098549042
-7.41927409261577	2.867538961582749
-7.409261576971214	2.8755729031001422
-7.399249061326659	2.8929633074227685
-7.3892365456821025	2.9212460939126017
-7.3792240300375465	2.9617392783708367
-7.369211514392991	3.0156531114950442
-7.359198998748435	3.080908038027673
-7.34918648310388	3.149585709547989
-7.339173967459324	3.2108557079223647
-7.329161451814769	3.2585552311518615
-7.319148936170213	3.296560121641436
-7.3091364205256575	3.335839386471902
-7.299123904881101	3.3847511992711774
-7.289111389236545	3.44117606145491
-7.27909887359199	3.4939747702067563
-7.269086357947434	3.5326234076128564
-7.259073842302879	3.556186825014997
-7.249061326658323	3.573720941855434
-7.239048811013767	3.5965235436659397
-7.2290362953692116	3.629672391082279
-7.2190237797246555	3.6695675982263416
-7.2090112640801	3.708035365994004
-7.198998748435544	3.7386586776792106
-7.188986232790989	3.7606060692941905
-7.178973717146433	3.7777839065802636
-7.168961201501878	3.794357508601259
-7.158948685857322	3.810432738303299
-7.148936170212766	3.8222996258469433
-7.13892365456821	3.828112306020901
-7.128911138923654	3.833903500184673
-7.118898623279099	3.8528015079908045
-7.108886107634543	3.8961511789105936
-7.098873591989987	3.963564457838252
-7.088861076345432	4.0404320043229305
-7.078848560700876	4.104657307054951
-7.068836045056321	4.137062702532334
-7.0588235294117645	4.128658348255464
-7.048811013767209	4.081746639385389
-7.038798498122653	4.006154731209781
-7.028785982478098	3.9142150572987546
-7.018773466833542	3.81783815038276
-7.008760951188986	3.72820397903415
-6.998748435544431	3.6553491654747576
-6.988735919899875	3.605137558062068
-6.9787234042553195	3.575457283199929
-6.968710888610763	3.5566465910560554
-6.958698372966207	3.5379227720769375
-6.948685857321652	3.514920145744322
-6.938673341677096	3.491517880586234
-6.928660826032541	3.474536816571665
-6.918648310387985	3.4664341934942975
-6.908635794743429	3.4621593542186595
-6.8986232790988735	3.45189267245233
-6.888610763454318	3.426494671163237
-6.878598247809762	3.381376790194227
-6.868585732165206	3.3171502140329476
-6.858573216520651	3.238314076453853
-6.848560700876095	3.1515697686877386
-6.83854818523154	3.0640056460060685
-6.828535669586984	2.9810379716675675
-6.818523153942428	2.904986789160093
-6.808510638297872	2.835430729224542
-6.798498122653316	2.770956104606298
-6.788485607008761	2.7104041625438384
-6.778473091364205	2.6524504132011457
-6.768460575719649	2.594581139268001
-6.758448060075094	2.533363825096226
-6.748435544430539	2.4662953684639106
-6.7384230287859825	2.3936477033656742
-6.7284105131414265	2.31885871760211
-6.718397997496871	2.247346165442662
-6.708385481852315	2.184142382473124
-6.69837296620776	2.1309789757470345
-6.688360450563204	2.084805350455692
-6.678347934918648	2.0401291943913824
-6.668335419274093	1.994320304608935
-6.658322903629537	1.9510826608780345
-6.648310387984981	1.9181813304127389
-6.638297872340425	1.9008561456149549
-6.628285356695869	1.8964222812858147
-6.618272841051314	1.8946058594432067
-6.608260325406759	1.883396348873801
-6.598247809762203	1.8556943802092665
-6.588235294117647	1.811850484974237
-6.578222778473092	1.7575775352218528
-6.5682102628285355	1.7007061194879942
-6.55819774718398	1.64928340833394
-6.548185231539424	1.6097710888129717
-6.538172715894868	1.5835582300559994
-6.528160200250313	1.5639211413020544
-6.518147684605757	1.538256453614082
-6.508135168961202	1.4965439574443353
-6.498122653316646	1.4395748713013057
-6.4881101376720896	1.3788583333670945
-6.478097622027534	1.3279425517329904
-6.468085106382979	1.2935124523901496
-6.458072590738423	1.2737444857716387
-6.448060075093867	1.2630569257875097
-6.438047559449312	1.2572206782722157
-6.428035043804756	1.2550172348599709
-6.418022528160201	1.2569790064694248
-6.4080100125156445	1.2633881245027092
-6.397997496871088	1.2732022893357315
-6.387984981226533	1.284565445250899
-6.377972465581977	1.2962279087516162
-6.367959949937422	1.3083574208479063
-6.357947434292866	1.3221339367541367
-6.34793491864831	1.3391621262210351
-6.337922403003755	1.3617098362417654
-6.3279098873591995	1.3931416179025042
-6.317897371714643	1.437189960538592
-6.307884856070087	1.4960550346758568
-6.297872340425532	1.5690198349010631
-6.287859824780976	1.6531433491455811
-6.277847309136421	1.7456672856547928
-6.267834793491865	1.8461458057857083
-6.257822277847309	1.9566102694624063
-6.2478097622027535	2.079618570597903
-6.2377972465581975	2.2153226842171616
-6.227784730913642	2.3594492348152167
-6.217772215269086	2.504113579332998
-6.20775969962453	2.6415814599473793
-6.197747183979975	2.768213815301319
-6.18773466833542	2.8853455729087223
-6.177722152690864	2.9968739278899013
-6.167709637046308	3.1060045084398347
-6.157697121401752	3.2129432569785346
-6.147684605757196	3.3137928402360894
-6.137672090112641	3.4013647116180508
-6.127659574468085	3.4689624841820628
-6.117647058823529	3.515653616430597
-6.107634543178974	3.5486725040246725
-6.097622027534418	3.580012532054082
-6.0876095118898625	3.6193149361456127
-6.0775969962453065	3.668348012528982
-6.06758448060075	3.7205395436649216
-6.057571964956195	3.764682128196805
-6.04755944931164	3.7894905988782304
-6.037546933667084	3.786803434874952
-6.027534418022528	3.7537172491419715
-6.017521902377973	3.6944562327835313
-6.007509386733417	3.6209430692151408
-5.997496871088861	3.5502801414413847
-5.987484355444305	3.4996577905943016
-5.977471839799749	3.481406659536239
-5.967459324155194	3.4997286701925243
-5.957446808510639	3.5485836358832064
-5.947434292866083	3.6113394565009047
-5.937421777221527	3.6650815923671387
-5.927409261576971	3.6903346102697956
-5.9173967459324155	3.6807623221886785
-5.90738423028786	3.6448579486904986
-5.897371714643304	3.5975822162055984
-5.887359198998748	3.548922142672071
-5.877346683354192	3.498685141452406
-5.867334167709637	3.440192129201273
-5.857321652065082	3.3673986385944183
-5.847309136420526	3.278642430104384
-5.83729662077597	3.1757403049049207
-5.827284105131414	3.0622836892276104
-5.817271589486858	2.944110994599165
-5.807259073842303	2.830372037554725
-5.797246558197747	2.7318532031458145
-5.787234042553191	2.6564721435747716
-5.777221526908636	2.6055930242273595
-5.767209011264081	2.5742031824843363
-5.7571964956195245	2.5540035551658975
-5.747183979974968	2.5361944947699038
-5.737171464330412	2.512474874561184
-5.727158948685857	2.4754105659760013
-5.717146433041302	2.419513390144364
-5.707133917396746	2.3429498674407103
-5.69712140175219	2.2489923031676833
-5.687108886107635	2.1461751912707134
-5.677096370463079	2.0462719917047054
-5.667083854818523	1.9603660180919782
-5.657071339173967	1.8949847213096953
-5.647058823529411	1.8505952636969636
-5.637046307884856	1.8231238709387738
-5.627033792240301	1.8070263296983837
-5.617021276595745	1.7976584640526834
-5.607008760951189	1.7918382116387934
-5.596996245306633	1.787152760934211
-5.5869837296620775	1.7809991541393848
-5.576971214017522	1.7698416535574233
-5.566958698372966	1.7490902557752812
-5.55694618272841	1.714233295644624
-5.546933667083855	1.6633697773469562
-5.536921151439299	1.6000869962122861
-5.526908635794744	1.5345325539364942
-5.516896120150188	1.4805755777823058
-5.5068836045056315	1.4492397404584025
-5.496871088861076	1.4423280546050465
-5.486858573216521	1.4514470262872998
-5.476846057571965	1.46363468578131
-5.466833541927409	1.4688586443493485
-5.456821026282853	1.4634566494944288
-5.446808510638298	1.4485313068426982
-5.4367959949937426	1.4272235997794913
-5.4267834793491865	1.403941731932367
-5.41677096370463	1.3842626139225376
-5.406758448060075	1.373069454658306
-5.396745932415519	1.3718643676256626
-5.386733416770964	1.3784016921811775
-5.376720901126408	1.3892143380149957
-5.366708385481852	1.4021747953812618
-5.356695869837297	1.4168204337920516
-5.346683354192741	1.4331591970653157
-5.336670838548185	1.450490062926874
-5.326658322903629	1.466570124075497
-5.316645807259073	1.4775613107087444
-5.306633291614518	1.4799914132712326
-5.296620775969963	1.47414375205271
-5.286608260325407	1.4653084157362248
-5.276595744680851	1.4604020690696689
-5.2665832290362955	1.4625441754644597
-5.256570713391739	1.4688124191135683
-5.246558197747184	1.4730541662349035
-5.236545682102628	1.4705017421580266
-5.226533166458072	1.459775042910269
-5.216520650813517	1.4412528736645822
-5.206508135168962	1.414843420463718
-5.196495619524406	1.3806966709518556
-5.18648310387985	1.3425128800136077
-5.1764705882352935	1.308932063422124
-5.166458072590738	1.28964500065713
-5.156445556946183	1.2889874291768952
-5.146433041301627	1.3033627658365
-5.136420525657071	1.3247224347407207
-5.126408010012516	1.3454634664424663
-5.11639549436796	1.3593349011549227
-5.1063829787234045	1.3590007583414003
-5.0963704630788484	1.3356634619544372
-5.086357947434292	1.2835473537249433
-5.076345431789737	1.2054232043012698
-5.066332916145182	1.1129505760028804
-5.056320400500626	1.0205476064221035
-5.04630788485607	0.937972025596841
-5.036295369211514	0.8673939914812027
-5.026282853566959	0.8057275636436028
-5.016270337922403	0.748813374563781
-5.006257822277847	0.6941974569838676
-4.996245306633291	0.6415297809032683
-4.986232790988735	0.591338151931705
-4.97622027534418	0.5437120803927136
-4.966207759699625	0.49815188276654326
-4.956195244055069	0.45441039885842555
-4.946182728410513	0.41301118729119346
-4.9361702127659575	0.37476880567380894
-4.926157697121402	0.3400361047426152
-4.916145181476846	0.3084488217283848
-4.90613266583229	0.2789038959971444
-4.896120150187734	0.2494454196674662
-4.886107634543179	0.21769721588938398
-4.876095118898624	0.18235271954783092
-4.866082603254068	0.14465082402677093
-4.8560700876095115	0.10815182270747051
-4.8460575719649555	0.0767495094120094
-4.8360450563204	0.05266602876838436
-4.826032540675845	0.03592874331374855
-4.816020025031289	0.0251618950221201
-4.806007509386733	0.018575603250733097
-4.795994993742178	0.014493361718909437
-4.785982478097623	0.011561511486049907
-4.7759699624530665	0.00892975835919947
-4.76595744680851	0.006350385763098494
-4.755944931163954	0.0040171784169421325
-4.745932415519399	0.0022153117601455092
-4.735919899874844	0.001053360519505925
-4.725907384230288	0.00042937344460813035
-4.715894868585732	0.0001495874032067322
-4.705882352941176	4.447010171773784e-05
-4.6958698372966206	1.1271769280859836e-05
-4.685857321652065	2.43486612003993e-06
-4.675844806007509	4.481413528344743e-07
-4.665832290362953	7.026795612164796e-08
-4.655819774718398	9.385830595866593e-09
-4.645807259073843	1.0679365213652564e-09
-4.635794743429287	1.03506353694916e-10
-4.625782227784731	8.545408643212265e-12
-4.615769712140175	6.009528998003848e-13
-4.605757196495619	3.599883651146896e-14
-4.595744680851064	1.8368605869509425e-15
-4.585732165206508	7.983682070373944e-17
-4.575719649561952	2.9557613448184944e-18
-4.565707133917396	9.321256805200007e-20
-4.555694618272841	2.5039087330923694e-21
-4.545682102628286	5.729297791187132e-23
-4.53566958698373	1.1166656534889813e-24
-4.5256570713391735	1.853889186425998e-26
-4.515644555694618	2.621701421753791e-28
-4.505632040050063	3.1580683870485414e-30
-4.495619524405507	3.240400360097687e-32
-4.485607008760951	2.8321395778431404e-34
-4.475594493116395	2.108479941732495e-36
-4.46558197747184	1.3370976753966765e-38
-4.4555694618272845	7.222634410907693e-41
-4.4455569461827285	3.3232802800035097e-43
-4.435544430538172	1.3024982462905077e-45
-4.425531914893616	4.3483667158273396e-48
-4.415519399249061	1.2365566497156328e-50
-4.405506883604506	2.9953026487293274e-53
-4.39549436795995	6.18025283743551e-56
-4.385481852315394	1.0862020388299908e-58
-4.375469336670839	1.6261246134060092e-61
-4.365456821026283	2.0736519864823307e-64
-4.355444305381727	2.2524582999752468e-67
-4.345431789737171	2.0840900775596434e-70
-4.335419274092615	1.6425365830307064e-73
-4.32540675844806	1.102687509144526e-76
-4.315394242803505	6.305633109402568e-80
-4.305381727158949	3.071452331945314e-83
-4.295369211514393	1.2743763409293328e-86
-4.285356695869837	4.503917838854773e-90
-4.275344180225281	1.3558825068399746e-93
-4.265331664580726	3.476902359021284e-97
-4.25531914893617	7.594545188177314e-101
-4.245306633291614	1.4130251286980452e-104
-4.235294117647059	2.239426632575243e-108
-4.225281602002504	3.023170430889966e-112
-4.215269086357948	3.4763801574976817e-116
-4.2052565707133915	3.4051067567905394e-120
-4.1952440550688355	2.841011824839342e-124
-4.18523153942428	2.0190830785253988e-128
-4.175219023779725	1.2222897663950477e-132
-4.165206508135169	6.302792376747376e-137
-4.155193992490613	2.768411631800279e-141
-4.145181476846057	1.0357791592476426e-145
-4.135168961201502	3.300977091112336e-150
-4.1251564455569465	8.961004410666966e-155
-4.11514392991239	2.0720952286374335e-159
-4.105131414267834	4.0813286621608755e-164
-4.095118898623279	8.125652305948221e-169
-4.085106382978723	7.805415156030385e-165
-4.075093867334168	4.060218940629521e-160
-4.065081351689612	1.7990438046179916e-155
-4.055068836045056	6.790048284212176e-151
-4.045056320400501	2.1829451654612896e-146
-4.035043804755945	5.977941080605876e-142
-4.025031289111389	1.3944382074658076e-137
-4.015018773466833	2.7706760958396698e-133
-4.005006257822277	4.689333091561684e-129
-3.994993742177722	6.760444450958165e-125
-3.9849812265331668	8.301914512065825e-121
-3.9749687108886107	8.684005875351644e-117
-3.9649561952440546	7.737502547335573e-113
-3.9549436795994994	5.872463796533723e-109
-3.9449311639549434	3.7964592291152735e-105
-3.934918648310388	2.090624256430236e-101
-3.924906132665832	9.806456057091991e-98
-3.914893617021277	3.918204065563696e-94
-3.904881101376721	1.3335241515569148e-90
-3.8948685857321648	3.865926571943607e-87
-3.8848560700876096	9.546522714891911e-84
-3.8748435544430535	2.0080555897387633e-80
-3.8648310387984983	3.597867685915574e-77
-3.8548185231539422	5.491027398475931e-74
-3.844806007509387	7.138402649436741e-71
-3.834793491864831	7.904738976879583e-68
-3.824780976220275	7.456124653581746e-65
-3.8147684605757197	5.99070612445752e-62
-3.8047559449311636	4.099984609417645e-59
-3.7947434292866085	2.3901544133853797e-56
-3.7847309136420524	1.186887165768717e-53
-3.774718397997497	5.0203378226187406e-51
-3.764705882352941	1.8088263260012163e-48
-3.754693366708385	5.5513898648997744e-46
-3.74468085106383	1.4512699118940358e-43
-3.734668335419274	3.231745505323632e-41
-3.7246558197747186	6.130131578599349e-39
-3.7146433041301625	9.904845017114388e-37
-3.7046307884856065	1.3632417780352559e-34
-3.6946182728410513	1.598262619970588e-32
-3.684605757196495	1.5961623874781466e-30
-3.67459324155194	1.3578896257489367e-28
-3.664580725907384	9.840488854125558e-27
-3.6545682102628287	6.074941021248843e-25
-3.6445556946182727	3.194859253900333e-23
-3.6345431789737166	1.4313977084586973e-21
-3.6245306633291614	5.463704241287844e-20
-3.6145181476846053	1.776879105938341e-18
-3.60450563204005	4.923864906852872e-17
-3.594493116395494	1.162723264605954e-15
-3.584480600750939	2.3400603499132132e-14
-3.574468085106383	4.0145329775973505e-13
-3.5644555694618267	5.872201208351784e-12
-3.5544430538172715	7.325819447991033e-11
-3.5444305381727155	7.797795688599033e-10
-3.5344180225281603	7.085475657129694e-09
-3.524405506883604	5.4996083980736325e-08
-3.514392991239049	3.6494028308430916e-07
-3.504380475594493	2.072500090354989e-06
-3.494367959949937	1.0085928808314595e-05
-3.4843554443053817	4.2128708077005585e-05
-3.4743429286608256	0.00015132635460847824
-3.4643304130162704	0.00046850480754393733
-3.4543178973717144	0.0012535563977890977
-3.444305381727159	0.0029080581838550547
-3.434292866082603	0.005872923144401591
-3.424280350438047	0.01038296605861884
-3.414267834793492	0.016206202223040752
-3.4042553191489358	0.022638796643624108
-3.3942428035043806	0.028919540158693347
-3.3842302878598245	0.0348143536255893
-3.3742177722152693	0.040782705031247896
-3.3642052565707132	0.04739422696789113
-3.354192740926157	0.05444372597846644
-3.344180225281602	0.060683962551082264
-3.334167709637046	0.06459837885550053
-3.3241551939924907	0.06562523326417899
-3.3141426783479346	0.06482743397279819
-3.3041301627033794	0.06456012449094975
-3.2941176470588234	0.0674738019733207
-3.2841051314142673	0.07544005314505389
-3.274092615769712	0.08885182129130129
-3.264080100125156	0.10668400182555739
-3.254067584480601	0.12748977653475482
-3.2440550688360448	0.1507758764250266
-3.2340425531914896	0.17753962724783517
-3.2240300375469335	0.20924552813777114
-3.2140175219023774	0.24602870007527117
-3.2040050062578223	0.28584614484239473
-3.193992490613266	0.3255342821148937
-3.183979974968711	0.36305553764243276
-3.173967459324155	0.39927150674340156
-3.1639549436795997	0.43797513861158405
-3.1539424280350437	0.48402135142132524
-3.1439299123904876	0.5404692599136395
-3.1339173967459324	0.6063103115198037
-3.1239048811013763	0.676279024339012
-3.113892365456821	0.7432100369905763
-3.103879849812265	0.8018260800325401
-3.09386733416771	0.8517752782170885
-3.083854818523154	0.8980513428314215
-3.0738423028785977	0.948436950431672
-3.0638297872340425	1.0092260100601549
-3.0538172715894865	1.0812874288733012
-3.0438047559449313	1.1584127360818828
-3.033792240300375	1.2290751393960595
-3.02377972465582	1.281309993586306
-3.013767209011264	1.3086940558766165
-3.003754693366708	1.3142532827725557
-2.9937421777221527	1.3097310413020649
-2.9837296620775966	1.3103231382472098
-2.9737171464330414	1.3280614188800048
-2.9637046307884853	1.367719361225309
-2.95369211514393	1.4267536646803305
-2.943679599499374	1.4979182256966965
-2.933667083854818	1.5722613772342402
-2.923654568210263	1.6410943656759138
-2.9136420525657067	1.696832510488532
-2.9036295369211516	1.7336213786500105
-2.8936170212765955	1.7488801880605216
-2.8836045056320403	1.7455706106720097
-2.873591989987484	1.7327294813694025
-2.863579474342928	1.7217588735327982
-2.853566958698373	1.7200356047484173
-2.843554443053817	1.7273528323311593
-2.8335419274092617	1.7385362171094159
-2.8235294117647056	1.7489946814842554
-2.8135168961201504	1.757236394965763
-2.8035043804755944	1.7628804731463075
-2.7934918648310383	1.7643388373619948
-2.783479349186483	1.759951134315115
-2.773466833541927	1.750826351783901
-2.763454317897372	1.7405454196602264
-2.7534418022528158	1.7307082394858078
-2.7434292866082606	1.7173485604459702
-2.7334167709637045	1.6933233944052037
-2.7234042553191484	1.6552375237627241
-2.7133917396745932	1.608220776126567
-2.703379224030037	1.5640238052228088
-2.693366708385482	1.5344256301815842
-2.683354192740926	1.5255022098102493
-2.6733416770963707	1.536020448560124
-2.6633291614518146	1.5588881134022823
-2.6533166458072586	1.5831770901353353
-2.6433041301627034	1.5961353942670067
-2.6332916145181473	1.5863249738960272
-2.623279098873592	1.5480753734024413
-2.613266583229036	1.4847888046424162
-2.603254067584481	1.4075820658600975
-2.593241551939925	1.3288742607393005
-2.5832290362953687	1.2557217365127553
-2.5732165206508135	1.1886884569691138
-2.5632040050062574	1.1262782238180156
-2.5531914893617023	1.0689196958856346
-2.543178973717146	1.0179595459338824
-2.533166458072591	0.9719244196978708
-2.523153942428035	0.9253111266017564
-2.513141426783479	0.8714128508198048
-2.5031289111389237	0.8063348509602372
-2.4931163954943676	0.7313450708848764
-2.4831038798498124	0.6529226229877112
-2.4730913642052563	0.580689541638345
-2.463078848560701	0.5233175504680256
-2.453066332916145	0.4837520791545783
-2.443053817271589	0.4569704948108404
-2.433041301627034	0.4328044301815936
-2.4230287859824777	0.40240616453852496
-2.4130162703379225	0.3634750699625867
-2.4030037546933665	0.3202957348467476
-2.3929912390488113	0.27920736205746466
-2.382978723404255	0.24375941358129116
-2.372966207759699	0.21325533610239406
-2.362953692115144	0.18483491403878285
-2.352941176470588	0.15645315863525389
-2.3429286608260327	0.12826147327635254
-2.3329161451814766	0.10194479202185358
-2.3229036295369214	0.07923021280512128
-2.3128911138923653	0.06094080757703243
-2.3028785982478093	0.04702577045062356
-2.292866082603254	0.037009040509477086
-2.282853566958698	0.03015555748750092
-2.272841051314143	0.025354953956163693
-2.2628285356695867	0.021271206026657438
-2.2528160200250316	0.016936504047567136
-2.2428035043804755	0.012246035532659915
-2.2327909887359194	0.00780900900928802
-2.2227784730913642	0.004318978716432678
-2.212765957446808	0.002053597600813511
-2.202753441802253	0.000835661144231258
-2.192740926157697	0.0002903525175843387
-2.1827284105131417	8.603869568511428e-05
-2.1727158948685856	2.1730829256944847e-05
-2.1627033792240296	4.676713295903104e-06
-2.1526908635794744	8.574704468840912e-07
-2.1426783479349183	1.339295604851647e-07
-2.132665832290363	1.7819454723181244e-08
-2.122653316645807	2.019591853135271e-09
-2.112640801001252	1.9497508443676306e-10
-2.1026282853566958	1.60338700137776e-11
-2.0926157697121397	1.1231557569705886e-12
-2.0826032540675845	6.701674002394734e-14
-2.0725907384230284	3.4061825467565656e-15
-2.0625782227784732	1.4746659615676402e-16
-2.052565707133917	5.438265484278215e-18
-2.042553191489362	1.7083156218443374e-19
-2.032540675844806	4.571058178344278e-21
-2.02252816020025	1.0418526459804236e-22
-2.0125156445556946	2.0227245919762835e-24
-2.0025031289111386	3.3450923398289465e-26
-1.9924906132665834	4.712163651586478e-28
-1.9824780976220273	5.654230582811496e-30
-1.9724655819774712	5.779197823763366e-32
-1.962453066332916	5.03155819859861e-34
-1.95244055068836	3.731456073685041e-36
-1.9424280350438048	2.357192547577177e-38
-1.9324155193992487	1.26838961429747e-40
-1.9224030037546935	5.813680847396384e-43
-1.9123904881101375	2.2698156540420088e-45
-1.9023779724655814	7.548686870677757e-48
-1.8923654568210262	2.5332400105664227e-50
-1.8823529411764701	1.431791514947285e-48
-1.872340425531915	4.422448639474751e-46
-1.8623279098873589	1.1635908619068103e-43
-1.8523153942428037	2.607814194618542e-41
-1.8423028785982476	4.978423371224724e-39
-1.8322903629536915	8.095540458281638e-37
-1.8222778473091363	1.1213435964460295e-34
-1.8122653316645803	1.3230321755413155e-32
-1.802252816020025	1.3296610416020937e-30
-1.792240300375469	1.1382831898851273e-28
-1.7822277847309138	8.300390807095369e-27
-1.7722152690863577	5.155675813201856e-25
-1.7622027534418017	2.727793604038244e-23
-1.7521902377972465	1.2293520293475544e-21
-1.7421777221526904	4.719324914757548e-20
-1.7321652065081352	1.5432005661256748e-18
-1.7221526908635791	4.298369880218545e-17
-1.712140175219024	1.0198215312848392e-15
-1.7021276595744679	2.0610269844288802e-14
-1.6921151439299118	3.5479911271563727e-13
-1.6821026282853566	5.202608733132433e-12
-1.6720901126408005	6.49831023334072e-11
-1.6620775969962454	6.913881542517567e-10
-1.6520650813516893	6.265974519007477e-09
-1.642052565707134	4.8373344491795266e-08
-1.632040050062578	3.181155865632985e-07
-1.622027534418022	1.782152863406904e-06
-1.6120150187734668	8.505961444236015e-06
-1.6020025031289107	3.4593171378501104e-05
-1.5919899874843555	0.000119916063150042
-1.5819774718397994	0.0003545117930699007
-1.5719649561952442	0.0008947670191258012
-1.5619524405506882	0.0019318198318369947
-1.551939924906132	0.003580609148916833
-1.541927409261577	0.005733987307237007
-1.5319148936170208	0.008020539779706418
-1.5219023779724656	0.00996969111088944
-1.5118898623279096	0.011279293932494102
-1.5018773466833544	0.011935147377028022
-1.4918648310387983	0.0120990508995125
-1.4818523153942422	0.011976998247459365
-1.471839799749687	0.011866481105783658
-1.461827284105131	0.012278830532179132
-1.4518147684605758	0.01393522673739844
-1.4418022528160197	0.017688107786582342
-1.4317897371714645	0.02453323411121175
-1.4217772215269084	0.03556144136622236
-1.4117647058823524	0.051450265332234936
-1.4017521902377972	0.0715153869050036
-1.391739674593241	0.09314169596237055
-1.381727158948686	0.11255934067090638
-1.3717146433041298	0.12690878653529755
-1.3617021276595747	0.13624578845250085
-1.3516896120150186	0.14399905130954924
-1.3416770963704625	0.15555137439121253
-1.3316645807259073	0.1757687196432232
-1.3216520650813512	0.20660063818572863
-1.311639549436796	0.24579312172120893
-1.30162703379224	0.2876089921504025
-1.2916145181476848	0.3256061596170905
-1.2816020025031287	0.35600659245686506
-1.2715894868585726	0.37955860487895193
-1.2615769712140175	0.40104731614143063
-1.2515644555694614	0.4273603111798415
-1.2415519399249062	0.4652686567413323
-1.2315394242803501	0.5190790982582651
-1.221526908635795	0.5881429008915575
-1.2115143929912389	0.6655953796924202
-1.2015018773466828	0.7404755452880248
-1.1914893617021276	0.8032277068518057
-1.1814768460575715	0.8509437582402835
-1.1714643304130163	0.8879621578266614
-1.1614518147684603	0.9214120679699206
-1.151439299123905	0.9560882783464949
-1.141426783479349	0.9932704760519522
-1.131414267834793	1.0334952925012288
-1.1214017521902377	1.0791849232645778
-1.1113892365456817	1.1338704974642195
-1.1013767209011265	1.1989655739296048
-1.0913642052565704	1.27159350850163
-1.0813516896120152	1.3454235191853205
-1.0713391739674591	1.4132476853315648
-1.061326658322903	1.4690766340512025
-1.0513141426783479	1.5094490789872974
-1.0413016270337918	1.5349131859932346
-1.0312891113892366	1.550836960863309
-1.0212765957446805	1.565021169080577
-1.0112640801001254	1.5822942383365322
-1.0012515644555693	1.600894411848761
-0.9912390488110132	1.6150095701259333
-0.981226533166458	1.6213892853195884
-0.971214017521902	1.6231376562764064
-0.9612015018773468	1.626820005669118
-0.9511889862327907	1.6362517444767013
-0.9411764705882355	1.6493822146383228
-0.9311639549436794	1.6608028729860214
-0.9211514392991234	1.666618639229121
-0.9111389236545682	1.666792385501617
-0.9011264080100121	1.6635197411790479
-0.8911138923654569	1.658379182516523
-0.8811013767209008	1.651443408486795
-0.8710888610763456	1.642561985778842
-0.8610763454317896	1.6326593373177678
-0.8510638297872335	1.6234073737991725
-0.8410513141426783	1.6156496603460568
-0.8310387984981222	1.6082758224955338
-0.821026282853567	1.5989022889520192
-0.811013767209011	1.5860290053632986
-0.8010012515644558	1.5707958677824212
-0.7909887359198997	1.5565737703764406
-0.7809762202753436	1.5463294885355043
-0.7709637046307884	1.5396202563977688
-0.7609511889862324	1.5317586602257263
-0.7509386733416772	1.5163032254092834
-0.7409261576971211	1.4892439258705088
-0.7309136420525659	1.4515547578421184
-0.7209011264080099	1.408126469593126
-0.7108886107634538	1.364213935741524
-0.7008760951188986	1.3223297358032395
-0.6908635794743425	1.2817098761883616
-0.6808510638297873	1.2403186290526986
-0.6708385481852313	1.1975214615794267
-0.6608260325406761	1.155108229210864
-0.65081351689612	1.1157943791473237
-0.6408010012515639	1.0807832645871167
-0.6307884856070087	1.0489938101024712
-0.6207759699624527	1.0186087412274778
-0.6107634543178975	0.9886982192923351
-0.6007509386733414	0.958641818441259
-0.5907384230287862	0.9262554084333765
-0.5807259073842301	0.8876180654571081
-0.5707133917396741	0.8396650917874907
-0.5607008760951189	0.7835041181744244
-0.5506883604505628	0.7259901960251857
-0.5406758448060076	0.6785300557194046
-0.5306633291614515	0.6529024578563563
-0.5206508135168963	0.6550200059157145
-0.5106382978723403	0.6802472609095108
-0.5006257822277842	0.7148884884716207
-0.490613266583229	0.7442789075762869
-0.48060075093867294	0.7617296137835093
-0.47058823529411775	0.7713651153457525
-0.4605757196495617	0.7832776622516483
-0.4505632040050065	0.8056921832340018
-0.4405506883604504	0.840195002909817
-0.43053817271589434	0.8825180130690905
-0.42052565707133915	0.926915720147362
-0.4105131414267831	0.9702988494905072
-0.4005006257822279	1.0138033824657728
-0.3904881101376718	1.0624083262561386
-0.38047559449311663	1.1242091071817015
-0.37046307884856056	1.2089762184438502
-0.3604505632040045	1.3240234578774046
-0.3504380475594493	1.4677135216707777
-0.3404255319148932	1.6253980033043134
-0.33041301627033803	1.7735124664862925
-0.32040050062578196	1.8919125089939426
-0.3103879849812259	1.976371375973652
-0.3003754693366707	2.040886881395388
-0.2903629536921146	2.107147907428877
-0.28035043804755944	2.189550281795483
-0.27033792240300336	2.2873084782786295
-0.2603254067584482	2.38800852661959
-0.2503128911138921	2.4779237358935284
-0.24030037546933602	2.551413544320583
-0.23028785982478084	2.6142082156927793
-0.22027534418022476	2.6795529952706323
-0.21026282853566958	2.7604316642573377
-0.2002503128911135	2.8635264140362247
-0.19023779724655832	2.9882456332028156
-0.18022528160200224	3.1287349297101343
-0.17021276595744617	3.2749577561320913
-0.16020025031289098	3.412917080046094
-0.1501877346683349	3.527508229231325
-0.14017521902377972	3.608726453561432
-0.13016270337922364	3.656540397481085
-0.12015018773466846	3.6793308245640883
-0.11013767209011238	3.686830967822653
-0.10012515644555631	3.6842795079612203
-0.09011264080100112	3.673158857075419
-0.08010012515644505	3.6567425453288482
-0.07008760951188986	3.6436410539575137
-0.060075093867333784	3.6447936262250584
-0.0500625782227786	3.6661961471577635
-0.04005006257822252	3.7043142365136554
-0.030037546933666448	3.748994991046897
-0.02002503128911126	3.7912694645749054
-0.010012515644555187	3.8284549195897517
0.0	3.8626812364851024
