-8.0	7.754483704967726
-7.989987484355444	7.747078456705436
-7.979974968710889	7.734542290147877
-7.969962453066333	7.734845292885138
-7.9599499374217775	7.759276560395661
-7.949937421777221	7.806439381359735
-7.939924906132666	7.8642670968031085
-7.92991239048811	7.917728167212763
-7.919899874843554	7.9551164606112055
-7.909887359198999	7.969209193212739
-7.899874843554443	7.956056944509949
-7.889862327909888	7.915729030121649
-7.8798498122653315	7.854999716297225
-7.869837296620776	7.787981563550212
-7.85982478097622	7.731850295176295
-7.849812265331664	7.699069542497904
-7.839799749687109	7.690447737554436
-7.829787234042553	7.693399143524012
-7.819774718397998	7.687503593794236
-7.809762202753442	7.655382205939849
-7.7997496871088865	7.592626063479157
-7.78973717146433	7.509540226129584
-7.779724655819774	7.422568787339115
-7.769712140175219	7.341965872865918
-7.759699624530663	7.266174895530122
-7.749687108886108	7.186915493947098
-7.739674593241552	7.0987898369022115
-7.729662077596997	7.004958571296577
-7.719649561952441	6.916501610134736
-7.7096370463078845	6.847799652189725
-7.699624530663329	6.810178097528318
-7.689612015018773	6.806182360006197
-7.679599499374218	6.827999710023788
-7.669586983729662	6.861290874418433
-7.659574468085107	6.891426866441474
-7.649561952440551	6.90863316611424
-7.639549436795995	6.91107386468201
-7.629536921151439	6.905421125223843
-7.619524405506883	6.90367136133391
-7.609511889862328	6.916866128929316
-7.599499374217772	6.949586323897876
-7.589486858573217	6.99899137316369
-7.579474342928661	7.05828752785134
-7.569461827284105	7.120804814767199
-7.55944931163955	7.181024704741472
-7.5494367959949935	7.233012609402262
-7.539424280350438	7.270587682489053
-7.529411764705882	7.291983767254327
-7.519399249061326	7.305258026313134
-7.509386733416771	7.327292217905195
-7.499374217772215	7.374708723026402
-7.48936170212766	7.4537046994907685
-7.479349186483104	7.557114472703773
-7.4693366708385485	7.669847002863242
-7.459324155193992	7.77721690056841
-7.449311639549437	7.870646481242304
-7.439299123904881	7.9488588983752
-7.429286608260325	8.015447654571636
-7.41927409261577	8.074974212169355
-7.409261576971214	8.129918437444626
-7.399249061326659	8.179592188810725
-7.3892365456821025	8.220767551028981
-7.3792240300375465	8.249603867312056
-7.369211514392991	8.264069450566847
-7.359198998748435	8.264815779741769
-7.34918648310388	8.253418776435986
-7.339173967459324	8.230498710373679
-7.329161451814769	8.196856189165521
-7.319148936170213	8.15619406746867
-7.3091364205256575	8.11509851862241
-7.299123904881101	8.07967840770638
-7.289111389236545	8.05283201204776
-7.27909887359199	8.034648657104722
-7.269086357947434	8.0239367366455
-7.259073842302879	8.018172270380175
-7.249061326658323	8.012241164818288
-7.239048811013767	7.998029030307563
-7.2290362953692116	7.965499436688282
-7.2190237797246555	7.904494369928615
-7.2090112640801	7.80716309405904
-7.198998748435544	7.671543534330082
-7.188986232790989	7.504868721356336
-7.178973717146433	7.322836405840115
-7.168961201501878	7.143092901347484
-7.158948685857322	6.977020315181716
-7.148936170212766	6.826519387003244
-7.13892365456821	6.687642012259607
-7.128911138923654	6.556068599279425
-7.118898623279099	6.428705591007278
-7.108886107634543	6.3012940631156065
-7.098873591989987	6.166833592524901
-7.088861076345432	6.0187012374440005
-7.078848560700876	5.856939275762531
-7.068836045056321	5.691760170132399
-7.0588235294117645	5.539682682093136
-7.048811013767209	5.414146635445714
-7.038798498122653	5.317357630325967
-7.028785982478098	5.238529463317962
-7.018773466833542	5.158476035023425
-7.008760951188986	5.05747501562926
-6.998748435544431	4.923404210797853
-6.988735919899875	4.757570376192441
-6.9787234042553195	4.575610237863829
-6.968710888610763	4.401826236377
-6.958698372966207	4.258247604201001
-6.948685857321652	4.1537487860009605
-6.938673341677096	4.08050164170237
-6.928660826032541	4.021079386820384
-6.918648310387985	3.9611917513580543
-6.908635794743429	3.8983195895009537
-6.8986232790988735	3.8406154518164666
-6.888610763454318	3.798637447814015
-6.878598247809762	3.7766922000506944
-6.868585732165206	3.7690161806943405
-6.858573216520651	3.762477708093316
-6.848560700876095	3.7443624583690744
-6.83854818523154	3.7108533108452333
-6.828535669586984	3.670104785641026
-6.818523153942428	3.63648121699143
-6.808510638297872	3.6195578734322575
-6.798498122653316	3.616616951326273
-6.788485607008761	3.614350494013067
-6.778473091364205	3.596949005946787
-6.768460575719649	3.553193434979981
-6.758448060075094	3.4787147524192434
-6.748435544430539	3.375057839198719
-6.7384230287859825	3.2479343733968986
-6.7284105131414265	3.104900552071755
-6.718397997496871	2.952666595835173
-6.708385481852315	2.7957298134258424
-6.69837296620776	2.637127927579728
-6.688360450563204	2.4794078137960134
-6.678347934918648	2.3237992160108587
-6.668335419274093	2.1687938439276926
-6.658322903629537	2.0111717755861767
-6.648310387984981	1.8498102283786761
-6.638297872340425	1.6886241833028406
-6.628285356695869	1.5351487996499382
-6.618272841051314	1.39584628777122
-6.608260325406759	1.2728181635204932
-6.598247809762203	1.1648684930232955
-6.588235294117647	1.0708840475800645
-6.578222778473092	0.9912999461516199
-6.5682102628285355	0.9264182759976947
-6.55819774718398	0.8743744213609576
-6.548185231539424	0.8315775954223039
-6.538172715894868	0.7950864622701244
-6.528160200250313	0.7642599221439967
-6.518147684605757	0.7404035481526149
-6.508135168961202	0.7256705390744403
-6.498122653316646	0.7228727385748872
-6.4881101376720896	0.7359026716690936
-6.478097622027534	0.7690913446271295
-6.468085106382979	0.8251969989810523
-6.458072590738423	0.9039283272280197
-6.448060075093867	1.0023958701239737
-6.438047559449312	1.1160962471350457
-6.428035043804756	1.238343468015228
-6.418022528160201	1.3590427465270372
-6.4080100125156445	1.466122125865986
-6.397997496871088	1.5508139026602363
-6.387984981226533	1.6135045873145293
-6.377972465581977	1.665290370073631
-6.367959949937422	1.7232157954671585
-6.357947434292866	1.8015158423649333
-6.34793491864831	1.9038175146764464
-6.337922403003755	2.0209179935055395
-6.3279098873591995	2.135603226915436
-6.317897371714643	2.2315804688854333
-6.307884856070087	2.3011027844615404
-6.297872340425532	2.3475008254960694
-6.287859824780976	2.382697522264459
-6.277847309136421	2.4217056838404716
-6.267834793491865	2.4757082116346014
-6.257822277847309	2.5459519611324732
-6.2478097622027535	2.6222829364920113
-6.2377972465581975	2.688403704440238
-6.227784730913642	2.730709249477843
-6.217772215269086	2.744767070071572
-6.20775969962453	2.736081239611192
-6.197747183979975	2.71589740827366
-6.18773466833542	2.6948344482163082
-6.177722152690864	2.6775808677055846
-6.167709637046308	2.6615045190903177
-6.157697121401752	2.639936235364826
-6.147684605757196	2.6076996208661347
-6.137672090112641	2.56479624698569
-6.127659574468085	2.5156191517569946
-6.117647058823529	2.4646765904313854
-6.107634543178974	2.4128037983475936
-6.097622027534418	2.3574195230877986
-6.0876095118898625	2.2965168336035444
-6.0775969962453065	2.232519869960672
-6.06758448060075	2.172433082981248
-6.057571964956195	2.124051223488799
-6.04755944931164	2.091038582368956
-6.037546933667084	2.070492955405647
-6.027534418022528	2.0549431815219816
-6.017521902377973	2.037249543284144
-6.007509386733417	2.014216611441501
-5.997496871088861	1.9861647485460696
-5.987484355444305	1.954262459023621
-5.977471839799749	1.9194387100777708
-5.967459324155194	1.8833864056399314
-5.957446808510639	1.8484894414421027
-5.947434292866083	1.8151874581587302
-5.937421777221527	1.7798989563143974
-5.927409261576971	1.7372370157301587
-5.9173967459324155	1.685796650661125
-5.90738423028786	1.6325864578787794
-5.897371714643304	1.5912997383621668
-5.887359198998748	1.573966561049361
-5.877346683354192	1.581442442071804
-5.867334167709637	1.6008812033864495
-5.857321652065082	1.6137579523399013
-5.847309136420526	1.608846972682605
-5.83729662077597	1.5895614773357298
-5.827284105131414	1.569648562173562
-5.817271589486858	1.5613224672006205
-5.807259073842303	1.566153419557045
-5.797246558197747	1.5757810335160694
-5.787234042553191	1.580196377952347
-5.777221526908636	1.575247026559899
-5.767209011264081	1.5636249938244235
-5.7571964956195245	1.5507058115411598
-5.747183979974968	1.540355371969377
-5.737171464330412	1.533947076144545
-5.727158948685857	1.5319705041027827
-5.717146433041302	1.5354878311604814
-5.707133917396746	1.5454295136947087
-5.69712140175219	1.5604097217597084
-5.687108886107635	1.5759113783952412
-5.677096370463079	1.5868079181216286
-5.667083854818523	1.5915708776163502
-5.657071339173967	1.593929269185532
-5.647058823529411	1.5996583903559563
-5.637046307884856	1.6112099892447145
-5.627033792240301	1.6255025951564286
-5.617021276595745	1.6370099890602783
-5.607008760951189	1.6426664463135243
-5.596996245306633	1.6434710991149644
-5.5869837296620775	1.6418619336096854
-5.576971214017522	1.6388222713088194
-5.566958698372966	1.6342733568893186
-5.55694618272841	1.6294149284131754
-5.546933667083855	1.627048578076254
-5.536921151439299	1.6289637930635488
-5.526908635794744	1.6336359508532268
-5.516896120150188	1.6370616267802314
-5.5068836045056315	1.6355187170254257
-5.496871088861076	1.6270256074435032
-5.486858573216521	1.61051739131488
-5.476846057571965	1.5845055982460687
-5.466833541927409	1.546584355864245
-5.456821026282853	1.4933744423731603
-5.446808510638298	1.420870234526744
-5.4367959949937426	1.3265708128066152
-5.4267834793491865	1.2134930886630761
-5.41677096370463	1.092727771663264
-5.406758448060075	0.9805961437362236
-5.396745932415519	0.8909293386143619
-5.386733416770964	0.8280851686407352
-5.376720901126408	0.7860493854776646
-5.366708385481852	0.753400155215909
-5.356695869837297	0.7193071004459095
-5.346683354192741	0.676744619766146
-5.336670838548185	0.6231254597737076
-5.326658322903629	0.5599979712862322
-5.316645807259073	0.4917888658184179
-5.306633291614518	0.4231535229214554
-5.296620775969963	0.3565984709078658
-5.286608260325407	0.2927406141228065
-5.276595744680851	0.23280010752561406
-5.2665832290362955	0.18026227173574694
-5.256570713391739	0.13966690126488804
-5.246558197747184	0.1136409216967862
-5.236545682102628	0.10082738806388757
-5.226533166458072	0.09629088985157871
-5.216520650813517	0.0939866688660781
-5.206508135168962	0.08952979505200254
-5.196495619524406	0.08144203686726752
-5.18648310387985	0.07038887341398038
-5.1764705882352935	0.057630205605983476
-5.166458072590738	0.04423035189166215
-5.156445556946183	0.031237535766577413
-5.146433041301627	0.01988119033012346
-5.136420525657071	0.01119878107934955
-5.126408010012516	0.005509403279006136
-5.11639549436796	0.002346413128624189
-5.1063829787234045	0.000860270190308217
-5.0963704630788484	0.0002705708317147209
-5.086357947434292	7.284515643693357e-05
-5.076345431789737	1.6764862482071735e-05
-5.066332916145182	3.295304680037171e-06
-5.056320400500626	5.52881943848619e-07
-5.04630788485607	7.914706762485925e-08
-5.036295369211514	9.664453022424865e-09
-5.026282853566959	1.0063908012021851e-09
-5.016270337922403	8.935761069000538e-11
-5.006257822277847	6.764185379529736e-12
-4.996245306633291	4.364884785548651e-13
-4.986232790988735	2.4008531622762278e-14
-4.97622027534418	1.1255433437421648e-15
-4.966207759699625	4.497132997359456e-17
-4.956195244055069	1.5313098255063972e-18
-4.946182728410513	4.4434917738530254e-20
-4.9361702127659575	1.0987591038514262e-21
-4.926157697121402	2.3151678166823123e-23
-4.916145181476846	4.1567258219904185e-25
-4.90613266583229	6.359132723148588e-27
-4.896120150187734	8.289190866681565e-29
-4.886107634543179	9.206308174826124e-31
-4.876095118898624	8.711851263974935e-33
-4.866082603254068	7.0239330530313e-35
-4.8560700876095115	4.824912567088972e-37
-4.8460575719649555	2.8237914279668863e-39
-4.8360450563204	1.4080088647709782e-41
-4.826032540675845	5.981413438159937e-44
-4.816020025031289	2.164833143626805e-46
-4.806007509386733	6.675197516376774e-49
-4.795994993742178	1.7535580926089094e-51
-4.785982478097623	3.924552085141348e-54
-4.7759699624530665	7.482931245698437e-57
-4.76595744680851	1.2155229707807785e-59
-4.755944931163954	1.6821416987916686e-62
-4.745932415519399	1.9832084888767605e-65
-4.735919899874844	1.9919530644046546e-68
-4.725907384230288	1.704485959694318e-71
-4.715894868585732	1.2425392793070093e-74
-4.705882352941176	7.716636812557967e-78
-4.6958698372966206	4.0826878125794465e-81
-4.685857321652065	1.8401934156046333e-84
-4.675844806007509	7.066087783094099e-88
-4.665832290362953	2.3114896744177252e-91
-4.655819774718398	6.441713718238211e-95
-4.645807259073843	1.529349027469344e-98
-4.635794743429287	3.0931911446874282e-102
-4.625782227784731	5.329679753228224e-106
-4.615769712140175	7.823281456357757e-110
-4.605757196495619	9.78294418896019e-114
-4.595744680851064	1.0421789292486401e-117
-4.585732165206508	9.458463762755579e-122
-4.575719649561952	3.997188872460975e-122
-4.565707133917396	4.4034309597777505e-118
-4.555694618272841	4.132815417015208e-114
-4.545682102628286	3.303997158402022e-110
-4.53566958698373	2.249946338132477e-106
-4.5256570713391735	1.3050991117130257e-102
-4.515644555694618	6.448425204495703e-99
-4.505632040050063	2.7139552250377948e-95
-4.495619524405507	9.729500142769655e-92
-4.485607008760951	2.9710996488690584e-88
-4.475594493116395	7.728278179059022e-85
-4.46558197747184	1.7123286099342655e-81
-4.4555694618272845	3.231694646264266e-78
-4.4455569461827285	5.195320726931036e-75
-4.435544430538172	7.114317560504929e-72
-4.425531914893616	8.298373329241986e-69
-4.415519399249061	8.24501652074775e-66
-4.405506883604506	6.977967303224651e-63
-4.39549436795995	5.030430682090876e-60
-4.385481852315394	3.089016631248575e-57
-4.375469336670839	1.6157499941011988e-54
-4.365456821026283	7.198912887801264e-52
-4.355444305381727	2.7321120857947978e-49
-4.345431789737171	8.832201028739264e-47
-4.335419274092615	2.4320820209137825e-44
-4.32540675844806	5.7046148469226987e-42
-4.315394242803505	1.1397596485774114e-39
-4.305381727158949	1.939720098221374e-37
-4.295369211514393	2.811924740661287e-35
-4.285356695869837	3.4722193973321683e-33
-4.275344180225281	3.652157209735847e-31
-4.265331664580726	3.272130436156496e-29
-4.25531914893617	2.4971842674435088e-27
-4.245306633291614	1.6233397074288252e-25
-4.235294117647059	8.988910835028181e-24
-4.225281602002504	4.239782448081636e-22
-4.215269086357948	1.7034089030692885e-20
-4.2052565707133915	5.829523996556431e-19
-4.1952440550688355	1.699362850887905e-17
-4.18523153942428	4.21966521554805e-16
-4.175219023779725	8.925010459999132e-15
-4.165206508135169	1.607971547300437e-13
-4.155193992490613	2.4676691269564934e-12
-4.145181476846057	3.225778557921286e-11
-4.135168961201502	3.5918770862693303e-10
-4.1251564455569465	3.4068120449022956e-09
-4.11514392991239	2.7524264254425867e-08
-4.105131414267834	1.894202020972071e-07
-4.095118898623279	1.1104129279763412e-06
-4.085106382978723	5.544980467090545e-06
-4.075093867334168	2.3588107269350502e-05
-4.065081351689612	8.548821082829371e-05
-4.055068836045056	0.000264014935758655
-4.045056320400501	0.0006950985417221383
-4.035043804755945	0.0015615263064971414
-4.025031289111389	0.0029987922590800444
-4.015018773466833	0.004941976567266881
-4.005006257822277	0.007042967649780994
-3.994993742177722	0.008809227169475575
-3.9849812265331668	0.009925571132038397
-3.9749687108886107	0.010473725146779252
-3.9649561952440546	0.0108161048973654
-3.9549436795994994	0.011297354765936704
-3.9449311639549434	0.012150716445560275
-3.934918648310388	0.013697771463972198
-3.924906132665832	0.016470411319367207
-3.914893617021277	0.020938916997193
-3.904881101376721	0.027089540283548565
-3.8948685857321648	0.03441110889749248
-3.8848560700876096	0.042457751649097826
-3.8748435544430535	0.05152095778648704
-3.8648310387984983	0.06284962101698441
-3.8548185231539422	0.07836118152873459
-3.844806007509387	0.10017640823725167
-3.834793491864831	0.1301306504068175
-3.824780976220275	0.1691508951210196
-3.8147684605757197	0.2166674906778261
-3.8047559449311636	0.2706532020464443
-3.7947434292866085	0.3285510420239214
-3.7847309136420524	0.3884959124326065
-3.774718397997497	0.4500190275760305
-3.764705882352941	0.5139751202650881
-3.754693366708385	0.5817647212330015
-3.74468085106383	0.654001214098511
-3.734668335419274	0.7293784532083999
-3.7246558197747186	0.8049744320898683
-3.7146433041301625	0.8782227993572992
-3.7046307884856065	0.9491773475617749
-3.6946182728410513	1.0215576165870155
-3.684605757196495	1.1020918316324178
-3.67459324155194	1.1981655807733846
-3.664580725907384	1.3141208539375393
-3.6545682102628287	1.4478209232395614
-3.6445556946182727	1.5899079939717964
-3.6345431789737166	1.7268164009650773
-3.6245306633291614	1.846286555094266
-3.6145181476846053	1.9427670801876704
-3.60450563204005	2.0197839791874475
-3.594493116395494	2.0873634441463373
-3.584480600750939	2.1556001857433817
-3.574468085106383	2.2284447150820603
-3.5644555694618267	2.3015379452904683
-3.5544430538172715	2.364936107719267
-3.5444305381727155	2.4089196332494724
-3.5344180225281603	2.4298643157263045
-3.524405506883604	2.4329697565012744
-3.514392991239049	2.4300438698534075
-3.504380475594493	2.433442622667572
-3.494367959949937	2.449519128432133
-3.4843554443053817	2.475084685970795
-3.4743429286608256	2.4990313805540407
-3.4643304130162704	2.5087042814775717
-3.4543178973717144	2.4970817550464144
-3.444305381727159	2.4654723001207524
-3.434292866082603	2.420324652035541
-3.424280350438047	2.3683461548106037
-3.414267834793492	2.3144076011541106
-3.4042553191489358	2.2616633691010155
-3.3942428035043806	2.210596538533888
-3.3842302878598245	2.15716362390716
-3.3742177722152693	2.093941964174534
-3.3642052565707132	2.0154893126510522
-3.354192740926157	1.9231217159400593
-3.344180225281602	1.8237831414579164
-3.334167709637046	1.7240255167598204
-3.3241551939924907	1.6252426473247403
-3.3141426783479346	1.5242403990238251
-3.3041301627033794	1.4174713677736013
-3.2941176470588234	1.3045566465762677
-3.2841051314142673	1.1887089143569063
-3.274092615769712	1.0749579704422114
-3.264080100125156	0.9682639226041431
-3.254067584480601	0.8724209889574402
-3.2440550688360448	0.7892681268305118
-3.2340425531914896	0.7178684592418346
-3.2240300375469335	0.6544042175352257
-3.2140175219023774	0.5936917302430637
-3.2040050062578223	0.5318510106973575
-3.193992490613266	0.4682543728062887
-3.183979974968711	0.40519705768672426
-3.173967459324155	0.34566704365864603
-3.1639549436795997	0.2912319098537372
-3.1539424280350437	0.24180626460396126
-3.1439299123904876	0.19718994164370376
-3.1339173967459324	0.15854701859687423
-3.1239048811013763	0.12810123668811113
-3.113892365456821	0.10720768120963158
-3.103879849812265	0.0946576743358619
-3.09386733416771	0.08679871848019849
-3.083854818523154	0.07931735515258173
-3.0738423028785977	0.06927608164754988
-3.0638297872340425	0.05613678826622831
-3.0538172715894865	0.04142428487425895
-3.0438047559449313	0.027503949167660167
-3.033792240300375	0.016290972337962385
-3.02377972465582	0.008549569995880274
-3.013767209011264	0.0039522988186141824
-3.003754693366708	0.0016011493611856622
-2.9937421777221527	0.0005658790226110153
-2.9837296620775966	0.00017378370558011238
-2.9737171464330414	4.621809631698934e-05
-2.9637046307884853	1.0614022208709047e-05
-2.95369211514393	2.0997239996851793e-06
-2.943679599499374	3.570962591408465e-07
-2.933667083854818	5.212281495459309e-08
-2.923654568210263	6.520736562142337e-09
-2.9136420525657067	6.984014895014519e-10
-2.9036295369211516	6.398158364886486e-11
-2.8936170212765955	5.009797464660809e-12
-2.8836045056320403	3.3506883636658514e-13
-2.873591989987484	1.9132794607310407e-14
-2.863579474342928	9.323408612933054e-16
-2.853566958698373	3.8759374906185156e-17
-2.843554443053817	1.3742469993490659e-18
-2.8335419274092617	4.1547097754285676e-20
-2.8235294117647056	1.0708385837193882e-21
-2.8135168961201504	2.3526038061435025e-23
-2.8035043804755944	4.405152418765845e-25
-2.7934918648310383	7.029364283577937e-27
-2.783479349186483	9.558234760932685e-29
-2.773466833541927	1.1074291696047845e-30
-2.763454317897372	1.0932167811463545e-32
-2.7534418022528158	9.194508520168041e-35
-2.7434292866082606	6.588500527017184e-37
-2.7334167709637045	9.928039394643523e-39
-2.7234042553191484	9.553915961492644e-37
-2.7133917396745932	1.3163196126887738e-34
-2.703379224030037	1.5448619103552363e-32
-2.693366708385482	1.544389606782e-30
-2.683354192740926	1.3151127790735971e-28
-2.6733416770963707	9.539115309344537e-27
-2.6633291614518146	5.893757371396178e-25
-2.6533166458072586	3.101812852721712e-23
-2.6433041301627034	1.3905234571283522e-21
-2.6332916145181473	5.309831869286755e-20
-2.623279098873592	1.7271238167000234e-18
-2.613266583229036	4.785279172868891e-17
-2.603254067584481	1.1293629880566934e-15
-2.593241551939925	2.2704109179306316e-14
-2.5832290362953687	3.887975479128049e-13
-2.5732165206508135	5.6714785107912774e-12
-2.5632040050062574	7.047445619492434e-11
-2.5531914893617023	7.460091672166141e-10
-2.543178973717146	6.7275432697919786e-09
-2.533166458072591	5.168986551428642e-08
-2.523153942428035	3.384149174954699e-07
-2.513141426783479	1.888349917929568e-06
-2.5031289111389237	8.983671882474223e-06
-2.4931163954943676	3.645877924247456e-05
-2.4831038798498124	0.00012633000183927392
-2.4730913642052563	0.0003742562833577336
-2.463078848560701	0.000950043280380743
-2.453066332916145	0.002073660511788369
-2.443053817271589	0.003913312999998724
-2.433041301627034	0.006441730080955202
-2.4230287859824777	0.009384504312737334
-2.4130162703379225	0.01239877735722947
-2.4030037546933665	0.01547194750149228
-2.3929912390488113	0.01934441440229271
-2.382978723404255	0.025681250594684905
-2.372966207759699	0.03675455622180724
-2.362953692115144	0.05457098512152946
-2.352941176470588	0.07977235085380904
-2.3429286608260327	0.11103569345702861
-2.3329161451814766	0.1455599052832295
-2.3229036295369214	0.1804515208616877
-2.3128911138923653	0.2141452834090529
-2.3028785982478093	0.24710796429503898
-2.292866082603254	0.28175047268152337
-2.282853566958698	0.32192808129536443
-2.272841051314143	0.37218852559071963
-2.2628285356695867	0.43640350112776244
-2.2528160200250316	0.5156429016427596
-2.2428035043804755	0.6064925267771727
-2.2327909887359194	0.7017519564880526
-2.2227784730913642	0.7937247489561794
-2.212765957446808	0.877768430868597
-2.202753441802253	0.9538092551931098
-2.192740926157697	1.0256920824517894
-2.1827284105131417	1.099035789114584
-2.1727158948685856	1.1777250320712978
-2.1627033792240296	1.260489284895826
-2.1526908635794744	1.3411573662784353
-2.1426783479349183	1.4140370215277867
-2.132665832290363	1.4798673985965405
-2.122653316645807	1.545819809005619
-2.112640801001252	1.619096608936539
-2.1026282853566958	1.7008368808762826
-2.0926157697121397	1.7864443156902323
-2.0826032540675845	1.8712225669267086
-2.0725907384230284	1.955128401610009
-2.0625782227784732	2.0423193331083054
-2.052565707133917	2.1362302652692806
-2.042553191489362	2.2338696272726324
-2.032540675844806	2.323463967525489
-2.02252816020025	2.3886463749736015
-2.0125156445556946	2.4184658081279227
-2.0025031289111386	2.4162187622154008
-1.9924906132665834	2.398589235569214
-1.9824780976220273	2.384392136164594
-1.9724655819774712	2.382104423993794
-1.962453066332916	2.386453816462566
-1.95244055068836	2.386019082603537
-1.9424280350438048	2.374816833144675
-1.9324155193992487	2.358495313433646
-1.9224030037546935	2.3508438131797553
-1.9123904881101375	2.364328146917574
-1.9023779724655814	2.4024781098761543
-1.8923654568210262	2.4589886170132567
-1.8823529411764701	2.5222462502843426
-1.872340425531915	2.5807163149522467
-1.8623279098873589	2.625936353660697
-1.8523153942428037	2.6531048596971227
-1.8423028785982476	2.6610411577932536
-1.8322903629536915	2.6523591946829757
-1.8222778473091363	2.632915903211767
-1.8122653316645803	2.60971405782458
-1.802252816020025	2.588378245346783
-1.792240300375469	2.5722796798590486
-1.7822277847309138	2.563803713113834
-1.7722152690863577	2.5659239474402367
-1.7622027534418017	2.581893323695078
-1.7521902377972465	2.612820791480545
-1.7421777221526904	2.655066956164608
-1.7321652065081352	2.6997700647377747
-1.7221526908635791	2.735298366908871
-1.712140175219024	2.751484765464222
-1.7021276595744679	2.7436616808477625
-1.6921151439299118	2.7149677504483605
-1.6821026282853566	2.6760643162230853
-1.6720901126408005	2.641635010581916
-1.6620775969962454	2.6238857448267265
-1.6520650813516893	2.6257919932322102
-1.642052565707134	2.6390752487240436
-1.632040050062578	2.6497729660635807
-1.622027534418022	2.647784726440371
-1.6120150187734668	2.632555675962635
-1.6020025031289107	2.610856698051522
-1.5919899874843555	2.590602846981203
-1.5819774718397994	2.5772271422202246
-1.5719649561952442	2.5738983720168234
-1.5619524405506882	2.5818780080065578
-1.551939924906132	2.599011672277946
-1.541927409261577	2.6188349157971658
-1.5319148936170208	2.6330920582315835
-1.5219023779724656	2.636591181868808
-1.5118898623279096	2.630302708478799
-1.5018773466833544	2.619670523290533
-1.4918648310387983	2.609333481854041
-1.4818523153942422	2.598944434223241
-1.471839799749687	2.5837616341144196
-1.461827284105131	2.5590120160387024
-1.4518147684605758	2.5238304748031704
-1.4418022528160197	2.4819879495583113
-1.4317897371714645	2.4401526427616034
-1.4217772215269084	2.405869541331042
-1.4117647058823524	2.386044735430338
-1.4017521902377972	2.385199990529839
-1.391739674593241	2.403248769222761
-1.381727158948686	2.434115155593631
-1.3717146433041298	2.466979714077544
-1.3617021276595747	2.4905611949673268
-1.3516896120150186	2.498631583519477
-1.3416770963704625	2.49361893594796
-1.3316645807259073	2.4859819463344026
-1.3216520650813512	2.4894677366347238
-1.311639549436796	2.514346530679905
-1.30162703379224	2.5615023974635847
-1.2916145181476848	2.620512531859658
-1.2816020025031287	2.673856710129591
-1.2715894868585726	2.7059440433484823
-1.2615769712140175	2.711712339309787
-1.2515644555694614	2.6990182793684703
-1.2415519399249062	2.682742781000365
-1.2315394242803501	2.6739441431772235
-1.221526908635795	2.671485845174266
-1.2115143929912389	2.6632785591875914
-1.2015018773466828	2.6375537117340246
-1.1914893617021276	2.595208614533306
-1.1814768460575715	2.5517607990551743
-1.1714643304130163	2.5264321156960077
-1.1614518147684603	2.5278641899297494
-1.151439299123905	2.548111412296594
-1.141426783479349	2.5676361474258305
-1.131414267834793	2.5652077819362877
-1.1214017521902377	2.5261904984046097
-1.1113892365456817	2.447128716249655
-1.1013767209011265	2.336562339705508
-1.0913642052565704	2.2113041002459495
-1.0813516896120152	2.088571997880938
-1.0713391739674591	1.9780187063572594
-1.061326658322903	1.8790765173499642
-1.0513141426783479	1.7853329411594525
-1.0413016270337918	1.6922476557043096
-1.0312891113892366	1.6023307104931157
-1.0212765957446805	1.5241440014056447
-1.0112640801001254	1.466141503344213
-1.0012515644555693	1.4301793340449187
-0.9912390488110132	1.4094791242048998
-0.981226533166458	1.391968906143702
-0.971214017521902	1.3661123405979638
-0.9612015018773468	1.3257594066334881
-0.9511889862327907	1.2722414437369292
-0.9411764705882355	1.2134069599453783
-0.9311639549436794	1.1601695268130836
-0.9211514392991234	1.1221299914043819
-0.9111389236545682	1.1044096854838596
-0.9011264080100121	1.107133020256702
-0.8911138923654569	1.1275278116776688
-0.8811013767209008	1.1633004098977238
-0.8710888610763456	1.215146667066265
-0.8610763454317896	1.2865390153274536
-0.8510638297872335	1.3806966240612042
-0.8410513141426783	1.4967258332832538
-0.8310387984981222	1.6276245958001265
-0.821026282853567	1.7619471402534843
-0.811013767209011	1.8888657412663408
-0.8010012515644558	2.003652273411542
-0.7909887359198997	2.1094191644194087
-0.7809762202753436	2.2136291857696673
-0.7709637046307884	2.322328956743961
-0.7609511889862324	2.4363668821758
-0.7509386733416772	2.551178574685032
-0.7409261576971211	2.658947017732052
-0.7309136420525659	2.751524668751414
-0.7209011264080099	2.823161588192791
-0.7108886107634538	2.872200202180887
-0.7008760951188986	2.9007081852001813
-0.6908635794743425	2.911778560821647
-0.6808510638297873	2.9063676954934134
-0.6708385481852313	2.882876608387741
-0.6608260325406761	2.8401962800976324
-0.65081351689612	2.780557315250329
-0.6408010012515639	2.7085773218108815
-0.6307884856070087	2.6281846315000377
-0.6207759699624527	2.5419442865002524
-0.6107634543178975	2.453297750589393
-0.6007509386733414	2.367487661251529
-0.5907384230287862	2.2885241211717577
-0.5807259073842301	2.2150382350736804
-0.5707133917396741	2.1397570850629415
-0.5607008760951189	2.05355369050802
-0.5506883604505628	1.9506479180353382
-0.5406758448060076	1.8313354075262804
-0.5306633291614515	1.701549553927317
-0.5206508135168963	1.5707224679287228
-0.5106382978723403	1.4494935399981335
-0.5006257822277842	1.347952137942587
-0.490613266583229	1.2741214229474653
-0.48060075093867294	1.2320782992825514
-0.47058823529411775	1.2204313256517296
-0.4605757196495617	1.2335104519103215
-0.4505632040050065	1.2662349759321623
-0.4405506883604504	1.3191686091978718
-0.43053817271589434	1.3980429638428018
-0.42052565707133915	1.5063505450475503
-0.4105131414267831	1.637040864644805
-0.4005006257822279	1.7716849281858766
-0.3904881101376718	1.8894216331656073
-0.38047559449311663	1.9792303152080042
-0.37046307884856056	2.0458852048457934
-0.3604505632040045	2.105047018243647
-0.3504380475594493	2.171818093901582
-0.3404255319148932	2.252171587722113
-0.33041301627033803	2.3433461812790113
-0.32040050062578196	2.4406650116744517
-0.3103879849812259	2.543111706747943
-0.3003754693366707	2.6531240389594943
-0.2903629536921146	2.7724518953147372
-0.28035043804755944	2.898326894071681
-0.27033792240300336	3.0223736204370266
-0.2603254067584482	3.132773718055793
-0.2503128911138921	3.219072076654039
-0.24030037546933602	3.2770965420718197
-0.23028785982478084	3.3100861160692743
-0.22027534418022476	3.3243958122440347
-0.21026282853566958	3.3230177866565587
-0.2002503128911135	3.3025507762791833
-0.19023779724655832	3.2565988863928546
-0.18022528160200224	3.183433326521878
-0.17021276595744617	3.091958020545249
-0.16020025031289098	3.000113371994123
-0.1501877346683349	2.9249623664124864
-0.14017521902377972	2.8712596556637386
-0.13016270337922364	2.8282134691849556
-0.12015018773466846	2.777868922544297
-0.11013767209011238	2.708358894306646
-0.10012515644555631	2.6214656799117795
-0.09011264080100112	2.529818981166283
-0.08010012515644505	2.447803956150567
-0.07008760951188986	2.3836484766832062
-0.060075093867333784	2.3370505247779425
-0.0500625782227786	2.301931928109619
-0.04005006257822252	2.271487491920183
-0.030037546933666448	2.2426738040143173
-0.02002503128911126	2.218214765739339
-0.010012515644555187	2.2055189671334197
0.0	2.2132616358045203
