-8.0	9.32124456633792
-7.989987484355444	9.46574215401009
-7.979974968710889	9.599268056217078
-7.969962453066333	9.710339706196901
-7.9599499374217775	9.791057392714297
-7.949937421777221	9.839379573329088
-7.939924906132666	9.85754681238699
-7.92991239048811	9.85271938717571
-7.919899874843554	9.840952851325373
-7.909887359198999	9.846158550756332
-7.899874843554443	9.88807417198204
-7.889862327909888	9.967110303256009
-7.8798498122653315	10.060786272186734
-7.869837296620776	10.136751500683506
-7.85982478097622	10.172478920045977
-7.849812265331664	10.16698144991435
-7.839799749687109	10.137883438517077
-7.829787234042553	10.108924724430803
-7.819774718397998	10.098136510287151
-7.809762202753442	10.112569547571244
-7.7997496871088865	10.148432268701153
-7.78973717146433	10.193792689694398
-7.779724655819774	10.233175905477257
-7.769712140175219	10.252837537819236
-7.759699624530663	10.243024491246159
-7.749687108886108	10.195772029897805
-7.739674593241552	10.102760693191115
-7.729662077596997	9.958531116042273
-7.719649561952441	9.76754768339153
-7.7096370463078845	9.547812512445626
-7.699624530663329	9.326031451580459
-7.689612015018773	9.12667054981375
-7.679599499374218	8.9620282910989
-7.669586983729662	8.828999350990806
-7.659574468085107	8.713028189909993
-7.649561952440551	8.596109945436524
-7.639549436795995	8.465710347049075
-7.629536921151439	8.32223329783142
-7.619524405506883	8.181495094470026
-7.609511889862328	8.06806731170772
-7.599499374217772	7.999807006160955
-7.589486858573217	7.972357796157053
-7.579474342928661	7.956599660662806
-7.569461827284105	7.914518405782143
-7.55944931163955	7.823578228454953
-7.5494367959949935	7.691059975668833
-7.539424280350438	7.548183943158025
-7.529411764705882	7.431046334112103
-7.519399249061326	7.3633192674089765
-7.509386733416771	7.348752572796284
-7.499374217772215	7.37187228436942
-7.48936170212766	7.403508964138316
-7.479349186483104	7.4102038110317965
-7.4693366708385485	7.365661319726326
-7.459324155193992	7.25976053242907
-7.449311639549437	7.101666234037211
-7.439299123904881	6.9170047854279915
-7.429286608260325	6.739898072095895
-7.41927409261577	6.600369117209462
-7.409261576971214	6.511428789121856
-7.399249061326659	6.46477126507702
-7.3892365456821025	6.439934281556442
-7.3792240300375465	6.419931459467075
-7.369211514392991	6.400560984827517
-7.359198998748435	6.388146449080685
-7.34918648310388	6.39113457372007
-7.339173967459324	6.4125167586345695
-7.329161451814769	6.445343659755205
-7.319148936170213	6.472466970020213
-7.3091364205256575	6.472907063651021
-7.299123904881101	6.43293193315903
-7.289111389236545	6.353250419202388
-7.27909887359199	6.24607610831363
-7.269086357947434	6.126209311489958
-7.259073842302879	6.004929714630038
-7.249061326658323	5.889523773325153
-7.239048811013767	5.784845939185142
-7.2290362953692116	5.694010809807744
-7.2190237797246555	5.618517920732203
-7.2090112640801	5.557996491912223
-7.198998748435544	5.508692024399349
-7.188986232790989	5.461949141299965
-7.178973717146433	5.406494402688219
-7.168961201501878	5.33558032044221
-7.158948685857322	5.253471922711437
-7.148936170212766	5.173824537566307
-7.13892365456821	5.109427514904223
-7.128911138923654	5.06182628220846
-7.118898623279099	5.020366181311528
-7.108886107634543	4.971653935472745
-7.098873591989987	4.91075685247992
-7.088861076345432	4.843996044226364
-7.078848560700876	4.781262316657263
-7.068836045056321	4.725573387477761
-7.0588235294117645	4.669510501772765
-7.048811013767209	4.600838104984184
-7.038798498122653	4.51128399479242
-7.028785982478098	4.401119486101108
-7.018773466833542	4.277204686581995
-7.008760951188986	4.147595482018997
-6.998748435544431	4.017639539270461
-6.988735919899875	3.890395964823257
-6.9787234042553195	3.7700954205679365
-6.968710888610763	3.6645156364048623
-6.958698372966207	3.5831743904446665
-6.948685857321652	3.5321925130001786
-6.938673341677096	3.5098333619350712
-6.928660826032541	3.5064170401812285
-6.918648310387985	3.509009925169093
-6.908635794743429	3.507691087437849
-6.8986232790988735	3.4992315562853293
-6.888610763454318	3.4864625475919824
-6.878598247809762	3.4748180602168035
-6.868585732165206	3.4684280761385518
-6.858573216520651	3.4672103620585806
-6.848560700876095	3.4661110850841723
-6.83854818523154	3.4577437564529605
-6.828535669586984	3.437937914914048
-6.818523153942428	3.410571179522428
-6.808510638297872	3.3872582373819453
-6.798498122653316	3.3812101826718797
-6.788485607008761	3.3996394642577084
-6.778473091364205	3.4399435822704416
-6.768460575719649	3.4910723380826973
-6.758448060075094	3.5383138494916238
-6.748435544430539	3.5699629475031007
-6.7384230287859825	3.584109262501587
-6.7284105131414265	3.591122836437242
-6.718397997496871	3.607966313201432
-6.708385481852315	3.6475930715610816
-6.69837296620776	3.71232143004893
-6.688360450563204	3.7953431757387857
-6.678347934918648	3.88506020430994
-6.668335419274093	3.966139999714429
-6.658322903629537	4.0198013846947545
-6.648310387984981	4.0300222195772335
-6.638297872340425	3.9944298801757694
-6.628285356695869	3.9293849108300303
-6.618272841051314	3.8620921868776996
-6.608260325406759	3.8152757414390948
-6.598247809762203	3.7965132493742986
-6.588235294117647	3.798319099133617
-6.578222778473092	3.805584054141458
-6.5682102628285355	3.8039322999838414
-6.55819774718398	3.7852041337962454
-6.548185231539424	3.7489540582471506
-6.538172715894868	3.7002049462064774
-6.528160200250313	3.6453589922689704
-6.518147684605757	3.5892350993941844
-6.508135168961202	3.5345925291798515
-6.498122653316646	3.482733563788488
-6.4881101376720896	3.4334770070764598
-6.478097622027534	3.3850589489052347
-6.468085106382979	3.335641820654263
-6.458072590738423	3.2859180603217215
-6.448060075093867	3.239460413443592
-6.438047559449312	3.1986953707219103
-6.428035043804756	3.1598373277291887
-6.418022528160201	3.1132245506370237
-6.4080100125156445	3.0506923904562577
-6.397997496871088	2.9734266854325093
-6.387984981226533	2.892331627980978
-6.377972465581977	2.820542616303756
-6.367959949937422	2.765350636904775
-6.357947434292866	2.7260528958930266
-6.34793491864831	2.6973021962038803
-6.337922403003755	2.673095449142349
-6.3279098873591995	2.6485526799571275
-6.317897371714643	2.620588266543157
-6.307884856070087	2.5889000847090466
-6.297872340425532	2.5562661243524056
-6.287859824780976	2.526781548810726
-6.277847309136421	2.5032836053113496
-6.267834793491865	2.486516051579792
-6.257822277847309	2.4762015378561646
-6.2478097622027535	2.4716216489706535
-6.2377972465581975	2.4704687179108604
-6.227784730913642	2.467951914401732
-6.217772215269086	2.4587069727030504
-6.20775969962453	2.440738431348043
-6.197747183979975	2.4172520750248867
-6.18773466833542	2.39351443950806
-6.177722152690864	2.3715068424514594
-6.167709637046308	2.348485809830177
-6.157697121401752	2.321422828460341
-6.147684605757196	2.2923163075989286
-6.137672090112641	2.2685486989954433
-6.127659574468085	2.258185784612042
-6.117647058823529	2.264582717233992
-6.107634543178974	2.2840346807028737
-6.097622027534418	2.307578933777602
-6.0876095118898625	2.3258677705103374
-6.0775969962453065	2.3341093479053825
-6.06758448060075	2.333577366475994
-6.057571964956195	2.328561003015417
-6.04755944931164	2.3211532352195183
-6.037546933667084	2.3080256085201345
-6.027534418022528	2.2822196290621664
-6.017521902377973	2.239394134084607
-6.007509386733417	2.1838366995048837
-5.997496871088861	2.1285886506564946
-5.987484355444305	2.0880973391786255
-5.977471839799749	2.0678417041678228
-5.967459324155194	2.058505165473103
-5.957446808510639	2.040015010455012
-5.947434292866083	1.9938395850949402
-5.937421777221527	1.9147858115012961
-5.927409261576971	1.813158535638317
-5.9173967459324155	1.7064584998320185
-5.90738423028786	1.6086103441122255
-5.897371714643304	1.524695543876575
-5.887359198998748	1.4520433125112837
-5.877346683354192	1.3837170521142876
-5.867334167709637	1.3117738808659802
-5.857321652065082	1.2304257012801403
-5.847309136420526	1.1389808357142686
-5.83729662077597	1.0427793193656958
-5.827284105131414	0.9507706921185528
-5.817271589486858	0.8708922563722902
-5.807259073842303	0.8061014953040669
-5.797246558197747	0.753233009456422
-5.787234042553191	0.7048962172079213
-5.777221526908636	0.6531286178228782
-5.767209011264081	0.5930852697849638
-5.7571964956195245	0.5252910645727344
-5.747183979974968	0.455441713525571
-5.737171464330412	0.3915748502372641
-5.727158948685857	0.33988463328349633
-5.717146433041302	0.30161193192913843
-5.707133917396746	0.2729055724121073
-5.69712140175219	0.2475218015209556
-5.687108886107635	0.2204677065186227
-5.677096370463079	0.19038387344074567
-5.667083854818523	0.1594546735049394
-5.657071339173967	0.13126231318764328
-5.647058823529411	0.10831011990265851
-5.637046307884856	0.09089294555076345
-5.627033792240301	0.07762767281192724
-5.617021276595745	0.06667485463993818
-5.607008760951189	0.056608690292468906
-5.596996245306633	0.04666405528401576
-5.5869837296620775	0.0366717508894744
-5.576971214017522	0.02696599043354975
-5.566958698372966	0.018252636776528806
-5.55694618272841	0.01133238763360383
-5.546933667083855	0.006752238513086642
-5.536921151439299	0.004591936201296398
-5.526908635794744	0.0044635555331439545
-5.516896120150188	0.005619883831947592
-5.5068836045056315	0.007101968099715503
-5.496871088861076	0.007987018746707675
-5.486858573216521	0.007730828394233693
-5.476846057571965	0.00638913660292924
-5.466833541927409	0.0045002349734843804
-5.456821026282853	0.00270036105154307
-5.446808510638298	0.001380256992527445
-5.4367959949937426	0.0006009520693853881
-5.4267834793491865	0.00022287390795669096
-5.41677096370463	7.04072880784907e-05
-5.406758448060075	1.8945884271761076e-05
-5.396745932415519	4.342611627753879e-06
-5.386733416770964	8.47863505597594e-07
-5.376720901126408	1.4100669493283817e-07
-5.366708385481852	1.997525642011448e-08
-5.356695869837297	2.410370656379525e-09
-5.346683354192741	2.477502715142543e-10
-5.336670838548185	2.1691185351527155e-11
-5.326658322903629	1.6176749878232184e-12
-5.316645807259073	1.0276331239854307e-13
-5.306633291614518	5.560626913762055e-15
-5.296620775969963	2.5629979513428304e-16
-5.286608260325407	1.0062632211456312e-17
-5.276595744680851	3.3652224606582016e-19
-5.2665832290362955	9.586383461520746e-21
-5.256570713391739	2.326133597552226e-22
-5.246558197747184	4.80787701504356e-24
-5.236545682102628	8.464686626848601e-26
-5.226533166458072	1.2694256170842609e-27
-5.216520650813517	1.62159527605523e-29
-5.206508135168962	1.7644791128341967e-31
-5.196495619524406	1.6354204037563443e-33
-5.18648310387985	1.291163203322559e-35
-5.1764705882352935	8.683038134504582e-38
-5.166458072590738	4.973946560358292e-40
-5.156445556946183	2.4269976752539804e-42
-5.146433041301627	1.0087335013929766e-44
-5.136420525657071	3.5712673857696856e-47
-5.126408010012516	1.0769787383217091e-49
-5.11639549436796	2.766500355165026e-52
-5.1063829787234045	6.053313546921907e-55
-5.0963704630788484	1.1282216992536543e-57
-5.086357947434292	1.7911607569062932e-60
-5.076345431789737	2.4222196428037874e-63
-5.066332916145182	2.790174187376031e-66
-5.056320400500626	2.737713202928001e-69
-5.04630788485607	2.2881443716597413e-72
-5.036295369211514	1.628987435126831e-75
-5.026282853566959	9.878497283776616e-79
-5.016270337922403	5.102733345321361e-82
-5.006257822277847	2.2451931155538296e-85
-4.996245306633291	8.414791676192048e-89
-4.986232790988735	2.686407395153787e-92
-4.97622027534418	7.305319569679024e-96
-4.966207759699625	1.6921766273559578e-99
-4.956195244055069	6.698634970776917e-102
-4.946182728410513	3.0530574576304e-98
-4.9361702127659575	1.247470568047713e-94
-4.926157697121402	4.3417839493772605e-91
-4.916145181476846	1.2872096704234016e-87
-4.90613266583229	3.250680443729077e-84
-4.896120150187734	6.9926855010849555e-81
-4.886107634543179	1.2813253451460128e-77
-4.876095118898624	1.9999616597491028e-74
-4.866082603254068	2.6590840887775577e-71
-4.8560700876095115	3.0115643783760676e-68
-4.8460575719649555	2.9053850200888885e-65
-4.8360450563204	2.387639583410116e-62
-4.826032540675845	1.6714361749373108e-59
-4.816020025031289	9.967117629717209e-57
-4.806007509386733	5.0630404558331086e-54
-4.795994993742178	2.1908822689685855e-51
-4.785982478097623	8.076011592389377e-49
-4.7759699624530665	2.5360056489999692e-46
-4.76595744680851	6.78398475071312e-44
-4.755944931163954	1.5459940318854464e-41
-4.745932415519399	3.0014224474101254e-39
-4.735919899874844	4.964233005019269e-37
-4.725907384230288	6.99509729611775e-35
-4.715894868585732	8.397780377795296e-33
-4.705882352941176	8.58971965431035e-31
-4.6958698372966206	7.486072980637809e-29
-4.685857321652065	5.559160473563047e-27
-4.675844806007509	3.5177661470230793e-25
-4.665832290362953	1.8969386146500365e-23
-4.655819774718398	8.71762183880467e-22
-4.645807259073843	3.4145662019930484e-20
-4.635794743429287	1.14000080676888e-18
-4.625782227784731	3.244530603563522e-17
-4.615769712140175	7.872759072647389e-16
-4.605757196495619	1.628878373379529e-14
-4.595744680851064	2.874106429850081e-13
-4.585732165206508	4.325573611817967e-12
-4.575719649561952	5.5538520421472854e-11
-4.565707133917396	6.084810750943459e-10
-4.555694618272841	5.6898933678443595e-09
-4.545682102628286	4.542315740831565e-08
-4.53566958698373	3.0966205928718995e-07
-4.5256570713391735	1.8032931535224542e-06
-4.515644555694618	8.973258149070847e-06
-4.505632040050063	3.816658105535805e-05
-4.495619524405507	0.00013880753468531757
-4.485607008760951	0.00043180515256920044
-4.475594493116395	0.0011493547297022465
-4.46558197747184	0.0026185182392171073
-4.4555694618272845	0.005107874533276256
-4.4455569461827285	0.008534831927758862
-4.435544430538172	0.012225912628695079
-4.425531914893616	0.01504951489822872
-4.415519399249061	0.016043940362421828
-4.405506883604506	0.015206655203184722
-4.39549436795995	0.013863895397503656
-4.385481852315394	0.014314732689194504
-4.375469336670839	0.018936631266770042
-4.365456821026283	0.029182422059623823
-4.355444305381727	0.04490747696918919
-4.345431789737171	0.06444998037049547
-4.335419274092615	0.08563675795488332
-4.32540675844806	0.1071978958322515
-4.315394242803505	0.1295604442012132
-4.305381727158949	0.1544785367072603
-4.295369211514393	0.18403774967063996
-4.285356695869837	0.21992992080840415
-4.275344180225281	0.2632605888789875
-4.265331664580726	0.31462438003983983
-4.25531914893617	0.37431048884536805
-4.245306633291614	0.44256131304173607
-4.235294117647059	0.5194693707143797
-4.225281602002504	0.6041560630780737
-4.215269086357948	0.6937361070002325
-4.2052565707133915	0.7833192823185058
-4.1952440550688355	0.8678329560922863
-4.18523153942428	0.9448331624643254
-4.175219023779725	1.0161113529121544
-4.165206508135169	1.086450108911202
-4.155193992490613	1.1603484664669075
-4.145181476846057	1.2395671865179188
-4.135168961201502	1.3235032776491649
-4.1251564455569465	1.4113256429299386
-4.11514392991239	1.5028403812311795
-4.105131414267834	1.5964968383650164
-4.095118898623279	1.6864718449371774
-4.085106382978723	1.7627653793557478
-4.075093867334168	1.8161913498196003
-4.065081351689612	1.845263336692601
-4.055068836045056	1.8588873777885675
-4.045056320400501	1.87139478165786
-4.035043804755945	1.893291885027449
-4.025031289111389	1.9257144122822023
-4.015018773466833	1.9636387690556356
-4.005006257822277	2.0042807511392455
-3.994993742177722	2.0514683788143904
-3.9849812265331668	2.1110813364754466
-3.9749687108886107	2.182816535895863
-3.9649561952440546	2.2574051390268437
-3.9549436795994994	2.3213397052570413
-3.9449311639549434	2.363086623035148
-3.934918648310388	2.3757677473377274
-3.924906132665832	2.3573995465994653
-3.914893617021277	2.3113411426044097
-3.904881101376721	2.246572382986771
-3.8948685857321648	2.176119925930905
-3.8848560700876096	2.1134740458868024
-3.8748435544430535	2.068111522278431
-3.8648310387984983	2.0418008487393067
-3.8548185231539422	2.027816025995995
-3.844806007509387	2.014064497023562
-3.834793491864831	1.9884513597639948
-3.824780976220275	1.9436273667105184
-3.8147684605757197	1.8795322364116962
-3.8047559449311636	1.803147504557364
-3.7947434292866085	1.7249588624342287
-3.7847309136420524	1.6532918614294212
-3.774718397997497	1.590348298886156
-3.764705882352941	1.5329614238439335
-3.754693366708385	1.476270224929726
-3.74468085106383	1.4157598553720108
-3.734668335419274	1.3464360368196502
-3.7246558197747186	1.2626327778223554
-3.7146433041301625	1.1612430543048835
-3.7046307884856065	1.0459211396099222
-3.6946182728410513	0.927313704750667
-3.684605757196495	0.8181075507994048
-3.67459324155194	0.7269403013525266
-3.664580725907384	0.6557969434956935
-3.6545682102628287	0.6015291327646908
-3.6445556946182727	0.5588785905538629
-3.6345431789737166	0.5228830696123308
-3.6245306633291614	0.49049263212024424
-3.6145181476846053	0.46153345329080864
-3.60450563204005	0.43830376024369067
-3.594493116395494	0.4234361146926026
-3.584480600750939	0.4174851915696119
-3.574468085106383	0.4186749221773591
-3.5644555694618267	0.42546558808544815
-3.5544430538172715	0.43936820537390925
-3.5444305381727155	0.4644635259996473
-3.5344180225281603	0.5033038567932283
-3.524405506883604	0.5531968976029059
-3.514392991239049	0.6070074503182217
-3.504380475594493	0.6578681800485013
-3.494367959949937	0.7031625235709484
-3.4843554443053817	0.7446650758840442
-3.4743429286608256	0.7863066342348338
-3.4643304130162704	0.8326128071736538
-3.4543178973717144	0.8883585940733404
-3.444305381727159	0.9577926061697424
-3.434292866082603	1.0427037902115428
-3.424280350438047	1.1406134075411796
-3.414267834793492	1.2446745855355674
-3.4042553191489358	1.3455488010968308
-3.3942428035043806	1.4344371197748713
-3.3842302878598245	1.5062665311770902
-3.3742177722152693	1.561854708060384
-3.3642052565707132	1.6073821697894901
-3.354192740926157	1.6502536487240815
-3.344180225281602	1.6934515794196758
-3.334167709637046	1.7331944828056642
-3.3241551939924907	1.7629638352795265
-3.3141426783479346	1.7811003798219838
-3.3041301627033794	1.7952072172681681
-3.2941176470588234	1.8190241129280698
-3.2841051314142673	1.8636532256227032
-3.274092615769712	1.9293272363265181
-3.264080100125156	2.003650706546514
-3.254067584480601	2.068014822678791
-3.2440550688360448	2.108097234615496
-3.2340425531914896	2.1212246297510826
-3.2240300375469335	2.1159683227478325
-3.2140175219023774	2.1053654336894305
-3.2040050062578223	2.09905893644656
-3.193992490613266	2.099041422288882
-3.183979974968711	2.1006580169056965
-3.173967459324155	2.0975539810142916
-3.1639549436795997	2.0871839115654525
-3.1539424280350437	2.0729588661249423
-3.1439299123904876	2.061054931757814
-3.1339173967459324	2.0540783464771266
-3.1239048811013763	2.047303130674918
-3.113892365456821	2.0319608218525906
-3.103879849812265	2.003562706719032
-3.09386733416771	1.967502880535669
-3.083854818523154	1.9360332695938947
-3.0738423028785977	1.918713855924187
-3.0638297872340425	1.9141904046382037
-3.0538172715894865	1.9096090139474002
-3.0438047559449313	1.8880984633510831
-3.033792240300375	1.8397436500321163
-3.02377972465582	1.7695116730715226
-3.013767209011264	1.696822915609021
-3.003754693366708	1.6458396952929082
-2.9937421777221527	1.6316590939304616
-2.9837296620775966	1.651461449190461
-2.9737171464330414	1.687056958199452
-2.9637046307884853	1.716761555181512
-2.95369211514393	1.7273465675354496
-2.943679599499374	1.718152371296112
-2.933667083854818	1.697395539464012
-2.923654568210263	1.6760987448648081
-2.9136420525657067	1.6636513828575854
-2.9036295369211516	1.6656213831157543
-2.8936170212765955	1.6837000252076375
-2.8836045056320403	1.717575764689519
-2.873591989987484	1.7668240254418035
-2.863579474342928	1.8303833517188781
-2.853566958698373	1.904062547241877
-2.843554443053817	1.9793414139994592
-2.8335419274092617	2.0457453764369595
-2.8235294117647056	2.0957717542006664
-2.8135168961201504	2.1291199680556567
-2.8035043804755944	2.1529102636402815
-2.7934918648310383	2.17682867990066
-2.783479349186483	2.206391381594141
-2.773466833541927	2.240074978099647
-2.763454317897372	2.2725572219992496
-2.7534418022528158	2.2996217749761874
-2.7434292866082606	2.318994186939952
-2.7334167709637045	2.327701305543809
-2.7234042553191484	2.3220337569972913
-2.7133917396745932	2.302949987671805
-2.703379224030037	2.281421358082426
-2.693366708385482	2.27574293218065
-2.683354192740926	2.30043000284117
-2.6733416770963707	2.3554157980032038
-2.6633291614518146	2.4242743139998524
-2.6533166458072586	2.481998551674036
-2.6433041301627034	2.5061602012509785
-2.6332916145181473	2.4852131312566286
-2.623279098873592	2.421164872410588
-2.613266583229036	2.3268713563699124
-2.603254067584481	2.219977074790563
-2.593241551939925	2.1161403061071264
-2.5832290362953687	2.023942094533901
-2.5732165206508135	1.9433822179053566
-2.5632040050062574	1.8685609482283054
-2.5531914893617023	1.7924840736838126
-2.543178973717146	1.7103252809914262
-2.533166458072591	1.6196694506313791
-2.523153942428035	1.5198989562099208
-2.513141426783479	1.4128714832446465
-2.5031289111389237	1.3034635978257927
-2.4931163954943676	1.1973207563085333
-2.4831038798498124	1.0970102944830495
-2.4730913642052563	1.001190562539386
-2.463078848560701	0.9083721781695896
-2.453066332916145	0.8207081242548073
-2.443053817271589	0.7427145873331439
-2.433041301627034	0.6761247760261032
-2.4230287859824777	0.6169693085456996
-2.4130162703379225	0.558409582568781
-2.4030037546933665	0.49653480256315136
-2.3929912390488113	0.4336277621417247
-2.382978723404255	0.37628898976462627
-2.372966207759699	0.33042938736738925
-2.362953692115144	0.29726079156025687
-2.352941176470588	0.27294908390886463
-2.3429286608260327	0.2514380254393481
-2.3329161451814766	0.22792139937205327
-2.3229036295369214	0.20078457690686866
-2.3128911138923653	0.17144388248856565
-2.3028785982478093	0.14278254312308886
-2.292866082603254	0.11739171555112993
-2.282853566958698	0.09670050535637319
-2.272841051314143	0.08125323112622491
-2.2628285356695867	0.07131840621372028
-2.2528160200250316	0.06681530913163396
-2.2428035043804755	0.06656159882818521
-2.2327909887359194	0.06788571814430973
-2.2227784730913642	0.06742251813162431
-2.212765957446808	0.06269690176245148
-2.202753441802253	0.053305653460457236
-2.192740926157697	0.040889248790372076
-2.1827284105131417	0.028066176623328398
-2.1727158948685856	0.01712961838099662
-2.1627033792240296	0.009242596957086423
-2.1526908635794744	0.00438446623584374
-2.1426783479349183	0.0018191043022914792
-2.132665832290363	0.0006570270231803807
-2.122653316645807	0.0002057478104966656
-2.112640801001252	5.567264428298853e-05
-2.1026282853566958	1.2980776674559091e-05
-2.0926157697121397	2.602228366499256e-06
-2.0826032540675845	4.47721021498259e-07
-2.0725907384230284	6.60205208692285e-08
-2.0625782227784732	8.334500434547517e-09
-2.052565707133917	8.999734079166575e-10
-2.042553191489362	8.307634867681733e-11
-2.032540675844806	6.729769595843359e-12
-2.02252816020025	3.2946247545851694e-12
-2.0125156445556946	3.8578720392627173e-11
-2.0025031289111386	4.437289370601212e-10
-1.9924906132665834	4.350924004052649e-09
-1.9824780976220273	3.6349187539690126e-08
-1.9724655819774712	2.5877125751455715e-07
-1.962453066332916	1.5701510474898732e-06
-1.95244055068836	8.123163087041e-06
-1.9424280350438048	3.585221015522335e-05
-1.9324155193992487	0.0001351186697955265
-1.9224030037546935	0.00043548440096200284
-1.9123904881101375	0.0012031922834473065
-1.9023779724655814	0.0028607673236234928
-1.8923654568210262	0.005889440256254806
-1.8823529411764701	0.010597743965843804
-1.872340425531915	0.01690295644671209
-1.8623279098873589	0.024358915700591496
-1.8523153942428037	0.03247787821483641
-1.8423028785982476	0.04108475544634964
-1.8322903629536915	0.05041567745501972
-1.8222778473091363	0.06097159648748102
-1.8122653316645803	0.07332526759167762
-1.802252816020025	0.08796047476748929
-1.792240300375469	0.10510006210208456
-1.7822277847309138	0.12452482765227067
-1.7722152690863577	0.14544506115346806
-1.7622027534418017	0.16655311947063867
-1.7521902377972465	0.18647400890509766
-1.7421777221526904	0.2046227043711883
-1.7321652065081352	0.22195483944661878
-1.7221526908635791	0.24099313383442214
-1.712140175219024	0.2651479920843012
-1.7021276595744679	0.29784103755842894
-1.6921151439299118	0.3416130954092311
-1.6821026282853566	0.3970394787149809
-1.6720901126408005	0.46176206500136086
-1.6620775969962454	0.5306142098401844
-1.6520650813516893	0.5974793455352769
-1.642052565707134	0.6583133043020197
-1.632040050062578	0.7137103807883642
-1.622027534418022	0.7691418385721507
-1.6120150187734668	0.8319303012774882
-1.6020025031289107	0.9063373620274995
-1.5919899874843555	0.9904102242039493
-1.5819774718397994	1.0776379262420561
-1.5719649561952442	1.1623707141818047
-1.5619524405506882	1.2441158886215915
-1.551939924906132	1.3268515889466244
-1.541927409261577	1.4149003490347722
-1.5319148936170208	1.5104798589517565
-1.5219023779724656	1.615101479020179
-1.5118898623279096	1.7311407907080203
-1.5018773466833544	1.8592688946946092
-1.4918648310387983	1.993458441638128
-1.4818523153942422	2.1199274128039907
-1.471839799749687	2.222962418677426
-1.461827284105131	2.293164179957424
-1.4518147684605758	2.3314707769696152
-1.4418022528160197	2.347271363066569
-1.4317897371714645	2.354160081516172
-1.4217772215269084	2.366617387611165
-1.4117647058823524	2.3971193376095576
-1.4017521902377972	2.451729426950508
-1.391739674593241	2.5253642427343994
-1.381727158948686	2.6016827710426904
-1.3717146433041298	2.6610277565996854
-1.3617021276595747	2.6924649398801885
-1.3516896120150186	2.700153244355878
-1.3416770963704625	2.698116985233984
-1.3316645807259073	2.6985663098202624
-1.3216520650813512	2.7048471222211856
-1.311639549436796	2.7138247242188998
-1.30162703379224	2.7221892170546784
-1.2916145181476848	2.7291613487460475
-1.2816020025031287	2.734651037073346
-1.2715894868585726	2.737243709863447
-1.2615769712140175	2.7349592420585798
-1.2515644555694614	2.727531816577749
-1.2415519399249062	2.717633100660777
-1.2315394242803501	2.7102389410815855
-1.221526908635795	2.710998246344566
-1.2115143929912389	2.724537105973119
-1.2015018773466828	2.7530596559026907
-1.1914893617021276	2.7953536694244003
-1.1814768460575715	2.8466857548632922
-1.1714643304130163	2.90055339359498
-1.1614518147684603	2.952253646055966
-1.151439299123905	3.001689926773087
-1.141426783479349	3.05213994371996
-1.131414267834793	3.1052412330805574
-1.1214017521902377	3.1569853964197163
-1.1113892365456817	3.199558131643823
-1.1013767209011265	3.2285250429756673
-1.0913642052565704	3.249057082983966
-1.0813516896120152	3.27451447771461
-1.0713391739674591	3.317096156218526
-1.061326658322903	3.3780597779473145
-1.0513141426783479	3.446284332208545
-1.0413016270337918	3.506591072274142
-1.0312891113892366	3.550406337509958
-1.0212765957446805	3.5799698648395926
-1.0112640801001254	3.604178636759742
-1.0012515644555693	3.63164660092448
-0.9912390488110132	3.6673293804726987
-0.981226533166458	3.713624765417983
-0.971214017521902	3.7720304992080447
-0.9612015018773468	3.8422060643277445
-0.9511889862327907	3.919694256303108
-0.9411764705882355	3.995992494061163
-0.9311639549436794	4.06232520687017
-0.9211514392991234	4.114069704073135
-0.9111389236545682	4.151828545422986
-0.9011264080100121	4.179392966640618
-0.8911138923654569	4.202638177070701
-0.8811013767209008	4.2307091115007
-0.8710888610763456	4.275503649428153
-0.8610763454317896	4.346442733311272
-0.8510638297872335	4.4442152017958945
-0.8410513141426783	4.559551513512903
-0.8310387984981222	4.677873491505811
-0.821026282853567	4.785832313304929
-0.811013767209011	4.876361112287016
-0.8010012515644558	4.9507248963585635
-0.7909887359198997	5.016115035190936
-0.7809762202753436	5.079058359355691
-0.7709637046307884	5.139419843794898
-0.7609511889862324	5.191237459759179
-0.7509386733416772	5.230750838129726
-0.7409261576971211	5.263682380860344
-0.7309136420525659	5.302733158406874
-0.7209011264080099	5.355656828243157
-0.7108886107634538	5.415526134569639
-0.7008760951188986	5.464655851521379
-0.6908635794743425	5.489778250262479
-0.6808510638297873	5.493004911208034
-0.6708385481852313	5.486773103769774
-0.6608260325406761	5.478188677966948
-0.65081351689612	5.459286602836004
-0.6408010012515639	5.412901391889325
-0.6307884856070087	5.328283299753983
-0.6207759699624527	5.2126634170004476
-0.6107634543178975	5.089655071883311
-0.6007509386733414	4.985938769050201
-0.5907384230287862	4.9158691713683345
-0.5807259073842301	4.874836646133533
-0.5707133917396741	4.845731789482377
-0.5607008760951189	4.812964053784516
-0.5506883604505628	4.772986801996776
-0.5406758448060076	4.733899888955023
-0.5306633291614515	4.706029566977092
-0.5206508135168963	4.692332254319817
-0.5106382978723403	4.6866344877977015
-0.5006257822277842	4.680040234055284
-0.490613266583229	4.668077183730819
-0.48060075093867294	4.651369297772784
-0.47058823529411775	4.631148595877622
-0.4605757196495617	4.607322136496714
-0.4505632040050065	4.582335836495339
-0.4405506883604504	4.564790395068791
-0.43053817271589434	4.5659032316993935
-0.42052565707133915	4.590917834553697
-0.4105131414267831	4.634257523335665
-0.4005006257822279	4.683169678594767
-0.3904881101376718	4.725650464492173
-0.38047559449311663	4.755438444797736
-0.37046307884856056	4.771906957601965
-0.3604505632040045	4.7782949990031645
-0.3504380475594493	4.78146658074592
-0.3404255319148932	4.792206792014308
-0.33041301627033803	4.8228577164411846
-0.32040050062578196	4.8809938456763415
-0.3103879849812259	4.96197561341291
-0.3003754693366707	5.046851506200696
-0.2903629536921146	5.110926044628792
-0.28035043804755944	5.13946635850193
-0.27033792240300336	5.137387990528455
-0.2603254067584482	5.122562389925265
-0.2503128911138921	5.108320266665622
-0.24030037546933602	5.092137521191721
-0.23028785982478084	5.060252215538528
-0.22027534418022476	5.001169013394186
-0.21026282853566958	4.91475944028104
-0.2002503128911135	4.8123409607175205
-0.19023779724655832	4.712333378161073
-0.18022528160200224	4.635332430091129
-0.17021276595744617	4.598059659997378
-0.16020025031289098	4.60686657983828
-0.1501877346683349	4.655209967598404
-0.14017521902377972	4.7277848283876445
-0.13016270337922364	4.8079388661174605
-0.12015018773466846	4.882463233583999
-0.11013767209011238	4.941832337306569
-0.10012515644555631	4.979435741556192
-0.09011264080100112	4.993616413907735
-0.08010012515644505	4.9907553241435405
-0.07008760951188986	4.983661805130937
-0.060075093867333784	4.98386533167599
-0.0500625782227786	4.99433261068055
-0.04005006257822252	5.009729837181977
-0.030037546933666448	5.023369976245868
-0.02002503128911126	5.033419139689154
-0.010012515644555187	5.042794847864971
0.0	5.0541114237469
