-8.0	6.755205168046795
-7.989987484355444	6.922481385103607
-7.979974968710889	7.123316741114543
-7.969962453066333	7.2932472671022275
-7.9599499374217775	7.485258499223753
-7.949937421777221	7.740399334076132
-7.939924906132666	8.094778080895548
-7.92991239048811	8.54217708145108
-7.919899874843554	9.07767033306982
-7.909887359198999	9.621109720725146
-7.899874843554443	10.19950120542732
-7.889862327909888	10.813395706680154
-7.8798498122653315	11.387819256966923
-7.869837296620776	12.047735378745587
-7.85982478097622	12.67378750072601
-7.849812265331664	13.328744843379603
-7.839799749687109	14.057107840898606
-7.829787234042553	14.738708637112675
-7.819774718397998	15.466005972619136
-7.809762202753442	16.24866978986822
-7.7997496871088865	17.06459957476579
-7.78973717146433	17.868087689064964
-7.779724655819774	18.60330614975196
-7.769712140175219	19.164058735081305
-7.759699624530663	19.525226365628438
-7.749687108886108	19.743206582569115
-7.739674593241552	19.87055095281236
-7.729662077596997	19.925969052112222
-7.719649561952441	19.942863705203035
-7.7096370463078845	19.911775604998237
-7.699624530663329	19.840346929857198
-7.689612015018773	19.742339497804434
-7.679599499374218	19.58942717855047
-7.669586983729662	19.37719495045396
-7.659574468085107	19.122782949595766
-7.649561952440551	18.766740950050767
-7.639549436795995	18.22421899952469
-7.629536921151439	17.557388223454463
-7.619524405506883	16.929310883298562
-7.609511889862328	16.366546724967375
-7.599499374217772	15.792146599092312
-7.589486858573217	15.250107236025688
-7.579474342928661	14.74609265456789
-7.569461827284105	14.229944689803089
-7.55944931163955	13.69666270140745
-7.5494367959949935	13.241561206746788
-7.539424280350438	12.901725283344923
-7.529411764705882	12.735386055196225
-7.519399249061326	12.764556960331095
-7.509386733416771	12.967075394863778
-7.499374217772215	13.287305151086091
-7.48936170212766	13.69783972790775
-7.479349186483104	14.127274248703788
-7.4693366708385485	14.499241187076612
-7.459324155193992	14.793575320107113
-7.449311639549437	15.059876093747656
-7.439299123904881	15.322744962097069
-7.429286608260325	15.573770408887452
-7.41927409261577	15.784755617275952
-7.409261576971214	15.929312155310242
-7.399249061326659	15.98818330709963
-7.3892365456821025	15.947360920749395
-7.3792240300375465	15.799573193421756
-7.369211514392991	15.551792988570677
-7.359198998748435	15.240988588124795
-7.34918648310388	14.918330678338615
-7.339173967459324	14.611762487966859
-7.329161451814769	14.31979712143979
-7.319148936170213	14.037037420789543
-7.3091364205256575	13.764207944268428
-7.299123904881101	13.49275078092229
-7.289111389236545	13.202589940428656
-7.27909887359199	12.889212933464991
-7.269086357947434	12.5697015668305
-7.259073842302879	12.25097865792427
-7.249061326658323	11.948747882585968
-7.239048811013767	11.701750155590853
-7.2290362953692116	11.549217762870763
-7.2190237797246555	11.500865937601727
-7.2090112640801	11.540519233259593
-7.198998748435544	11.658692765705995
-7.188986232790989	11.847852786777718
-7.178973717146433	12.08727013427944
-7.168961201501878	12.342066221819193
-7.158948685857322	12.578462297904283
-7.148936170212766	12.792042903176277
-7.13892365456821	13.005507579748402
-7.128911138923654	13.249326001497977
-7.118898623279099	13.53842947066642
-7.108886107634543	13.866925890373567
-7.098873591989987	14.222838165493522
-7.088861076345432	14.590340989490365
-7.078848560700876	14.94672559158128
-7.068836045056321	15.271048597945795
-7.0588235294117645	15.556626093681086
-7.048811013767209	15.81222957950727
-7.038798498122653	16.052466138027533
-7.028785982478098	16.288093359359618
-7.018773466833542	16.52200027630968
-7.008760951188986	16.74019273154356
-6.998748435544431	16.910716434240996
-6.988735919899875	17.00480663604791
-6.9787234042553195	17.02123925521216
-6.968710888610763	16.97799335965278
-6.958698372966207	16.883441261800936
-6.948685857321652	16.741321167407655
-6.938673341677096	16.54940188628753
-6.928660826032541	16.288320521449627
-6.918648310387985	15.948736900462604
-6.908635794743429	15.54926722607541
-6.8986232790988735	15.11631290511038
-6.888610763454318	14.670239486646713
-6.878598247809762	14.234706632276268
-6.868585732165206	13.841134322593648
-6.858573216520651	13.506686854653992
-6.848560700876095	13.210299483062604
-6.83854818523154	12.903926490227454
-6.828535669586984	12.542997210669
-6.818523153942428	12.11409295381237
-6.808510638297872	11.64379486983207
-6.798498122653316	11.178813686831768
-6.788485607008761	10.76487616104728
-6.778473091364205	10.389905537685259
-6.768460575719649	10.020814933707404
-6.758448060075094	9.68070340988686
-6.748435544430539	9.360814190194438
-6.7384230287859825	9.04321937010284
-6.7284105131414265	8.73366078744627
-6.718397997496871	8.471067433764116
-6.708385481852315	8.26456231647486
-6.69837296620776	8.087663281630093
-6.688360450563204	7.913332426714584
-6.678347934918648	7.715886919623871
-6.668335419274093	7.477824209732945
-6.658322903629537	7.202687007285136
-6.648310387984981	6.935015008325352
-6.638297872340425	6.692958581767981
-6.628285356695869	6.4630559559287635
-6.618272841051314	6.250648531944019
-6.608260325406759	6.054595321323274
-6.598247809762203	5.87093687533259
-6.588235294117647	5.707023488727393
-6.578222778473092	5.571807205288965
-6.5682102628285355	5.457045299803096
-6.55819774718398	5.316505400510178
-6.548185231539424	5.1510487993350145
-6.538172715894868	4.980063474566064
-6.528160200250313	4.787265279379553
-6.518147684605757	4.625349765480274
-6.508135168961202	4.530953061144313
-6.498122653316646	4.490060408017025
-6.4881101376720896	4.500840412323899
-6.478097622027534	4.539915073556953
-6.468085106382979	4.577481786279211
-6.458072590738423	4.744381870929912
-6.448060075093867	5.089234789447307
-6.438047559449312	5.542292517806964
-6.428035043804756	5.921411728020822
-6.418022528160201	6.591692979525226
-6.4080100125156445	7.877284926845328
-6.397997496871088	8.73087759653079
-6.387984981226533	9.550773409252024
-6.377972465581977	10.408944502289328
-6.367959949937422	11.331307857621109
-6.357947434292866	12.217377730788236
-6.34793491864831	12.96617373398279
-6.337922403003755	13.661620215953455
-6.3279098873591995	14.515589995456596
-6.317897371714643	15.47430121358047
-6.307884856070087	16.48232202980043
-6.297872340425532	17.409857539623946
-6.287859824780976	18.443273974219316
-6.277847309136421	19.670155425761326
-6.267834793491865	20.95400870570425
-6.257822277847309	22.329251047467185
-6.2478097622027535	23.85509627168479
-6.2377972465581975	25.365845474486406
-6.227784730913642	26.68953297906841
-6.217772215269086	27.806797050295597
-6.20775969962453	28.760054355134816
-6.197747183979975	29.584675705782647
-6.18773466833542	30.27592557847633
-6.177722152690864	30.850830875499216
-6.167709637046308	31.27584213072588
-6.157697121401752	31.510213005912274
-6.147684605757196	31.555333263867567
-6.137672090112641	31.46319267860947
-6.127659574468085	31.257571483416417
-6.117647058823529	30.952349674576542
-6.107634543178974	30.56617116985748
-6.097622027534418	30.08163327055768
-6.0876095118898625	29.442501506556
-6.0775969962453065	28.6312014568157
-6.06758448060075	27.72985689645554
-6.057571964956195	26.756035756372544
-6.04755944931164	25.850191072811466
-6.037546933667084	25.07029374388303
-6.027534418022528	24.40483428944549
-6.017521902377973	23.8547882492915
-6.007509386733417	23.390822000930886
-5.997496871088861	23.036799603999803
-5.987484355444305	22.767217375068693
-5.977471839799749	22.542564165314182
-5.967459324155194	22.372505734455697
-5.957446808510639	22.273219140211282
-5.947434292866083	22.19720108605375
-5.937421777221527	22.131049581377418
-5.927409261576971	22.07439122843181
-5.9173967459324155	22.031185731211192
-5.90738423028786	22.00516288490684
-5.897371714643304	21.989891777428237
-5.887359198998748	21.979148269684874
-5.877346683354192	21.97059536717164
-5.867334167709637	21.963639473393066
-5.857321652065082	21.958091093137945
-5.847309136420526	21.95375948456273
-5.83729662077597	21.95041385638707
-5.827284105131414	21.94782736959118
-5.817271589486858	21.94580889000145
-5.807259073842303	21.944211142062557
-5.797246558197747	21.9429258266536
-5.787234042553191	21.941874900788196
-5.777221526908636	21.94100230287142
-5.767209011264081	21.939495648729586
-5.7571964956195245	21.91825545417398
-5.747183979974968	21.912326405527153
-5.737171464330412	21.89027083223579
-5.727158948685857	21.775368958527185
-5.717146433041302	21.664976015195133
-5.707133917396746	21.473553359336123
-5.69712140175219	21.38329243554979
-5.687108886107635	21.106278954823924
-5.677096370463079	21.193738413771456
-5.667083854818523	21.12917700718759
-5.657071339173967	21.689361169531644
-5.647058823529411	21.849757669465077
-5.637046307884856	22.118149693741884
-5.627033792240301	22.609594758504592
-5.617021276595745	23.113834319171474
-5.607008760951189	23.352200636354855
-5.596996245306633	23.853643655362088
-5.5869837296620775	24.132208447650687
-5.576971214017522	24.487817969022636
-5.566958698372966	24.479772445531353
-5.55694618272841	24.519757848046623
-5.546933667083855	24.546051083847587
-5.536921151439299	24.61160299252078
-5.526908635794744	24.61337103102556
-5.516896120150188	24.614953248542374
-5.5068836045056315	24.61677039534407
-5.496871088861076	24.61886592455377
-5.486858573216521	24.62129381790248
-5.476846057571965	24.62412240476379
-5.466833541927409	24.627440040659952
-5.456821026282853	24.631363673736978
-5.446808510638298	24.636051905151565
-5.4367959949937426	24.641725056853303
-5.4267834793491865	24.64869616474315
-5.41677096370463	24.65741894586565
-5.406758448060075	24.668561901140443
-5.396745932415519	24.683122089952683
-5.386733416770964	24.70259968759282
-5.376720901126408	24.72929676428649
-5.366708385481852	24.76763432728391
-5.356695869837297	24.84783639696934
-5.346683354192741	25.019874892144028
-5.336670838548185	25.2124639062772
-5.326658322903629	25.466028569402262
-5.316645807259073	25.831384519937146
-5.306633291614518	26.368558828973168
-5.296620775969963	27.033330636831813
-5.286608260325407	27.93328450160018
-5.276595744680851	28.989752544532696
-5.2665832290362955	30.109232741706684
-5.256570713391739	31.433313709610864
-5.246558197747184	32.95182072450227
-5.236545682102628	34.575585251052445
-5.226533166458072	36.09077579542265
-5.216520650813517	37.52985829018691
-5.206508135168962	38.95630917344024
-5.196495619524406	40.30439623108865
-5.18648310387985	41.56814056671853
-5.1764705882352935	42.786624919183204
-5.166458072590738	43.98521672838716
-5.156445556946183	45.0459433051578
-5.146433041301627	45.92630624985417
-5.136420525657071	46.78467330341275
-5.126408010012516	47.58332366278029
-5.11639549436796	48.20003423449375
-5.1063829787234045	48.66360175087442
-5.0963704630788484	48.84915643808803
-5.086357947434292	48.5968331692058
-5.076345431789737	47.93380075932768
-5.066332916145182	47.09276150885791
-5.056320400500626	46.12827846013612
-5.04630788485607	45.02545154915382
-5.036295369211514	43.80743307011704
-5.026282853566959	42.44010376062015
-5.016270337922403	40.88071366546342
-5.006257822277847	39.291465867079516
-4.996245306633291	37.772735304380156
-4.986232790988735	36.28796909130695
-4.97622027534418	34.780759789781825
-4.966207759699625	33.20259411291628
-4.956195244055069	31.67180882165507
-4.946182728410513	30.28500351603127
-4.9361702127659575	28.924338192081237
-4.926157697121402	27.558674673629096
-4.916145181476846	26.398669315503533
-4.90613266583229	25.53501465670649
-4.896120150187734	24.790654163020346
-4.886107634543179	24.150967885822528
-4.876095118898624	23.576087053865084
-4.866082603254068	23.135131763047053
-4.8560700876095115	22.85762899955023
-4.8460575719649555	22.71419245282737
-4.8360450563204	22.640334046383227
-4.826032540675845	22.599358273818936
-4.816020025031289	22.572489707553217
-4.806007509386733	22.5532502553088
-4.795994993742178	22.538635609296758
-4.785982478097623	22.527073858436957
-4.7759699624530665	22.517677895690582
-4.76595744680851	22.509906129419374
-4.755944931163954	22.503400885377488
-4.745932415519399	22.49790910893923
-4.735919899874844	22.493241934586386
-4.725907384230288	22.489252986883077
-4.715894868585732	22.485825962950095
-4.705882352941176	22.482866987313766
-4.6958698372966206	22.480299542397244
-4.685857321652065	22.478060876778667
-4.675844806007509	22.47609932405103
-4.665832290362953	22.47437222589603
-4.655819774718398	22.472844283810712
-4.645807259073843	22.471486231463945
-4.635794743429287	22.47027375600212
-4.625782227784731	22.469186617349614
-4.615769712140175	22.46820792726061
-4.605757196495619	22.46732355831545
-4.595744680851064	22.466521659071283
-4.585732165206508	22.465792256117265
-4.575719649561952	22.465126927343956
-4.565707133917396	22.46451853359204
-4.555694618272841	22.46396099816622
-4.545682102628286	22.46344912559748
-4.53566958698373	22.462978452591713
-4.5256570713391735	22.46254512537866
-4.515644555694618	22.46214579872021
-4.505632040050063	22.461777552694947
-4.495619524405507	22.461437824076935
-4.485607008760951	22.461124349701592
-4.475594493116395	22.460835119681747
-4.46558197747184	22.4605683387212
-4.4555694618272845	22.460322394088728
-4.4455569461827285	22.460095829072365
-4.435544430538172	22.459887320945523
-4.425531914893616	22.459695662648908
-4.415519399249061	22.459519747534273
-4.405506883604506	22.45935855663224
-4.39549436795995	22.45921114800134
-4.385481852315394	22.459076647794635
-4.375469336670839	22.458954242743886
-4.365456821026283	22.458843173814483
-4.355444305381727	22.458742730827854
-4.345431789737171	22.458652247883904
-4.335419274092615	22.458571099445408
-4.32540675844806	22.458498696970825
-4.315394242803505	22.458434486001757
-4.305381727158949	22.45837794362793
-4.295369211514393	22.458328576266105
-4.285356695869837	22.45828591770067
-4.275344180225281	22.458249527342684
-4.265331664580726	22.45821898867198
-4.25531914893617	22.45819390783311
-4.245306633291614	22.45817391236096
-4.235294117647059	22.45815865001661
-4.225281602002504	22.458147787716694
-4.215269086357948	22.45814101054333
-4.2052565707133915	22.458138020823398
-4.1952440550688355	22.458138537268038
-4.18523153942428	22.45814229416513
-4.175219023779725	22.45814904061847
-4.165206508135169	22.45815853982855
-4.155193992490613	22.458170568410818
-4.145181476846057	22.458184915747886
-4.135168961201502	22.458201383372817
-4.1251564455569465	22.458219784381072
-4.11514392991239	22.458239942868936
-4.105131414267834	22.458261693397027
-4.095118898623279	22.458284880477013
-4.085106382978723	22.458309358080456
-4.075093867334168	22.458334989168215
-4.065081351689612	22.448080638062667
-4.055068836045056	22.384179240959106
-4.045056320400501	22.36046431166545
-4.035043804755945	22.44464289895037
-4.025031289111389	22.573526761536712
-4.015018773466833	22.755005007398772
-4.005006257822277	22.71783776653527
-3.994993742177722	22.899869688381646
-3.9849812265331668	23.497340155142687
-3.9749687108886107	24.91197262159181
-3.9649561952440546	25.992273609978966
-3.9549436795994994	27.232978151967046
-3.9449311639549434	29.133664416322226
-3.934918648310388	29.81433317630526
-3.924906132665832	30.11829751471557
-3.914893617021277	30.803719893556774
-3.904881101376721	30.95778835818404
-3.8948685857321648	31.16227603057133
-3.8848560700876096	31.169006074129005
-3.8748435544430535	31.168918839737593
-3.8648310387984983	31.168830550014377
-3.8548185231539422	31.168741214425797
-3.844806007509387	31.168650843902295
-3.834793491864831	31.168559450929482
-3.824780976220275	31.16846704964603
-3.8147684605757197	31.16837365594932
-3.8047559449311636	31.168279287609405
-3.7947434292866085	31.168183964392664
-3.7847309136420524	31.16808770819618
-3.774718397997497	31.16799054319432
-3.764705882352941	31.167892495999297
-3.754693366708385	31.167793595837523
-3.74468085106383	31.167693874743975
-3.734668335419274	31.167593367777656
-3.7246558197747186	31.16749211326064
-3.7146433041301625	31.16739015304508
-3.7046307884856065	31.167287532812033
-3.6946182728410513	31.167184302407613
-3.684605757196495	31.167080516222516
-3.67459324155194	31.166976233621966
-3.664580725907384	31.166871519435276
-3.6545682102628287	31.166766444514806
-3.6445556946182727	31.166661086377022
-3.6345431789737166	31.166555529940382
-3.6245306633291614	31.166449868377796
-3.6145181476846053	31.166344204104984
-3.60450563204005	31.166238649930662
-3.594493116395494	31.166133330399358
-3.584480600750939	31.166028383364953
-3.574468085106383	31.165923961840235
-3.5644555694618267	31.165820236178185
-3.5544430538172715	31.16571739665292
-3.5444305381727155	31.165615656522537
-3.5344180225281603	31.1655152556758
-3.524405506883604	31.16541646498626
-3.514392991239049	31.165319591527407
-3.504380475594493	31.165224984837113
-3.494367959949937	31.16513304446474
-3.4843554443053817	31.165044229090153
-3.4743429286608256	31.164959067574017
-3.4643304130162704	31.164878172387088
-3.4543178973717144	31.164802255978493
-3.444305381727159	31.164732150784413
-3.434292866082603	31.16466883375878
-3.424280350438047	31.164613456537463
-3.414267834793492	31.164567382642687
-3.4042553191489358	31.1645322335121
-3.3942428035043806	31.164509945628563
-3.3842302878598245	31.164502841663573
-3.3742177722152693	31.16451371938631
-3.3642052565707132	31.164545963201437
-3.354192740926157	31.164603684676557
-3.344180225281602	31.164691900473596
-3.334167709637046	31.16481675898835
-3.3241551939924907	31.16498583119055
-3.3141426783479346	31.165208487465986
-3.3041301627033794	31.165496392165604
-3.2941176470588234	31.165864163826605
-3.2841051314142673	31.1663302769185
-3.274092615769712	31.166918330744984
-3.264080100125156	31.16765890312862
-3.254067584480601	31.168592381498843
-3.2440550688360448	31.169773504822174
-3.2340425531914896	31.171279026476675
-3.2240300375469335	31.173221272534253
-3.2140175219023774	31.175773152396847
-3.2040050062578223	31.17921588140471
-3.193992490613266	31.18403226585048
-3.183979974968711	31.19109105716813
-3.173967459324155	31.202007140139866
-3.1639549436795997	31.219806304346275
-3.1539424280350437	31.24996589094191
-3.1439299123904876	31.30138830155547
-3.1339173967459324	31.385765749990256
-3.1239048811013763	31.516824710215904
-3.113892365456821	31.738586468911624
-3.103879849812265	32.06935301399031
-3.09386733416771	32.504620015684715
-3.083854818523154	32.97992203903891
-3.0738423028785977	33.49549825540652
-3.0638297872340425	34.18524756359477
-3.0538172715894865	35.04378502543802
-3.0438047559449313	36.00970026963831
-3.033792240300375	37.147854089943955
-3.02377972465582	38.553140203058874
-3.013767209011264	40.01302868771546
-3.003754693366708	41.5865369685996
-2.9937421777221527	43.31334389088676
-2.9837296620775966	44.91715013533138
-2.9737171464330414	46.42467955476487
-2.9637046307884853	48.00199050203085
-2.95369211514393	49.677186001682145
-2.943679599499374	51.40019186379556
-2.933667083854818	53.07999867974866
-2.923654568210263	54.5925738961884
-2.9136420525657067	56.058950779611365
-2.9036295369211516	57.47435991802427
-2.8936170212765955	58.59572786425592
-2.8836045056320403	59.50871268634349
-2.873591989987484	60.4039150528351
-2.863579474342928	61.31340530189398
-2.853566958698373	62.0050227782057
-2.843554443053817	62.52506254480053
-2.8335419274092617	62.99821605663581
-2.8235294117647056	63.468762684980575
-2.8135168961201504	63.98029358329618
-2.8035043804755944	64.47969065205939
-2.7934918648310383	64.97636966891582
-2.783479349186483	65.54485315374083
-2.773466833541927	66.12251610305802
-2.763454317897372	66.59695824592035
-2.7534418022528158	67.0758486093865
-2.7434292866082606	67.5271226932034
-2.7334167709637045	68.00032380212615
-2.7234042553191484	68.44698600377687
-2.7133917396745932	68.89757432138792
-2.703379224030037	69.32567525360975
-2.693366708385482	69.52799990911745
-2.683354192740926	69.54556023703721
-2.6733416770963707	69.57524614541211
-2.6633291614518146	69.63898326081508
-2.6533166458072586	69.67824084854954
-2.6433041301627034	69.69565464715409
-2.6332916145181473	69.71148978068653
-2.623279098873592	69.70282031740098
-2.613266583229036	69.60442257214362
-2.603254067584481	69.45355892498299
-2.593241551939925	69.24748409940061
-2.5832290362953687	69.058525859832
-2.5732165206508135	68.86572003223438
-2.5632040050062574	68.68656450675472
-2.5531914893617023	68.53247781400334
-2.543178973717146	68.26058814215243
-2.533166458072591	67.66478172054856
-2.523153942428035	66.76327946144919
-2.513141426783479	65.87207096159334
-2.5031289111389237	65.00824015840668
-2.4931163954943676	64.14465608734736
-2.4831038798498124	63.27961493214085
-2.4730913642052563	62.516555025089986
-2.463078848560701	61.931528960726915
-2.453066332916145	61.529283466050124
-2.443053817271589	61.35959178579743
-2.433041301627034	61.26714021477124
-2.4230287859824777	60.96703947195685
-2.4130162703379225	60.60324711323888
-2.4030037546933665	60.55799473927884
-2.3929912390488113	60.69962048146537
-2.382978723404255	60.8704148258052
-2.372966207759699	61.143075406762016
-2.362953692115144	61.599521147125905
-2.352941176470588	62.03092519030826
-2.3429286608260327	62.37643827598782
-2.3329161451814766	62.6792716017026
-2.3229036295369214	63.02925175690678
-2.3128911138923653	63.52135706207826
-2.3028785982478093	64.25334912978822
-2.292866082603254	65.21062645912772
-2.282853566958698	66.2183236918806
-2.272841051314143	67.09964789793796
-2.2628285356695867	67.81631307984294
-2.2528160200250316	68.25683431964652
-2.2428035043804755	68.45820202886252
-2.2327909887359194	68.62108570788152
-2.2227784730913642	68.85899070890677
-2.212765957446808	69.08140781306098
-2.202753441802253	69.23892311293986
-2.192740926157697	69.36166829584336
-2.1827284105131417	69.59504135479462
-2.1727158948685856	69.84657855627279
-2.1627033792240296	69.92546244141897
-2.1526908635794744	69.77015840636585
-2.1426783479349183	69.43741624750966
-2.132665832290363	69.1311646165045
-2.122653316645807	68.91782218924624
-2.112640801001252	68.82424670022579
-2.1026282853566958	68.86132539245254
-2.0926157697121397	68.9588582054616
-2.0826032540675845	68.91304192946751
-2.0725907384230284	68.7252010517303
-2.0625782227784732	68.54805993656437
-2.052565707133917	68.39771535907502
-2.042553191489362	68.16801290771048
-2.032540675844806	67.90562718255524
-2.02252816020025	67.71808214163684
-2.0125156445556946	67.60704166960774
-2.0025031289111386	67.62907547542757
-1.9924906132665834	67.65332692918516
-1.9824780976220273	67.4620926696568
-1.9724655819774712	67.051017026757
-1.962453066332916	66.53919848989372
-1.95244055068836	66.01905932807982
-1.9424280350438048	65.58930121658685
-1.9324155193992487	65.2445319008181
-1.9224030037546935	64.83737784069884
-1.9123904881101375	64.24452097158975
-1.9023779724655814	63.556400672414775
-1.8923654568210262	62.87991901732225
-1.8823529411764701	62.127975118062714
-1.872340425531915	61.16635001395399
-1.8623279098873589	60.018860468987214
-1.8523153942428037	58.76981483231459
-1.8423028785982476	57.35162734960357
-1.8322903629536915	55.757407074646444
-1.8222778473091363	54.10260398075325
-1.8122653316645803	52.50901659712581
-1.802252816020025	50.90393643436555
-1.792240300375469	49.117865888052
-1.7822277847309138	47.18330369023246
-1.7722152690863577	45.1602103794166
-1.7622027534418017	43.111466978403065
-1.7521902377972465	41.26871249312269
-1.7421777221526904	39.74096955591211
-1.7321652065081352	38.37104758455108
-1.7221526908635791	36.948285592085206
-1.712140175219024	35.70592730195363
-1.7021276595744679	34.71005054372602
-1.6921151439299118	33.79673258493171
-1.6821026282853566	33.11577850925965
-1.6720901126408005	32.64982043647573
-1.6620775969962454	32.31709789113694
-1.6520650813516893	32.104880155372
-1.642052565707134	31.886471989562928
-1.632040050062578	31.785677119197302
-1.622027534418022	31.719065802252064
-1.6120150187734668	31.66680654904466
-1.6020025031289107	31.633189391201057
-1.5919899874843555	31.61550859084775
-1.5819774718397994	31.60631810466494
-1.5719649561952442	31.600949954332492
-1.5619524405506882	31.596440758791385
-1.551939924906132	31.40667809160864
-1.541927409261577	31.116116043791617
-1.5319148936170208	30.966227691850822
-1.5219023779724656	30.96276291077623
-1.5118898623279096	30.81296835657404
-1.5018773466833544	30.294106170284135
-1.4918648310387983	29.516828128831904
-1.4818523153942422	28.660605136909403
-1.471839799749687	27.89045774288936
-1.461827284105131	26.70331502807947
-1.4518147684605758	25.014557381551672
-1.4418022528160197	23.569637099196125
-1.4317897371714645	22.22521664429821
-1.4217772215269084	21.037549173153625
-1.4117647058823524	20.130014108682328
-1.4017521902377972	19.466236320964587
-1.391739674593241	18.184469105636012
-1.381727158948686	17.902714223072504
-1.3717146433041298	17.695234239980337
-1.3617021276595747	17.57071361700109
-1.3516896120150186	17.516903031803903
-1.3416770963704625	17.51911815005887
-1.3316645807259073	17.591591208089753
-1.3216520650813512	17.593322222368013
-1.311639549436796	17.59544114840368
-1.30162703379224	17.598595606407212
-1.2916145181476848	17.603716981547127
-1.2816020025031287	17.612086025109186
-1.2715894868585726	17.63555135093196
-1.2615769712140175	17.70897843308087
-1.2515644555694614	17.738538286721923
-1.2415519399249062	17.752311114737505
-1.2315394242803501	17.819021270106944
-1.221526908635795	17.925050647864573
-1.2115143929912389	18.102038053048187
-1.2015018773466828	18.355461198088033
-1.1914893617021276	18.69594183128852
-1.1814768460575715	19.08519832769316
-1.1714643304130163	19.60623291034479
-1.1614518147684603	20.17805115475735
-1.151439299123905	20.826944053397924
-1.141426783479349	21.474264409209198
-1.131414267834793	22.149698877572803
-1.1214017521902377	22.990110790533002
-1.1113892365456817	24.01519536507773
-1.1013767209011265	24.98392766814827
-1.0913642052565704	25.879679341786794
-1.0813516896120152	26.778745590026677
-1.0713391739674591	27.590423541585757
-1.061326658322903	28.23433519685304
-1.0513141426783479	28.669057989279537
-1.0413016270337918	28.930477115734277
-1.0312891113892366	29.05284113476154
-1.0212765957446805	29.03424947965905
-1.0112640801001254	28.94054000970243
-1.0012515644555693	28.863493302376025
-0.9912390488110132	28.813667089451627
-0.981226533166458	28.69489629482378
-0.971214017521902	28.444988779042742
-0.9612015018773468	28.03063552675276
-0.9511889862327907	27.438437520567877
-0.9411764705882355	26.737888378196516
-0.9311639549436794	26.034833347712155
-0.9211514392991234	25.319681916999986
-0.9111389236545682	24.548681332440076
-0.9011264080100121	23.74188495150705
-0.8911138923654569	22.96620110334401
-0.8811013767209008	22.30675166258707
-0.8710888610763456	21.770632325362175
-0.8610763454317896	21.261723384340787
-0.8510638297872335	20.717085660935016
-0.8410513141426783	20.17913335125068
-0.8310387984981222	19.81245363832452
-0.821026282853567	19.585305050437412
-0.811013767209011	19.38592454556076
-0.8010012515644558	19.241084101306228
-0.7909887359198997	19.173760381147456
-0.7809762202753436	19.091675078734553
-0.7709637046307884	18.98534949094958
-0.7609511889862324	19.008240029299692
-0.7509386733416772	19.037667997566185
-0.7409261576971211	19.016126880609644
-0.7309136420525659	19.084966295875233
-0.7209011264080099	19.132600982496026
-0.7108886107634538	19.385868462773114
-0.7008760951188986	19.844084849392342
-0.6908635794743425	20.224507301735915
-0.6808510638297873	20.58476724532649
-0.6708385481852313	20.967774279211167
-0.6608260325406761	21.364697035536857
-0.65081351689612	21.87882351762849
-0.6408010012515639	22.059121032395552
-0.6307884856070087	22.34766760947412
-0.6207759699624527	22.648994901969065
-0.6107634543178975	22.894101069902945
-0.6007509386733414	23.140198461982568
-0.5907384230287862	23.430957243772248
-0.5807259073842301	23.788825796715734
-0.5707133917396741	24.29516388443116
-0.5607008760951189	24.947687651775993
-0.5506883604505628	25.756504374335286
-0.5406758448060076	26.645541983253036
-0.5306633291614515	27.54132241841947
-0.5206508135168963	28.50646954314475
-0.5106382978723403	29.541386954255636
-0.5006257822277842	30.56008871737161
-0.490613266583229	31.615968230546894
-0.48060075093867294	32.780313028428566
-0.47058823529411775	33.91409396600539
-0.4605757196495617	34.99182219045432
-0.4505632040050065	36.101833181670735
-0.4405506883604504	37.27026199637216
-0.43053817271589434	38.43634142319564
-0.42052565707133915	39.60501497747166
-0.4105131414267831	40.81803086546165
-0.4005006257822279	42.02243888069912
-0.3904881101376718	43.01725006510719
-0.38047559449311663	43.70019901015692
-0.37046307884856056	44.21082459813818
-0.3604505632040045	44.544262680368064
-0.3504380475594493	44.61714674673465
-0.3404255319148932	44.4094714135861
-0.33041301627033803	44.07093265699765
-0.32040050062578196	43.80780407581963
-0.3103879849812259	43.59398784062584
-0.3003754693366707	43.22564759836257
-0.2903629536921146	42.6343592827215
-0.28035043804755944	41.90495560792963
-0.27033792240300336	41.16935645579421
-0.2603254067584482	40.465186626293125
-0.2503128911138921	39.6955465439338
-0.24030037546933602	38.826698956396484
-0.23028785982478084	37.88889596121569
-0.22027534418022476	36.94953931713241
-0.21026282853566958	36.06222676303378
-0.2002503128911135	35.14129585642391
-0.19023779724655832	34.206148944217325
-0.18022528160200224	33.45940148620265
-0.17021276595744617	32.88350210442458
-0.16020025031289098	32.54982657042976
-0.1501877346683349	32.3935873553706
-0.14017521902377972	32.25624502304395
-0.13016270337922364	32.17973158973426
-0.12015018773466846	32.064254905179595
-0.11013767209011238	32.085458040050824
-0.10012515644555631	32.20287065204977
-0.09011264080100112	32.382614555208725
-0.08010012515644505	32.59046497340453
-0.07008760951188986	32.877399985623974
-0.060075093867333784	33.17851721552073
-0.0500625782227786	33.610485821814756
-0.04005006257822252	34.062245882894594
-0.030037546933666448	34.393981551422996
-0.02002503128911126	34.58159088202363
-0.010012515644555187	34.69387552727428
0.0	34.80311753266645
