-8.0	1.118462209547157
-7.989987484355444	1.1192223994419987
-7.979974968710889	1.1194747277337602
-7.969962453066333	1.120858442247077
-7.9599499374217775	1.1233796709115118
-7.949937421777221	1.1282983882976367
-7.939924906132666	1.141558590888692
-7.92991239048811	1.1449991328278584
-7.919899874843554	1.1460833094536889
-7.909887359198999	1.1449803819795903
-7.899874843554443	1.1471715943488785
-7.889862327909888	1.1534831096021325
-7.8798498122653315	1.161265216459843
-7.869837296620776	1.1668100368016467
-7.85982478097622	1.1700930085028898
-7.849812265331664	1.1766860068197582
-7.839799749687109	1.1904878347231311
-7.829787234042553	1.2086974281183998
-7.819774718397998	1.2324915620149686
-7.809762202753442	1.257463610232292
-7.7997496871088865	1.2842455514735724
-7.78973717146433	1.3080670341055456
-7.779724655819774	1.3332523543045942
-7.769712140175219	1.36000677245523
-7.759699624530663	1.3864845836434947
-7.749687108886108	1.4167017965473194
-7.739674593241552	1.45308580750625
-7.729662077596997	1.491621445599392
-7.719649561952441	1.5294086258087796
-7.7096370463078845	1.5701854542468354
-7.699624530663329	1.6131436161388426
-7.689612015018773	1.6566760108153926
-7.679599499374218	1.7008243954706113
-7.669586983729662	1.7395062893789741
-7.659574468085107	1.7713327046695275
-7.649561952440551	1.7962089753767387
-7.639549436795995	1.8157158617932896
-7.629536921151439	1.8320452233522275
-7.619524405506883	1.8456174313096894
-7.609511889862328	1.8543535699782534
-7.599499374217772	1.8555755508910587
-7.589486858573217	1.8479685803620782
-7.579474342928661	1.8315433488680772
-7.569461827284105	1.8075435264354132
-7.55944931163955	1.7764331318808835
-7.5494367959949935	1.7393963865122715
-7.539424280350438	1.6997378787935808
-7.529411764705882	1.6611956643582835
-7.519399249061326	1.627447848877937
-7.509386733416771	1.6008480873977529
-7.499374217772215	1.5805007933432929
-7.48936170212766	1.5629332276104422
-7.479349186483104	1.5463319146825163
-7.4693366708385485	1.5311214429114246
-7.459324155193992	1.5167016166811422
-7.449311639549437	1.5035394274311813
-7.439299123904881	1.4936469536596342
-7.429286608260325	1.488321301116875
-7.41927409261577	1.486354615352791
-7.409261576971214	1.4851393404957278
-7.399249061326659	1.4820384846986139
-7.3892365456821025	1.4760263064583115
-7.3792240300375465	1.4678548374415559
-7.369211514392991	1.4603565708250819
-7.359198998748435	1.4561702610815324
-7.34918648310388	1.4556893615800355
-7.339173967459324	1.4577654002048575
-7.329161451814769	1.4611539202515862
-7.319148936170213	1.4648648477699975
-7.3091364205256575	1.4677113576352019
-7.299123904881101	1.469266265057202
-7.289111389236545	1.4705560791456351
-7.27909887359199	1.4722455968129058
-7.269086357947434	1.4749470130504203
-7.259073842302879	1.4808985815231215
-7.249061326658323	1.4923467117434164
-7.239048811013767	1.509244055700909
-7.2290362953692116	1.530101691999915
-7.2190237797246555	1.5535961385173072
-7.2090112640801	1.5790688369748807
-7.198998748435544	1.6072359118762782
-7.188986232790989	1.6377847140159671
-7.178973717146433	1.669108612504589
-7.168961201501878	1.7015585525212746
-7.158948685857322	1.7369851996717103
-7.148936170212766	1.774689861941635
-7.13892365456821	1.811206306714399
-7.128911138923654	1.8446312581416993
-7.118898623279099	1.8741120238658575
-7.108886107634543	1.898302297001927
-7.098873591989987	1.9155501129430843
-7.088861076345432	1.925313399588719
-7.078848560700876	1.929981386016845
-7.068836045056321	1.933848022345108
-7.0588235294117645	1.940051138930573
-7.048811013767209	1.9495989397697546
-7.038798498122653	1.962405311214892
-7.028785982478098	1.977955764277507
-7.018773466833542	1.9940627419899202
-7.008760951188986	2.0068210835073392
-6.998748435544431	2.0127873279641135
-6.988735919899875	2.010861289368071
-6.9787234042553195	2.0016657809127953
-6.968710888610763	1.9857016386702788
-6.958698372966207	1.9635066652580793
-6.948685857321652	1.9363556275391953
-6.938673341677096	1.9058972365033686
-6.928660826032541	1.8751422414243397
-6.918648310387985	1.8478149391131649
-6.908635794743429	1.8243513918579062
-6.8986232790988735	1.8017495462726187
-6.888610763454318	1.7772805961832518
-6.878598247809762	1.7503097474379867
-6.868585732165206	1.7202719805904088
-6.858573216520651	1.6862585065043638
-6.848560700876095	1.6487955153615768
-6.83854818523154	1.60949387851975
-6.828535669586984	1.5701022219426508
-6.818523153942428	1.532419080797791
-6.808510638297872	1.4973974928632405
-6.798498122653316	1.4655744944450781
-6.788485607008761	1.4368640697448927
-6.778473091364205	1.4089760208884663
-6.768460575719649	1.3812865879791
-6.758448060075094	1.3565700335486823
-6.748435544430539	1.336450330856662
-6.7384230287859825	1.3202315226522179
-6.7284105131414265	1.3075411476685261
-6.718397997496871	1.297784265829719
-6.708385481852315	1.2891284148303819
-6.69837296620776	1.279525170929061
-6.688360450563204	1.2679472734576627
-6.678347934918648	1.2540142940741816
-6.668335419274093	1.2380986542673211
-6.658322903629537	1.2216241701871928
-6.648310387984981	1.2064775998267538
-6.638297872340425	1.1942664341198568
-6.628285356695869	1.184419168692299
-6.618272841051314	1.1762128360177924
-6.608260325406759	1.1698933869055448
-6.598247809762203	1.1646076848567728
-6.588235294117647	1.1589188614086554
-6.578222778473092	1.1516381125926767
-6.5682102628285355	1.1442070695100361
-6.55819774718398	1.1374363136800618
-6.548185231539424	1.131570122652304
-6.538172715894868	1.1259097053371172
-6.528160200250313	1.1186021471249474
-6.518147684605757	1.1089613059261987
-6.508135168961202	1.0998007096918838
-6.498122653316646	1.0924968852226862
-6.4881101376720896	1.0868967447732054
-6.478097622027534	1.08220282566262
-6.468085106382979	1.0779324704833075
-6.458072590738423	1.073789535148987
-6.448060075093867	1.068729256162576
-6.438047559449312	1.0634695255007673
-6.428035043804756	1.0593830956287318
-6.418022528160201	1.05614826699092
-6.4080100125156445	1.054339328936742
-6.397997496871088	1.0546957810425404
-6.387984981226533	1.0561017223800915
-6.377972465581977	1.057279328817786
-6.367959949937422	1.0621230790829879
-6.357947434292866	1.0736777506706052
-6.34793491864831	1.0876497623653931
-6.337922403003755	1.105361761983448
-6.3279098873591995	1.1412339882720068
-6.317897371714643	1.1984139677214498
-6.307884856070087	1.2507087076646926
-6.297872340425532	1.3222825657880475
-6.287859824780976	1.4317787995520599
-6.277847309136421	1.5287051990629308
-6.267834793491865	1.6041008233726555
-6.257822277847309	1.7045411118010454
-6.2478097622027535	1.7658683314808132
-6.2377972465581975	1.8133262686578626
-6.227784730913642	1.8484367495051384
-6.217772215269086	1.8831007562456277
-6.20775969962453	1.9198323491888285
-6.197747183979975	1.9401164349146849
-6.18773466833542	1.9609274222921818
-6.177722152690864	1.9856523741934478
-6.167709637046308	2.005835878944647
-6.157697121401752	2.0330676056167176
-6.147684605757196	2.0681875984746694
-6.137672090112641	2.113162129190139
-6.127659574468085	2.164694057104086
-6.117647058823529	2.228299472686173
-6.107634543178974	2.2982863023047435
-6.097622027534418	2.3691359251316055
-6.0876095118898625	2.4383617141842415
-6.0775969962453065	2.5128561545208172
-6.06758448060075	2.5933234430065593
-6.057571964956195	2.6718723082438536
-6.04755944931164	2.7462610475858207
-6.037546933667084	2.8188167958978245
-6.027534418022528	2.8834903011561264
-6.017521902377973	2.934248746356666
-6.007509386733417	2.974331440716214
-5.997496871088861	3.0092201199738433
-5.987484355444305	3.041390400571879
-5.977471839799749	3.069536670905124
-5.967459324155194	3.092329712144274
-5.957446808510639	3.1072068564410844
-5.947434292866083	3.1123783910884386
-5.937421777221527	3.107289310444671
-5.927409261576971	3.0943225898591926
-5.9173967459324155	3.0796075223966994
-5.90738423028786	3.05737242050828
-5.897371714643304	3.0225522804248697
-5.887359198998748	2.978269532517874
-5.877346683354192	2.926134259217749
-5.867334167709637	2.864888249077758
-5.857321652065082	2.7965052662785426
-5.847309136420526	2.7262018030999746
-5.83729662077597	2.663962939165257
-5.827284105131414	2.6122467130409137
-5.817271589486858	2.5749994865496477
-5.807259073842303	2.5422487378494494
-5.797246558197747	2.5137278347339715
-5.787234042553191	2.493327664337008
-5.777221526908636	2.4749323661806426
-5.767209011264081	2.453790176171108
-5.7571964956195245	2.4366647476606866
-5.747183979974968	2.4257912542105537
-5.737171464330412	2.4210565146154077
-5.727158948685857	2.4183097236850957
-5.717146433041302	2.4160735699065663
-5.707133917396746	2.4147052501636073
-5.69712140175219	2.413961377644565
-5.687108886107635	2.413161599847212
-5.677096370463079	2.412138581708493
-5.667083854818523	2.4096664971935726
-5.657071339173967	2.406797510660047
-5.647058823529411	2.40487070007126
-5.637046307884856	2.4025941322308744
-5.627033792240301	2.3966565795088144
-5.617021276595745	2.3964382561608377
-5.607008760951189	2.3962749304618884
-5.596996245306633	2.394891444371284
-5.5869837296620775	2.3762855048566287
-5.576971214017522	2.3732306678576367
-5.566958698372966	2.3597770300910126
-5.55694618272841	2.3335579252892718
-5.546933667083855	2.3029381999301433
-5.536921151439299	2.259045716636258
-5.526908635794744	2.259502034190788
-5.516896120150188	2.219625849084843
-5.5068836045056315	2.1991691073561004
-5.496871088861076	2.2080782605015488
-5.486858573216521	2.246485677006955
-5.476846057571965	2.263396573803859
-5.466833541927409	2.2915118418433416
-5.456821026282853	2.301071368351778
-5.446808510638298	2.316542764372811
-5.4367959949937426	2.353081136747357
-5.4267834793491865	2.36583154085641
-5.41677096370463	2.368521642722536
-5.406758448060075	2.3686248891435153
-5.396745932415519	2.3711346952089234
-5.386733416770964	2.37201446640069
-5.376720901126408	2.3718145091595577
-5.366708385481852	2.371582302823769
-5.356695869837297	2.371416971889689
-5.346683354192741	2.3717426025885584
-5.336670838548185	2.3723349435043986
-5.326658322903629	2.3723254039137736
-5.316645807259073	2.373673538687478
-5.306633291614518	2.3788360659274
-5.296620775969963	2.3815746976655188
-5.286608260325407	2.386979956627936
-5.276595744680851	2.3910768325348863
-5.2665832290362955	2.394032224843262
-5.256570713391739	2.3999501224857966
-5.246558197747184	2.411682213606089
-5.236545682102628	2.4334090773447565
-5.226533166458072	2.464927479123534
-5.216520650813517	2.50795545251776
-5.206508135168962	2.5658660003775124
-5.196495619524406	2.6319773758390905
-5.18648310387985	2.705523579100822
-5.1764705882352935	2.785651821700291
-5.166458072590738	2.8682003706622554
-5.156445556946183	2.950115425572417
-5.146433041301627	3.0325417294966823
-5.136420525657071	3.1166111327978507
-5.126408010012516	3.1932152041273487
-5.11639549436796	3.2601181759971634
-5.1063829787234045	3.326804265666297
-5.0963704630788484	3.3996739423925706
-5.086357947434292	3.476188153121668
-5.076345431789737	3.545930976970722
-5.066332916145182	3.6108205403293523
-5.056320400500626	3.6853891424782437
-5.04630788485607	3.7753866991300633
-5.036295369211514	3.863862385630547
-5.026282853566959	3.9262562383625843
-5.016270337922403	3.958246099659022
-5.006257822277847	3.9637123831075582
-4.996245306633291	3.950993147344518
-4.986232790988735	3.9271314881643273
-4.97622027534418	3.889780096343009
-4.966207759699625	3.8384201937861513
-4.956195244055069	3.7829099997283753
-4.946182728410513	3.7242592416073146
-4.9361702127659575	3.656771327955439
-4.926157697121402	3.580791676050159
-4.916145181476846	3.4960919025251886
-4.90613266583229	3.3998998253319903
-4.896120150187734	3.2930884815704036
-4.886107634543179	3.1904894459759037
-4.876095118898624	3.0899263322467942
-4.866082603254068	2.99005781657823
-4.8560700876095115	2.898494040572161
-4.8460575719649555	2.816345750122181
-4.8360450563204	2.7365674311623827
-4.826032540675845	2.662803802042557
-4.816020025031289	2.611115049176591
-4.806007509386733	2.5652745196184905
-4.795994993742178	2.5278829546514134
-4.785982478097623	2.5051895850484245
-4.7759699624530665	2.4812812974791285
-4.76595744680851	2.4554840878962074
-4.755944931163954	2.437014540238195
-4.745932415519399	2.423856893802134
-4.735919899874844	2.4145997694031403
-4.725907384230288	2.410008267038736
-4.715894868585732	2.4079425176359983
-4.705882352941176	2.4070370616269336
-4.6958698372966206	2.4067032232977357
-4.685857321652065	2.4066430294025487
-4.675844806007509	2.406704179421529
-4.665832290362953	2.4068110933986255
-4.655819774718398	2.4069275509778216
-4.645807259073843	2.40703713230582
-4.635794743429287	2.40713326123928
-4.625782227784731	2.407214183174356
-4.615769712140175	2.4072804290268843
-4.605757196495619	2.40733353005309
-4.595744680851064	2.407375367287971
-4.585732165206508	2.4074078470480913
-4.575719649561952	2.407432746103389
-4.565707133917396	2.407451645884097
-4.555694618272841	2.407465913341499
-4.545682102628286	2.4074767057633863
-4.53566958698373	2.4074849872007427
-4.5256570713391735	2.40749154974213
-4.515644555694618	2.407497035949501
-4.505632040050063	2.4075019604999657
-4.495619524405507	2.4075067300642825
-4.485607008760951	2.4075116610167293
-4.475594493116395	2.407516994889754
-4.46558197747184	2.407522911661218
-4.4555694618272845	2.4075295410505175
-4.4455569461827285	2.4075369720377
-4.435544430538172	2.4075452608278374
-4.425531914893616	2.4075544374745834
-4.415519399249061	2.4075645113597908
-4.405506883604506	2.4075754757053294
-4.39549436795995	2.407587311271534
-4.385481852315394	2.4075999893757403
-4.375469336670839	2.407613474345037
-4.365456821026283	2.407627725499999
-4.355444305381727	2.407642698750913
-4.345431789737171	2.407658347874805
-4.335419274092615	2.4076746255302606
-4.32540675844806	2.4076914840574815
-4.315394242803505	2.4077088761028174
-4.305381727158949	2.407726755100344
-4.295369211514393	2.4077450756372754
-4.285356695869837	2.4077637937253473
-4.275344180225281	2.4077828669962837
-4.265331664580726	2.4078022548363527
-4.25531914893617	2.4078219184721363
-4.245306633291614	2.4078418210176147
-4.235294117647059	2.407861927490659
-4.225281602002504	2.4078822048056314
-4.215269086357948	2.4079026217475104
-4.2052565707133915	2.407923148931921
-4.1952440550688355	2.407943758754653
-4.18523153942428	2.4079644253335193
-4.175219023779725	2.407985124444881
-4.165206508135169	2.4080058334566656
-4.155193992490613	2.408026531259385
-4.145181476846057	2.408047198196273
-4.135168961201502	2.408067815993486
-4.1251564455569465	2.408088367691074
-4.11514392991239	2.408108837575237
-4.105131414267834	2.4081292111123096
-4.095118898623279	2.4081494748847443
-4.085106382978723	2.4081696165293276
-4.075093867334168	2.4081896246777497
-4.065081351689612	2.408209488899639
-4.055068836045056	2.4082291996480607
-4.045056320400501	2.4082487482075474
-4.035043804755945	2.408268126644578
-4.025031289111389	2.408287327760509
-4.015018773466833	2.4083063450468747
-4.005006257822277	2.408325172643001
-3.994993742177722	2.4083438052958512
-3.9849812265331668	2.4083622383220185
-3.9749687108886107	2.408380467571786
-3.9649561952440546	2.4083984893951484
-3.9549436795994994	2.4084175955994382
-3.9449311639549434	2.4070107515911143
-3.934918648310388	2.380897333696271
-3.924906132665832	2.35223762783546
-3.914893617021277	2.315931302304349
-3.904881101376721	2.364971409905094
-3.8948685857321648	2.3357946639818383
-3.8848560700876096	2.458539386362184
-3.8748435544430535	2.486212009631213
-3.8648310387984983	2.57921562521177
-3.8548185231539422	2.6670005209465404
-3.844806007509387	2.7392695220325507
-3.834793491864831	2.914789841274589
-3.824780976220275	2.9575320929458453
-3.8147684605757197	3.0218584736820184
-3.8047559449311636	3.0413331046359953
-3.7947434292866085	3.0612782497376725
-3.7847309136420524	3.0946511836158517
-3.774718397997497	3.1254564477223994
-3.764705882352941	3.125352517686152
-3.754693366708385	3.139030016063237
-3.74468085106383	3.1390235351146223
-3.734668335419274	3.1390164792531468
-3.7246558197747186	3.139008815394472
-3.7146433041301625	3.1390005086619737
-3.7046307884856065	3.138991522095304
-3.6946182728410513	3.1389818165167176
-3.684605757196495	3.138971350388336
-3.67459324155194	3.138960079659786
-3.664580725907384	3.13894795760556
-3.6545682102628287	3.1389349346514597
-3.6445556946182727	3.1389209581894195
-3.6345431789737166	3.138905972380054
-3.6245306633291614	3.138889917942192
-3.6145181476846053	3.1388727319287097
-3.60450563204005	3.138854347487972
-3.594493116395494	3.1388346936102285
-3.584480600750939	3.1388136948583494
-3.574468085106383	3.1387912710824066
-3.5644555694618267	3.1387673371177094
-3.5544430538172715	3.13874180246606
-3.5444305381727155	3.138714570960291
-3.5344180225281603	3.1386855404123866
-3.524405506883604	3.138654602245998
-3.514392991239049	3.13862164111461
-3.504380475594493	3.138586534507423
-3.494367959949937	3.1385491523458047
-3.4843554443053817	3.1385093565744215
-3.4743429286608256	3.138467000752536
-3.4643304130162704	3.1384219296527927
-3.4543178973717144	3.1383739788771914
-3.444305381727159	3.1383229745027053
-3.434292866082603	3.1382687327727647
-3.424280350438047	3.138211059855177
-3.414267834793492	3.138149751692742
-3.4042553191489358	3.1380845939797375
-3.3942428035043806	3.138015362306002
-3.3842302878598245	3.1379418225210136
-3.3742177722152693	3.1378637313834004
-3.3642052565707132	3.1377808375774103
-3.354192740926157	3.137692883197551
-3.344180225281602	3.1375996058267397
-3.334167709637046	3.1375007413625875
-3.3241551939924907	3.137396027781952
-3.3141426783479346	3.1372852100768696
-3.3041301627033794	3.137168046646186
-3.2941176470588234	3.1370443174883853
-3.2841051314142673	3.136913834612885
-3.274092615769712	3.1367764551704025
-3.264080100125156	3.13663209789812
-3.254067584480601	3.136480763580961
-3.2440550688360448	3.1363225603434977
-3.2340425531914896	3.1361577347012237
-3.2240300375469335	3.1359867094037184
-3.2140175219023774	3.1358101291757556
-3.2040050062578223	3.1356289154741264
-3.193992490613266	3.1354443312784714
-3.183979974968711	3.135258056649476
-3.173967459324155	3.1350722752095366
-3.1639549436795997	3.134889770677987
-3.1539424280350437	3.134714030927195
-3.1439299123904876	3.134549354483135
-3.1339173967459324	3.134400950766943
-3.1239048811013763	3.13427502067303
-3.113892365456821	3.134178799082612
-3.103879849812265	3.1341205387055626
-3.09386733416771	3.1341094250923636
-3.083854818523154	3.1341554660188637
-3.0738423028785977	3.1342695892017134
-3.0638297872340425	3.134464817831049
-3.0538172715894865	3.134761518783032
-3.0438047559449313	3.1352069725835467
-3.033792240300375	3.1359437492002455
-3.02377972465582	3.137422976301192
-3.013767209011264	3.1407780628431663
-3.003754693366708	3.1470202102275615
-2.9937421777221527	3.1552759019713585
-2.9837296620775966	3.1669754422978316
-2.9737171464330414	3.1880244966624347
-2.9637046307884853	3.2130823282276166
-2.95369211514393	3.236606482740316
-2.943679599499374	3.2608725054054877
-2.933667083854818	3.2958237769483345
-2.923654568210263	3.3505998442818274
-2.9136420525657067	3.419071568742104
-2.9036295369211516	3.495111663176801
-2.8936170212765955	3.579674841905849
-2.8836045056320403	3.6621329226787034
-2.873591989987484	3.735589699909439
-2.863579474342928	3.7973542129829423
-2.853566958698373	3.868082543641799
-2.843554443053817	3.9552184216691373
-2.8335419274092617	4.062162998019114
-2.8235294117647056	4.168597764646352
-2.8135168961201504	4.264895422047869
-2.8035043804755944	4.361279763883141
-2.7934918648310383	4.449328368265697
-2.783479349186483	4.523904857332162
-2.773466833541927	4.5940687694403355
-2.763454317897372	4.667192200363734
-2.7534418022528158	4.735035388034917
-2.7434292866082606	4.798076836740145
-2.7334167709637045	4.866680179625172
-2.7234042553191484	4.924258928749067
-2.7133917396745932	4.9649572973787555
-2.703379224030037	5.009290493202807
-2.693366708385482	5.062062424196365
-2.683354192740926	5.136239058287363
-2.6733416770963707	5.220213440502206
-2.6633291614518146	5.30205513624873
-2.6533166458072586	5.382478539816634
-2.6433041301627034	5.448651171707373
-2.6332916145181473	5.49606316803086
-2.623279098873592	5.54021975047014
-2.613266583229036	5.590662534525047
-2.603254067584481	5.637316263928211
-2.593241551939925	5.679569076630825
-2.5832290362953687	5.721607677719573
-2.5732165206508135	5.7746951528921455
-2.5632040050062574	5.840272540206713
-2.5531914893617023	5.903864164581831
-2.543178973717146	5.956464406796169
-2.533166458072591	5.998802883341619
-2.523153942428035	6.02097482378337
-2.513141426783479	6.020763585089688
-2.5031289111389237	6.0040683290221
-2.4931163954943676	5.981872220717418
-2.4831038798498124	5.9528583810623825
-2.4730913642052563	5.9334443303364095
-2.463078848560701	5.940523096131005
-2.453066332916145	5.953916887787802
-2.443053817271589	5.951529760293278
-2.433041301627034	5.940239166707405
-2.4230287859824777	5.924768022720423
-2.4130162703379225	5.899509043278469
-2.4030037546933665	5.867940036628218
-2.3929912390488113	5.8197720763403975
-2.382978723404255	5.754200833913516
-2.372966207759699	5.690219470434936
-2.362953692115144	5.637764096773565
-2.352941176470588	5.601624167169967
-2.3429286608260327	5.5904784162560075
-2.3329161451814766	5.568810365769136
-2.3229036295369214	5.5400431994906825
-2.3128911138923653	5.506993561013787
-2.3028785982478093	5.492284781446832
-2.292866082603254	5.492909153318443
-2.282853566958698	5.492322914505521
-2.272841051314143	5.496148809890451
-2.2628285356695867	5.547044891363174
-2.2528160200250316	5.618069330913422
-2.2428035043804755	5.700203509366154
-2.2327909887359194	5.745895473569338
-2.2227784730913642	5.781815751781524
-2.212765957446808	5.807745605287548
-2.202753441802253	5.829623181684119
-2.192740926157697	5.879017199981981
-2.1827284105131417	5.923933102211992
-2.1727158948685856	5.963826999926353
-2.1627033792240296	6.021954011829032
-2.1526908635794744	6.104292830621253
-2.1426783479349183	6.192525225761365
-2.132665832290363	6.277976523291551
-2.122653316645807	6.3652777242283545
-2.112640801001252	6.439711103219679
-2.1026282853566958	6.493630328565001
-2.0926157697121397	6.525954758942931
-2.0826032540675845	6.541909133919019
-2.0725907384230284	6.549010045440347
-2.0625782227784732	6.536240290401219
-2.052565707133917	6.513537311257446
-2.042553191489362	6.496108999886067
-2.032540675844806	6.474799068169199
-2.02252816020025	6.445180909247771
-2.0125156445556946	6.4260117047693495
-2.0025031289111386	6.416928328108997
-1.9924906132665834	6.41946691585895
-1.9824780976220273	6.42004117629632
-1.9724655819774712	6.416413067770736
-1.962453066332916	6.426968916777809
-1.95244055068836	6.45014450350407
-1.9424280350438048	6.471032983137033
-1.9324155193992487	6.480100456353038
-1.9224030037546935	6.466260717868344
-1.9123904881101375	6.4456085925240245
-1.9023779724655814	6.413433463715201
-1.8923654568210262	6.3661028902763865
-1.8823529411764701	6.318537478149839
-1.872340425531915	6.274234840597592
-1.8623279098873589	6.234612533552536
-1.8523153942428037	6.195091565964975
-1.8423028785982476	6.154567169433513
-1.8322903629536915	6.116505871238958
-1.8222778473091363	6.079206654208906
-1.8122653316645803	6.028591838407922
-1.802252816020025	5.9590160494584525
-1.792240300375469	5.893816656453457
-1.7822277847309138	5.827811226237394
-1.7722152690863577	5.743698720990588
-1.7622027534418017	5.66152527444001
-1.7521902377972465	5.5831145833456475
-1.7421777221526904	5.5041363364573135
-1.7321652065081352	5.423567811105023
-1.7221526908635791	5.334650711442443
-1.712140175219024	5.245371671372671
-1.7021276595744679	5.147549147933511
-1.6921151439299118	5.010320428116917
-1.6821026282853566	4.834604859968575
-1.6720901126408005	4.678416861011441
-1.6620775969962454	4.54539348300356
-1.6520650813516893	4.406140850523298
-1.642052565707134	4.248719948161848
-1.632040050062578	4.102031008180909
-1.622027534418022	3.976558434930026
-1.6120150187734668	3.8643015815919934
-1.6020025031289107	3.743568384247713
-1.5919899874843555	3.644072569882411
-1.5819774718397994	3.5689944823709516
-1.5719649561952442	3.494140600940923
-1.5619524405506882	3.429799159362836
-1.551939924906132	3.3782941739528196
-1.541927409261577	3.3352811869272996
-1.5319148936170208	3.285603234091295
-1.5219023779724656	3.246046909575588
-1.5118898623279096	3.2278542263018557
-1.5018773466833544	3.216171902461106
-1.4918648310387983	3.2087700600231903
-1.4818523153942422	3.2059591075606497
-1.471839799749687	3.2056144669703475
-1.461827284105131	3.206072682783747
-1.4518147684605758	3.2067307366319
-1.4418022528160197	3.2073386592089497
-1.4317897371714645	3.2075708419874513
-1.4217772215269084	3.2005705529348125
-1.4117647058823524	3.1788617231456997
-1.4017521902377972	3.151390739018801
-1.391739674593241	3.1099390419052977
-1.381727158948686	2.9802976173230835
-1.3717146433041298	2.886730833060274
-1.3617021276595747	2.838698257810744
-1.3516896120150186	2.6866775846180135
-1.3416770963704625	2.517471951942252
-1.3316645807259073	2.387216039342566
-1.3216520650813512	2.2489436806584657
-1.311639549436796	2.1174642279100144
-1.30162703379224	1.9744995179673468
-1.2916145181476848	1.8805120735037926
-1.2816020025031287	1.8347266045567665
-1.2715894868585726	1.8227675840317952
-1.2615769712140175	1.8006453975919172
-1.2515644555694614	1.7958332548529716
-1.2415519399249062	1.7955965193448145
-1.2315394242803501	1.8001346584467686
-1.221526908635795	1.814934207037709
-1.2115143929912389	1.8148935643233262
-1.2015018773466828	1.8145729715842227
-1.1914893617021276	1.8142865138115585
-1.1814768460575715	1.8141728333020364
-1.1714643304130163	1.8117466283945043
-1.1614518147684603	1.808420698768094
-1.151439299123905	1.81216329371744
-1.141426783479349	1.8132014059169939
-1.131414267834793	1.8144199995633357
-1.1214017521902377	1.8192178016683818
-1.1113892365456817	1.8243454880970356
-1.1013767209011265	1.831371671164745
-1.0913642052565704	1.8500641912263984
-1.0813516896120152	1.8911950720480657
-1.0713391739674591	1.9360123000446556
-1.061326658322903	1.969552634094549
-1.0513141426783479	2.0004923046510537
-1.0413016270337918	2.036344560737124
-1.0312891113892366	2.0823687910354516
-1.0212765957446805	2.138685682633064
-1.0112640801001254	2.2022609974601823
-1.0012515644555693	2.2665343665612285
-0.9912390488110132	2.3335162642877028
-0.981226533166458	2.408312584607969
-0.971214017521902	2.477507533263713
-0.9612015018773468	2.533438391153742
-0.9511889862327907	2.5850279409885233
-0.9411764705882355	2.6366017329173723
-0.9311639549436794	2.6814225793093858
-0.9211514392991234	2.7144196612664566
-0.9111389236545682	2.731096065309037
-0.9011264080100121	2.734954446701778
-0.8911138923654569	2.726378278179084
-0.8811013767209008	2.706105126047961
-0.8710888610763456	2.6795699253855236
-0.8610763454317896	2.6479579967643123
-0.8510638297872335	2.610829935052439
-0.8410513141426783	2.577119566162932
-0.8310387984981222	2.550566704553908
-0.821026282853567	2.5249647375832707
-0.811013767209011	2.496335636169748
-0.8010012515644558	2.4671764814582873
-0.7909887359198997	2.431273639838923
-0.7809762202753436	2.378729984919806
-0.7709637046307884	2.316636493436749
-0.7609511889862324	2.2611783401633567
-0.7509386733416772	2.207662491284863
-0.7409261576971211	2.1592262542335923
-0.7309136420525659	2.115262517090486
-0.7209011264080099	2.079535459840662
-0.7108886107634538	2.04646875701353
-0.7008760951188986	2.017219881953304
-0.6908635794743425	1.9979192350844979
-0.6808510638297873	1.9868153902438275
-0.6708385481852313	1.979107209560148
-0.6608260325406761	1.9698581714311747
-0.65081351689612	1.9557826484611702
-0.6408010012515639	1.9456661352088045
-0.6307884856070087	1.9230346934376779
-0.6207759699624527	1.9141954340495206
-0.6107634543178975	1.9101289722861494
-0.6007509386733414	1.910434302145566
-0.5907384230287862	1.914875418915762
-0.5807259073842301	1.9133214473504696
-0.5707133917396741	1.93320955237466
-0.5607008760951189	1.9373432578832324
-0.5506883604505628	1.9338936952640204
-0.5406758448060076	1.9432017922452602
-0.5306633291614515	1.9590892001753928
-0.5206508135168963	1.9796740198211804
-0.5106382978723403	2.0002404791491086
-0.5006257822277842	2.01749153985146
-0.490613266583229	2.031544821220435
-0.48060075093867294	2.0480839009217346
-0.47058823529411775	2.0666131924148736
-0.4605757196495617	2.0857828384648247
-0.4505632040050065	2.1028050556557494
-0.4405506883604504	2.1200452224013944
-0.43053817271589434	2.145153299555974
-0.42052565707133915	2.1800921263652056
-0.4105131414267831	2.227307865146389
-0.4005006257822279	2.2750709491806145
-0.3904881101376718	2.3218236382284765
-0.38047559449311663	2.3738169600034036
-0.37046307884856056	2.439313125334327
-0.3604505632040045	2.5044990418874677
-0.3504380475594493	2.55564757961511
-0.3404255319148932	2.593898027658427
-0.33041301627033803	2.6355893946221878
-0.32040050062578196	2.6871314920983025
-0.3103879849812259	2.7405947319152584
-0.3003754693366707	2.7895341213390723
-0.2903629536921146	2.8284472364288624
-0.28035043804755944	2.8585343216221797
-0.27033792240300336	2.8808218526876
-0.2603254067584482	2.893123901352023
-0.2503128911138921	2.897576552911966
-0.24030037546933602	2.895581990593072
-0.23028785982478084	2.892155472588054
-0.22027534418022476	2.896000289638646
-0.21026282853566958	2.906479284340793
-0.2002503128911135	2.91319692670774
-0.19023779724655832	2.91295826772938
-0.18022528160200224	2.911770490320727
-0.17021276595744617	2.9104156840551236
-0.16020025031289098	2.905345376450896
-0.1501877346683349	2.8884384779168153
-0.14017521902377972	2.8611854059001094
-0.13016270337922364	2.8340245263608637
-0.12015018773466846	2.8137326424631826
-0.11013767209011238	2.7951495735719902
-0.10012515644555631	2.762335316864485
-0.09011264080100112	2.714837081575995
-0.08010012515644505	2.657020519895611
-0.07008760951188986	2.5947545768063804
-0.060075093867333784	2.5324990385277246
-0.0500625782227786	2.4879061105838605
-0.04005006257822252	2.4493219688293952
-0.030037546933666448	2.4299800087959063
-0.02002503128911126	2.429418823938571
-0.010012515644555187	2.4330594356822526
0.0	2.4228020192893394
