-8.0	1.1248427533548275
-7.989987484355444	1.1256639373056991
-7.979974968710889	1.1264409902894412
-7.969962453066333	1.128282413768312
-7.9599499374217775	1.1310427444572926
-7.949937421777221	1.1346276545331198
-7.939924906132666	1.1387291012264364
-7.92991239048811	1.1447542161544917
-7.919899874843554	1.1570692189528993
-7.909887359198999	1.1682832475271154
-7.899874843554443	1.1788252303233762
-7.889862327909888	1.1852127903333025
-7.8798498122653315	1.1908332168296496
-7.869837296620776	1.1989202746327676
-7.85982478097622	1.2135963231063853
-7.849812265331664	1.2326593813498634
-7.839799749687109	1.2440226736748905
-7.829787234042553	1.2549594742511512
-7.819774718397998	1.267855799435786
-7.809762202753442	1.2808984206972356
-7.7997496871088865	1.2950881910439265
-7.78973717146433	1.3112207860584375
-7.779724655819774	1.3326914445012052
-7.769712140175219	1.3523939799186073
-7.759699624530663	1.3716226726662624
-7.749687108886108	1.3883664381869913
-7.739674593241552	1.3988095373922855
-7.729662077596997	1.4073711414560375
-7.719649561952441	1.4170931856089104
-7.7096370463078845	1.4273670241288714
-7.699624530663329	1.4372846470693756
-7.689612015018773	1.4478147944718016
-7.679599499374218	1.4584083927970146
-7.669586983729662	1.4682264809093493
-7.659574468085107	1.4784321031245027
-7.649561952440551	1.4915640322796218
-7.639549436795995	1.5062024901842792
-7.629536921151439	1.5213476763763123
-7.619524405506883	1.5367896326057964
-7.609511889862328	1.5503244262599016
-7.599499374217772	1.5620385477441163
-7.589486858573217	1.5712644320009799
-7.579474342928661	1.5786359428576964
-7.569461827284105	1.5854935240796775
-7.55944931163955	1.590178566374212
-7.5494367959949935	1.5910980431819057
-7.539424280350438	1.5860589244191905
-7.529411764705882	1.5765552703527146
-7.519399249061326	1.5669415149710901
-7.509386733416771	1.56099185829602
-7.499374217772215	1.5591081826714492
-7.48936170212766	1.5591452670488288
-7.479349186483104	1.5607120872509288
-7.4693366708385485	1.565417240997166
-7.459324155193992	1.5726084168451715
-7.449311639549437	1.5790774111455543
-7.439299123904881	1.584162475786337
-7.429286608260325	1.5887217149611028
-7.41927409261577	1.5913884186597718
-7.409261576971214	1.5903989608922031
-7.399249061326659	1.5848613242150598
-7.3892365456821025	1.5765535049521375
-7.3792240300375465	1.5708440116170372
-7.369211514392991	1.5717716903053451
-7.359198998748435	1.5783747940421553
-7.34918648310388	1.5854603203301194
-7.339173967459324	1.5873864399169506
-7.329161451814769	1.5833101802367215
-7.319148936170213	1.5764036304819113
-7.3091364205256575	1.568244570939607
-7.299123904881101	1.5609427957279773
-7.289111389236545	1.559385827950224
-7.27909887359199	1.5648966775828743
-7.269086357947434	1.5747323065266337
-7.259073842302879	1.5856659042015528
-7.249061326658323	1.5956975944444844
-7.239048811013767	1.604140021021016
-7.2290362953692116	1.6108906474136455
-7.2190237797246555	1.6159567532369052
-7.2090112640801	1.619656611305232
-7.198998748435544	1.6236235317456462
-7.188986232790989	1.6293353019121382
-7.178973717146433	1.6366112663609804
-7.168961201501878	1.644802962809778
-7.158948685857322	1.6531511734825826
-7.148936170212766	1.6598817567291548
-7.13892365456821	1.663033374527277
-7.128911138923654	1.6646198121721472
-7.118898623279099	1.6698811607200543
-7.108886107634543	1.6805393338431946
-7.098873591989987	1.6965989920636513
-7.088861076345432	1.7166968950874562
-7.078848560700876	1.7382274671642464
-7.068836045056321	1.7588876030540601
-7.0588235294117645	1.777357806399939
-7.048811013767209	1.7931751976737982
-7.038798498122653	1.8065800078296754
-7.028785982478098	1.8180564577969476
-7.018773466833542	1.8278411561512686
-7.008760951188986	1.8362350514082926
-6.998748435544431	1.8432360530839706
-6.988735919899875	1.8489893793628869
-6.9787234042553195	1.8536733523599038
-6.968710888610763	1.855151258409198
-6.958698372966207	1.8506999737321101
-6.948685857321652	1.8409549982014781
-6.938673341677096	1.828615284551414
-6.928660826032541	1.8161438628763726
-6.918648310387985	1.805414567743885
-6.908635794743429	1.7977913141443502
-6.8986232790988735	1.7934507684449574
-6.888610763454318	1.7908450033246808
-6.878598247809762	1.7875041300613788
-6.868585732165206	1.7800491855075444
-6.858573216520651	1.7656307611805562
-6.848560700876095	1.7443864250438719
-6.83854818523154	1.7190205836675863
-6.828535669586984	1.6936340198151947
-6.818523153942428	1.6719078984744913
-6.808510638297872	1.6554840649014981
-6.798498122653316	1.6424179439099942
-6.788485607008761	1.6295302353478818
-6.778473091364205	1.615050261215284
-6.768460575719649	1.5979430085645543
-6.758448060075094	1.5783952912790808
-6.748435544430539	1.5586049853443449
-6.7384230287859825	1.5409616081181472
-6.7284105131414265	1.5261051563796255
-6.718397997496871	1.5134716303417188
-6.708385481852315	1.5013530361036689
-6.69837296620776	1.4891230575153225
-6.688360450563204	1.4757706146392238
-6.678347934918648	1.4622958650966031
-6.668335419274093	1.4499484889211198
-6.658322903629537	1.4385852911008103
-6.648310387984981	1.4274306770085192
-6.638297872340425	1.415323295915362
-6.628285356695869	1.4000855574551003
-6.618272841051314	1.3806548384463087
-6.608260325406759	1.358608947970483
-6.598247809762203	1.3360898255455635
-6.588235294117647	1.3154570881377452
-6.578222778473092	1.2974701199010061
-6.5682102628285355	1.2820133086820544
-6.55819774718398	1.2688957392505966
-6.548185231539424	1.2568298702938037
-6.538172715894868	1.2443460131408328
-6.528160200250313	1.230648252856246
-6.518147684605757	1.216201646373081
-6.508135168961202	1.2025101136573113
-6.498122653316646	1.190295832924078
-6.4881101376720896	1.1845036490847456
-6.478097622027534	1.1792358241601206
-6.468085106382979	1.174689527950596
-6.458072590738423	1.172190839275395
-6.448060075093867	1.1699807634691328
-6.438047559449312	1.1666194568177457
-6.428035043804756	1.1638781624197896
-6.418022528160201	1.1665324599384421
-6.4080100125156445	1.164517344568195
-6.397997496871088	1.162376320574287
-6.387984981226533	1.1622461805869777
-6.377972465581977	1.165710721971767
-6.367959949937422	1.1659471280284255
-6.357947434292866	1.1665932649450617
-6.34793491864831	1.16969908042495
-6.337922403003755	1.1818803471323567
-6.3279098873591995	1.1991419451744385
-6.317897371714643	1.2115607593215703
-6.307884856070087	1.2284210681665462
-6.297872340425532	1.2479309169496502
-6.287859824780976	1.2790517366028387
-6.277847309136421	1.3111597514321702
-6.267834793491865	1.343968472887806
-6.257822277847309	1.3799530068196697
-6.2478097622027535	1.4276563428680795
-6.2377972465581975	1.4709432885451192
-6.227784730913642	1.5095275598637459
-6.217772215269086	1.541098518155864
-6.20775969962453	1.569806143041365
-6.197747183979975	1.60258354412146
-6.18773466833542	1.6406041541125442
-6.177722152690864	1.6877045055171886
-6.167709637046308	1.7408145548955722
-6.157697121401752	1.7983538235422023
-6.147684605757196	1.8455769318319377
-6.137672090112641	1.8856406980414544
-6.127659574468085	1.9514522821709213
-6.117647058823529	1.9983686531146145
-6.107634543178974	2.0431113934664293
-6.097622027534418	2.0885008747267317
-6.0876095118898625	2.1232273677224565
-6.0775969962453065	2.1524754563145807
-6.06758448060075	2.185542999336746
-6.057571964956195	2.2195929868364948
-6.04755944931164	2.2505949142311663
-6.037546933667084	2.289858536393658
-6.027534418022528	2.31719458614608
-6.017521902377973	2.3428343237756013
-6.007509386733417	2.3720010759873116
-5.997496871088861	2.4043764185751573
-5.987484355444305	2.431312671632601
-5.977471839799749	2.4549002153798334
-5.967459324155194	2.4775472345282448
-5.957446808510639	2.498919580152744
-5.947434292866083	2.525472584727166
-5.937421777221527	2.5389326839640782
-5.927409261576971	2.539845641373894
-5.9173967459324155	2.5396823443400023
-5.90738423028786	2.54334386478103
-5.897371714643304	2.547619240489221
-5.887359198998748	2.5507810605861634
-5.877346683354192	2.551450277214208
-5.867334167709637	2.543008954655132
-5.857321652065082	2.534053039509274
-5.847309136420526	2.5264442533915403
-5.83729662077597	2.5134571183764343
-5.827284105131414	2.499332566607666
-5.817271589486858	2.48723877495684
-5.807259073842303	2.4755072643119065
-5.797246558197747	2.458170854709333
-5.787234042553191	2.440700229983
-5.777221526908636	2.4241295156791383
-5.767209011264081	2.4087074168266933
-5.7571964956195245	2.399079615690311
-5.747183979974968	2.3884258293276694
-5.737171464330412	2.370136517272014
-5.727158948685857	2.348947260372372
-5.717146433041302	2.3276059607110553
-5.707133917396746	2.3070378189920295
-5.69712140175219	2.2828089242173326
-5.687108886107635	2.2521362721476668
-5.677096370463079	2.22912514309337
-5.667083854818523	2.2222661643085377
-5.657071339173967	2.219571861816701
-5.647058823529411	2.214934044531685
-5.637046307884856	2.2082148508125075
-5.627033792240301	2.2042671783809182
-5.617021276595745	2.197995186852793
-5.607008760951189	2.1866447659852115
-5.596996245306633	2.182005428886628
-5.5869837296620775	2.1642178365834606
-5.576971214017522	2.1412335961852507
-5.566958698372966	2.119373371401269
-5.55694618272841	2.1119168339173093
-5.546933667083855	2.0962795190400594
-5.536921151439299	2.0793504441751454
-5.526908635794744	2.0663264078522583
-5.516896120150188	2.0629314055210384
-5.5068836045056315	2.0586030229176
-5.496871088861076	2.041369113916194
-5.486858573216521	2.033192987778539
-5.476846057571965	2.008763518549948
-5.466833541927409	1.9879602601014728
-5.456821026282853	1.9814577406649454
-5.446808510638298	1.973797626000418
-5.4367959949937426	1.9745639654574068
-5.4267834793491865	1.9855728219552427
-5.41677096370463	1.9845258764309035
-5.406758448060075	1.9861721677938575
-5.396745932415519	1.9728717392820163
-5.386733416770964	1.969503702898991
-5.376720901126408	1.968250110299585
-5.366708385481852	1.9725359275434453
-5.356695869837297	1.9689013095141903
-5.346683354192741	1.9740141145966295
-5.336670838548185	1.9661542705405612
-5.326658322903629	1.9638230907941059
-5.316645807259073	1.9770229461461668
-5.306633291614518	1.9956309742198213
-5.296620775969963	2.008002702149147
-5.286608260325407	2.0295148420059648
-5.276595744680851	2.040984114163628
-5.2665832290362955	2.0529221603722996
-5.256570713391739	2.0731644516577616
-5.246558197747184	2.101822987459811
-5.236545682102628	2.152573124983682
-5.226533166458072	2.1843809779324377
-5.216520650813517	2.2051659487387516
-5.206508135168962	2.2206399638986047
-5.196495619524406	2.2320300203778425
-5.18648310387985	2.2472577576973474
-5.1764705882352935	2.2841502338871544
-5.166458072590738	2.3298307387227197
-5.156445556946183	2.3741400637159655
-5.146433041301627	2.4097816143001833
-5.136420525657071	2.440946391146812
-5.126408010012516	2.480351177317641
-5.11639549436796	2.5314935699747645
-5.1063829787234045	2.5814917308664262
-5.0963704630788484	2.6286970122552944
-5.086357947434292	2.6636229777371994
-5.076345431789737	2.6909482909663627
-5.066332916145182	2.7222707764387746
-5.056320400500626	2.7464141704195146
-5.04630788485607	2.7684007534882222
-5.036295369211514	2.7888661620992714
-5.026282853566959	2.7946852588399973
-5.016270337922403	2.795513092861363
-5.006257822277847	2.8111168825493835
-4.996245306633291	2.845850867494604
-4.986232790988735	2.869322154836691
-4.97622027534418	2.8759066559710513
-4.966207759699625	2.8723902315818153
-4.956195244055069	2.8704838811791293
-4.946182728410513	2.876865155491459
-4.9361702127659575	2.8868521004289502
-4.926157697121402	2.8859678208810062
-4.916145181476846	2.8713553326214454
-4.90613266583229	2.852021669219543
-4.896120150187734	2.8319362615881296
-4.886107634543179	2.811883670630742
-4.876095118898624	2.7858993771274254
-4.866082603254068	2.761217282086999
-4.8560700876095115	2.747981750447075
-4.8460575719649555	2.7414883338942935
-4.8360450563204	2.73387667400133
-4.826032540675845	2.712735772099777
-4.816020025031289	2.672136239081873
-4.806007509386733	2.6127162960242636
-4.795994993742178	2.5479438012163063
-4.785982478097623	2.4882085460174084
-4.7759699624530665	2.4388820838673295
-4.76595744680851	2.397145759945795
-4.755944931163954	2.3555705578235346
-4.745932415519399	2.3101883895471387
-4.735919899874844	2.272275251186985
-4.725907384230288	2.2341106501134442
-4.715894868585732	2.191361621696858
-4.705882352941176	2.1601917315478607
-4.6958698372966206	2.1389174885771043
-4.685857321652065	2.1152002259248666
-4.675844806007509	2.0964534665757384
-4.665832290362953	2.0794544460471434
-4.655819774718398	2.060396022697294
-4.645807259073843	2.0464198149371087
-4.635794743429287	2.0378313449434247
-4.625782227784731	2.0285826390268635
-4.615769712140175	2.0150052478732645
-4.605757196495619	1.9987878197738043
-4.595744680851064	1.9850014159134095
-4.585732165206508	1.9683267816140442
-4.575719649561952	1.9563867377296444
-4.565707133917396	1.9507759002362548
-4.555694618272841	1.9473859290307005
-4.545682102628286	1.9458094059363147
-4.53566958698373	1.9432996113526877
-4.5256570713391735	1.9404484260320314
-4.515644555694618	1.9412843999255436
-4.505632040050063	1.9426571444314136
-4.495619524405507	1.9431801230376142
-4.485607008760951	1.9421342530353896
-4.475594493116395	1.9406224831898942
-4.46558197747184	1.939750608353952
-4.4555694618272845	1.9392293247108288
-4.4455569461827285	1.9392011899358734
-4.435544430538172	1.9394638887700302
-4.425531914893616	1.9397925956018873
-4.415519399249061	1.9401009972887557
-4.405506883604506	1.940368368754248
-4.39549436795995	1.9405943057435306
-4.385481852315394	1.9407835919556689
-4.375469336670839	1.9409417931094668
-4.365456821026283	1.9410740494006893
-4.355444305381727	1.9411847974519307
-4.345431789737171	1.9412777654495383
-4.335419274092615	1.9413560469272244
-4.32540675844806	1.9414221921138832
-4.315394242803505	1.9414782964473416
-4.305381727158949	1.941526079455452
-4.295369211514393	1.9415669522797667
-4.285356695869837	1.9416020741641038
-4.275344180225281	1.9416323990435507
-4.265331664580726	1.9416587136235413
-4.25531914893617	1.9416816683298708
-4.245306633291614	1.9417018023842583
-4.235294117647059	1.9417195640910616
-4.225281602002504	1.9417353272470257
-4.215269086357948	1.9417494044255794
-4.2052565707133915	1.9417620577472112
-4.1952440550688355	1.94177350762959
-4.18523153942428	1.9417839399137222
-4.175219023779725	1.9417935116834266
-4.165206508135169	1.9418023560316042
-4.155193992490613	1.9418105859758734
-4.145181476846057	1.9418182976854317
-4.135168961201502	1.9418255731486864
-4.1251564455569465	1.9418324823855262
-4.11514392991239	1.9418390852876295
-4.105131414267834	1.9418454331540116
-4.095118898623279	1.9418515699760686
-4.085106382978723	1.9418575335160393
-4.075093867334168	1.9418633562146062
-4.065081351689612	1.9418690659567046
-4.055068836045056	1.9418746867193244
-4.045056320400501	1.941880239120818
-4.035043804755945	1.9418857408877523
-4.025031289111389	1.9418912072525556
-4.015018773466833	1.9436782972060669
-4.005006257822277	1.9496035469945494
-3.994993742177722	1.951156831631847
-3.9849812265331668	1.9511626981325825
-3.9749687108886107	1.9388881553748536
-3.9649561952440546	1.9407349886764276
-3.9549436795994994	1.93888321141319
-3.9449311639549434	1.9400866423463765
-3.934918648310388	1.9160574072189045
-3.924906132665832	1.90748778870848
-3.914893617021277	1.9024844338563864
-3.904881101376721	1.9101832206579683
-3.8948685857321648	1.914789442316693
-3.8848560700876096	1.916872154147825
-3.8748435544430535	1.9294180059426334
-3.8648310387984983	1.95132108654208
-3.8548185231539422	1.9677785537511803
-3.844806007509387	1.9623802555965963
-3.834793491864831	2.0016780164327055
-3.824780976220275	2.0354707712827356
-3.8147684605757197	2.0631380710721934
-3.8047559449311636	2.078702359169035
-3.7947434292866085	2.1121879259753262
-3.7847309136420524	2.1431956903387137
-3.774718397997497	2.179046147079559
-3.764705882352941	2.21950726158282
-3.754693366708385	2.250156285756622
-3.74468085106383	2.297405853802347
-3.734668335419274	2.3357940752371182
-3.7246558197747186	2.361006588602621
-3.7146433041301625	2.371762181671861
-3.7046307884856065	2.3979914267215885
-3.6946182728410513	2.415113831628124
-3.684605757196495	2.4243372559192857
-3.67459324155194	2.444117998194468
-3.664580725907384	2.449484412050143
-3.6545682102628287	2.4491925923147253
-3.6445556946182727	2.4543195486258007
-3.6345431789737166	2.4605301488410563
-3.6245306633291614	2.4605217699306863
-3.6145181476846053	2.460513190060681
-3.60450563204005	2.4605045791645974
-3.594493116395494	2.460495938297676
-3.584480600750939	2.463448143744465
-3.574468085106383	2.464222759450297
-3.5644555694618267	2.4642140354155044
-3.5544430538172715	2.464205307620776
-3.5444305381727155	2.473626770288484
-3.5344180225281603	2.473618014614265
-3.524405506883604	2.4736092395261275
-3.514392991239049	2.4736004487934986
-3.504380475594493	2.473591644341921
-3.494367959949937	2.473582828204596
-3.4843554443053817	2.473574002531608
-3.4743429286608256	2.4735651696003527
-3.4643304130162704	2.4735563318273446
-3.4543178973717144	2.473547491781635
-3.444305381727159	2.4735386522000553
-3.434292866082603	2.4735298160045853
-3.424280350438047	2.4735209863221557
-3.414267834793492	2.473512166507264
-3.4042553191489358	2.473503360167826
-3.3942428035043806	2.473494571194773
-3.3842302878598245	2.4734858037959713
-3.3742177722152693	2.4734770625351756
-3.3642052565707132	2.473468352376838
-3.354192740926157	2.4734596787378478
-3.344180225281602	2.4734510475474862
-3.334167709637046	2.4734424653173566
-3.3241551939924907	2.473433939223621
-3.3141426783479346	2.4734254772047524
-3.3041301627033794	2.4734170880793127
-3.2941176470588234	2.4734087816899635
-3.2841051314142673	2.473400569081675
-3.274092615769712	2.473392462722744
-3.264080100125156	2.4733844767717312
-3.254067584480601	2.4733766273680464
-3.2440550688360448	2.4733689328391315
-3.2340425531914896	2.4733614134664283
-3.2240300375469335	2.473354089756008
-3.2140175219023774	2.4733469763100966
-3.2040050062578223	2.4733400637012144
-3.193992490613266	2.473333269623858
-3.183979974968711	2.473326317756101
-3.173967459324155	2.473318474022169
-3.1639549436795997	2.47330814386415
-3.1539424280350437	2.4732932332434787
-3.1439299123904876	2.4732787285805444
-3.1339173967459324	2.4733239953906283
-3.1239048811013763	2.473718675813952
-3.113892365456821	2.47495424758685
-3.103879849812265	2.476163997287164
-3.09386733416771	2.4766188150165944
-3.083854818523154	2.4781569877468805
-3.0738423028785977	2.483753716712639
-3.0638297872340425	2.4878628832705965
-3.0538172715894865	2.495592881649217
-3.0438047559449313	2.5035975030832094
-3.033792240300375	2.513695157620702
-3.02377972465582	2.5291669996996324
-3.013767209011264	2.561814760897525
-3.003754693366708	2.6017141930099434
-2.9937421777221527	2.638462942909015
-2.9837296620775966	2.6533547968094364
-2.9737171464330414	2.6785831588163993
-2.9637046307884853	2.725178204237846
-2.95369211514393	2.7694008204879124
-2.943679599499374	2.80182378937916
-2.933667083854818	2.8490121351656077
-2.923654568210263	2.90387034596892
-2.9136420525657067	2.957974335151003
-2.9036295369211516	3.001773679380024
-2.8936170212765955	3.046989796396462
-2.8836045056320403	3.0856748205616147
-2.873591989987484	3.1445100182543695
-2.863579474342928	3.2146075048870832
-2.853566958698373	3.270146580610797
-2.843554443053817	3.3203327926315054
-2.8335419274092617	3.3713885226886235
-2.8235294117647056	3.428382390377275
-2.8135168961201504	3.4890341629944004
-2.8035043804755944	3.5572810848632384
-2.7934918648310383	3.62824765905625
-2.783479349186483	3.696197677665463
-2.773466833541927	3.7683650023282955
-2.763454317897372	3.8485153654755715
-2.7534418022528158	3.906086061124876
-2.7434292866082606	3.9450944922354982
-2.7334167709637045	3.9953201033898518
-2.7234042553191484	4.0570129014515945
-2.7133917396745932	4.1278711782428275
-2.703379224030037	4.216995105243192
-2.693366708385482	4.293012553266147
-2.683354192740926	4.371335558563933
-2.6733416770963707	4.460909957473205
-2.6633291614518146	4.531181114356738
-2.6533166458072586	4.580796624988603
-2.6433041301627034	4.613709588951516
-2.6332916145181473	4.656493414672512
-2.623279098873592	4.701698585209271
-2.613266583229036	4.734952009112782
-2.603254067584481	4.742525684653242
-2.593241551939925	4.729050417684264
-2.5832290362953687	4.729483103975633
-2.5732165206508135	4.748462146294761
-2.5632040050062574	4.7748832013266345
-2.5531914893617023	4.80878245730578
-2.543178973717146	4.853459000832927
-2.533166458072591	4.919493007291231
-2.523153942428035	4.990235025313367
-2.513141426783479	5.038473528967493
-2.5031289111389237	5.089572045790523
-2.4931163954943676	5.14610193358418
-2.4831038798498124	5.187908643922123
-2.4730913642052563	5.21677724137382
-2.463078848560701	5.246240327259185
-2.453066332916145	5.264575165086845
-2.443053817271589	5.272624241828788
-2.433041301627034	5.281388067825647
-2.4230287859824777	5.276104996003321
-2.4130162703379225	5.267337529586707
-2.4030037546933665	5.26456952662126
-2.3929912390488113	5.26759943390601
-2.382978723404255	5.26797660918154
-2.372966207759699	5.252016712896161
-2.362953692115144	5.235063852108544
-2.352941176470588	5.222135001449885
-2.3429286608260327	5.211301425773661
-2.3329161451814766	5.190876804140404
-2.3229036295369214	5.165330128089537
-2.3128911138923653	5.127242800132486
-2.3028785982478093	5.074900930637298
-2.292866082603254	5.0214686716033885
-2.282853566958698	4.982650236273065
-2.272841051314143	4.953488929761458
-2.2628285356695867	4.944470467838421
-2.2528160200250316	4.959868838843482
-2.2428035043804755	4.98287685242714
-2.2327909887359194	5.023179771432479
-2.2227784730913642	5.074657124637883
-2.212765957446808	5.125895392865238
-2.202753441802253	5.16565141316218
-2.192740926157697	5.204429779910242
-2.1827284105131417	5.244073525691769
-2.1727158948685856	5.268863058988692
-2.1627033792240296	5.279416495583922
-2.1526908635794744	5.298605727726994
-2.1426783479349183	5.356994046290024
-2.132665832290363	5.42199235693861
-2.122653316645807	5.450059366548856
-2.112640801001252	5.478801677336504
-2.1026282853566958	5.5027167956854175
-2.0926157697121397	5.507045351265769
-2.0826032540675845	5.518844367582027
-2.0725907384230284	5.554633758368465
-2.0625782227784732	5.593706518689766
-2.052565707133917	5.627732640616382
-2.042553191489362	5.676109546786333
-2.032540675844806	5.7443677880758575
-2.02252816020025	5.803575781343222
-2.0125156445556946	5.844498498884712
-2.0025031289111386	5.884718717829072
-1.9924906132665834	5.913077535848436
-1.9824780976220273	5.919931153716106
-1.9724655819774712	5.903585490557513
-1.962453066332916	5.875189067088767
-1.95244055068836	5.853975504146627
-1.9424280350438048	5.841331787564854
-1.9324155193992487	5.835737436731896
-1.9224030037546935	5.8285840218339215
-1.9123904881101375	5.814655456387097
-1.9023779724655814	5.793641428606071
-1.8923654568210262	5.776329346378194
-1.8823529411764701	5.777463539117036
-1.872340425531915	5.789526641588929
-1.8623279098873589	5.7946874198509235
-1.8523153942428037	5.801716881030381
-1.8423028785982476	5.8091214958771875
-1.8322903629536915	5.794932409148487
-1.8222778473091363	5.755716126132102
-1.8122653316645803	5.714089292366577
-1.802252816020025	5.664952886773311
-1.792240300375469	5.599847543931418
-1.7822277847309138	5.526513809028492
-1.7722152690863577	5.457675402056945
-1.7622027534418017	5.381158391882673
-1.7521902377972465	5.3071454032745295
-1.7421777221526904	5.2403337637241645
-1.7321652065081352	5.186168460606515
-1.7221526908635791	5.14629696854722
-1.712140175219024	5.095985493775502
-1.7021276595744679	5.025746589805231
-1.6921151439299118	4.941463437111094
-1.6821026282853566	4.8550376471542815
-1.6720901126408005	4.761787789990619
-1.6620775969962454	4.6679410152123175
-1.6520650813516893	4.573773678356514
-1.642052565707134	4.458235108094435
-1.632040050062578	4.343963305950158
-1.622027534418022	4.256917218376628
-1.6120150187734668	4.186085763711415
-1.6020025031289107	4.132892779242903
-1.5919899874843555	4.071693742121204
-1.5819774718397994	3.9915991242788342
-1.5719649561952442	3.8977467176351333
-1.5619524405506882	3.8114734529989573
-1.551939924906132	3.7223318781222487
-1.541927409261577	3.644141195625927
-1.5319148936170208	3.572047096143916
-1.5219023779724656	3.482539522536655
-1.5118898623279096	3.399792887565135
-1.5018773466833544	3.313567862607009
-1.4918648310387983	3.239498168692024
-1.4818523153942422	3.1803622645304848
-1.471839799749687	3.1376188807467065
-1.461827284105131	3.0936130059379447
-1.4518147684605758	3.0223332626305015
-1.4418022528160197	2.9607129094742795
-1.4317897371714645	2.919180236399553
-1.4217772215269084	2.901108857304663
-1.4117647058823524	2.869447310958205
-1.4017521902377972	2.8204627734478342
-1.391739674593241	2.7897812629952496
-1.381727158948686	2.7507017981717095
-1.3717146433041298	2.6976025448067102
-1.3617021276595747	2.640406501169621
-1.3516896120150186	2.56950281469387
-1.3416770963704625	2.512901127847926
-1.3316645807259073	2.459727688762744
-1.3216520650813512	2.4054897658401075
-1.311639549436796	2.3504197065303303
-1.30162703379224	2.3188838557875884
-1.2916145181476848	2.2816305199584677
-1.2816020025031287	2.2414688657325774
-1.2715894868585726	2.225848468659754
-1.2615769712140175	2.1875192681832702
-1.2515644555694614	2.1377773107020497
-1.2415519399249062	2.112653118815003
-1.2315394242803501	2.0694174198978765
-1.221526908635795	2.039441165348308
-1.2115143929912389	2.027475117114151
-1.2015018773466828	2.0104784107733145
-1.1914893617021276	1.9771534761078031
-1.1814768460575715	1.9708812608700943
-1.1714643304130163	1.9572263668221406
-1.1614518147684603	1.9468744367181752
-1.151439299123905	1.943482507075084
-1.141426783479349	1.9359159490210773
-1.131414267834793	1.9298081133895626
-1.1214017521902377	1.9167831866924607
-1.1113892365456817	1.9085130439328248
-1.1013767209011265	1.9135501527673575
-1.0913642052565704	1.9185844389931803
-1.0813516896120152	1.9281762417988217
-1.0713391739674591	1.9364409818288595
-1.061326658322903	1.9484037392419442
-1.0513141426783479	1.9613992893647914
-1.0413016270337918	1.971330745904264
-1.0312891113892366	1.975384178616625
-1.0212765957446805	1.9778886372268003
-1.0112640801001254	1.9882687270379122
-1.0012515644555693	2.011727040621857
-0.9912390488110132	2.0359310712894714
-0.981226533166458	2.060069289422202
-0.971214017521902	2.085937457249862
-0.9612015018773468	2.110571956240905
-0.9511889862327907	2.1315892701482397
-0.9411764705882355	2.149313844095467
-0.9311639549436794	2.1632271056875423
-0.9211514392991234	2.178642264882909
-0.9111389236545682	2.1935446544126433
-0.9011264080100121	2.201822973544751
-0.8911138923654569	2.201972102953096
-0.8811013767209008	2.20502211489835
-0.8710888610763456	2.2123129886899666
-0.8610763454317896	2.222577653062694
-0.8510638297872335	2.231417615371138
-0.8410513141426783	2.236960958715827
-0.8310387984981222	2.239466635812269
-0.821026282853567	2.237829892929555
-0.811013767209011	2.238100094568452
-0.8010012515644558	2.245975195219944
-0.7909887359198997	2.2591817595014954
-0.7809762202753436	2.270141955530511
-0.7709637046307884	2.272187977731174
-0.7609511889862324	2.26256708380519
-0.7509386733416772	2.2474353633015176
-0.7409261576971211	2.231340062544225
-0.7309136420525659	2.2106595744085955
-0.7209011264080099	2.181954771081602
-0.7108886107634538	2.153652165294344
-0.7008760951188986	2.1326811855036474
-0.6908635794743425	2.1068283747994196
-0.6808510638297873	2.078407131221395
-0.6708385481852313	2.0600092672958232
-0.6608260325406761	2.0423466003018
-0.65081351689612	2.024057488366415
-0.6408010012515639	2.0090779243122183
-0.6307884856070087	1.9909581581154712
-0.6207759699624527	1.9698002243292445
-0.6107634543178975	1.9522589437771751
-0.6007509386733414	1.9394619780671012
-0.5907384230287862	1.9235584005879258
-0.5807259073842301	1.9214353805167756
-0.5707133917396741	1.920768654195732
-0.5607008760951189	1.914294345860763
-0.5506883604505628	1.9086302974587832
-0.5406758448060076	1.9071882958255666
-0.5306633291614515	1.9068780847928497
-0.5206508135168963	1.9110179363690845
-0.5106382978723403	1.920026547070892
-0.5006257822277842	1.9272236690067714
-0.490613266583229	1.9265829961185128
-0.48060075093867294	1.9263350360898204
-0.47058823529411775	1.9394659465633572
-0.4605757196495617	1.955268698091698
-0.4505632040050065	1.9617238043138245
-0.4405506883604504	1.9737027042412
-0.43053817271589434	1.9929994820791554
-0.42052565707133915	2.017212418928516
-0.4105131414267831	2.0442984404705946
-0.4005006257822279	2.066104028351768
-0.3904881101376718	2.0864650279669763
-0.38047559449311663	2.1184839802833397
-0.37046307884856056	2.1572493402346873
-0.3604505632040045	2.1925867425670256
-0.3504380475594493	2.227081230156495
-0.3404255319148932	2.2621349043205043
-0.33041301627033803	2.28961510102668
-0.32040050062578196	2.3080223609949253
-0.3103879849812259	2.323053861300259
-0.3003754693366707	2.3388771557803687
-0.2903629536921146	2.358999007877729
-0.28035043804755944	2.383320197425015
-0.27033792240300336	2.4108682839916176
-0.2603254067584482	2.4350398411636816
-0.2503128911138921	2.4446051662577792
-0.24030037546933602	2.4479073986018784
-0.23028785982478084	2.452914741342249
-0.22027534418022476	2.459485950625433
-0.21026282853566958	2.46340626220148
-0.2002503128911135	2.4707790145110287
-0.19023779724655832	2.4809478452554847
-0.18022528160200224	2.4940230140315918
-0.17021276595744617	2.5083790126000687
-0.16020025031289098	2.5195291109136697
-0.1501877346683349	2.5287028435912897
-0.14017521902377972	2.5321808865423554
-0.13016270337922364	2.5297314480613773
-0.12015018773466846	2.531932378320881
-0.11013767209011238	2.5387525665799147
-0.10012515644555631	2.541472903885849
-0.09011264080100112	2.5352931588870358
-0.08010012515644505	2.528311060080285
-0.07008760951188986	2.5254211941060896
-0.060075093867333784	2.523986246829937
-0.0500625782227786	2.526854381474337
-0.04005006257822252	2.524063357835425
-0.030037546933666448	2.511261136878859
-0.02002503128911126	2.5041863214763405
-0.010012515644555187	2.506199935716529
0.0	2.511586536294672
