-8.0	15.858030650062359
-7.989987484355444	15.470211148556853
-7.979974968710889	15.049016951809374
-7.969962453066333	14.6756986985187
-7.9599499374217775	14.321232135834656
-7.949937421777221	14.029181846128546
-7.939924906132666	13.871869187003858
-7.92991239048811	13.740761303649098
-7.919899874843554	13.68041550646974
-7.909887359198999	13.585332727646945
-7.899874843554443	13.308254641565238
-7.889862327909888	12.959309390402485
-7.8798498122653315	12.569024612480645
-7.869837296620776	12.030148491532353
-7.85982478097622	11.424100518041907
-7.849812265331664	10.523108596640196
-7.839799749687109	9.765457704140292
-7.829787234042553	9.021859391931578
-7.819774718397998	8.324323927737957
-7.809762202753442	7.72485156252623
-7.7997496871088865	7.221645224631112
-7.78973717146433	6.846807845595689
-7.779724655819774	6.621860651697615
-7.769712140175219	6.460397557335409
-7.759699624530663	6.2112335125766895
-7.749687108886108	5.9225396362478
-7.739674593241552	5.7166243312919045
-7.729662077596997	5.684037519268198
-7.719649561952441	5.593433931901781
-7.7096370463078845	5.582612311517992
-7.699624530663329	5.608331107816782
-7.689612015018773	5.677295157355374
-7.679599499374218	5.72475779600397
-7.669586983729662	5.779298322555483
-7.659574468085107	5.868299221579631
-7.649561952440551	6.007422389357424
-7.639549436795995	6.189557925311204
-7.629536921151439	6.428798247829959
-7.619524405506883	6.717761362022373
-7.609511889862328	7.086005522846576
-7.599499374217772	7.486259129373837
-7.589486858573217	7.839654884555811
-7.579474342928661	8.158938318778512
-7.569461827284105	8.498531404953273
-7.55944931163955	8.837062142728874
-7.5494367959949935	9.186623691457743
-7.539424280350438	9.557485547912586
-7.529411764705882	9.935003949472804
-7.519399249061326	10.310919316661193
-7.509386733416771	10.697211052522784
-7.499374217772215	11.092787293500695
-7.48936170212766	11.477865694815137
-7.479349186483104	11.842454487504249
-7.4693366708385485	12.173577700446712
-7.459324155193992	12.47179965227933
-7.449311639549437	12.759121148607598
-7.439299123904881	13.056221253077998
-7.429286608260325	13.362896570276652
-7.41927409261577	13.688828842847208
-7.409261576971214	14.048329546197907
-7.399249061326659	14.42857316732067
-7.3892365456821025	14.79509774400908
-7.3792240300375465	15.116422285659082
-7.369211514392991	15.38992294097075
-7.359198998748435	15.632481545437683
-7.34918648310388	15.85302983269309
-7.339173967459324	16.053275314396668
-7.329161451814769	16.24501482628065
-7.319148936170213	16.447492777802086
-7.3091364205256575	16.662340790472676
-7.299123904881101	16.869239724606615
-7.289111389236545	17.044250059073963
-7.27909887359199	17.181799082317404
-7.269086357947434	17.289301443805456
-7.259073842302879	17.37094284053177
-7.249061326658323	17.423961321648406
-7.239048811013767	17.449459874229234
-7.2290362953692116	17.45998748632243
-7.2190237797246555	17.47170924178335
-7.2090112640801	17.498340146408772
-7.198998748435544	17.538371047152964
-7.188986232790989	17.57636027549597
-7.178973717146433	17.602990543396658
-7.168961201501878	17.628827909682297
-7.158948685857322	17.67648713357557
-7.148936170212766	17.755538892490986
-7.13892365456821	17.855173954379115
-7.128911138923654	17.967222613484566
-7.118898623279099	18.083458230741527
-7.108886107634543	18.17933342585723
-7.098873591989987	18.227206775051794
-7.088861076345432	18.20851225392282
-7.078848560700876	18.11492484003032
-7.068836045056321	17.94226735308707
-7.0588235294117645	17.68928452797161
-7.048811013767209	17.355953767519306
-7.038798498122653	16.946786617120264
-7.028785982478098	16.487997668101066
-7.018773466833542	16.029378684424067
-7.008760951188986	15.603809276701208
-6.998748435544431	15.200200652732885
-6.988735919899875	14.806676876578981
-6.9787234042553195	14.384687419416995
-6.968710888610763	13.933322126405258
-6.958698372966207	13.495496189701642
-6.948685857321652	13.13563227881387
-6.938673341677096	12.888658824855373
-6.928660826032541	12.738773232484236
-6.918648310387985	12.640678484073824
-6.908635794743429	12.530577531172762
-6.8986232790988735	12.399075917030755
-6.888610763454318	12.242227395463988
-6.878598247809762	12.041805268754677
-6.868585732165206	11.806341489133647
-6.858573216520651	11.553071134155065
-6.848560700876095	11.293318496688999
-6.83854818523154	11.038346926564559
-6.828535669586984	10.772984590988177
-6.818523153942428	10.477547492298314
-6.808510638297872	10.165432375646962
-6.798498122653316	9.861561344449246
-6.788485607008761	9.561637759328653
-6.778473091364205	9.26090773431045
-6.768460575719649	8.973697553117184
-6.758448060075094	8.707178553874853
-6.748435544430539	8.447382617381848
-6.7384230287859825	8.193565093551431
-6.7284105131414265	7.932968784217457
-6.718397997496871	7.656255969938146
-6.708385481852315	7.386772242470984
-6.69837296620776	7.137037230079327
-6.688360450563204	6.903130262951875
-6.678347934918648	6.673094433134517
-6.668335419274093	6.442624376799163
-6.658322903629537	6.209751081249228
-6.648310387984981	5.990517487262359
-6.638297872340425	5.777045493665611
-6.628285356695869	5.549274141104429
-6.618272841051314	5.304473404934311
-6.608260325406759	5.034495208757756
-6.598247809762203	4.770769308749726
-6.588235294117647	4.5852952152959965
-6.578222778473092	4.437482540296001
-6.5682102628285355	4.3013017340831805
-6.55819774718398	4.183901004228436
-6.548185231539424	4.086689251594826
-6.538172715894868	4.018306528999217
-6.528160200250313	3.976649678372193
-6.518147684605757	3.9746757887527373
-6.508135168961202	3.9931272460114755
-6.498122653316646	4.015691223040095
-6.4881101376720896	4.0330601587459105
-6.478097622027534	4.099245975914946
-6.468085106382979	4.259926187092682
-6.458072590738423	4.496961046304762
-6.448060075093867	4.893729598837424
-6.438047559449312	5.252951149094869
-6.428035043804756	5.7684286521089225
-6.418022528160201	6.358046685339596
-6.4080100125156445	7.226813823813955
-6.397997496871088	8.350276653656573
-6.387984981226533	9.31257039832242
-6.377972465581977	10.431060990723596
-6.367959949937422	11.32544048627815
-6.357947434292866	12.63226165948938
-6.34793491864831	13.855749839947192
-6.337922403003755	14.958283700517987
-6.3279098873591995	15.764155996115141
-6.317897371714643	16.02719082173279
-6.307884856070087	16.218254097082244
-6.297872340425532	16.499914733817374
-6.287859824780976	16.73114623220566
-6.277847309136421	16.98739787180752
-6.267834793491865	17.27990223962943
-6.257822277847309	17.67896698075309
-6.2478097622027535	17.995768674712124
-6.2377972465581975	18.35780250901526
-6.227784730913642	18.813417809958178
-6.217772215269086	19.372984310991075
-6.20775969962453	20.065596475954916
-6.197747183979975	20.91307250290387
-6.18773466833542	21.881073626902246
-6.177722152690864	22.82282405780745
-6.167709637046308	23.715793010418025
-6.157697121401752	24.67340528828564
-6.147684605757196	25.663052141933917
-6.137672090112641	26.521354988008536
-6.127659574468085	27.30835556922987
-6.117647058823529	28.03627861629279
-6.107634543178974	28.727570602422304
-6.097622027534418	29.34489745350509
-6.0876095118898625	29.84115313340505
-6.0775969962453065	30.192520697051098
-6.06758448060075	30.40781384004296
-6.057571964956195	30.501596716048066
-6.04755944931164	30.52339495928556
-6.037546933667084	30.483053894139186
-6.027534418022528	30.321095458350612
-6.017521902377973	29.988029548489088
-6.007509386733417	29.4894695539547
-5.997496871088861	28.841815355403938
-5.987484355444305	28.090103751755827
-5.977471839799749	27.361638364972908
-5.967459324155194	26.699529304602752
-5.957446808510639	25.970136438210172
-5.947434292866083	25.16943143731877
-5.937421777221527	24.47954690134948
-5.927409261576971	23.79335706332934
-5.9173967459324155	23.07845857872497
-5.90738423028786	22.391070207424647
-5.897371714643304	21.6736035466163
-5.887359198998748	20.886678100421037
-5.877346683354192	20.145003067145215
-5.867334167709637	19.435195829370475
-5.857321652065082	18.561640115136306
-5.847309136420526	17.438256027225197
-5.83729662077597	16.540038942755732
-5.827284105131414	15.80714700514685
-5.817271589486858	15.05066691140797
-5.807259073842303	14.486897010370235
-5.797246558197747	14.015233604069925
-5.787234042553191	13.499024901323791
-5.777221526908636	13.003634557588063
-5.767209011264081	12.285928446266073
-5.7571964956195245	11.767212285373411
-5.747183979974968	11.555296797844306
-5.737171464330412	11.309514418940509
-5.727158948685857	11.225866653545925
-5.717146433041302	11.167007606537918
-5.707133917396746	11.08061942092112
-5.69712140175219	11.039936211538206
-5.687108886107635	11.021300526215894
-5.677096370463079	10.987480750884787
-5.667083854818523	10.915968319828455
-5.657071339173967	10.893881202816068
-5.647058823529411	10.79570768068712
-5.637046307884856	10.833991218152136
-5.627033792240301	10.994704211751687
-5.617021276595745	11.320577090540912
-5.607008760951189	11.61820881121197
-5.596996245306633	12.040596532808296
-5.5869837296620775	12.460536580432649
-5.576971214017522	13.184557623890862
-5.566958698372966	13.665851911594066
-5.55694618272841	14.465707041110733
-5.546933667083855	15.428472426609819
-5.536921151439299	16.335891278942682
-5.526908635794744	17.53419615512968
-5.516896120150188	18.526321911837154
-5.5068836045056315	19.50543042627535
-5.496871088861076	20.518917480725566
-5.486858573216521	21.69586802551322
-5.476846057571965	23.136575471271964
-5.466833541927409	23.576195324124264
-5.456821026282853	23.93617825001696
-5.446808510638298	24.140297600177423
-5.4367959949937426	24.362789760025713
-5.4267834793491865	24.45819416740692
-5.41677096370463	24.51680292667139
-5.406758448060075	24.606155220787205
-5.396745932415519	24.738053332951733
-5.386733416770964	24.892261256173622
-5.376720901126408	25.092896984778683
-5.366708385481852	25.386668414308474
-5.356695869837297	25.88308466329301
-5.346683354192741	26.593536840278958
-5.336670838548185	27.300325037361024
-5.326658322903629	28.1250406404425
-5.316645807259073	29.17769890809689
-5.306633291614518	30.253974295679686
-5.296620775969963	31.170998002234725
-5.286608260325407	32.07961702112057
-5.276595744680851	33.09656388885497
-5.2665832290362955	34.265031030481495
-5.256570713391739	35.408776048196756
-5.246558197747184	36.35377873789632
-5.236545682102628	37.2052122337198
-5.226533166458072	38.053385682804596
-5.216520650813517	38.99831626384327
-5.206508135168962	39.97525651955817
-5.196495619524406	40.84269214061195
-5.18648310387985	41.56025252765969
-5.1764705882352935	42.16487742439928
-5.166458072590738	42.702739936805294
-5.156445556946183	43.205451351221754
-5.146433041301627	43.5415284728507
-5.136420525657071	43.609143123393764
-5.126408010012516	43.53991781958518
-5.11639549436796	43.41829632520087
-5.1063829787234045	43.2848674336422
-5.0963704630788484	43.14691533130274
-5.086357947434292	42.935737782386546
-5.076345431789737	42.54004261374265
-5.066332916145182	42.07969831461081
-5.056320400500626	41.60495026440483
-5.04630788485607	41.049673979657946
-5.036295369211514	40.36612074735084
-5.026282853566959	39.53155539264104
-5.016270337922403	38.49141568452064
-5.006257822277847	37.23421787368676
-4.996245306633291	35.9231245661957
-4.986232790988735	34.718487105016685
-4.97622027534418	33.66259633543918
-4.966207759699625	32.71293485329484
-4.956195244055069	31.804567965270937
-4.946182728410513	30.915996836335243
-4.9361702127659575	30.072897903584142
-4.926157697121402	29.129089583889222
-4.916145181476846	28.124692980055062
-4.90613266583229	27.248538786387513
-4.896120150187734	26.498077858497243
-4.886107634543179	25.927983063314652
-4.876095118898624	25.50919994322125
-4.866082603254068	25.14976773282259
-4.8560700876095115	24.839077258816005
-4.8460575719649555	24.586148894450833
-4.8360450563204	24.43048039534783
-4.826032540675845	24.329671174885846
-4.816020025031289	24.265869274483244
-4.806007509386733	24.18795494177494
-4.795994993742178	24.107954993587235
-4.785982478097623	24.087459897410792
-4.7759699624530665	24.0832135713548
-4.76595744680851	24.080955612460734
-4.755944931163954	24.079096921761053
-4.745932415519399	24.077526603541674
-4.735919899874844	24.076213156500014
-4.725907384230288	24.07511668065029
-4.715894868585732	24.074198733876397
-4.705882352941176	24.073426981445525
-4.6958698372966206	24.072775364308992
-4.685857321652065	24.072223067045872
-4.675844806007509	24.071753417852353
-4.665832290362953	24.071352980947733
-4.655819774718398	24.071010854213043
-4.645807259073843	24.07071813275086
-4.635794743429287	24.070467497866865
-4.625782227784731	24.070252899636262
-4.615769712140175	24.070069309609142
-4.605757196495619	24.069912526582335
-4.595744680851064	24.069779022928035
-4.585732165206508	24.069665822208396
-4.575719649561952	24.069570401126374
-4.565707133917396	24.069490610545778
-4.555694618272841	24.069424611554492
-4.545682102628286	24.069370823466716
-4.53566958698373	24.069327881354194
-4.5256570713391735	24.069294601223476
-4.515644555694618	24.069269951358578
-4.505632040050063	24.069253028657904
-4.495619524405507	24.06924303903425
-4.485607008760951	24.069239281133598
-4.475594493116395	24.069241132773993
-4.46558197747184	24.069248039622245
-4.4555694618272845	24.06925950571594
-4.4455569461827285	24.069275085512196
-4.435544430538172	24.06929437720195
-4.425531914893616	24.069317017076028
-4.415519399249061	24.06934267476605
-4.405506883604506	24.069371049215505
-4.39549436795995	24.06940186525992
-4.385481852315394	24.06943487071635
-4.375469336670839	24.069469833899408
-4.365456821026283	24.069506541494277
-4.355444305381727	24.06954479672952
-4.345431789737171	24.06958441780135
-4.335419274092615	24.069625236509257
-4.32540675844806	24.06966709706957
-4.315394242803505	24.069709855078784
-4.305381727158949	24.06975337660333
-4.295369211514393	24.069797537375983
-4.285356695869837	24.069842222082727
-4.275344180225281	24.069887323726295
-4.265331664580726	24.069932743054856
-4.25531914893617	24.069978388046255
-4.245306633291614	24.0700241734399
-4.235294117647059	24.070070020309547
-4.225281602002504	24.070115855671375
-4.215269086357948	24.07016161212261
-4.2052565707133915	24.070207227506923
-4.1952440550688355	24.070252644603272
-4.18523153942428	24.070297810835356
-4.175219023779725	24.070342677999616
-4.165206508135169	24.07038720200951
-4.155193992490613	24.070431342654945
-4.145181476846057	24.07047506337494
-4.135168961201502	24.070518331042727
-4.1251564455569465	24.070561115762324
-4.11514392991239	24.070603390675434
-4.105131414267834	24.070645131778384
-4.095118898623279	24.07068631774808
-4.085106382978723	24.0707269297766
-4.075093867334168	24.070766951414175
-4.065081351689612	24.07080636822189
-4.055068836045056	23.943524138007973
-4.045056320400501	23.944630644200174
-4.035043804755945	23.505329805691108
-4.025031289111389	22.957604311941118
-4.015018773466833	22.603491775505695
-4.005006257822277	21.973939762235382
-3.994993742177722	20.943618504931102
-3.9849812265331668	19.570296271473737
-3.9749687108886107	18.536388913692583
-3.9649561952440546	17.192586495689145
-3.9549436795994994	16.34383933362026
-3.9449311639549434	16.350130212337913
-3.934918648310388	16.007812799988358
-3.924906132665832	16.235893757178577
-3.914893617021277	17.011086343169488
-3.904881101376721	18.63216204688085
-3.8948685857321648	19.539107593829712
-3.8848560700876096	21.475506585097644
-3.8748435544430535	23.042829440770856
-3.8648310387984983	25.23482402731201
-3.8548185231539422	26.5267067723373
-3.844806007509387	26.902265799614565
-3.834793491864831	27.0142700666881
-3.824780976220275	27.374457899851674
-3.8147684605757197	27.686685664750694
-3.8047559449311636	27.686700392363107
-3.7947434292866085	27.780090903658003
-3.7847309136420524	27.779986907187105
-3.774718397997497	27.78010058271017
-3.764705882352941	27.780216672268143
-3.754693366708385	27.780335214092265
-3.74468085106383	27.78045624667435
-3.734668335419274	27.780579808708197
-3.7246558197747186	27.78070593910743
-3.7146433041301625	27.78083467703045
-3.7046307884856065	27.78096606191356
-3.6946182728410513	27.781100133513664
-3.684605757196495	27.781236931962205
-3.67459324155194	27.78137649783216
-3.664580725907384	27.781518872220147
-3.6545682102628287	27.78166409684606
-3.6445556946182727	27.78181221417298
-3.6345431789737166	27.781963267550548
-3.6245306633291614	27.782117301385373
-3.6145181476846053	27.78227436134269
-3.60450563204005	27.782434494583967
-3.594493116395494	27.782597750046097
-3.584480600750939	27.782764178768364
-3.574468085106383	27.782933834274655
-3.5644555694618267	27.78310677301943
-3.5544430538172715	27.783283054907063
-3.5444305381727155	27.783462743896383
-3.5344180225281603	27.783645908703267
-3.524405506883604	27.783832623617513
-3.514392991239049	27.78402296945165
-3.504380475594493	27.78421703464379
-3.494367959949937	27.78441491653952
-3.4843554443053817	27.784616722883563
-3.4743429286608256	27.78482257355677
-3.4643304130162704	27.785032602602175
-3.4543178973717144	27.785246960591717
-3.444305381727159	27.785465817396993
-3.434292866082603	27.78568936544091
-3.424280350438047	27.785917823523913
-3.414267834793492	27.786151441341612
-3.4042553191489358	27.786390504836916
-3.3942428035043806	27.786635342566598
-3.3842302878598245	27.7868863333074
-3.3742177722152693	27.78714391518646
-3.3642052565707132	27.78740859669674
-3.354192740926157	27.787680970059448
-3.344180225281602	27.78796172752546
-3.334167709637046	27.78825168138143
-3.3241551939924907	27.78855178865345
-3.3141426783479346	27.788863181804324
-3.3041301627033794	27.789187207123828
-3.2941176470588234	27.78952547305089
-3.2841051314142673	27.789879911393736
-3.274092615769712	27.790252855393575
-3.264080100125156	27.790647139910185
-3.254067584480601	27.791066230822906
-3.2440550688360448	27.791514393231587
-3.2340425531914896	27.791996911473184
-3.2240300375469335	27.79252037872569
-3.2140175219023774	27.79309308059347
-3.2040050062578223	27.79372550634707
-3.193992490613266	27.794431034565942
-3.183979974968711	27.795226858533116
-3.173967459324155	27.796135243626768
-3.1639549436795997	27.797185249307805
-3.1539424280350437	27.798415114049263
-3.1439299123904876	27.79987562711111
-3.1339173967459324	27.801635111510574
-3.1239048811013763	27.803787531100436
-3.113892365456821	27.80646823380264
-3.103879849812265	27.80989254328525
-3.09386733416771	27.8144703252658
-3.083854818523154	27.821168409520332
-3.0738423028785977	27.832467067970665
-3.0638297872340425	27.852883663544862
-3.0538172715894865	27.882190965887723
-3.0438047559449313	27.911519159281767
-3.033792240300375	27.94244778686925
-3.02377972465582	27.985164106823852
-3.013767209011264	28.045616671435084
-3.003754693366708	28.165412173691347
-2.9937421777221527	28.446906676929537
-2.9837296620775966	28.814883479369946
-2.9737171464330414	29.29268495251558
-2.9637046307884853	30.014248265986957
-2.95369211514393	30.72981318066595
-2.943679599499374	31.473246196443657
-2.933667083854818	32.32622635353917
-2.923654568210263	33.37559982145022
-2.9136420525657067	34.61852959097895
-2.9036295369211516	35.96198066850265
-2.8936170212765955	37.28096964492157
-2.8836045056320403	38.62348295587581
-2.873591989987484	39.92417997341037
-2.863579474342928	41.17352810122401
-2.853566958698373	42.39332263029957
-2.843554443053817	43.539244244595665
-2.8335419274092617	44.700571133566925
-2.8235294117647056	45.76718581081998
-2.8135168961201504	46.64447949010087
-2.8035043804755944	47.43002855535205
-2.7934918648310383	48.28961259287672
-2.783479349186483	49.236905911104074
-2.773466833541927	50.17483700202776
-2.763454317897372	50.99633488132518
-2.7534418022528158	51.64964887672306
-2.7434292866082606	52.180908047755445
-2.7334167709637045	52.608572021357844
-2.7234042553191484	52.93314138220298
-2.7133917396745932	53.246196963292
-2.703379224030037	53.47329543342263
-2.693366708385482	53.59767151456964
-2.683354192740926	53.65221704842346
-2.6733416770963707	53.669649321417914
-2.6633291614518146	53.6800023025589
-2.6533166458072586	53.701286855161975
-2.6433041301627034	53.715359397083894
-2.6332916145181473	53.763467506460394
-2.623279098873592	53.77654930807093
-2.613266583229036	53.76442440028292
-2.603254067584481	53.7729577747841
-2.593241551939925	53.709747631248725
-2.5832290362953687	53.504425667108116
-2.5732165206508135	53.177152062153034
-2.5632040050062574	52.69511924952333
-2.5531914893617023	52.03633445650354
-2.543178973717146	51.23844383921797
-2.533166458072591	50.30977066479541
-2.523153942428035	49.213994345876834
-2.513141426783479	48.0433216178592
-2.5031289111389237	46.872481342238565
-2.4931163954943676	45.66190177132861
-2.4831038798498124	44.33285040320373
-2.4730913642052563	42.92024808145741
-2.463078848560701	41.44685324598555
-2.453066332916145	40.05901578539699
-2.443053817271589	38.75191450314917
-2.433041301627034	37.40381420641923
-2.4230287859824777	36.2013509492256
-2.4130162703379225	35.288150308909124
-2.4030037546933665	34.46722863179806
-2.3929912390488113	33.79855032498281
-2.382978723404255	33.402318421593236
-2.372966207759699	33.215310225248565
-2.362953692115144	32.9991904631984
-2.352941176470588	32.82650354473759
-2.3429286608260327	32.61096054859663
-2.3329161451814766	32.46971677785701
-2.3229036295369214	32.438602341513025
-2.3128911138923653	32.419433220624626
-2.3028785982478093	32.44193222407879
-2.292866082603254	32.355464938047106
-2.282853566958698	32.10561418907948
-2.272841051314143	32.03556648389411
-2.2628285356695867	31.947177299521297
-2.2528160200250316	31.967121396072557
-2.2428035043804755	31.848748466094225
-2.2327909887359194	32.2455674280554
-2.2227784730913642	32.69115792320998
-2.212765957446808	33.548203890802945
-2.202753441802253	34.42726438165229
-2.192740926157697	35.15869214002384
-2.1827284105131417	36.221525317676274
-2.1727158948685856	36.783725446707905
-2.1627033792240296	37.691253077204244
-2.1526908635794744	38.30685058954813
-2.1426783479349183	38.62884706295962
-2.132665832290363	38.75723360058036
-2.122653316645807	38.85525239382663
-2.112640801001252	38.89263397937251
-2.1026282853566958	38.91871737751463
-2.0926157697121397	39.01484950770744
-2.0826032540675845	39.202704729343175
-2.0725907384230284	39.29686810652208
-2.0625782227784732	39.41157308981892
-2.052565707133917	39.60873171839143
-2.042553191489362	39.95877609382557
-2.032540675844806	40.53396006006666
-2.02252816020025	41.3150060710134
-2.0125156445556946	42.2588467581742
-2.0025031289111386	43.262592349950694
-1.9924906132665834	44.2698349778457
-1.9824780976220273	45.275020919679065
-1.9724655819774712	46.163297873919454
-1.962453066332916	47.01668611057973
-1.95244055068836	47.97105340106706
-1.9424280350438048	48.83468182379898
-1.9324155193992487	49.66146557179935
-1.9224030037546935	50.52440367736522
-1.9123904881101375	51.47721536332612
-1.9023779724655814	52.4644073379663
-1.8923654568210262	53.28233283793972
-1.8823529411764701	53.79495061093133
-1.872340425531915	54.18561708257739
-1.8623279098873589	54.57890182090052
-1.8523153942428037	54.97883529560074
-1.8423028785982476	55.43924184374224
-1.8322903629536915	55.973150230844155
-1.8222778473091363	56.532875651086954
-1.8122653316645803	56.93081465391781
-1.802252816020025	57.17281358991658
-1.792240300375469	57.419206644693965
-1.7822277847309138	57.54706914142493
-1.7722152690863577	57.55155412053637
-1.7622027534418017	57.49398840980802
-1.7521902377972465	57.43788830556448
-1.7421777221526904	57.50400235081331
-1.7321652065081352	57.55974625036222
-1.7221526908635791	57.6000408061558
-1.712140175219024	57.68095502362184
-1.7021276595744679	57.73483404522781
-1.6921151439299118	57.75930935876944
-1.6821026282853566	57.839903401064944
-1.6720901126408005	57.95247392413457
-1.6620775969962454	58.039487435932344
-1.6520650813516893	58.13782695090333
-1.642052565707134	58.20700257424023
-1.632040050062578	58.227128049845035
-1.622027534418022	58.170459848488115
-1.6120150187734668	58.12983534216323
-1.6020025031289107	58.1136050210992
-1.5919899874843555	58.03231394451471
-1.5819774718397994	57.98152576538396
-1.5719649561952442	58.03251178135324
-1.5619524405506882	58.058137822851336
-1.551939924906132	58.0765581732697
-1.541927409261577	58.241912617129366
-1.5319148936170208	58.38852060597885
-1.5219023779724656	58.32807847161645
-1.5118898623279096	58.04809365708107
-1.5018773466833544	57.83779298334818
-1.4918648310387983	57.75990510425279
-1.4818523153942422	57.68247089652498
-1.471839799749687	57.63578333058633
-1.461827284105131	57.57970141282697
-1.4518147684605758	57.33484667614316
-1.4418022528160197	56.9970877693809
-1.4317897371714645	56.55378386650792
-1.4217772215269084	55.992459889943994
-1.4117647058823524	55.28551603843421
-1.4017521902377972	54.36557540172432
-1.391739674593241	53.406168139479405
-1.381727158948686	52.49765236778341
-1.3717146433041298	51.59620881903485
-1.3617021276595747	50.65852970747942
-1.3516896120150186	49.70318682745405
-1.3416770963704625	48.87705019621826
-1.3316645807259073	48.18707493209187
-1.3216520650813512	47.617232517896056
-1.311639549436796	47.19810317206206
-1.30162703379224	46.9195443218854
-1.2916145181476848	46.66123384565444
-1.2816020025031287	46.42805120708024
-1.2715894868585726	46.03213915446991
-1.2615769712140175	45.53576861707492
-1.2515644555694614	45.11092088213605
-1.2415519399249062	44.642096165247054
-1.2315394242803501	44.37966709023888
-1.221526908635795	44.24562797935601
-1.2115143929912389	44.53982785723595
-1.2015018773466828	44.82303554729575
-1.1914893617021276	45.0393924198355
-1.1814768460575715	45.36132369963866
-1.1714643304130163	45.639665036282864
-1.1614518147684603	45.85737750163399
-1.151439299123905	46.13500740713313
-1.141426783479349	46.4310585084403
-1.131414267834793	46.83918807647345
-1.1214017521902377	47.38038875913774
-1.1113892365456817	48.15477610853837
-1.1013767209011265	49.0890120430562
-1.0913642052565704	49.985912664967316
-1.0813516896120152	50.79354459841574
-1.0713391739674591	51.517756194107626
-1.061326658322903	52.03835561875941
-1.0513141426783479	52.37610523008269
-1.0413016270337918	52.66484895836207
-1.0312891113892366	53.007690768374324
-1.0212765957446805	53.18504773148966
-1.0112640801001254	53.20840003262428
-1.0012515644555693	53.15792489245397
-0.9912390488110132	53.07748168895165
-0.981226533166458	53.10573874247734
-0.971214017521902	53.210779140997666
-0.9612015018773468	53.18140165652606
-0.9511889862327907	53.03883526197474
-0.9411764705882355	52.880811363997466
-0.9311639549436794	52.73935494318984
-0.9211514392991234	52.657939550064285
-0.9111389236545682	52.554675153898096
-0.9011264080100121	52.3575669863922
-0.8911138923654569	52.132183995643246
-0.8811013767209008	51.87104218166658
-0.8710888610763456	51.522984538562426
-0.8610763454317896	51.128513290084996
-0.8510638297872335	50.720181402083
-0.8410513141426783	50.34846807006098
-0.8310387984981222	49.96803852551508
-0.821026282853567	49.48726256510332
-0.811013767209011	48.93628511954363
-0.8010012515644558	48.372323810139335
-0.7909887359198997	47.86845671956161
-0.7809762202753436	47.44020416305248
-0.7709637046307884	47.085056990385944
-0.7609511889862324	46.84527710662427
-0.7509386733416772	46.69844816515057
-0.7409261576971211	46.59644471601997
-0.7309136420525659	46.55625019432977
-0.7209011264080099	46.4045227684387
-0.7108886107634538	46.16122569923002
-0.7008760951188986	45.9442290083596
-0.6908635794743425	45.80853351013058
-0.6808510638297873	45.593208327821
-0.6708385481852313	45.26867916914947
-0.6608260325406761	44.992477643739484
-0.65081351689612	44.85979260478195
-0.6408010012515639	44.69927900338407
-0.6307884856070087	44.459568628936346
-0.6207759699624527	44.199562763069096
-0.6107634543178975	44.03310346413223
-0.6007509386733414	43.988059110421766
-0.5907384230287862	44.06372784534735
-0.5807259073842301	44.16194164381116
-0.5707133917396741	44.209379507292994
-0.5607008760951189	44.255911748658335
-0.5506883604505628	44.29143543646393
-0.5406758448060076	44.28874503910982
-0.5306633291614515	44.21093409652787
-0.5206508135168963	44.10331948316423
-0.5106382978723403	44.03970952121666
-0.5006257822277842	43.93251214306689
-0.490613266583229	43.67871420217497
-0.48060075093867294	43.26268077331967
-0.47058823529411775	42.68252034671784
-0.4605757196495617	42.11756617027599
-0.4505632040050065	41.7155423403224
-0.4405506883604504	41.53834496969332
-0.43053817271589434	41.555220592196605
-0.42052565707133915	41.61075088312815
-0.4105131414267831	41.628178181715995
-0.4005006257822279	41.586599249570746
-0.3904881101376718	41.48425536084064
-0.38047559449311663	41.35525255099633
-0.37046307884856056	41.1935648875197
-0.3604505632040045	41.10179595307616
-0.3504380475594493	41.06364404622745
-0.3404255319148932	41.17513510692761
-0.33041301627033803	41.343313194323564
-0.32040050062578196	41.36367394309592
-0.3103879849812259	41.229440614349016
-0.3003754693366707	41.06945323786267
-0.2903629536921146	40.92598221014008
-0.28035043804755944	40.84110578256311
-0.27033792240300336	40.937179417730235
-0.2603254067584482	41.13866105825259
-0.2503128911138921	41.325439931745855
-0.24030037546933602	41.479029432138454
-0.23028785982478084	41.640474611687154
-0.22027534418022476	41.8302705215663
-0.21026282853566958	42.02544754550186
-0.2002503128911135	42.1743863838361
-0.19023779724655832	42.22942176971682
-0.18022528160200224	42.16051408096515
-0.17021276595744617	41.97201795373914
-0.16020025031289098	41.73020147313132
-0.1501877346683349	41.54939661828093
-0.14017521902377972	41.45385480439998
-0.13016270337922364	41.33032070430254
-0.12015018773466846	41.16078213885687
-0.11013767209011238	40.87806261024328
-0.10012515644555631	40.44029845344371
-0.09011264080100112	39.903114523361666
-0.08010012515644505	39.365798056042614
-0.07008760951188986	38.92756103406918
-0.060075093867333784	38.715779855670725
-0.0500625782227786	38.64076743577688
-0.04005006257822252	38.52186237610072
-0.030037546933666448	38.37055016261935
-0.02002503128911126	38.25331932602055
-0.010012515644555187	38.098507475143265
0.0	37.83136142965224
