-8.0	24.951174693168106
-7.989987484355444	25.516374163365725
-7.979974968710889	25.937697153842365
-7.969962453066333	26.182836995963108
-7.9599499374217775	26.229034765382014
-7.949937421777221	26.076658856363686
-7.939924906132666	25.76542889355363
-7.92991239048811	25.347756914304465
-7.919899874843554	24.872892337589814
-7.909887359198999	24.397333096038153
-7.899874843554443	23.964243456540142
-7.889862327909888	23.59096471852362
-7.8798498122653315	23.25210998210972
-7.869837296620776	22.90549001904794
-7.85982478097622	22.55041928119114
-7.849812265331664	22.216986226800593
-7.839799749687109	21.937558213664722
-7.829787234042553	21.74253593695595
-7.819774718397998	21.644119303576318
-7.809762202753442	21.618520712474297
-7.7997496871088865	21.63937233740534
-7.78973717146433	21.702652255814044
-7.779724655819774	21.79622637179903
-7.769712140175219	21.883521800414318
-7.759699624530663	21.93836662354125
-7.749687108886108	21.968110811449826
-7.739674593241552	21.98204025627608
-7.729662077596997	21.97863835481533
-7.719649561952441	21.96292489311475
-7.7096370463078845	21.960587166352063
-7.699624530663329	21.999678341086543
-7.689612015018773	22.063728512513556
-7.679599499374218	22.100407071690288
-7.669586983729662	22.06029194979469
-7.659574468085107	21.92359839042239
-7.649561952440551	21.690554090077978
-7.639549436795995	21.36245049882668
-7.629536921151439	20.96717217721858
-7.619524405506883	20.558084232960663
-7.609511889862328	20.178500247504864
-7.599499374217772	19.849432045553872
-7.589486858573217	19.562882461392093
-7.579474342928661	19.277332469157958
-7.569461827284105	18.945171003898963
-7.55944931163955	18.556569231494727
-7.5494367959949935	18.131825471100548
-7.539424280350438	17.692855237604352
-7.529411764705882	17.28315613447594
-7.519399249061326	16.955874496152635
-7.509386733416771	16.72840293859672
-7.499374217772215	16.60179749558574
-7.48936170212766	16.58597736394938
-7.479349186483104	16.72098278183102
-7.4693366708385485	17.043277505906655
-7.459324155193992	17.540024632803764
-7.449311639549437	18.137963652610527
-7.439299123904881	18.76435627589134
-7.429286608260325	19.42065822508241
-7.41927409261577	20.145514518534718
-7.409261576971214	20.949562633765233
-7.399249061326659	21.80727034887705
-7.3892365456821025	22.700339106400158
-7.3792240300375465	23.593251879293504
-7.369211514392991	24.44201194748466
-7.359198998748435	25.23888967196247
-7.34918648310388	26.011817184523608
-7.339173967459324	26.792511565213424
-7.329161451814769	27.536782625558498
-7.319148936170213	28.141324739251875
-7.3091364205256575	28.56655994373181
-7.299123904881101	28.844629201545455
-7.289111389236545	29.015909512575757
-7.27909887359199	29.076886077821
-7.269086357947434	28.989148427460858
-7.259073842302879	28.70648885531867
-7.249061326658323	28.202563611989603
-7.239048811013767	27.50065742973742
-7.2290362953692116	26.637518940499692
-7.2190237797246555	25.626220494067756
-7.2090112640801	24.53298921413714
-7.198998748435544	23.48385170855713
-7.188986232790989	22.555108167265825
-7.178973717146433	21.766740904865852
-7.168961201501878	21.11686191829916
-7.158948685857322	20.597419824762365
-7.148936170212766	20.200478975080692
-7.13892365456821	19.901453580026985
-7.128911138923654	19.663205929047695
-7.118898623279099	19.46216142967662
-7.108886107634543	19.307811233443953
-7.098873591989987	19.17716489772534
-7.088861076345432	19.015145215552593
-7.078848560700876	18.78520060667466
-7.068836045056321	18.502027241179945
-7.0588235294117645	18.208997749413957
-7.048811013767209	17.90942693947173
-7.038798498122653	17.58500304873694
-7.028785982478098	17.222178523357787
-7.018773466833542	16.801606651762878
-7.008760951188986	16.320137660028056
-6.998748435544431	15.791774616900456
-6.988735919899875	15.23246136608235
-6.9787234042553195	14.649274441797388
-6.968710888610763	14.053775357567552
-6.958698372966207	13.506833762390086
-6.948685857321652	13.080236729678218
-6.938673341677096	12.714611288998427
-6.928660826032541	12.267447790985022
-6.918648310387985	11.826947395713116
-6.908635794743429	11.36027664702919
-6.8986232790988735	10.954561851760722
-6.888610763454318	10.848009407477612
-6.878598247809762	11.01057874832648
-6.868585732165206	11.287767472182441
-6.858573216520651	11.581438192963406
-6.848560700876095	11.965116385517664
-6.83854818523154	12.435679584737349
-6.828535669586984	12.869861358265515
-6.818523153942428	13.295580058603989
-6.808510638297872	13.750295524849605
-6.798498122653316	14.223268622452451
-6.788485607008761	14.743986678638446
-6.778473091364205	15.34218581543869
-6.768460575719649	16.00720222381127
-6.758448060075094	16.72190222686277
-6.748435544430539	17.438371625177872
-6.7384230287859825	18.159132378212917
-6.7284105131414265	18.91729354719022
-6.718397997496871	19.67614556506866
-6.708385481852315	20.477632545842248
-6.69837296620776	21.32194909022983
-6.688360450563204	22.250017351064663
-6.678347934918648	23.330218869355104
-6.668335419274093	24.562991602319833
-6.658322903629537	25.933283652951285
-6.648310387984981	27.465532008964622
-6.638297872340425	29.131682172075763
-6.628285356695869	30.919925531285358
-6.618272841051314	32.91436900168056
-6.608260325406759	35.18342055584033
-6.598247809762203	37.60188853143798
-6.588235294117647	40.02285297606819
-6.578222778473092	42.33968305958167
-6.5682102628285355	44.450982827029584
-6.55819774718398	46.31533793030066
-6.548185231539424	47.974342613507005
-6.538172715894868	49.53530685919567
-6.528160200250313	51.07383174182845
-6.518147684605757	52.57022083282717
-6.508135168961202	53.95088818411642
-6.498122653316646	55.176122541477376
-6.4881101376720896	56.24828445655926
-6.478097622027534	57.16837247125004
-6.468085106382979	57.907901818971084
-6.458072590738423	58.433302900358406
-6.448060075093867	58.74900835966798
-6.438047559449312	58.89194726164319
-6.428035043804756	58.885165728981754
-6.418022528160201	58.692643183630146
-6.4080100125156445	58.26099269481117
-6.397997496871088	57.57019597164829
-6.387984981226533	56.67202342009532
-6.377972465581977	55.67442124671103
-6.367959949937422	54.6943549505384
-6.357947434292866	53.783501667209514
-6.34793491864831	52.95779044735392
-6.337922403003755	52.356016381750464
-6.3279098873591995	51.93809499984942
-6.317897371714643	51.667486112333386
-6.307884856070087	51.65059158261462
-6.297872340425532	51.85360835727437
-6.287859824780976	52.12003309675443
-6.277847309136421	52.46088738882808
-6.267834793491865	52.88095097603554
-6.257822277847309	53.33058204432603
-6.2478097622027535	53.90220054463622
-6.2377972465581975	54.62965124607604
-6.227784730913642	55.47069670969971
-6.217772215269086	56.38612648978113
-6.20775969962453	57.272670785114435
-6.197747183979975	58.04784596735213
-6.18773466833542	58.70834293187238
-6.177722152690864	59.26551327075928
-6.167709637046308	59.71369203672276
-6.157697121401752	60.00004102104139
-6.147684605757196	60.087245610061636
-6.137672090112641	59.982009858853374
-6.127659574468085	59.6754914581906
-6.117647058823529	59.186113326442836
-6.107634543178974	58.6334596737638
-6.097622027534418	58.01927094046556
-6.0876095118898625	57.27418588367547
-6.0775969962453065	56.30757852656534
-6.06758448060075	55.10538342698486
-6.057571964956195	53.73910518741969
-6.04755944931164	52.24641155009458
-6.037546933667084	50.658066337434484
-6.027534418022528	49.005491752386064
-6.017521902377973	47.27981517043577
-6.007509386733417	45.49456976922473
-5.997496871088861	43.69054881535144
-5.987484355444305	41.81402615408301
-5.977471839799749	39.82071403921331
-5.967459324155194	37.740570708332534
-5.957446808510639	35.72878068587481
-5.947434292866083	33.95841900751764
-5.937421777221527	32.511874336497044
-5.927409261576971	31.345402307953307
-5.9173967459324155	30.421911149349448
-5.90738423028786	29.73957086746981
-5.897371714643304	29.30250210005917
-5.887359198998748	29.020033891652805
-5.877346683354192	28.838859112826384
-5.867334167709637	28.732767471756677
-5.857321652065082	28.644441788646038
-5.847309136420526	28.575476423076175
-5.83729662077597	28.529333548338226
-5.827284105131414	28.498119419186946
-5.817271589486858	28.475055991003853
-5.807259073842303	28.45733325693022
-5.797246558197747	28.443335260899193
-5.787234042553191	28.432004742844406
-5.777221526908636	28.422637357651173
-5.767209011264081	28.41475644830945
-5.7571964956195245	28.408031291171916
-5.747183979974968	28.402225614686913
-5.737171464330412	28.39716570024763
-5.727158948685857	28.392720486864185
-5.717146433041302	28.388788902208685
-5.707133917396746	28.385291563755853
-5.69712140175219	28.3821651708644
-5.687108886107635	28.379358597471242
-5.677096370463079	28.376830092379986
-5.667083854818523	28.374545223841732
-5.657071339173967	28.37247533963535
-5.647058823529411	28.37059639415756
-5.637046307884856	28.368888043152992
-5.627033792240301	28.3673329375982
-5.617021276595745	28.365916168245622
-5.607008760951189	28.364624825665178
-5.596996245306633	28.36344764976868
-5.5869837296620775	28.362374749242647
-5.576971214017522	28.361397375962213
-5.566958698372966	28.360507742875566
-5.55694618272841	28.359698876406025
-5.546933667083855	28.35896449636079
-5.536921151439299	28.358298917823667
-5.526908635794744	28.35769697066454
-5.516896120150188	28.35715393319884
-5.5068836045056315	28.356665477236866
-5.496871088861076	28.356227622321853
-5.486858573216521	28.35583669739593
-5.476846057571965	28.355489308485808
-5.466833541927409	28.355182311278316
-5.456821026282853	28.354912787679122
-5.446808510638298	28.35467802562708
-5.4367959949937426	28.35447550157812
-5.4267834793491865	28.354302865188103
-5.41677096370463	28.354157925814253
-5.406758448060075	28.354038640530295
-5.396745932415519	28.35394310340701
-5.386733416770964	28.35386953585957
-5.376720901126408	28.353816277899124
-5.366708385481852	28.353781780158094
-5.356695869837297	28.353764596581822
-5.346683354192741	28.353763377699995
-5.336670838548185	28.353776864406207
-5.326658322903629	28.35380388218714
-5.316645807259073	28.35384333575257
-5.306633291614518	28.353894204026084
-5.296620775969963	28.353955535462454
-5.286608260325407	28.354026443662903
-5.276595744680851	28.354106103264108
-5.2665832290362955	28.354193746079638
-5.256570713391739	28.35428865747573
-5.246558197747184	28.354390172965047
-5.236545682102628	28.35449767500451
-5.226533166458072	28.354610589983995
-5.216520650813517	28.35472838539464
-5.206508135168962	28.354850567165727
-5.196495619524406	28.354976677161126
-5.18648310387985	28.35510629082533
-5.1764705882352935	28.355239014971488
-5.166458072590738	28.355374485703116
-5.156445556946183	28.355512366461895
-5.146433041301627	28.35565234619522
-5.136420525657071	28.355794137636217
-5.126408010012516	28.35593747569015
-5.11639549436796	28.356082115921613
-5.1063829787234045	28.35622783797799
-5.0963704630788484	28.396848089587138
-5.086357947434292	28.16243451351956
-5.076345431789737	28.056347044687424
-5.066332916145182	27.85819293920133
-5.056320400500626	27.666200028986953
-5.04630788485607	27.250716653886144
-5.036295369211514	27.007030672802863
-5.026282853566959	27.11283769460404
-5.016270337922403	27.10386117035965
-5.006257822277847	27.429879325879632
-4.996245306633291	28.235884932925014
-4.986232790988735	28.814099586411334
-4.97622027534418	29.509426376296922
-4.966207759699625	29.735524377135548
-4.956195244055069	29.933851960051836
-4.946182728410513	29.963780882811076
-4.9361702127659575	29.963799527516755
-4.926157697121402	29.96382001280944
-4.916145181476846	30.040652458912138
-4.90613266583229	30.040671510655446
-4.896120150187734	30.040690654132348
-4.886107634543179	30.040709887628143
-4.876095118898624	30.04072920651869
-4.866082603254068	30.04074860690916
-4.8560700876095115	30.040768085866773
-4.8460575719649555	30.04078764169661
-4.8360450563204	30.040807274266864
-4.826032540675845	30.040826985391917
-4.816020025031289	30.040846779282397
-4.806007509386733	30.040866663072972
-4.795994993742178	30.040886647440495
-4.785982478097623	30.040906747326922
-4.7759699624530665	30.04092698278374
-4.76595744680851	30.040947379957636
-4.755944931163954	30.040967972239837
-4.745932415519399	30.04098880160572
-4.735919899874844	30.041009920175156
-4.725907384230288	30.04103139202932
-4.715894868585732	30.041053295325522
-4.705882352941176	30.04107572475858
-4.6958698372966206	30.041098794424933
-4.685857321652065	30.041122641155596
-4.675844806007509	30.041147428395018
-4.665832290362953	30.041173350715752
-4.655819774718398	30.041200639074123
-4.645807259073843	30.041229566930657
-4.635794743429287	30.04126045737957
-4.625782227784731	30.041293691457128
-4.615769712140175	30.04132971782795
-4.605757196495619	30.041369064083753
-4.595744680851064	30.041412349929363
-4.585732165206508	30.041460302580795
-4.575719649561952	30.041513774756808
-4.565707133917396	30.04157376571463
-4.555694618272841	30.041641445860872
-4.545682102628286	30.04171818556519
-4.53566958698373	30.04180558891746
-4.5256570713391735	30.041905533304984
-4.515644555694618	30.04202021584568
-4.505632040050063	30.042152207903467
-4.495619524405507	30.042304519137357
-4.485607008760951	30.042480672803496
-4.475594493116395	30.042684794346137
-4.46558197747184	30.042921715690667
-4.4555694618272845	30.043197098098588
-4.4455569461827285	30.043517576974967
-4.435544430538172	30.043890932651475
-4.425531914893616	30.044326291919234
-4.415519399249061	30.044834365987086
-4.405506883604506	30.045427731626383
-4.39549436795995	30.046121163583653
-4.385481852315394	30.046932027982216
-4.375469336670839	30.047880748520317
-4.365456821026283	30.048991360040915
-4.355444305381727	30.05029216792477
-4.345431789737171	30.05181653757997
-4.335419274092615	30.0536038477794
-4.32540675844806	30.055700658363776
-4.315394242803505	30.05816217493701
-4.305381727158949	30.061054159105684
-4.295369211514393	30.064455576410538
-4.285356695869837	30.068462602407312
-4.275344180225281	30.07319538746993
-4.265331664580726	30.078810887521104
-4.25531914893617	30.085529796681488
-4.245306633291614	30.093697247748732
-4.235294117647059	30.10392401210541
-4.225281602002504	30.11741008106938
-4.215269086357948	30.136681463870108
-4.2052565707133915	30.168057510714863
-4.1952440550688355	30.22526559644311
-4.18523153942428	30.298554045967634
-4.175219023779725	30.40172953014832
-4.165206508135169	30.58489962909358
-4.155193992490613	30.918183008152077
-4.145181476846057	31.39765536806574
-4.135168961201502	32.08141269436034
-4.1251564455569465	32.937650582130104
-4.11514392991239	33.88250010863879
-4.105131414267834	34.99984390814116
-4.095118898623279	36.30720566704198
-4.085106382978723	37.81108776579381
-4.075093867334168	39.58482268823827
-4.065081351689612	41.55913432681971
-4.055068836045056	43.542797396312935
-4.045056320400501	45.59420670985262
-4.035043804755945	47.634671768067975
-4.025031289111389	49.50497683271408
-4.015018773466833	51.09147234289292
-4.005006257822277	52.404046872612554
-3.994993742177722	53.5176371716194
-3.9849812265331668	54.4756765996236
-3.9749687108886107	55.23352892152977
-3.9649561952440546	55.794183958679426
-3.9549436795994994	56.208312411389166
-3.9449311639549434	56.45374207387992
-3.934918648310388	56.481539801673875
-3.924906132665832	56.27925526259171
-3.914893617021277	55.87722751632227
-3.904881101376721	55.29114805298943
-3.8948685857321648	54.54468690188614
-3.8848560700876096	53.652452914277035
-3.8748435544430535	52.58598259851826
-3.8648310387984983	51.23913193354216
-3.8548185231539422	49.60336102816089
-3.844806007509387	47.79355670331295
-3.834793491864831	45.88343108390249
-3.824780976220275	43.946703606748414
-3.8147684605757197	42.16599048023658
-3.8047559449311636	40.59197435279388
-3.7947434292866085	39.08819728365221
-3.7847309136420524	37.6699451464183
-3.774718397997497	36.409667195990316
-3.764705882352941	35.33567926126206
-3.754693366708385	34.48354089949719
-3.74468085106383	33.844506872456066
-3.734668335419274	33.35652742728599
-3.7246558197747186	32.957172432504045
-3.7146433041301625	32.75118722541995
-3.7046307884856065	32.60190862140964
-3.6946182728410513	32.50014909270964
-3.684605757196495	32.3930056902357
-3.67459324155194	32.379844059399375
-3.664580725907384	32.378768266961366
-3.6545682102628287	32.41707792539922
-3.6445556946182727	32.51336851758445
-3.6345431789737166	32.62787658052567
-3.6245306633291614	33.268880800886805
-3.6145181476846053	33.5955264358322
-3.60450563204005	34.64817129650923
-3.594493116395494	35.87624216999143
-3.584480600750939	36.76285470362729
-3.574468085106383	38.723304727593785
-3.5644555694618267	39.905892455376446
-3.5544430538172715	41.19498033627592
-3.5444305381727155	41.73021255871725
-3.5344180225281603	42.04208244842168
-3.524405506883604	42.38981751077565
-3.514392991239049	42.63765458173277
-3.504380475594493	42.97326976525821
-3.494367959949937	43.17292093723479
-3.4843554443053817	43.334129473291235
-3.4743429286608256	43.44738356624364
-3.4643304130162704	43.61325312011889
-3.4543178973717144	43.852717392293776
-3.444305381727159	44.21230828885299
-3.434292866082603	44.73907844254174
-3.424280350438047	45.50139345440604
-3.414267834793492	46.48602798195585
-3.4042553191489358	47.73022389784984
-3.3942428035043806	49.20617476207313
-3.3842302878598245	50.68123567840789
-3.3742177722152693	52.07548461671326
-3.3642052565707132	53.32456210392548
-3.354192740926157	54.54702232696537
-3.344180225281602	55.81300269779831
-3.334167709637046	57.16791462107065
-3.3241551939924907	58.559273988777036
-3.3141426783479346	59.89960371227093
-3.3041301627033794	61.16156987959046
-3.2941176470588234	62.26918426146831
-3.2841051314142673	63.21792786058582
-3.274092615769712	64.06198278951292
-3.264080100125156	64.80291120152256
-3.254067584480601	65.38925873319303
-3.2440550688360448	65.77845640211594
-3.2340425531914896	65.95938965031924
-3.2240300375469335	65.98306332097557
-3.2140175219023774	65.94612101384257
-3.2040050062578223	65.92458403304532
-3.193992490613266	65.90100294587474
-3.183979974968711	65.75378429644928
-3.173967459324155	65.45763195889259
-3.1639549436795997	65.06115545477823
-3.1539424280350437	64.50730297768887
-3.1439299123904876	63.73263869141287
-3.1339173967459324	62.782759763422206
-3.1239048811013763	61.71446665892274
-3.113892365456821	60.53645626708576
-3.103879849812265	59.271078313055014
-3.09386733416771	58.01515212786077
-3.083854818523154	56.76550178638348
-3.0738423028785977	55.389849359403634
-3.0638297872340425	53.8826077450137
-3.0538172715894865	52.39218059034182
-3.0438047559449313	50.9200970240514
-3.033792240300375	49.39686661122543
-3.02377972465582	47.86094988824943
-3.013767209011264	46.465842790062396
-3.003754693366708	45.252862501403676
-2.9937421777221527	44.066556536604075
-2.9837296620775966	43.055249850959314
-2.9737171464330414	42.15233298090134
-2.9637046307884853	41.47705903074889
-2.95369211514393	41.112041317608366
-2.943679599499374	40.87278213887454
-2.933667083854818	40.934889233507874
-2.923654568210263	41.09779181926508
-2.9136420525657067	41.228055471625126
-2.9036295369211516	41.50412782488523
-2.8936170212765955	41.97183890465811
-2.8836045056320403	42.46428659012733
-2.873591989987484	42.92388331923565
-2.863579474342928	43.34051456161956
-2.853566958698373	43.63388401274046
-2.843554443053817	43.78341499085825
-2.8335419274092617	43.779845090253175
-2.8235294117647056	43.66142081449933
-2.8135168961201504	43.37065349665208
-2.8035043804755944	42.81918514504627
-2.7934918648310383	42.01595104773814
-2.783479349186483	41.10557323149454
-2.773466833541927	40.141442504339224
-2.763454317897372	39.06523477649102
-2.7534418022528158	37.871565337111534
-2.7434292866082606	36.6747488642244
-2.7334167709637045	35.47228109065289
-2.7234042553191484	34.17820148611406
-2.7133917396745932	32.80208809482924
-2.703379224030037	31.420727955815174
-2.693366708385482	30.107652854695562
-2.683354192740926	28.893308273699226
-2.6733416770963707	27.719627673238236
-2.6633291614518146	26.52060038175864
-2.6533166458072586	25.279182079678307
-2.6433041301627034	24.134106901027337
-2.6332916145181473	23.152063871929194
-2.623279098873592	22.350162047904092
-2.613266583229036	21.74430716153914
-2.603254067584481	21.25691485112446
-2.593241551939925	20.90893883613841
-2.5832290362953687	20.640914999431995
-2.5732165206508135	20.435696858066834
-2.5632040050062574	20.325399020985557
-2.5531914893617023	20.23189106943603
-2.543178973717146	20.153296641224742
-2.533166458072591	20.06784585775172
-2.523153942428035	19.94584917363669
-2.513141426783479	19.838435462105267
-2.5031289111389237	19.769934568485972
-2.4931163954943676	19.71892821974471
-2.4831038798498124	19.701249772015615
-2.4730913642052563	19.691532421868267
-2.463078848560701	19.683805424098253
-2.453066332916145	19.67709392115821
-2.443053817271589	19.671101882317956
-2.433041301627034	19.665675881584352
-2.4230287859824777	19.660719813801347
-2.4130162703379225	19.656168829988694
-2.4030037546933665	19.651976580684064
-2.3929912390488113	19.648107936392716
-2.382978723404255	19.64453468224104
-2.372966207759699	19.64123296335243
-2.362953692115144	19.638181782435538
-2.352941176470588	19.635362130179445
-2.3429286608260327	19.63275649234687
-2.3329161451814766	19.630348576725204
-2.3229036295369214	19.628123164434076
-2.3128911138923653	19.626066028198874
-2.3028785982478093	19.62416388384612
-2.292866082603254	19.62240435584759
-2.282853566958698	19.62077594660493
-2.272841051314143	19.61926800445301
-2.2628285356695867	19.61787068841572
-2.2528160200250316	19.61657492942885
-2.2428035043804755	19.61537237907535
-2.2327909887359194	19.603865833039315
-2.2227784730913642	19.593016198908177
-2.212765957446808	19.592049891711024
-2.202753441802253	19.576646672999285
-2.192740926157697	19.544828195792686
-2.1827284105131417	19.602189891925374
-2.1727158948685856	19.644889901614807
-2.1627033792240296	19.48573998609761
-2.1526908635794744	19.315213222919287
-2.1426783479349183	19.528700446426054
-2.132665832290363	19.604967556501748
-2.122653316645807	19.59205600095286
-2.112640801001252	19.676256801977623
-2.1026282853566958	20.07246466478671
-2.0926157697121397	20.191493904291864
-2.0826032540675845	20.447527126135398
-2.0725907384230284	20.67106491553508
-2.0625782227784732	20.840926989831978
-2.052565707133917	21.09555356741777
-2.042553191489362	21.13911047770899
-2.032540675844806	21.282717568535187
-2.02252816020025	21.28582637445761
-2.0125156445556946	21.387917834023366
-2.0025031289111386	21.47717052110438
-1.9924906132665834	21.467220793417873
-1.9824780976220273	21.5444641894732
-1.9724655819774712	21.545103069548738
-1.962453066332916	21.54533541040851
-1.95244055068836	21.545594908721252
-1.9424280350438048	21.54588416230833
-1.9324155193992487	21.54620600363684
-1.9224030037546935	21.54656352259331
-1.9123904881101375	21.54696009213838
-1.9023779724655814	21.54739939764848
-1.8923654568210262	21.547885470922438
-1.8823529411764701	21.548422730259848
-1.872340425531915	21.549016028712092
-1.8623279098873589	21.54967071376539
-1.8523153942428037	21.550392703721393
-1.8423028785982476	21.55118858963616
-1.8322903629536915	21.552065778304176
-1.8222778473091363	21.553032704253717
-1.8122653316645803	21.55409916242998
-1.802252816020025	21.555276857667085
-1.792240300375469	21.55658034514312
-1.7822277847309138	21.55802864661534
-1.7722152690863577	21.559647850905435
-1.7622027534418017	21.56147421710195
-1.7521902377972465	21.563552372013454
-1.7421777221526904	21.565902451322682
-1.7321652065081352	21.568384969767706
-1.7221526908635791	21.57061168098274
-1.712140175219024	21.573296023158015
-1.7021276595744679	21.57989090706821
-1.6921151439299118	21.590773960923336
-1.6821026282853566	21.60276157604426
-1.6720901126408005	21.620872671872807
-1.6620775969962454	21.655982004313685
-1.6520650813516893	21.687715805521695
-1.642052565707134	21.725656655700874
-1.632040050062578	21.771455988311157
-1.622027534418022	21.84525439567747
-1.6120150187734668	21.946444773860286
-1.6020025031289107	22.044457775679568
-1.5919899874843555	22.146549277791337
-1.5819774718397994	22.264107658494055
-1.5719649561952442	22.41276163160151
-1.5619524405506882	22.58542371405409
-1.551939924906132	22.769580720299725
-1.541927409261577	22.95525811716657
-1.5319148936170208	23.141105375489097
-1.5219023779724656	23.36615219906165
-1.5118898623279096	23.6361071708905
-1.5018773466833544	23.849398225028892
-1.4918648310387983	23.997403304896352
-1.4818523153942422	24.08044255886026
-1.471839799749687	24.128790029604456
-1.461827284105131	24.164544713428814
-1.4518147684605758	24.160159598586166
-1.4418022528160197	24.086166504087043
-1.4317897371714645	23.933046477692383
-1.4217772215269084	23.715518732204416
-1.4117647058823524	23.477184454205442
-1.4017521902377972	23.204173982238995
-1.391739674593241	22.877358766819224
-1.381727158948686	22.511642305813965
-1.3717146433041298	22.1502547524113
-1.3617021276595747	21.794392910193114
-1.3516896120150186	21.4142408891456
-1.3416770963704625	20.944068971216886
-1.3316645807259073	20.487854850480865
-1.3216520650813512	19.957375126267998
-1.311639549436796	19.36795280978257
-1.30162703379224	18.80089271912763
-1.2916145181476848	18.248864305199042
-1.2816020025031287	17.73623235444344
-1.2715894868585726	17.25339069886101
-1.2615769712140175	16.78821412541414
-1.2515644555694614	16.428730481664257
-1.2415519399249062	16.284190860284784
-1.2315394242803501	16.209236516304877
-1.221526908635795	16.200436475265683
-1.2115143929912389	16.36927980047514
-1.2015018773466828	16.645121754311198
-1.1914893617021276	16.95422002282145
-1.1814768460575715	17.280641468442408
-1.1714643304130163	17.561815196267762
-1.1614518147684603	17.745903361231928
-1.151439299123905	17.928837623573315
-1.141426783479349	18.111770618236772
-1.131414267834793	18.224744064034148
-1.1214017521902377	18.364750551642544
-1.1113892365456817	18.543211968952104
-1.1013767209011265	18.704876014487986
-1.0913642052565704	18.843692895959112
-1.0813516896120152	18.965584923135328
-1.0713391739674591	19.033591652799384
-1.061326658322903	19.01072473016784
-1.0513141426783479	18.909868038438958
-1.0413016270337918	18.75957896187255
-1.0312891113892366	18.579391115144457
-1.0212765957446805	18.401381490055893
-1.0112640801001254	18.206334882276828
-1.0012515644555693	17.92064344659091
-0.9912390488110132	17.556621291942868
-0.981226533166458	17.194520918843917
-0.971214017521902	16.850650945718126
-0.9612015018773468	16.50881926469995
-0.9511889862327907	16.193304387776475
-0.9411764705882355	15.907262005861403
-0.9311639549436794	15.606782846617238
-0.9211514392991234	15.318192795793054
-0.9111389236545682	15.043043739808214
-0.9011264080100121	14.770786123653785
-0.8911138923654569	14.52138069023923
-0.8811013767209008	14.343463692683601
-0.8710888610763456	14.270342797434495
-0.8610763454317896	14.345005261039738
-0.8510638297872335	14.558423033255007
-0.8410513141426783	14.881431899505214
-0.8310387984981222	15.337214627637094
-0.821026282853567	15.891943008810228
-0.811013767209011	16.475838558654377
-0.8010012515644558	17.042890742712284
-0.7909887359198997	17.566676387876186
-0.7809762202753436	18.03279458677595
-0.7709637046307884	18.433891265406576
-0.7609511889862324	18.759279692101874
-0.7509386733416772	19.0004272147467
-0.7409261576971211	19.15311336014797
-0.7309136420525659	19.23559336811848
-0.7209011264080099	19.28329152134397
-0.7108886107634538	19.29960493302007
-0.7008760951188986	19.257318818425993
-0.6908635794743425	19.133723071112414
-0.6808510638297873	18.93594321708334
-0.6708385481852313	18.71249468993417
-0.6608260325406761	18.513790991688527
-0.65081351689612	18.3617745830838
-0.6408010012515639	18.244097674409513
-0.6307884856070087	18.11071490330909
-0.6207759699624527	17.907354412518988
-0.6107634543178975	17.645714216026164
-0.6007509386733414	17.368634574025148
-0.5907384230287862	17.052937650679628
-0.5807259073842301	16.694050332401993
-0.5707133917396741	16.34743208902918
-0.5607008760951189	16.042026892997036
-0.5506883604505628	15.739404799925715
-0.5406758448060076	15.477001422138386
-0.5306633291614515	15.307809911253935
-0.5206508135168963	15.24987085319116
-0.5106382978723403	15.30093598789407
-0.5006257822277842	15.428453825538952
-0.490613266583229	15.628487829239274
-0.48060075093867294	15.938465972096715
-0.47058823529411775	16.325821476144128
-0.4605757196495617	16.761980719671197
-0.4505632040050065	17.253327136967464
-0.4405506883604504	17.771456525330294
-0.43053817271589434	18.290214504906796
-0.42052565707133915	18.855467331718593
-0.4105131414267831	19.52087130111267
-0.4005006257822279	20.227128818129245
-0.3904881101376718	20.927334926106038
-0.38047559449311663	21.65432696978168
-0.37046307884856056	22.3852457940882
-0.3604505632040045	23.041139581604362
-0.3504380475594493	23.57729680640444
-0.3404255319148932	23.976747534439482
-0.33041301627033803	24.205416942760564
-0.32040050062578196	24.251184708429676
-0.3103879849812259	24.165719720835238
-0.3003754693366707	24.03027102642004
-0.2903629536921146	23.869314199301176
-0.28035043804755944	23.637608233049438
-0.27033792240300336	23.28826312546981
-0.2603254067584482	22.81144972204258
-0.2503128911138921	22.22441383202885
-0.24030037546933602	21.549268513379754
-0.23028785982478084	20.789667375176908
-0.22027534418022476	19.92884224211377
-0.21026282853566958	18.98848403490949
-0.2002503128911135	18.055874930030676
-0.19023779724655832	17.20788256722808
-0.18022528160200224	16.478721366582857
-0.17021276595744617	15.863180684949015
-0.16020025031289098	15.307202631971244
-0.1501877346683349	14.799252018796071
-0.14017521902377972	14.365296072665986
-0.13016270337922364	14.005203723760111
-0.12015018773466846	13.730802886082838
-0.11013767209011238	13.523457771957165
-0.10012515644555631	13.386365716687337
-0.09011264080100112	13.335940054271267
-0.08010012515644505	13.322550553747307
-0.07008760951188986	13.269667368403503
-0.060075093867333784	13.174651521021099
-0.0500625782227786	13.080953556987566
-0.04005006257822252	13.026362210182285
-0.030037546933666448	13.009531935869484
-0.02002503128911126	13.022770586661519
-0.010012515644555187	13.061447384980934
0.0	13.131717397955859
