-8.0	2.240966657987341
-7.989987484355444	2.2579949314051424
-7.979974968710889	2.2627339591541653
-7.969962453066333	2.2428395118207947
-7.9599499374217775	2.1934633772414673
-7.949937421777221	2.1205601137866976
-7.939924906132666	2.038193859227082
-7.92991239048811	1.9614711657293866
-7.919899874843554	1.9005735584068322
-7.909887359198999	1.859597954551639
-7.899874843554443	1.8386854749951964
-7.889862327909888	1.8357517432883033
-7.8798498122653315	1.8469458098186262
-7.869837296620776	1.8677716220064864
-7.85982478097622	1.8955340921870956
-7.849812265331664	1.930907508075667
-7.839799749687109	1.976478225109548
-7.829787234042553	2.0331794299134303
-7.819774718397998	2.0979744357466767
-7.809762202753442	2.165340908794161
-7.7997496871088865	2.2317622933017556
-7.78973717146433	2.2994756185296676
-7.779724655819774	2.37586302720953
-7.769712140175219	2.468330129514074
-7.759699624530663	2.5784655596585697
-7.749687108886108	2.700097775876875
-7.739674593241552	2.822740315964779
-7.729662077596997	2.937788282116264
-7.719649561952441	3.043256848169455
-7.7096370463078845	3.144587891843066
-7.699624530663329	3.2518308893134025
-7.689612015018773	3.3747663704343247
-7.679599499374218	3.5174649232478576
-7.669586983729662	3.6745609260700403
-7.659574468085107	3.832662866323936
-7.649561952440551	3.978003358496047
-7.639549436795995	4.105602576397638
-7.629536921151439	4.222572890978657
-7.619524405506883	4.3431762577263155
-7.609511889862328	4.480667504549778
-7.599499374217772	4.6426455460725204
-7.589486858573217	4.831556284592403
-7.579474342928661	5.0462550947953275
-7.569461827284105	5.280399953825268
-7.55944931163955	5.5192000425427805
-7.5494367959949935	5.7409481064305625
-7.539424280350438	5.926796672080044
-7.529411764705882	6.073140346443463
-7.519399249061326	6.195608567543785
-7.509386733416771	6.319004255878514
-7.499374217772215	6.459384876881809
-7.48936170212766	6.611935742496717
-7.479349186483104	6.754605619123895
-7.4693366708385485	6.865509580055382
-7.459324155193992	6.941111409962693
-7.449311639549437	7.001150132383915
-7.439299123904881	7.076709268456609
-7.429286608260325	7.1909345655351
-7.41927409261577	7.346156726818132
-7.409261576971214	7.5242778168485245
-7.399249061326659	7.697411484597719
-7.3892365456821025	7.841165824116286
-7.3792240300375465	7.944171115904339
-7.369211514392991	8.010279501202692
-7.359198998748435	8.052472703618996
-7.34918648310388	8.081534039999879
-7.339173967459324	8.097170336274
-7.329161451814769	8.088995805583268
-7.319148936170213	8.047027483702513
-7.3091364205256575	7.972760114249589
-7.299123904881101	7.881436639638337
-7.289111389236545	7.793917225312556
-7.27909887359199	7.724565150985229
-7.269086357947434	7.673444628120473
-7.259073842302879	7.627238408487423
-7.249061326658323	7.567753028217277
-7.239048811013767	7.482792294585983
-7.2290362953692116	7.3727109365558015
-7.2190237797246555	7.248320350716163
-7.2090112640801	7.122148110282645
-7.198998748435544	7.000662833184028
-7.188986232790989	6.883521128076993
-7.178973717146433	6.768161875152588
-7.168961201501878	6.653058421630598
-7.158948685857322	6.536201965903178
-7.148936170212766	6.412201850888974
-7.13892365456821	6.273203099207459
-7.128911138923654	6.113719681599326
-7.118898623279099	5.934199826877153
-7.108886107634543	5.739560466279406
-7.098873591989987	5.534935342752062
-7.088861076345432	5.323332628133737
-7.078848560700876	5.106439993828688
-7.068836045056321	4.886405861070598
-7.0588235294117645	4.667064439377427
-7.048811013767209	4.45454842290663
-7.038798498122653	4.256493342966689
-7.028785982478098	4.078714650079615
-7.018773466833542	3.921024184387988
-7.008760951188986	3.776490491664974
-6.998748435544431	3.6361746543803415
-6.988735919899875	3.4957895282439435
-6.9787234042553195	3.358354882937008
-6.968710888610763	3.2306126528052914
-6.958698372966207	3.1168171515228704
-6.948685857321652	3.0158364645740257
-6.938673341677096	2.9240688052710584
-6.928660826032541	2.8406044919411197
-6.918648310387985	2.768849812212831
-6.908635794743429	2.713200210690192
-6.8986232790988735	2.674641866728766
-6.888610763454318	2.648942439843377
-6.878598247809762	2.627478028591304
-6.868585732165206	2.59951271518627
-6.858573216520651	2.5556781448399253
-6.848560700876095	2.491812476163152
-6.83854818523154	2.410803137443912
-6.828535669586984	2.320861079858838
-6.818523153942428	2.2314586515679964
-6.808510638297872	2.1498334964163304
-6.798498122653316	2.080045533169993
-6.788485607008761	2.024240378999247
-6.778473091364205	1.9839906649396128
-6.768460575719649	1.9598561236473235
-6.758448060075094	1.9494549447307519
-6.748435544430539	1.946205995768502
-6.7384230287859825	1.9405858529643232
-6.7284105131414265	1.9237812335145006
-6.718397997496871	1.8918645216123964
-6.708385481852315	1.8480956128596968
-6.69837296620776	1.8017402214169165
-6.688360450563204	1.7637180485628074
-6.678347934918648	1.7415664009936795
-6.668335419274093	1.7368798409683563
-6.658322903629537	1.7465199763342012
-6.648310387984981	1.7657587688397087
-6.638297872340425	1.7901307138276543
-6.628285356695869	1.8148739695753722
-6.618272841051314	1.8342449110575394
-6.608260325406759	1.8433144205842398
-6.598247809762203	1.8412846737464899
-6.588235294117647	1.8326379366136953
-6.578222778473092	1.824504375377329
-6.5682102628285355	1.8226581541086557
-6.55819774718398	1.8291051738167645
-6.548185231539424	1.8416176168787448
-6.538172715894868	1.8545404638517218
-6.528160200250313	1.8614946115606823
-6.518147684605757	1.8600587681600205
-6.508135168961202	1.8551347515064194
-6.498122653316646	1.856656115335007
-6.4881101376720896	1.8719825528579164
-6.478097622027534	1.8990534855130319
-6.468085106382979	1.926269878436851
-6.458072590738423	1.9393116081001203
-6.448060075093867	1.92991485081184
-6.438047559449312	1.9010571213238325
-6.428035043804756	1.8658367612736464
-6.418022528160201	1.840980351694839
-6.4080100125156445	1.8388649255980023
-6.397997496871088	1.8628415761314057
-6.387984981226533	1.9083897875661473
-6.377972465581977	1.9683335455876427
-6.367959949937422	2.0373690549301124
-6.357947434292866	2.11231157079401
-6.34793491864831	2.1891528574281254
-6.337922403003755	2.261770119145465
-6.3279098873591995	2.3253969154873597
-6.317897371714643	2.3819057633271687
-6.307884856070087	2.4406424404549165
-6.297872340425532	2.5126990492652057
-6.287859824780976	2.603617967381978
-6.277847309136421	2.7110431388687677
-6.267834793491865	2.828103711145004
-6.257822277847309	2.947403085847869
-6.2478097622027535	3.0612342415833855
-6.2377972465581975	3.159599259067681
-6.227784730913642	3.231075301620849
-6.217772215269086	3.2680799850780593
-6.20775969962453	3.272162940603972
-6.197747183979975	3.254254236678873
-6.18773466833542	3.2298366809069337
-6.177722152690864	3.212902441431915
-6.167709637046308	3.2114357641685536
-6.157697121401752	3.2250346559553082
-6.147684605757196	3.245778420513952
-6.137672090112641	3.263242025772903
-6.127659574468085	3.2707825333040503
-6.117647058823529	3.267977887849397
-6.107634543178974	3.2581854432022865
-6.097622027534418	3.2453124796516972
-6.0876095118898625	3.232835158275632
-6.0775969962453065	3.2238631803648734
-6.06758448060075	3.2207921955706484
-6.057571964956195	3.22564364521773
-6.04755944931164	3.241525185346977
-6.037546933667084	3.2724531433625836
-6.027534418022528	3.3193293895194027
-6.017521902377973	3.3749856873543775
-6.007509386733417	3.4241425445456226
-5.997496871088861	3.45028238008127
-5.987484355444305	3.444835605770136
-5.977471839799749	3.4118360991392223
-5.967459324155194	3.3650069665467623
-5.957446808510639	3.3198554384043484
-5.947434292866083	3.286164931035826
-5.937421777221527	3.264849726052818
-5.927409261576971	3.249348722637089
-5.9173967459324155	3.2292353683491606
-5.90738423028786	3.194477450071547
-5.897371714643304	3.1403069092351057
-5.887359198998748	3.071363319367887
-5.877346683354192	3.0011373781150743
-5.867334167709637	2.944308344527462
-5.857321652065082	2.9062228775344265
-5.847309136420526	2.8780323903077667
-5.83729662077597	2.8415509171079902
-5.827284105131414	2.779518257149504
-5.817271589486858	2.684142879395143
-5.807259073842303	2.5601399360378636
-5.797246558197747	2.421615139467183
-5.787234042553191	2.2839555957317383
-5.777221526908636	2.155433021885834
-5.767209011264081	2.0354070037328347
-5.7571964956195245	1.9208447590095592
-5.747183979974968	1.814030085979136
-5.737171464330412	1.7226973572717348
-5.727158948685857	1.6519096912979683
-5.717146433041302	1.5955500223103285
-5.707133917396746	1.5358854575626195
-5.69712140175219	1.4529415113328215
-5.687108886107635	1.337421127664575
-5.677096370463079	1.1976232132255757
-5.667083854818523	1.0551022453150805
-5.657071339173967	0.932536545941671
-5.647058823529411	0.8427439144144983
-5.637046307884856	0.7852682325785675
-5.627033792240301	0.7499653926731775
-5.617021276595745	0.7229716831348324
-5.607008760951189	0.691893981436928
-5.596996245306633	0.6497243880062579
-5.5869837296620775	0.5968623645343252
-5.576971214017522	0.5396442555911506
-5.566958698372966	0.48556952823632615
-5.55694618272841	0.43861763485918276
-5.546933667083855	0.39818658641890536
-5.536921151439299	0.36168043463363314
-5.526908635794744	0.3277399160680235
-5.516896120150188	0.29749573272540414
-5.5068836045056315	0.27362592126949997
-5.496871088861076	0.25851532707669694
-5.486858573216521	0.25268091504837664
-5.476846057571965	0.25410234058052983
-5.466833541927409	0.2589193200544586
-5.456821026282853	0.26348113498125725
-5.446808510638298	0.2666628003577836
-5.4367959949937426	0.2707608682558124
-5.4267834793491865	0.28014672989925565
-5.41677096370463	0.29859893783946223
-5.406758448060075	0.3272381949438205
-5.396745932415519	0.3643884912587873
-5.386733416770964	0.40715735800899844
-5.376720901126408	0.45327601292059894
-5.366708385481852	0.5015659744606357
-5.356695869837297	0.5507012266081547
-5.346683354192741	0.5979783600424339
-5.336670838548185	0.6401983553410281
-5.326658322903629	0.6763164328397658
-5.316645807259073	0.7090795998253507
-5.306633291614518	0.7438448231254381
-5.296620775969963	0.785761559034184
-5.286608260325407	0.8374864347210239
-5.276595744680851	0.8981817499410087
-5.2665832290362955	0.9636737873708789
-5.256570713391739	1.0280813538395646
-5.246558197747184	1.086848430468562
-5.236545682102628	1.1394317575207973
-5.226533166458072	1.1892980341076593
-5.216520650813517	1.2408100168698055
-5.206508135168962	1.2952579261855932
-5.196495619524406	1.3491024323762544
-5.18648310387985	1.3957687496849327
-5.1764705882352935	1.429594317479495
-5.166458072590738	1.4490490322936085
-5.156445556946183	1.457200233085926
-5.146433041301627	1.4596168113764756
-5.136420525657071	1.4616587625869544
-5.126408010012516	1.4672016043856813
-5.11639549436796	1.4792270603431124
-5.1063829787234045	1.5006196824685873
-5.0963704630788484	1.5332186006943975
-5.086357947434292	1.5756623293170282
-5.076345431789737	1.6230324440272093
-5.066332916145182	1.669664295339828
-5.056320400500626	1.7120258738836451
-5.04630788485607	1.7479948991461163
-5.036295369211514	1.7741731597267052
-5.026282853566959	1.7864265557099699
-5.016270337922403	1.7845301866831533
-5.006257822277847	1.7753463028729772
-4.996245306633291	1.7695754392064957
-4.986232790988735	1.7740249795011982
-4.97622027534418	1.7861654908343452
-4.966207759699625	1.7959914109281419
-4.956195244055069	1.7941613194915371
-4.946182728410513	1.779897083349069
-4.9361702127659575	1.7617014277595207
-4.926157697121402	1.74992109151333
-4.916145181476846	1.7476407023966045
-4.90613266583229	1.7478344489096296
-4.896120150187734	1.7384914056207488
-4.886107634543179	1.7101804416760524
-4.876095118898624	1.659688998406392
-4.866082603254068	1.5889220917416693
-4.8560700876095115	1.5031898815135418
-4.8460575719649555	1.411831619732932
-4.8360450563204	1.328975081459627
-4.826032540675845	1.2700032675983544
-4.816020025031289	1.2434603195989553
-4.806007509386733	1.2443723973841534
-4.795994993742178	1.2556317747805699
-4.785982478097623	1.257333697542883
-4.7759699624530665	1.2368121748823462
-4.76595744680851	1.1923580917302299
-4.755944931163954	1.1301303739035449
-4.745932415519399	1.0588178409497986
-4.735919899874844	0.9860123811670783
-4.725907384230288	0.916944343854561
-4.715894868585732	0.8543143121472506
-4.705882352941176	0.7982346729721
-4.6958698372966206	0.7465235044405699
-4.685857321652065	0.6962434546299575
-4.675844806007509	0.6463524210623537
-4.665832290362953	0.5994415123853483
-4.655819774718398	0.5603725700263696
-4.645807259073843	0.5322233959804473
-4.635794743429287	0.5128018009996616
-4.625782227784731	0.494904517424005
-4.615769712140175	0.47038167533903996
-4.605757196495619	0.43485529647508997
-4.595744680851064	0.38949943407564624
-4.585732165206508	0.33892859827985955
-4.575719649561952	0.2875388374521912
-4.565707133917396	0.23755896822531467
-4.555694618272841	0.18988206466637947
-4.545682102628286	0.14591098642673123
-4.53566958698373	0.10809738322110919
-4.5256570713391735	0.07872665515054564
-4.515644555694618	0.05838102646822239
-4.505632040050063	0.04556182951410534
-4.495619524405507	0.03766381886442023
-4.485607008760951	0.03238431356849645
-4.475594493116395	0.028509078686269188
-4.46558197747184	0.025696740803667153
-4.4555694618272845	0.02375760351751365
-4.4455569461827285	0.022234679047252858
-4.435544430538172	0.0205730505112762
-4.425531914893616	0.018461738483740827
-4.415519399249061	0.015890415540136652
-4.405506883604506	0.012977413569650983
-4.39549436795995	0.009884144447597259
-4.385481852315394	0.0068658685111479155
-4.375469336670839	0.004256389096253961
-4.365456821026283	0.002315114880449738
-4.355444305381727	0.0010919864128273694
-4.345431789737171	0.0004433838431296962
-4.335419274092615	0.00015429108151877847
-4.32540675844806	4.5896109385275905e-05
-4.315394242803505	1.1652915737554158e-05
-4.305381727158949	2.523147045556063e-06
-4.295369211514393	4.6567648796510917e-07
-4.285356695869837	7.323787932832472e-08
-4.275344180225281	9.813530242933472e-09
-4.265331664580726	1.1202407201396551e-09
-4.25531914893617	1.0893563346314602e-10
-4.245306633291614	9.02375071813014e-12
-4.235294117647059	6.367289134550828e-13
-4.225281602002504	3.8270808877267446e-14
-4.215269086357948	1.9594018335490512e-15
-4.2052565707133915	8.545166773747839e-17
-4.1952440550688355	3.174371722955448e-18
-4.18523153942428	1.0044646637783764e-19
-4.175219023779725	2.7073902249504897e-21
-4.165206508135169	6.215930746804225e-23
-4.155193992490613	1.2156274010620796e-24
-4.145181476846057	2.0250405770189255e-26
-4.135168961201502	2.873464755983359e-28
-4.1251564455569465	3.473096833156927e-30
-4.11514392991239	3.57574687633028e-32
-4.105131414267834	3.1358515441008347e-34
-4.095118898623279	2.3425187000550166e-36
-4.085106382978723	1.4905600652890852e-38
-4.075093867334168	8.078946604970381e-41
-4.065081351689612	3.729914136386496e-43
-4.055068836045056	1.46683671065054e-45
-4.045056320400501	4.9136423934773724e-48
-4.035043804755945	1.4020521274630036e-50
-4.025031289111389	3.407717734321621e-53
-4.015018773466833	7.055079465503539e-56
-4.005006257822277	1.2476870979245386e-58
-3.994993742177722	2.308783504358108e-58
-3.9849812265331668	1.2881901514788283e-55
-3.9749687108886107	6.127367699211409e-53
-3.9649561952440546	2.4826468738467397e-50
-3.9549436795994994	8.568501738986183e-48
-3.9449311639549434	2.5191039831366903e-45
-3.934918648310388	6.308722973962069e-43
-3.924906132665832	1.345843484268012e-40
-3.914893617021277	2.445737426477729e-38
-3.904881101376721	3.7861061632813904e-36
-3.8948685857321648	4.9928702859335625e-34
-3.8848560700876096	5.609069913594161e-32
-3.8748435544430535	5.3681562664902576e-30
-3.8648310387984983	4.376898645007295e-28
-3.8548185231539422	3.040405833321554e-26
-3.844806007509387	1.799456262242776e-24
-3.834793491864831	9.074486425967813e-23
-3.824780976220275	3.89948335360481e-21
-3.8147684605757197	1.428033364684531e-19
-3.8047559449311636	4.457272147684801e-18
-3.7947434292866085	1.1859519997648432e-16
-3.7847309136420524	2.690409576201281e-15
-3.774718397997497	5.205147384961791e-14
-3.764705882352941	8.591159597798498e-13
-3.754693366708385	1.210194519191914e-11
-3.74468085106383	1.4557105929307386e-10
-3.734668335419274	1.4962680049222654e-09
-3.7246558197747186	1.3153501978472332e-08
-3.7146433041301625	9.900638539291955e-08
-3.7046307884856065	6.390065162676833e-07
-3.6946182728410513	3.543002495048833e-06
-3.684605757196495	1.6915264328905965e-05
-3.67459324155194	6.97428495846924e-05
-3.664580725907384	0.00024923019009451383
-3.6545682102628287	0.0007752975251410177
-3.6445556946182727	0.0021101376740051583
-3.6345431789737166	0.0050538165688119065
-3.6245306633291614	0.01071737952481258
-3.6145181476846053	0.020253653594857386
-3.60450563204005	0.03432763273882238
-3.594493116395494	0.052515451413545626
-3.584480600750939	0.07301638947734662
-3.574468085106383	0.09306529536527398
-3.5644555694618267	0.1101149544938406
-3.5544430538172715	0.12329949744510149
-3.5444305381727155	0.13425934377422424
-3.5344180225281603	0.1465686801446112
-3.524405506883604	0.16386642689648975
-3.514392991239049	0.18779405783828507
-3.504380475594493	0.21707726090325993
-3.494367959949937	0.24822834559258872
-3.4843554443053817	0.27724903078086827
-3.4743429286608256	0.30148307992911094
-3.4643304130162704	0.3211970025892863
-3.4543178973717144	0.34042872618970044
-3.444305381727159	0.366176391529442
-3.434292866082603	0.405476406616305
-3.424280350438047	0.4616749768881213
-3.414267834793492	0.5324542101572024
-3.4042553191489358	0.6111167878786067
-3.3942428035043806	0.689876792903893
-3.3842302878598245	0.7623321365006895
-3.3742177722152693	0.8239002680968462
-3.3642052565707132	0.8718603633079391
-3.354192740926157	0.9067885418968765
-3.344180225281602	0.9342045005237805
-3.334167709637046	0.9634156172305877
-3.3241551939924907	1.0027729953647122
-3.3141426783479346	1.0544151819327396
-3.3041301627033794	1.112770342427328
-3.2941176470588234	1.1683544360617693
-3.2841051314142673	1.214084439860891
-3.274092615769712	1.2491585314480211
-3.264080100125156	1.2777422480254677
-3.254067584480601	1.3044100963930845
-3.2440550688360448	1.3308625105875989
-3.2340425531914896	1.3563939394549265
-3.2240300375469335	1.3804788096649085
-3.2140175219023774	1.4041723118430713
-3.2040050062578223	1.4291453290722815
-3.193992490613266	1.4560305484772647
-3.183979974968711	1.4838558663880796
-3.173967459324155	1.5103153055057463
-3.1639549436795997	1.5320426496405073
-3.1539424280350437	1.5455432545178756
-3.1439299123904876	1.5495346271975312
-3.1339173967459324	1.5469343677545968
-3.1239048811013763	1.543731717687154
-3.113892365456821	1.545149111481589
-3.103879849812265	1.5527495274280168
-3.09386733416771	1.5648621147597708
-3.083854818523154	1.5790026939904684
-3.0738423028785977	1.5936630830293288
-3.0638297872340425	1.6083348068708945
-3.0538172715894865	1.622400130195784
-3.0438047559449313	1.6344230561864785
-3.033792240300375	1.6429860347815932
-3.02377972465582	1.6482295998705432
-3.013767209011264	1.651692559017579
-3.003754693366708	1.6537715344610777
-2.9937421777221527	1.6516580885683756
-2.9837296620775966	1.6409821552328916
-2.9737171464330414	1.6203296783086374
-2.9637046307884853	1.5941753984587683
-2.95369211514393	1.5709986844941968
-2.943679599499374	1.557821190705561
-2.933667083854818	1.5553991665753955
-2.923654568210263	1.5576043408864653
-2.9136420525657067	1.5552861801128968
-2.9036295369211516	1.5415914508234905
-2.8936170212765955	1.5148177344845726
-2.8836045056320403	1.4772717610092017
-2.873591989987484	1.4320620851672856
-2.863579474342928	1.3809297337907407
-2.853566958698373	1.3243979596098898
-2.843554443053817	1.2631002553003572
-2.8335419274092617	1.1985888587104203
-2.8235294117647056	1.133135172366311
-2.8135168961201504	1.0689942297099608
-2.8035043804755944	1.0074544109842585
-2.7934918648310383	0.9480163895550261
-2.783479349186483	0.8887783885959061
-2.773466833541927	0.828757581555364
-2.763454317897372	0.7705752024574702
-2.7534418022528158	0.7203592622118955
-2.7434292866082606	0.6838051895752091
-2.7334167709637045	0.6614138809836902
-2.7234042553191484	0.6471563124314307
-2.7133917396745932	0.6315673673105514
-2.703379224030037	0.6063758403626008
-2.693366708385482	0.56744423114112
-2.683354192740926	0.5154646157908293
-2.6733416770963707	0.4556162131671716
-2.6633291614518146	0.396474584215425
-2.6533166458072586	0.3473346976954575
-2.6433041301627034	0.3142728434464947
-2.6332916145181473	0.29723478015077526
-2.623279098873592	0.2902241977824274
-2.613266583229036	0.2844412596067434
-2.603254067584481	0.2724598196347115
-2.593241551939925	0.25128120003556703
-2.5832290362953687	0.22282246342651377
-2.5732165206508135	0.19179890293918425
-2.5632040050062574	0.16259876483998617
-2.5531914893617023	0.13728244217033667
-2.543178973717146	0.11562018315335588
-2.533166458072591	0.09640311194784575
-2.523153942428035	0.07874157536503414
-2.513141426783479	0.06268347694692553
-2.5031289111389237	0.04914830087162277
-2.4931163954943676	0.03940965306489442
-2.4831038798498124	0.03447131341570845
-2.4730913642052563	0.03473623289561022
-2.463078848560701	0.04010170784460683
-2.453066332916145	0.0501655859662265
-2.443053817271589	0.06413489734978134
-2.433041301627034	0.08048434000017542
-2.4230287859824777	0.096957189534339
-2.4130162703379225	0.11142717528011596
-2.4030037546933665	0.12324536561932688
-2.3929912390488113	0.13383785646095417
-2.382978723404255	0.1457332210889008
-2.372966207759699	0.16075974485378638
-2.362953692115144	0.17908566995796626
-2.352941176470588	0.1998920370244001
-2.3429286608260327	0.22284731316330483
-2.3329161451814766	0.2490297570920513
-2.3229036295369214	0.28071671710564033
-2.3128911138923653	0.320328529202418
-2.3028785982478093	0.3691485132934163
-2.292866082603254	0.42654768201691634
-2.282853566958698	0.49030009697628923
-2.272841051314143	0.5578060184734797
-2.2628285356695867	0.627152549384021
-2.2528160200250316	0.6970263013655611
-2.2428035043804755	0.7656443259511644
-2.2327909887359194	0.8300014418242391
-2.2227784730913642	0.8866578475356256
-2.212765957446808	0.9337342812767153
-2.202753441802253	0.9722242770070791
-2.192740926157697	1.0053470523492034
-2.1827284105131417	1.036901173698817
-2.1727158948685856	1.0701661655073624
-2.1627033792240296	1.1071847680214253
-2.1526908635794744	1.1476567712179162
-2.1426783479349183	1.1884101014944912
-2.132665832290363	1.2249508788926906
-2.122653316645807	1.2542166667067292
-2.112640801001252	1.2760196802050556
-2.1026282853566958	1.2924582814400758
-2.0926157697121397	1.3069282380596743
-2.0826032540675845	1.323889975331777
-2.0725907384230284	1.3484807254893563
-2.0625782227784732	1.3846043438090103
-2.052565707133917	1.431953123278624
-2.042553191489362	1.484474309892871
-2.032540675844806	1.5326082296089338
-2.02252816020025	1.5685933538181775
-2.0125156445556946	1.5909042442651562
-2.0025031289111386	1.6041811935161336
-1.9924906132665834	1.6149791151162538
-1.9824780976220273	1.6272594594561207
-1.9724655819774712	1.6412975438204216
-1.962453066332916	1.6562000965235477
-1.95244055068836	1.6729015869589985
-1.9424280350438048	1.6943395432186688
-1.9324155193992487	1.722642396083737
-1.9224030037546935	1.7562937762797355
-1.9123904881101375	1.790021578224428
-1.9023779724655814	1.8173820402929164
-1.8923654568210262	1.8339151730404009
-1.8823529411764701	1.8385210753280956
-1.872340425531915	1.8319234267790443
-1.8623279098873589	1.8137112080694542
-1.8523153942428037	1.7815237710065457
-1.8423028785982476	1.7339346852502346
-1.8322903629536915	1.6738539873669842
-1.8222778473091363	1.6082219595487535
-1.8122653316645803	1.5442057565448797
-1.802252816020025	1.4859420092827837
-1.792240300375469	1.4344618141165133
-1.7822277847309138	1.389710310690105
-1.7722152690863577	1.3521641753062368
-1.7622027534418017	1.3227794472272307
-1.7521902377972465	1.3017933368778303
-1.7421777221526904	1.287849224488451
-1.7321652065081352	1.2783460936200588
-1.7221526908635791	1.2704275279682735
-1.712140175219024	1.261506848678537
-1.7021276595744679	1.2491616918990087
-1.6921151439299118	1.2309191194635076
-1.6821026282853566	1.2041356482942984
-1.6720901126408005	1.1661151808950958
-1.6620775969962454	1.1151097813011135
-1.6520650813516893	1.052336304745638
-1.642052565707134	0.9833658275147101
-1.632040050062578	0.9166899053724092
-1.622027534418022	0.8595412927950982
-1.6120150187734668	0.8138703111657634
-1.6020025031289107	0.775462084153732
-1.5919899874843555	0.7366361381868127
-1.5819774718397994	0.690631023055142
-1.5719649561952442	0.6352872787726921
-1.5619524405506882	0.574358288930356
-1.551939924906132	0.5158066577108954
-1.541927409261577	0.4678003076918903
-1.5319148936170208	0.434648344603845
-1.5219023779724656	0.415324146666465
-1.5118898623279096	0.40542938623821556
-1.5018773466833544	0.40069281177045324
-1.4918648310387983	0.39914801023427626
-1.4818523153942422	0.40086352906379896
-1.471839799749687	0.4063283583088901
-1.461827284105131	0.41509035815850276
-1.4518147684605758	0.4252938678041296
-1.4418022528160197	0.4340151218415765
-1.4317897371714645	0.43826814742346404
-1.4217772215269084	0.43637628498752934
-1.4117647058823524	0.4287856797617632
-1.4017521902377972	0.4175344582309759
-1.391739674593241	0.40501935268396055
-1.381727158948686	0.3936044425435845
-1.3717146433041298	0.38638082740894825
-1.3617021276595747	0.3875490547271508
-1.3516896120150186	0.40106372062904133
-1.3416770963704625	0.42818550217626933
-1.3316645807259073	0.4660324068963818
-1.3216520650813512	0.508724196460689
-1.311639549436796	0.550791219527114
-1.30162703379224	0.5905053876993922
-1.2916145181476848	0.6303548645427621
-1.2816020025031287	0.6741015154188402
-1.2715894868585726	0.7231267318381579
-1.2615769712140175	0.7754356331010682
-1.2515644555694614	0.827761426251928
-1.2415519399249062	0.8783098765003299
-1.2315394242803501	0.9279797960653987
-1.221526908635795	0.9797742699521432
-1.2115143929912389	1.0367716675108976
-1.2015018773466828	1.0992238545125015
-1.1914893617021276	1.1626666595031687
-1.1814768460575715	1.2193819736185125
-1.1714643304130163	1.2629851255827398
-1.1614518147684603	1.2929172915116351
-1.151439299123905	1.3158629014993124
-1.141426783479349	1.3435662812438622
-1.131414267834793	1.3881744562712082
-1.1214017521902377	1.457046746321918
-1.1113892365456817	1.5497335062120863
-1.1013767209011265	1.6589067185294621
-1.0913642052565704	1.773869308851784
-1.0813516896120152	1.8835629860894334
-1.0713391739674591	1.9783584020807568
-1.061326658322903	2.052405617480867
-1.0513141426783479	2.1061971701454465
-1.0413016270337918	2.1456903866856547
-1.0312891113892366	2.176947238075955
-1.0212765957446805	2.2017162577918477
-1.0112640801001254	2.2196650189899074
-1.0012515644555693	2.234817551054095
-0.9912390488110132	2.2576669130287965
-0.981226533166458	2.2989451198249737
-0.971214017521902	2.3607840837374856
-0.9612015018773468	2.434393572755736
-0.9511889862327907	2.5069396231011862
-0.9411764705882355	2.5712563419920795
-0.9311639549436794	2.629393968873321
-0.9211514392991234	2.686978834116824
-0.9111389236545682	2.7440246946564066
-0.9011264080100121	2.790957328762288
-0.8911138923654569	2.8135055965007774
-0.8811013767209008	2.802283869022127
-0.8710888610763456	2.7599235348964406
-0.8610763454317896	2.7017299633367418
-0.8510638297872335	2.6499436939164336
-0.8410513141426783	2.6235671940322733
-0.8310387984981222	2.6276011400970023
-0.821026282853567	2.648337934758461
-0.811013767209011	2.6602265067089017
-0.8010012515644558	2.6415721856070604
-0.7909887359198997	2.587510385391107
-0.7809762202753436	2.5097316926576805
-0.7709637046307884	2.424230162261583
-0.7609511889862324	2.339205150295063
-0.7509386733416772	2.2535470216300704
-0.7409261576971211	2.164446150082117
-0.7309136420525659	2.074304798537788
-0.7209011264080099	1.9904267174550054
-0.7108886107634538	1.9196870651198668
-0.7008760951188986	1.864327336760977
-0.6908635794743425	1.8222395133162737
-0.6808510638297873	1.7902975728439288
-0.6708385481852313	1.7666512099060006
-0.6608260325406761	1.749372663693479
-0.65081351689612	1.7335915462586566
-0.6408010012515639	1.7121129046533758
-0.6307884856070087	1.6807627484200411
-0.6207759699624527	1.6428548947916188
-0.6107634543178975	1.60642949154258
-0.6007509386733414	1.5758046471404448
-0.5907384230287862	1.5463917033400774
-0.5807259073842301	1.50895529734558
-0.5707133917396741	1.4593439190454516
-0.5607008760951189	1.4041608224631401
-0.5506883604505628	1.3575708474799169
-0.5406758448060076	1.3328312669479707
-0.5306633291614515	1.335428300419681
-0.5206508135168963	1.3618112822785575
-0.5106382978723403	1.4031600308693257
-0.5006257822277842	1.4509432881160809
-0.490613266583229	1.5008700625072993
-0.48060075093867294	1.5533499761947995
-0.47058823529411775	1.6105953381598004
-0.4605757196495617	1.6723432041782553
-0.4505632040050065	1.7334605837659123
-0.4405506883604504	1.7860114525079382
-0.43053817271589434	1.8246368612250823
-0.42052565707133915	1.850348500993762
-0.4105131414267831	1.8691684320321698
-0.4005006257822279	1.8876304208934853
-0.3904881101376718	1.9098703457478983
-0.38047559449311663	1.9379586859899474
-0.37046307884856056	1.9735606826997556
-0.3604505632040045	2.01907855255244
-0.3504380475594493	2.0776510503651044
-0.3404255319148932	2.151528243753395
-0.33041301627033803	2.239368649364069
-0.32040050062578196	2.335163430193116
-0.3103879849812259	2.4311813663627504
-0.3003754693366707	2.523578720875179
-0.2903629536921146	2.6161780109466735
-0.28035043804755944	2.718704879583667
-0.27033792240300336	2.839525423427584
-0.2603254067584482	2.977050129433678
-0.2503128911138921	3.1162646502692137
-0.24030037546933602	3.234872835621158
-0.23028785982478084	3.3166062833639285
-0.22027534418022476	3.36215579060664
-0.21026282853566958	3.3884014542844962
-0.2002503128911135	3.4156581793624974
-0.19023779724655832	3.453011979027857
-0.18022528160200224	3.4940763240006016
-0.17021276595744617	3.5270515886146008
-0.16020025031289098	3.550532734762263
-0.1501877346683349	3.580985895501384
-0.14017521902377972	3.644660740357083
-0.13016270337922364	3.7599356915185393
-0.12015018773466846	3.923682207281549
-0.11013767209011238	4.111230529703292
-0.10012515644555631	4.288984630455483
-0.09011264080100112	4.430840560942392
-0.08010012515644505	4.5287754163118095
-0.07008760951188986	4.592695139672861
-0.060075093867333784	4.641131840051777
-0.0500625782227786	4.689409213972044
-0.04005006257822252	4.742849005132972
-0.030037546933666448	4.798463333099502
-0.02002503128911126	4.85190478704176
-0.010012515644555187	4.90262706259936
0.0	4.952751820281285
