-8.0	40.11404586040943
-7.989987484355444	37.985825851647675
-7.979974968710889	35.55547319485192
-7.969962453066333	33.020978426921424
-7.9599499374217775	30.519849556463925
-7.949937421777221	28.032709695274903
-7.939924906132666	25.47227931995422
-7.92991239048811	23.066318172244756
-7.919899874843554	20.7475516440814
-7.909887359198999	18.19313187552424
-7.899874843554443	15.439319265530079
-7.889862327909888	13.36811014053252
-7.8798498122653315	12.135436989070572
-7.869837296620776	11.065900290718112
-7.85982478097622	9.94451933931393
-7.849812265331664	8.587350510074048
-7.839799749687109	7.3541992356674495
-7.829787234042553	5.9648386768423105
-7.819774718397998	5.037992863588475
-7.809762202753442	4.648610106976553
-7.7997496871088865	4.447019953376039
-7.78973717146433	4.25061463915487
-7.779724655819774	4.086085840559922
-7.769712140175219	3.9985341611362064
-7.759699624530663	3.9806773769142585
-7.749687108886108	4.032448331339947
-7.739674593241552	4.190154299360687
-7.729662077596997	4.427677699097931
-7.719649561952441	4.674297628849916
-7.7096370463078845	4.922724440984991
-7.699624530663329	5.190329140936463
-7.689612015018773	5.499074411127241
-7.679599499374218	5.89289899192879
-7.669586983729662	6.336402893458589
-7.659574468085107	6.809256792775211
-7.649561952440551	7.344349625518406
-7.639549436795995	7.93644106703959
-7.629536921151439	8.585317284627916
-7.619524405506883	9.299014693494463
-7.609511889862328	10.034046756581636
-7.599499374217772	10.796477928262686
-7.589486858573217	11.600328987620736
-7.579474342928661	12.405955719986459
-7.569461827284105	13.144642674839096
-7.55944931163955	13.83559369534438
-7.5494367959949935	14.550411660324473
-7.539424280350438	15.308169409174782
-7.529411764705882	16.048600538950534
-7.519399249061326	16.698326325822464
-7.509386733416771	17.239865333255693
-7.499374217772215	17.700978898244394
-7.48936170212766	18.115830820919633
-7.479349186483104	18.50105928348817
-7.4693366708385485	18.861430424507162
-7.459324155193992	19.1887067412052
-7.449311639549437	19.463264403553232
-7.439299123904881	19.67053621536424
-7.429286608260325	19.81581750296535
-7.41927409261577	19.924066828444015
-7.409261576971214	20.03185259503085
-7.399249061326659	20.180038968292507
-7.3892365456821025	20.39834056260527
-7.3792240300375465	20.694079456174297
-7.369211514392991	21.058131560408214
-7.359198998748435	21.491004232964972
-7.34918648310388	22.013960170932894
-7.339173967459324	22.64900935286715
-7.329161451814769	23.377812949478294
-7.319148936170213	24.139656472000762
-7.3091364205256575	24.891549343594512
-7.299123904881101	25.63251455008831
-7.289111389236545	26.36937402814692
-7.27909887359199	27.10480289137943
-7.269086357947434	27.851344805170694
-7.259073842302879	28.625912873662553
-7.249061326658323	29.44524001536735
-7.239048811013767	30.328505503530657
-7.2290362953692116	31.292490351888887
-7.2190237797246555	32.35151085907692
-7.2090112640801	33.52065714298616
-7.198998748435544	34.811194670678624
-7.188986232790989	36.21567483464381
-7.178973717146433	37.705468441243056
-7.168961201501878	39.21782443391587
-7.158948685857322	40.637511671798464
-7.148936170212766	41.83619802169919
-7.13892365456821	42.71606347926529
-7.128911138923654	43.25681509188306
-7.118898623279099	43.5061705430035
-7.108886107634543	43.53060904096608
-7.098873591989987	43.375487941114244
-7.088861076345432	43.052879231521175
-7.078848560700876	42.56705519693806
-7.068836045056321	41.88678208282162
-7.0588235294117645	40.99164221233782
-7.048811013767209	39.992869627283596
-7.038798498122653	39.00895123361978
-7.028785982478098	37.980506458334254
-7.018773466833542	36.95936403182638
-7.008760951188986	36.18174648983566
-6.998748435544431	35.808821186989434
-6.988735919899875	35.93654864253239
-6.9787234042553195	36.53753898881796
-6.968710888610763	37.39981903503001
-6.958698372966207	38.85595451300823
-6.948685857321652	41.11136810691606
-6.938673341677096	43.78745102596092
-6.928660826032541	46.64607815412918
-6.918648310387985	49.0880195431218
-6.908635794743429	51.05118414507231
-6.8986232790988735	52.79186712322004
-6.888610763454318	54.52071997845766
-6.878598247809762	56.28295061097109
-6.868585732165206	57.91694130875044
-6.858573216520651	59.298073794503665
-6.848560700876095	60.431440076839316
-6.83854818523154	61.387980448541015
-6.828535669586984	62.33345883394283
-6.818523153942428	63.30587247762352
-6.808510638297872	64.15206936391527
-6.798498122653316	64.80480409061764
-6.788485607008761	65.31372776713788
-6.778473091364205	65.73604707079713
-6.768460575719649	66.12061228978227
-6.758448060075094	66.49913727510256
-6.748435544430539	66.86981490370813
-6.7384230287859825	67.18110366590052
-6.7284105131414265	67.35395842715347
-6.718397997496871	67.34678528690401
-6.708385481852315	67.20872575596978
-6.69837296620776	67.06939083026971
-6.688360450563204	67.00856155250554
-6.678347934918648	66.95295759518442
-6.668335419274093	66.7390653172369
-6.658322903629537	66.35435388941356
-6.648310387984981	65.9025623150744
-6.638297872340425	65.51609071893597
-6.628285356695869	65.2251276906268
-6.618272841051314	64.95934669209328
-6.608260325406759	64.65940257095612
-6.598247809762203	64.22321505018314
-6.588235294117647	63.66070497612792
-6.578222778473092	63.001349243524366
-6.5682102628285355	62.293333353496784
-6.55819774718398	61.59162111838043
-6.548185231539424	60.84276353631854
-6.538172715894868	59.9824028019279
-6.528160200250313	58.98116478231403
-6.518147684605757	57.87121338753428
-6.508135168961202	56.66472527555408
-6.498122653316646	55.2693434129254
-6.4881101376720896	53.66192836097061
-6.478097622027534	51.80389491151301
-6.468085106382979	49.71426585330511
-6.458072590738423	47.5243410252052
-6.448060075093867	45.38353949617923
-6.438047559449312	43.189937518112494
-6.428035043804756	40.70988382894395
-6.418022528160201	38.04637037016604
-6.4080100125156445	35.283576484175974
-6.397997496871088	32.82012589453833
-6.387984981226533	30.814385464264852
-6.377972465581977	29.189371344415605
-6.367959949937422	27.953858610579037
-6.357947434292866	27.10943543323645
-6.34793491864831	26.40426582959427
-6.337922403003755	26.013285173571607
-6.3279098873591995	26.03042895265787
-6.317897371714643	26.273709096852688
-6.307884856070087	26.57656085762404
-6.297872340425532	27.017222424310816
-6.287859824780976	27.582883411842865
-6.277847309136421	28.16226083757174
-6.267834793491865	28.596024407999142
-6.257822277847309	28.812269272984885
-6.2478097622027535	28.813037012345333
-6.2377972465581975	28.63966762782739
-6.227784730913642	28.36702579046076
-6.217772215269086	28.022597523036445
-6.20775969962453	27.581285982778923
-6.197747183979975	27.045182335407105
-6.18773466833542	26.433643525066973
-6.177722152690864	25.768099114440975
-6.167709637046308	25.08144867292392
-6.157697121401752	24.39830601980993
-6.147684605757196	23.69742266013955
-6.137672090112641	22.963869095810814
-6.127659574468085	22.227286385618182
-6.117647058823529	21.51208339869984
-6.107634543178974	20.86584798264719
-6.097622027534418	20.326512317744463
-6.0876095118898625	19.92014730097315
-6.0775969962453065	19.694214001418263
-6.06758448060075	19.698062404064615
-6.057571964956195	19.86625621905703
-6.04755944931164	20.17019540985879
-6.037546933667084	20.625408024298796
-6.027534418022528	21.22459765027855
-6.017521902377973	21.964707499928004
-6.007509386733417	22.84976806251677
-5.997496871088861	23.8265765563573
-5.987484355444305	24.877620295583014
-5.977471839799749	25.993210537412374
-5.967459324155194	27.060504653471444
-5.957446808510639	27.997362270638842
-5.947434292866083	28.77797109263123
-5.937421777221527	29.402822686917407
-5.927409261576971	29.867332019046184
-5.9173967459324155	30.17996050585833
-5.90738423028786	30.348770513118065
-5.897371714643304	30.38066620068165
-5.887359198998748	30.269117845384354
-5.877346683354192	29.983855671436995
-5.867334167709637	29.534926778722664
-5.857321652065082	28.891980588159925
-5.847309136420526	27.940604560377608
-5.83729662077597	26.643700178525478
-5.827284105131414	25.19063344452126
-5.817271589486858	23.84773847778957
-5.807259073842303	22.635273143873953
-5.797246558197747	21.53024346804034
-5.787234042553191	20.611980853642578
-5.777221526908636	19.94888265449579
-5.767209011264081	19.52143652046876
-5.7571964956195245	19.262455465645736
-5.747183979974968	19.085621513413145
-5.737171464330412	18.95730869357969
-5.727158948685857	18.865878717076306
-5.717146433041302	18.797109005639868
-5.707133917396746	18.74533768426795
-5.69712140175219	18.707325171491632
-5.687108886107635	18.67913969064783
-5.677096370463079	18.657940941616324
-5.667083854818523	18.64180434286614
-5.657071339173967	18.629394453887674
-5.647058823529411	18.619759596315898
-5.637046307884856	18.612209272859303
-5.627033792240301	18.606236105721436
-5.617021276595745	18.60031727970785
-5.607008760951189	18.492716435258416
-5.596996245306633	18.455140858964608
-5.5869837296620775	18.707162406584224
-5.576971214017522	18.96722272395964
-5.566958698372966	19.97365002036386
-5.55694618272841	21.503377876925033
-5.546933667083855	24.880703141705386
-5.536921151439299	27.934680174234398
-5.526908635794744	30.911558926176898
-5.516896120150188	32.963294904988935
-5.5068836045056315	34.114182682594176
-5.496871088861076	35.01095455138895
-5.486858573216521	35.503338630801025
-5.476846057571965	35.956231346256644
-5.466833541927409	35.99353303995991
-5.456821026282853	36.136640378405765
-5.446808510638298	36.16661575848316
-5.4367959949937426	36.16991991538107
-5.4267834793491865	36.17385859728668
-5.41677096370463	36.17876250863728
-5.406758448060075	36.18500841256556
-5.396745932415519	36.193165609743154
-5.386733416770964	36.20411237828139
-5.376720901126408	36.21923243296632
-5.366708385481852	36.24075967088191
-5.356695869837297	36.272476429971285
-5.346683354192741	36.32231296409444
-5.336670838548185	36.42277683558055
-5.326658322903629	36.63934464387985
-5.316645807259073	36.889944752634406
-5.306633291614518	37.266261606175874
-5.296620775969963	37.9271068297714
-5.286608260325407	39.01202543624522
-5.276595744680851	40.30356411264145
-5.2665832290362955	41.78973781485325
-5.256570713391739	43.56774742254946
-5.246558197747184	45.54645297501693
-5.236545682102628	47.40898281655826
-5.226533166458072	49.173183483240024
-5.216520650813517	50.97121211387498
-5.206508135168962	52.78495036067432
-5.196495619524406	54.59100372921822
-5.18648310387985	56.26589149076902
-5.1764705882352935	57.65529767438869
-5.166458072590738	58.78388098854944
-5.156445556946183	59.704680275869116
-5.146433041301627	60.49844157469602
-5.136420525657071	61.23197782107129
-5.126408010012516	61.960942901333084
-5.11639549436796	62.666494946009934
-5.1063829787234045	63.261472651157945
-5.0963704630788484	63.61254693816191
-5.086357947434292	63.765035812931565
-5.076345431789737	63.84218539531098
-5.066332916145182	63.82761695859137
-5.056320400500626	63.76116020922946
-5.04630788485607	63.67185086743586
-5.036295369211514	63.484211153049294
-5.026282853566959	63.14371657241879
-5.016270337922403	62.603774243680974
-5.006257822277847	61.90846578071159
-4.996245306633291	61.13744945937112
-4.986232790988735	60.24459398962687
-4.97622027534418	59.23800040283334
-4.966207759699625	58.1729860486854
-4.956195244055069	57.04074044013371
-4.946182728410513	55.85098485440661
-4.9361702127659575	54.54245825342261
-4.926157697121402	53.13660455451823
-4.916145181476846	51.701189474279815
-4.90613266583229	50.04648998956362
-4.896120150187734	48.20984432830671
-4.886107634543179	46.36311906329249
-4.876095118898624	44.49723141467978
-4.866082603254068	42.650101244410294
-4.8560700876095115	40.918331743599275
-4.8460575719649555	39.27347104428207
-4.8360450563204	37.69986176975765
-4.826032540675845	36.221167864992566
-4.816020025031289	34.98900207626914
-4.806007509386733	34.054785498131835
-4.795994993742178	33.42975100976826
-4.785982478097623	33.038586017618634
-4.7759699624530665	32.754586472496904
-4.76595744680851	32.50086087936384
-4.755944931163954	32.281533803992644
-4.745932415519399	32.160233846127554
-4.735919899874844	32.08027959074212
-4.725907384230288	32.02992693959386
-4.715894868585732	32.003814773388775
-4.705882352941176	31.988484562865384
-4.6958698372966206	31.97857077049364
-4.685857321652065	31.971848461547918
-4.675844806007509	31.967140466902094
-4.665832290362953	31.963752020829162
-4.655819774718398	31.96125251409845
-4.645807259073843	31.959366174496573
-4.635794743429287	31.95791155993828
-4.625782227784731	31.956766522783106
-4.615769712140175	31.95584722949352
-4.605757196495619	31.955095202101464
-4.595744680851064	31.954469082605122
-4.585732165206508	31.953939265047314
-4.575719649561952	31.953484320585147
-4.565707133917396	31.953088573755153
-4.555694618272841	31.952740435115363
-4.545682102628286	31.95243124061658
-4.53566958698373	31.952154435948348
-4.5256570713391735	31.95190499882992
-4.515644555694618	31.95167902716727
-4.505632040050063	31.951473443823136
-4.495619524405507	31.951285783942026
-4.485607008760951	31.951114041050968
-4.475594493116395	31.95095655520364
-4.46558197747184	31.950811931317155
-4.4555694618272845	31.950678979266677
-4.4455569461827285	31.950556669706486
-4.435544430538172	31.950444101290948
-4.425531914893616	31.950340476181417
-4.415519399249061	31.950245081593046
-4.405506883604506	31.95015727575715
-4.39549436795995	31.950076477123233
-4.385481852315394	31.950002155946763
-4.375469336670839	31.949933827642287
-4.365456821026283	31.94987104745073
-4.355444305381727	31.949813406091025
-4.345431789737171	31.949760526156037
-4.335419274092615	31.949712059076344
-4.32540675844806	31.94966768252276
-4.315394242803505	31.94962709815226
-4.305381727158949	31.94959002962677
-4.295369211514393	31.949556220852752
-4.285356695869837	31.94952543440179
-4.275344180225281	31.94949745008294
-4.265331664580726	31.949472063643935
-4.25531914893617	31.94944908558375
-4.245306633291614	31.949428340062855
-4.235294117647059	31.949409663899893
-4.225281602002504	31.949392905646096
-4.215269086357948	31.949377924729852
-4.2052565707133915	31.94936459066521
-4.1952440550688355	31.949352782318957
-4.18523153942428	31.949342387231397
-4.175219023779725	31.949333300986932
-4.165206508135169	31.949325426630466
-4.155193992490613	31.949318673943512
-4.145181476846057	31.771466378320348
-4.135168961201502	31.648999089940276
-4.1251564455569465	31.380202237756315
-4.11514392991239	31.056255951835876
-4.105131414267834	30.73926772997882
-4.095118898623279	30.601141233692445
-4.085106382978723	31.12115566535613
-4.075093867334168	31.848125426467117
-4.065081351689612	32.669766150762364
-4.055068836045056	33.612414515325085
-4.045056320400501	34.150476990932944
-4.035043804755945	34.38167281319794
-4.025031289111389	34.67014825016755
-4.015018773466833	34.85429076674396
-4.005006257822277	35.04373962151095
-3.994993742177722	35.04379465066795
-3.9849812265331668	35.043826955069726
-3.9749687108886107	35.04386181334363
-3.9649561952440546	35.043899455350164
-3.9549436795994994	35.04394013442883
-3.9449311639549434	35.04398413007938
-3.934918648310388	35.044031750980366
-3.924906132665832	35.04408333839091
-3.914893617021277	35.044139269988804
-3.904881101376721	35.044199964205696
-3.8948685857321648	35.044265885129896
-3.8848560700876096	35.04433754805718
-3.8748435544430535	35.04441552578319
-3.8648310387984983	35.04450045574552
-3.8548185231539422	35.04459304813967
-3.844806007509387	35.04469409515436
-3.834793491864831	35.044804481493955
-3.824780976220275	35.0449251963834
-3.8147684605757197	35.045057347283475
-3.8047559449311636	35.04520217558216
-3.7947434292866085	35.04536107457247
-3.7847309136420524	35.045535610080805
-3.774718397997497	35.045727544172614
-3.764705882352941	35.0459388624378
-3.754693366708385	35.04617180544776
-3.74468085106383	35.04642890508429
-3.734668335419274	35.046713026569506
-3.7246558197747186	35.04702741718374
-3.7146433041301625	35.04737576284805
-3.7046307884856065	35.04776225398105
-3.6946182728410513	35.04819166232695
-3.684605757196495	35.0486694308061
-3.67459324155194	35.04920177888456
-3.664580725907384	35.049795826522086
-3.6545682102628287	35.05045974047716
-3.6445556946182727	35.05120290768298
-3.6345431789737166	35.05203614164117
-3.6245306633291614	35.052971929432985
-3.6145181476846053	35.054024729213594
-3.60450563204005	35.05521133121995
-3.594493116395494	35.05655129985565
-3.584480600750939	35.05806752107204
-3.574468085106383	35.05978688931078
-3.5644555694618267	35.061741183898704
-3.5544430538172715	35.06396820990991
-3.5444305381727155	35.06651332040192
-3.5344180225281603	35.06943150964159
-3.524405506883604	35.07279039869489
-3.514392991239049	35.076674684462525
-3.504380475594493	35.08119311778739
-3.494367959949937	35.086490095698366
-3.4843554443053817	35.09276612294931
-3.4743429286608256	35.10031610642099
-3.4643304130162704	35.10960462333194
-3.4543178973717144	35.12141820531035
-3.444305381727159	35.13717061277672
-3.434292866082603	35.159466194124136
-3.424280350438047	35.192959030224934
-3.414267834793492	35.24574398191588
-3.4042553191489358	35.33496813490493
-3.3942428035043806	35.49944767829589
-3.3842302878598245	35.71961809305067
-3.3742177722152693	36.002074224905485
-3.3642052565707132	36.49769871373384
-3.354192740926157	37.33953379538598
-3.344180225281602	38.42007930249928
-3.334167709637046	39.56901484222881
-3.3241551939924907	40.9239924325993
-3.3141426783479346	42.5534586783196
-3.3041301627033794	44.24160571083322
-3.2941176470588234	46.042326277234935
-3.2841051314142673	48.13156619321891
-3.274092615769712	50.24155075732188
-3.264080100125156	52.165804416578894
-3.254067584480601	53.87160950863201
-3.2440550688360448	55.36575841097371
-3.2340425531914896	56.769469534265355
-3.2240300375469335	58.222923124724744
-3.2140175219023774	59.60908653455259
-3.2040050062578223	60.785641401406835
-3.193992490613266	61.759838614045016
-3.183979974968711	62.56166071254764
-3.173967459324155	63.19500822772209
-3.1639549436795997	63.76797600312638
-3.1539424280350437	64.32227419229002
-3.1439299123904876	64.8110408363615
-3.1339173967459324	65.2041329488906
-3.1239048811013763	65.52600450831382
-3.113892365456821	65.73217633082947
-3.103879849812265	65.80431898352118
-3.09386733416771	65.79668305679442
-3.083854818523154	65.73940840137806
-3.0738423028785977	65.65684124717419
-3.0638297872340425	65.55077466366929
-3.0538172715894865	65.47247071557187
-3.0438047559449313	65.37466298034015
-3.033792240300375	65.14989810267318
-3.02377972465582	64.83972996060558
-3.013767209011264	64.41272862640234
-3.003754693366708	63.811477703993624
-2.9937421777221527	63.005120276305476
-2.9837296620775966	61.9909811009092
-2.9737171464330414	60.79551029839218
-2.9637046307884853	59.477108540258634
-2.95369211514393	58.10314032254244
-2.943679599499374	56.67827808909349
-2.933667083854818	55.11619542499749
-2.923654568210263	53.341944304367125
-2.9136420525657067	51.36894502357276
-2.9036295369211516	49.34645277723297
-2.8936170212765955	47.380081441901794
-2.8836045056320403	45.57755382985322
-2.873591989987484	43.85562735918925
-2.863579474342928	42.08873107910602
-2.853566958698373	40.456573932237376
-2.843554443053817	39.16297280985938
-2.8335419274092617	38.244366054938496
-2.8235294117647056	37.66919496662364
-2.8135168961201504	37.286194554848386
-2.8035043804755944	37.08301740840366
-2.7934918648310383	36.976740728201094
-2.783479349186483	36.91463656607212
-2.773466833541927	36.87527199822074
-2.763454317897372	36.84896627132795
-2.7534418022528158	36.83073694528498
-2.7434292866082606	36.81775578499176
-2.7334167709637045	36.80830316039148
-2.7234042553191484	36.80128275726483
-2.7133917396745932	36.79597205094401
-2.703379224030037	36.79188322191923
-2.693366708385482	36.788680766751924
-2.683354192740926	36.786130452284105
-2.6733416770963707	36.784066627569146
-2.6633291614518146	36.782370770470585
-2.6533166458072586	36.78095714090962
-2.6433041301627034	36.779763043521555
-2.6332916145181473	36.778742138234335
-2.623279098873592	36.777859797214035
-2.613266583229036	36.77708985289527
-2.603254067584481	36.776412300721006
-2.593241551939925	36.77582558850916
-2.5832290362953687	36.50806553735868
-2.5732165206508135	35.90559955509271
-2.5632040050062574	35.90947354743819
-2.5531914893617023	35.521504361697126
-2.543178973717146	35.754621282429795
-2.533166458072591	35.68518763781457
-2.523153942428035	35.87597983060902
-2.513141426783479	36.249925152558895
-2.5031289111389237	36.191749307722546
-2.4931163954943676	36.776380855013414
-2.4831038798498124	37.53768279692333
-2.4730913642052563	37.92262723100445
-2.463078848560701	37.95519883502645
-2.453066332916145	37.979674342534835
-2.443053817271589	38.01752135150637
-2.433041301627034	38.08375489181829
-2.4230287859824777	38.08460711333719
-2.4130162703379225	38.08560120920125
-2.4030037546933665	38.08677569247914
-2.3929912390488113	38.08817043120058
-2.382978723404255	38.08983664000764
-2.372966207759699	38.09184106151991
-2.362953692115144	38.094272134514995
-2.352941176470588	38.09724937510682
-2.3429286608260327	38.10093818089513
-2.3329161451814766	38.10557426465471
-2.3229036295369214	38.11150623208872
-2.3128911138923653	38.11927473561658
-2.3028785982478093	38.129770969516
-2.292866082603254	38.14458033269147
-2.282853566958698	38.16678515970958
-2.272841051314143	38.20293351009597
-2.2628285356695867	38.26781094131832
-2.2528160200250316	38.3887673585475
-2.2428035043804755	38.569665063999004
-2.2327909887359194	38.85579495542428
-2.2227784730913642	39.355012908468076
-2.212765957446808	39.944231640649015
-2.202753441802253	40.72465009113423
-2.192740926157697	41.723897659333495
-2.1827284105131417	42.95037986706956
-2.1727158948685856	44.293384314358605
-2.1627033792240296	45.72204059419185
-2.1526908635794744	47.22796461862045
-2.1426783479349183	48.820611909840004
-2.132665832290363	50.43023492176476
-2.122653316645807	51.887055507513786
-2.112640801001252	53.10977906411727
-2.1026282853566958	54.149964377008395
-2.0926157697121397	55.12332995385345
-2.0826032540675845	56.03936762877023
-2.0725907384230284	56.84293990076392
-2.0625782227784732	57.59805936573266
-2.052565707133917	58.27716323766071
-2.042553191489362	58.88415291098094
-2.032540675844806	59.440833143844074
-2.02252816020025	59.94682299370715
-2.0125156445556946	60.393024225127625
-2.0025031289111386	60.74986803881661
-1.9924906132665834	61.06970586832178
-1.9824780976220273	61.33900488466526
-1.9724655819774712	61.48133173001348
-1.962453066332916	61.51369286570117
-1.95244055068836	61.477154515815045
-1.9424280350438048	61.2939435733816
-1.9324155193992487	60.95704764787569
-1.9224030037546935	60.5066151791531
-1.9123904881101375	59.937419337446755
-1.9023779724655814	59.20428352523109
-1.8923654568210262	58.284195743106984
-1.8823529411764701	57.159920408358225
-1.872340425531915	55.844976720996556
-1.8623279098873589	54.32413445209698
-1.8523153942428037	52.563192654843355
-1.8423028785982476	50.678909609498724
-1.8322903629536915	48.94165926982184
-1.8222778473091363	47.20933047951216
-1.8122653316645803	45.42900900678636
-1.802252816020025	43.58103370869542
-1.792240300375469	41.65577030461974
-1.7822277847309138	39.595514922551914
-1.7722152690863577	37.603802620805546
-1.7622027534418017	35.84157578806041
-1.7521902377972465	34.1997884116007
-1.7421777221526904	32.46451059122393
-1.7321652065081352	30.579496511202656
-1.7221526908635791	28.771210005885763
-1.712140175219024	27.234628942408403
-1.7021276595744679	26.017582557517102
-1.6921151439299118	24.96104432728027
-1.6821026282853566	23.717926196013565
-1.6720901126408005	22.800676890795188
-1.6620775969962454	21.725266292288854
-1.6520650813516893	20.432630407251473
-1.642052565707134	19.356018181236
-1.632040050062578	18.948956139330203
-1.622027534418022	18.62812912648819
-1.6120150187734668	18.167344254515385
-1.6020025031289107	18.00938032382232
-1.5919899874843555	17.84919950440962
-1.5819774718397994	17.656380100560945
-1.5719649561952442	17.603946850174058
-1.5619524405506882	17.407618109525536
-1.551939924906132	17.15993915980457
-1.541927409261577	16.990630287677515
-1.5319148936170208	17.0182604996847
-1.5219023779724656	16.87835052354382
-1.5118898623279096	16.638128827992862
-1.5018773466833544	16.36201717936912
-1.4918648310387983	16.078486131369395
-1.4818523153942422	15.726688005685656
-1.471839799749687	15.591990397767107
-1.461827284105131	15.516574501084332
-1.4518147684605758	15.537350818259098
-1.4418022528160197	15.690562418740274
-1.4317897371714645	15.668810306531151
-1.4217772215269084	15.848977463969762
-1.4117647058823524	16.116256277698465
-1.4017521902377972	16.442823220979857
-1.391739674593241	16.797944706017493
-1.381727158948686	16.986735405069567
-1.3717146433041298	17.322623177451746
-1.3617021276595747	17.51628639144597
-1.3516896120150186	17.633874306156187
-1.3416770963704625	17.791074255780646
-1.3316645807259073	17.898443163327386
-1.3216520650813512	18.0156132925955
-1.311639549436796	18.162789735768435
-1.30162703379224	18.408208810541
-1.2916145181476848	18.608690894159587
-1.2816020025031287	18.74066291422264
-1.2715894868585726	18.86999110318831
-1.2615769712140175	19.051921491079597
-1.2515644555694614	19.278340024296362
-1.2415519399249062	19.395852814690716
-1.2315394242803501	19.71158286809442
-1.221526908635795	20.02482637240291
-1.2115143929912389	20.35379860588939
-1.2015018773466828	20.623014895512128
-1.1914893617021276	20.99124553616736
-1.1814768460575715	21.46713584991509
-1.1714643304130163	22.086295031625497
-1.1614518147684603	22.531024036044748
-1.151439299123905	22.90879593095967
-1.141426783479349	23.455295413849285
-1.131414267834793	24.17825448027674
-1.1214017521902377	24.961930473240773
-1.1113892365456817	25.846434177623536
-1.1013767209011265	26.684208595186778
-1.0913642052565704	27.489544209276875
-1.0813516896120152	28.311087339451678
-1.0713391739674591	29.173501323265327
-1.061326658322903	30.032156966767047
-1.0513141426783479	30.91206743813674
-1.0413016270337918	31.934863731922636
-1.0312891113892366	33.01323407300851
-1.0212765957446805	34.04684675844659
-1.0112640801001254	35.00292371397935
-1.0012515644555693	35.86449534108601
-0.9912390488110132	36.59437459313006
-0.981226533166458	37.184957801650754
-0.971214017521902	37.57902728906794
-0.9612015018773468	37.72011297731346
-0.9511889862327907	37.595974716483276
-0.9411764705882355	37.250932527407684
-0.9311639549436794	36.695022971714224
-0.9211514392991234	36.01032699447325
-0.9111389236545682	35.25406571111844
-0.9011264080100121	34.43533068243684
-0.8911138923654569	33.58258546048284
-0.8811013767209008	32.70180729096789
-0.8710888610763456	31.751054273954555
-0.8610763454317896	30.76279729462858
-0.8510638297872335	29.806355480743164
-0.8410513141426783	28.888479034339998
-0.8310387984981222	27.99836346279918
-0.821026282853567	27.126699884503456
-0.811013767209011	26.25055388692497
-0.8010012515644558	25.322711121315276
-0.7909887359198997	24.34070813841021
-0.7809762202753436	23.37317796190543
-0.7709637046307884	22.490739052482766
-0.7609511889862324	21.71467705181774
-0.7509386733416772	20.93462607406525
-0.7409261576971211	20.027576108788175
-0.7309136420525659	19.088394685040534
-0.7209011264080099	18.23777062220134
-0.7108886107634538	17.49679343963032
-0.7008760951188986	16.810491440584713
-0.6908635794743425	16.1077678502862
-0.6808510638297873	15.551505521623737
-0.6708385481852313	15.010784609920885
-0.6608260325406761	14.605534313364126
-0.65081351689612	14.331763012083462
-0.6408010012515639	14.168655696989951
-0.6307884856070087	13.96956615714062
-0.6207759699624527	13.473765445660293
-0.6107634543178975	12.883461327396272
-0.6007509386733414	12.248767084284367
-0.5907384230287862	11.995581340600054
-0.5807259073842301	11.94515661403177
-0.5707133917396741	11.967281328663502
-0.5607008760951189	12.051358092565357
-0.5506883604505628	12.142722249303931
-0.5406758448060076	12.2084278452898
-0.5306633291614515	12.232685916068244
-0.5206508135168963	12.324065662118914
-0.5106382978723403	12.267091960345281
-0.5006257822277842	12.165370671074639
-0.490613266583229	12.051399100661188
-0.48060075093867294	12.033405747206976
-0.47058823529411775	12.037946690421931
-0.4605757196495617	12.120470110704991
-0.4505632040050065	12.343701086645266
-0.4405506883604504	12.482030366603922
-0.43053817271589434	12.588809586351479
-0.42052565707133915	12.68227668001951
-0.4105131414267831	12.704010931159038
-0.4005006257822279	12.68242802839917
-0.3904881101376718	12.665801281934314
-0.38047559449311663	12.583998264709704
-0.37046307884856056	12.555606528187313
-0.3604505632040045	12.547148470659993
-0.3504380475594493	12.552845171021108
-0.3404255319148932	12.59584593448297
-0.33041301627033803	12.676564887666085
-0.32040050062578196	12.771534341495384
-0.3103879849812259	12.908455815925358
-0.3003754693366707	13.038808624218465
-0.2903629536921146	13.184328290144355
-0.28035043804755944	13.349950822358862
-0.27033792240300336	13.527192821740883
-0.2603254067584482	13.724471551011518
-0.2503128911138921	13.95321955488936
-0.24030037546933602	14.161792687083736
-0.23028785982478084	14.32480290897314
-0.22027534418022476	14.473886029080054
-0.21026282853566958	14.599709758898289
-0.2002503128911135	14.69161318530213
-0.19023779724655832	14.792514766877957
-0.18022528160200224	14.948380427993555
-0.17021276595744617	15.164314772713816
-0.16020025031289098	15.402491134559552
-0.1501877346683349	15.601230746752892
-0.14017521902377972	15.773305163752967
-0.13016270337922364	15.961762731831712
-0.12015018773466846	16.154622500614362
-0.11013767209011238	16.34035839447855
-0.10012515644555631	16.540721019003318
-0.09011264080100112	16.772703783960434
-0.08010012515644505	17.005683398740892
-0.07008760951188986	17.200283953834965
-0.060075093867333784	17.392794068715627
-0.0500625782227786	17.63053968825335
-0.04005006257822252	17.905578197867563
-0.030037546933666448	18.196190565879792
-0.02002503128911126	18.46623992757712
-0.010012515644555187	18.699201869015173
0.0	18.90970859832605
