-8.0	25.525659313216202
-7.989987484355444	26.092358741723526
-7.979974968710889	26.534850996306997
-7.969962453066333	26.905302536083866
-7.9599499374217775	27.192124263539483
-7.949937421777221	27.401506810265005
-7.939924906132666	27.53004953136339
-7.92991239048811	27.564146529165175
-7.919899874843554	27.52377009274734
-7.909887359198999	27.41785804054632
-7.899874843554443	27.189446203007893
-7.889862327909888	26.776790964919535
-7.8798498122653315	26.215800405516777
-7.869837296620776	25.53435930955654
-7.85982478097622	24.730080329697913
-7.849812265331664	23.872195204121528
-7.839799749687109	22.974580000606373
-7.829787234042553	22.046137439142658
-7.819774718397998	21.13080235760411
-7.809762202753442	20.231407738200836
-7.7997496871088865	19.316832584814783
-7.78973717146433	18.417592697157804
-7.779724655819774	17.498519334930887
-7.769712140175219	16.661650385215
-7.759699624530663	15.820993933919308
-7.749687108886108	14.896859890625102
-7.739674593241552	13.889277967099716
-7.729662077596997	13.033976004104122
-7.719649561952441	12.31144024894713
-7.7096370463078845	11.568597714685461
-7.699624530663329	10.822029783781392
-7.689612015018773	10.19552197670657
-7.679599499374218	9.58226294438781
-7.669586983729662	9.05320031933003
-7.659574468085107	8.693656467066242
-7.649561952440551	8.472540284716414
-7.639549436795995	8.356873708340382
-7.629536921151439	8.328048627999461
-7.619524405506883	8.400281765517358
-7.609511889862328	8.541669934925025
-7.599499374217772	8.709510310522234
-7.589486858573217	8.89292764849717
-7.579474342928661	9.087606883985805
-7.569461827284105	9.301430892174539
-7.55944931163955	9.5365528296734
-7.5494367959949935	9.801553606347547
-7.539424280350438	10.08979793809061
-7.529411764705882	10.36724599890112
-7.519399249061326	10.63239552980626
-7.509386733416771	10.891883424615473
-7.499374217772215	11.131741681923812
-7.48936170212766	11.326881400633459
-7.479349186483104	11.465767215713282
-7.4693366708385485	11.5581630746725
-7.459324155193992	11.616969693545336
-7.449311639549437	11.663486193493883
-7.439299123904881	11.729995015033486
-7.429286608260325	11.83365297010376
-7.41927409261577	11.955321022450189
-7.409261576971214	12.059649107743901
-7.399249061326659	12.113601322491473
-7.3892365456821025	12.110740406232091
-7.3792240300375465	12.07360161913878
-7.369211514392991	12.034474385900802
-7.359198998748435	12.020620161258657
-7.34918648310388	12.024232072476225
-7.339173967459324	12.003317805721133
-7.329161451814769	11.93012926646482
-7.319148936170213	11.801870213863294
-7.3091364205256575	11.62690320706399
-7.299123904881101	11.420731026007642
-7.289111389236545	11.201182110229949
-7.27909887359199	10.985993848003384
-7.269086357947434	10.803816271064763
-7.259073842302879	10.680410853813163
-7.249061326658323	10.62198202487695
-7.239048811013767	10.611386269678052
-7.2290362953692116	10.60425362684657
-7.2190237797246555	10.551850648096794
-7.2090112640801	10.434149688670267
-7.198998748435544	10.266733554199876
-7.188986232790989	10.073813369898057
-7.178973717146433	9.87209369899367
-7.168961201501878	9.666596224613482
-7.158948685857322	9.43991087207433
-7.148936170212766	9.18332869133069
-7.13892365456821	8.929177889426075
-7.128911138923654	8.71889059118884
-7.118898623279099	8.53570322401852
-7.108886107634543	8.353592322931402
-7.098873591989987	8.170573714033534
-7.088861076345432	8.006099725472918
-7.078848560700876	7.884303901096909
-7.068836045056321	7.827878406313764
-7.0588235294117645	7.824291732267442
-7.048811013767209	7.831584915029773
-7.038798498122653	7.836325686597058
-7.028785982478098	7.8757169700836895
-7.018773466833542	7.959435125740376
-7.008760951188986	8.060717960514811
-6.998748435544431	8.160591551396916
-6.988735919899875	8.230540253495711
-6.9787234042553195	8.245864466270667
-6.968710888610763	8.208362901875558
-6.958698372966207	8.134183006900287
-6.948685857321652	8.041118353126976
-6.938673341677096	7.93876514524615
-6.928660826032541	7.833870038742673
-6.918648310387985	7.738731722735784
-6.908635794743429	7.662546499870965
-6.8986232790988735	7.618770157320018
-6.888610763454318	7.619345272803943
-6.878598247809762	7.64581895994622
-6.868585732165206	7.650152750032452
-6.858573216520651	7.627376311350719
-6.848560700876095	7.5850848810036355
-6.83854818523154	7.524121621097709
-6.828535669586984	7.443394021877597
-6.818523153942428	7.351654779888852
-6.808510638297872	7.27527655132607
-6.798498122653316	7.218015524681755
-6.788485607008761	7.162893908494677
-6.778473091364205	7.1131549689937925
-6.768460575719649	7.068200400157208
-6.758448060075094	7.026849413665736
-6.748435544430539	6.990151685970123
-6.7384230287859825	6.957314398543668
-6.7284105131414265	6.9600697599461885
-6.718397997496871	7.026449578778427
-6.708385481852315	7.163995020090277
-6.69837296620776	7.341679211506716
-6.688360450563204	7.558946199982927
-6.678347934918648	7.8212865147332975
-6.668335419274093	8.088526907413966
-6.658322903629537	8.392946293676776
-6.648310387984981	8.757675631354564
-6.638297872340425	9.17035362636919
-6.628285356695869	9.635635082471454
-6.618272841051314	10.167890050371481
-6.608260325406759	10.699272472491431
-6.598247809762203	11.245459892978088
-6.588235294117647	11.858121686121699
-6.578222778473092	12.507249596522541
-6.5682102628285355	13.128908473995773
-6.55819774718398	13.716692719545346
-6.548185231539424	14.266560034788812
-6.538172715894868	14.736064801093546
-6.528160200250313	15.107719227069293
-6.518147684605757	15.386128651178167
-6.508135168961202	15.575495369107488
-6.498122653316646	15.686463248052084
-6.4881101376720896	15.724078965473552
-6.478097622027534	15.690395018432739
-6.468085106382979	15.609872666680872
-6.458072590738423	15.481438875542274
-6.448060075093867	15.336376436325759
-6.438047559449312	15.230994958346791
-6.428035043804756	15.139272495603054
-6.418022528160201	15.04145771455827
-6.4080100125156445	14.920737305437328
-6.397997496871088	14.711874390806146
-6.387984981226533	14.434401253667257
-6.377972465581977	14.180410246579777
-6.367959949937422	13.978540843191926
-6.357947434292866	13.719560771289581
-6.34793491864831	13.468033200986696
-6.337922403003755	13.163517174024166
-6.3279098873591995	12.76842800039047
-6.317897371714643	12.437579220950035
-6.307884856070087	11.9763311504711
-6.297872340425532	11.410101820943177
-6.287859824780976	10.98634742500464
-6.277847309136421	10.476801584257874
-6.267834793491865	9.959046355531987
-6.257822277847309	9.42263862149159
-6.2478097622027535	8.77225923568002
-6.2377972465581975	8.1044976006756
-6.227784730913642	7.61660741220682
-6.217772215269086	7.139966461239719
-6.20775969962453	6.8762857698192015
-6.197747183979975	6.590762763318519
-6.18773466833542	6.426963021585528
-6.177722152690864	6.209045225390255
-6.167709637046308	6.0567237413684865
-6.157697121401752	5.949915139407355
-6.147684605757196	5.8716221344699955
-6.137672090112641	5.834663164399992
-6.127659574468085	5.834591177626416
-6.117647058823529	5.804229383074406
-6.107634543178974	5.780938600292462
-6.097622027534418	5.76095215619507
-6.0876095118898625	5.748556491281613
-6.0775969962453065	5.741043465658818
-6.06758448060075	5.735791946767781
-6.057571964956195	5.73290745064383
-6.04755944931164	5.731452655536801
-6.037546933667084	5.730585238594413
-6.027534418022528	5.729939406512985
-6.017521902377973	5.729388000133656
-6.007509386733417	5.728888982779962
-5.997496871088861	5.728427909863074
-5.987484355444305	5.727999076582619
-5.977471839799749	5.727599569114189
-5.967459324155194	5.73338655054177
-5.957446808510639	5.879727293203627
-5.947434292866083	5.917616042338841
-5.937421777221527	6.1370112855526395
-5.927409261576971	6.224847108634282
-5.9173967459324155	6.380433675293309
-5.90738423028786	6.984251526829886
-5.897371714643304	7.367631720247297
-5.887359198998748	7.686098058519304
-5.877346683354192	8.464074783470485
-5.867334167709637	8.903040558397407
-5.857321652065082	10.086549604284974
-5.847309136420526	11.387722457274027
-5.83729662077597	13.12227945061662
-5.827284105131414	15.018217738924763
-5.817271589486858	16.40152627147383
-5.807259073842303	17.472904370485033
-5.797246558197747	19.34293704381537
-5.787234042553191	20.106031214948057
-5.777221526908636	20.93529725305939
-5.767209011264081	21.333943534319783
-5.7571964956195245	22.213316729381088
-5.747183979974968	22.790686242390642
-5.737171464330412	22.927112819114008
-5.727158948685857	23.515322465658457
-5.717146433041302	23.73557680507787
-5.707133917396746	23.739698143689044
-5.69712140175219	23.73971343191024
-5.687108886107635	23.7397699418365
-5.677096370463079	23.78359844650253
-5.667083854818523	23.965345465238755
-5.657071339173967	23.965723653181286
-5.647058823529411	23.96607452111348
-5.637046307884856	23.966577340534894
-5.627033792240301	23.96729229716627
-5.617021276595745	23.96832028367931
-5.607008760951189	23.96986068171834
-5.596996245306633	23.972382870237904
-5.5869837296620775	23.977140706736304
-5.576971214017522	23.987567354918003
-5.566958698372966	24.011647680725996
-5.55694618272841	24.060449939743332
-5.546933667083855	24.14252129192216
-5.536921151439299	24.270666882868806
-5.526908635794744	24.445399832182492
-5.516896120150188	24.6898555357033
-5.5068836045056315	25.01118364612167
-5.496871088861076	25.453681676341084
-5.486858573216521	26.15184437768256
-5.476846057571965	27.0629342441334
-5.466833541927409	28.182442444426968
-5.456821026282853	29.48234832567497
-5.446808510638298	30.639191567778802
-5.4367959949937426	31.842351690276203
-5.4267834793491865	32.90328675272375
-5.41677096370463	33.81807441771765
-5.406758448060075	34.80538738676997
-5.396745932415519	35.93703492138956
-5.386733416770964	37.07628975135357
-5.376720901126408	38.11635295275795
-5.366708385481852	39.11758595314357
-5.356695869837297	40.07338813500257
-5.346683354192741	40.8931010639222
-5.336670838548185	41.53475683873398
-5.326658322903629	42.06755096372749
-5.316645807259073	42.64516893905636
-5.306633291614518	43.3097522060803
-5.296620775969963	43.88022454859104
-5.286608260325407	44.29770591585916
-5.276595744680851	44.559732902446775
-5.2665832290362955	44.75090059053154
-5.256570713391739	44.839772659383314
-5.246558197747184	44.788572403207816
-5.236545682102628	44.74907198313371
-5.226533166458072	44.79245012472337
-5.216520650813517	44.85449026462757
-5.206508135168962	44.90176003083167
-5.196495619524406	44.867470794306485
-5.18648310387985	44.72435985246569
-5.1764705882352935	44.548208659293095
-5.166458072590738	44.392206300951315
-5.156445556946183	44.225872116908675
-5.146433041301627	44.02662426208713
-5.136420525657071	43.75437752160206
-5.126408010012516	43.37246469910013
-5.11639549436796	42.86913024783539
-5.1063829787234045	42.283361916800374
-5.0963704630788484	41.69227294518365
-5.086357947434292	40.99603993903417
-5.076345431789737	40.0275656337524
-5.066332916145182	38.90184770592872
-5.056320400500626	37.82157304324199
-5.04630788485607	36.72117707784808
-5.036295369211514	35.610860595089086
-5.026282853566959	34.48203355690171
-5.016270337922403	33.23497936784723
-5.006257822277847	32.00657508390728
-4.996245306633291	30.8575211184633
-4.986232790988735	29.643888199732366
-4.97622027534418	28.47414815617945
-4.966207759699625	27.454886074076537
-4.956195244055069	26.686188732348665
-4.946182728410513	26.141240048816414
-4.9361702127659575	25.738616769684818
-4.926157697121402	25.347339911412284
-4.916145181476846	24.96954759714814
-4.90613266583229	24.583428399411112
-4.896120150187734	24.388856051524257
-4.886107634543179	24.256134782186034
-4.876095118898624	24.147557283657413
-4.866082603254068	24.062468528882977
-4.8560700876095115	23.993629510819492
-4.8460575719649555	23.94824539260951
-4.8360450563204	23.916767222935412
-4.826032540675845	23.903841322827056
-4.816020025031289	23.901916447760026
-4.806007509386733	23.900995698932185
-4.795994993742178	23.897939906305457
-4.785982478097623	23.89516073584113
-4.7759699624530665	23.892952735755465
-4.76595744680851	23.89119067434899
-4.755944931163954	23.88975580477788
-4.745932415519399	23.888565152466665
-4.735919899874844	23.88756185679307
-4.725907384230288	23.886706180897782
-4.715894868585732	23.88596959086563
-4.705882352941176	23.88533100875169
-4.6958698372966206	23.884774432467598
-4.685857321652065	23.88428740223319
-4.675844806007509	23.883859994236705
-4.665832290362953	23.883484146606527
-4.655819774718398	23.883153198068314
-4.645807259073843	23.88286156508706
-4.635794743429287	23.882604510856076
-4.625782227784731	23.882377976377064
-4.615769712140175	23.882178454337794
-4.605757196495619	23.882002893063508
-4.595744680851064	23.881848622007357
-4.585732165206508	23.881713292953513
-4.575719649561952	23.881594832888144
-4.565707133917396	23.881491405683033
-4.555694618272841	23.881401380542883
-4.545682102628286	23.8813233057231
-4.53566958698373	23.881255886413587
-4.5256570713391735	23.88119796595886
-4.515644555694618	23.881148509783806
-4.505632040050063	23.881106591537915
-4.495619524405507	23.88107138107806
-4.485607008760951	23.881042133989034
-4.475594493116395	23.88101818240168
-4.46558197747184	23.88099892691422
-4.4555694618272845	23.880983829458387
-4.4455569461827285	23.8809724069795
-4.435544430538172	23.880964225822005
-4.425531914893616	23.880958896729286
-4.415519399249061	23.880956070380996
-4.405506883604506	23.8809554334024
-4.39549436795995	23.880956704790012
-4.385481852315394	23.88095963270516
-4.375469336670839	23.880963991594108
-4.365456821026283	23.880969579598364
-4.355444305381727	23.880976216223804
-4.345431789737171	23.880983740240772
-4.335419274092615	23.880992007790887
-4.32540675844806	23.881000890679175
-4.315394242803505	23.88101027483244
-4.305381727158949	23.881020058907012
-4.295369211514393	23.88103015303099
-4.285356695869837	23.881040477667543
-4.275344180225281	23.881050962587288
-4.265331664580726	23.881061545939207
-4.25531914893617	23.881072173410438
-4.245306633291614	23.881082797466387
-4.235294117647059	23.881093376663408
-4.225281602002504	23.881103875027218
-4.215269086357948	23.881114261490612
-4.2052565707133915	23.88112450938503
-4.1952440550688355	23.88113459598076
-4.18523153942428	23.88114450207131
-4.175219023779725	23.88115421159761
-4.165206508135169	23.88116371130843
-4.155193992490613	23.881172990453674
-4.145181476846057	23.881182040507333
-4.135168961201502	23.881190854917268
-4.1251564455569465	23.88119942887967
-4.11514392991239	23.881208493635988
-4.105131414267834	23.802044520575176
-4.095118898623279	23.72649360973639
-4.085106382978723	23.676268856085656
-4.075093867334168	23.279478030373834
-4.065081351689612	22.724565053498672
-4.055068836045056	23.17148784458017
-4.045056320400501	22.970131021668937
-4.035043804755945	23.18243262045457
-4.025031289111389	23.93495081305376
-4.015018773466833	24.361938392919352
-4.005006257822277	24.66854555558058
-3.994993742177722	25.060972813773535
-3.9849812265331668	25.999763551974407
-3.9749687108886107	26.813275015711326
-3.9649561952440546	26.928953920977495
-3.9549436795994994	27.354667022380283
-3.9449311639549434	27.431995773112078
-3.934918648310388	27.77176063610607
-3.924906132665832	27.82640284075057
-3.914893617021277	27.881950571434267
-3.904881101376721	28.00255358658239
-3.8948685857321648	28.00252362754218
-3.8848560700876096	28.002523627508296
-3.8748435544430535	28.00252362764173
-3.8648310387984983	28.00252362781007
-3.8548185231539422	28.002523628022573
-3.844806007509387	28.002523628290938
-3.834793491864831	28.002523628630016
-3.824780976220275	28.00252362905867
-3.8147684605757197	28.002523629600812
-3.8047559449311636	28.00252363028686
-3.7947434292866085	28.002523631155473
-3.7847309136420524	28.002523632255762
-3.774718397997497	28.00252363365032
-3.764705882352941	28.002523635418818
-3.754693366708385	28.002523637662694
-3.74468085106383	28.002523640511374
-3.734668335419274	28.00252364412987
-3.7246558197747186	28.00252364872881
-3.7146433041301625	28.002523654577214
-3.7046307884856065	28.0025236620188
-3.6946182728410513	28.002523671493083
-3.684605757196495	28.00252368356232
-3.67459324155194	28.0025236989463
-3.664580725907384	28.002523718567012
-3.6545682102628287	28.002523743606048
-3.6445556946182727	28.002523775578805
-3.6345431789737166	28.002523816429807
-3.6245306633291614	28.00252386865571
-3.6145181476846053	28.002523935464232
-3.60450563204005	28.002524020978825
-3.594493116395494	28.00252413050365
-3.584480600750939	28.002524270865653
-3.574468085106383	28.002524450857173
-3.5644555694618267	28.002524681808772
-3.5544430538172715	28.002524978331117
-3.5444305381727155	28.002525359276298
-3.5344180225281603	28.002525848984618
-3.524405506883604	28.00252647890255
-3.514392991239049	28.002527289683822
-3.504380475594493	28.002528333920186
-3.494367959949937	28.00252967969305
-3.4843554443053817	28.002531415196753
-3.4743429286608256	28.002533654761514
-3.4643304130162704	28.002536546707532
-3.4543178973717144	28.002540283596222
-3.444305381727159	28.002545115624482
-3.434292866082603	28.002551368145713
-3.424280350438047	28.002559464617804
-3.414267834793492	28.002569956702835
-3.4042553191489358	28.00258356381376
-3.3942428035043806	28.002601225177784
-3.3842302878598245	28.002624168552103
-3.3742177722152693	28.00265400121591
-3.3642052565707132	28.002692831003674
-3.354192740926157	28.002743428341205
-3.344180225281602	28.002809445300688
-3.334167709637046	28.00289571630147
-3.3241551939924907	28.003008681130932
-3.3141426783479346	28.003157003789035
-3.3041301627033794	28.003352533674406
-3.2941176470588234	28.00361192906105
-3.2841051314142673	28.003959694039366
-3.274092615769712	28.004434481852254
-3.264080100125156	28.00510335248647
-3.254067584480601	28.006095775458675
-3.2440550688360448	28.00768502243417
-3.2340425531914896	28.010465861520906
-3.2240300375469335	28.01561929212232
-3.2140175219023774	28.024796980071528
-3.2040050062578223	28.03902275014838
-3.193992490613266	28.061248963633155
-3.183979974968711	28.103924490591687
-3.173967459324155	28.162391300253596
-3.1639549436795997	28.235777016744166
-3.1539424280350437	28.348421487537195
-3.1439299123904876	28.49571600692346
-3.1339173967459324	28.717127258290926
-3.1239048811013763	29.085732528532347
-3.113892365456821	29.52573848583856
-3.103879849812265	30.14064946003216
-3.09386733416771	30.824623893019574
-3.083854818523154	31.584721165660465
-3.0738423028785977	32.532742610681545
-3.0638297872340425	33.7037827333568
-3.0538172715894865	34.797071827626084
-3.0438047559449313	35.8085887010663
-3.033792240300375	36.79058545809447
-3.02377972465582	37.82381788700301
-3.013767209011264	38.83983090735025
-3.003754693366708	39.831899672364194
-2.9937421777221527	40.65636111801025
-2.9837296620775966	41.39036003059585
-2.9737171464330414	42.220308237928634
-2.9637046307884853	43.21206542575729
-2.95369211514393	44.046906011312096
-2.943679599499374	44.666494900304514
-2.933667083854818	45.15610314720313
-2.923654568210263	45.50367218971127
-2.9136420525657067	45.846658432854056
-2.9036295369211516	46.29741273092277
-2.8936170212765955	46.75148530813024
-2.8836045056320403	47.135109775721034
-2.873591989987484	47.437759328488134
-2.863579474342928	47.72166753015162
-2.853566958698373	48.006564489362475
-2.843554443053817	48.22943787801328
-2.8335419274092617	48.35492754619858
-2.8235294117647056	48.510829882488174
-2.8135168961201504	48.65134032998368
-2.8035043804755944	48.884014224746096
-2.7934918648310383	49.22506584876168
-2.783479349186483	49.52611433988497
-2.773466833541927	49.76581281852797
-2.763454317897372	49.97064627623729
-2.7534418022528158	50.13566281882798
-2.7434292866082606	50.258385118656356
-2.7334167709637045	50.431287559499154
-2.7234042553191484	50.61367263376787
-2.7133917396745932	50.71878620472627
-2.703379224030037	50.883059758005295
-2.693366708385482	51.153810166427554
-2.683354192740926	51.38456328809983
-2.6733416770963707	51.494087956500564
-2.6633291614518146	51.54517738341025
-2.6533166458072586	51.58635419861927
-2.6433041301627034	51.595550386641825
-2.6332916145181473	51.633948430291916
-2.623279098873592	51.65280432579937
-2.613266583229036	51.59906046061036
-2.603254067584481	51.603159671597346
-2.593241551939925	51.67425419154859
-2.5832290362953687	51.80838810024336
-2.5732165206508135	51.952271380142896
-2.5632040050062574	52.03211524619374
-2.5531914893617023	51.99397910408191
-2.543178973717146	51.89517801114272
-2.533166458072591	51.826535838923796
-2.523153942428035	51.74938759379632
-2.513141426783479	51.66501104701446
-2.5031289111389237	51.50964881694409
-2.4931163954943676	51.36971025759168
-2.4831038798498124	51.212848030988376
-2.4730913642052563	50.980849070209736
-2.463078848560701	50.725333991208586
-2.453066332916145	50.407414261372544
-2.443053817271589	50.04850844620597
-2.433041301627034	49.682297932055135
-2.4230287859824777	49.29559604211186
-2.4130162703379225	48.7636227112512
-2.4030037546933665	48.00520655956033
-2.3929912390488113	47.02926840070933
-2.382978723404255	46.01313687600933
-2.372966207759699	45.182425527491624
-2.362953692115144	44.30348922671281
-2.352941176470588	43.28208485407774
-2.3429286608260327	42.18741779666908
-2.3329161451814766	41.09385196477869
-2.3229036295369214	39.95587543124363
-2.3128911138923653	38.86443429580184
-2.3028785982478093	37.91954928006824
-2.292866082603254	37.2322662483557
-2.282853566958698	36.70175230703384
-2.272841051314143	36.21279140811503
-2.2628285356695867	35.947031593117615
-2.2528160200250316	35.850661333042716
-2.2428035043804755	35.81012135019475
-2.2327909887359194	35.78939809690767
-2.2227784730913642	35.77712485934226
-2.212765957446808	35.76927742832187
-2.202753441802253	35.764094805832016
-2.192740926157697	35.76062733902478
-2.1827284105131417	35.758293955417216
-2.1727158948685856	35.756761890438305
-2.1627033792240296	35.76976602598454
-2.1526908635794744	35.71495139147659
-2.1426783479349183	35.628930540219116
-2.132665832290363	35.55226009021409
-2.122653316645807	35.43247977291344
-2.112640801001252	35.12184604623694
-2.1026282853566958	34.62699388934379
-2.0926157697121397	34.687472116202315
-2.0826032540675845	34.86273477129042
-2.0725907384230284	35.43165468398461
-2.0625782227784732	35.61716634544455
-2.052565707133917	36.02869342635958
-2.042553191489362	36.57793039833571
-2.032540675844806	36.58505852347095
-2.02252816020025	36.575274099421165
-2.0125156445556946	37.104156214135244
-2.0025031289111386	37.5392917892318
-1.9924906132665834	37.71749214627185
-1.9824780976220273	37.72957708846638
-1.9724655819774712	37.73043314157844
-1.962453066332916	37.730684482942806
-1.95244055068836	37.731191602440994
-1.9424280350438048	37.732335660413945
-1.9324155193992487	37.73510448823973
-1.9224030037546935	37.74165378613587
-1.9123904881101375	37.755035206991515
-1.9023779724655814	37.78067806067862
-1.8923654568210262	37.85041588233352
-1.8823529411764701	37.99250840364559
-1.872340425531915	38.25038186368574
-1.8623279098873589	38.645506071765254
-1.8523153942428037	39.10323779531603
-1.8423028785982476	39.71697425927569
-1.8322903629536915	40.499489535650106
-1.8222778473091363	41.34770129923625
-1.8122653316645803	42.203861818784304
-1.802252816020025	43.13721898299888
-1.792240300375469	44.1141125659959
-1.7822277847309138	45.040089704757186
-1.7722152690863577	45.87101916258216
-1.7622027534418017	46.503238008514344
-1.7521902377972465	47.047681440276705
-1.7421777221526904	47.55967791605926
-1.7321652065081352	48.17456172589198
-1.7221526908635791	48.787603304918825
-1.712140175219024	49.34601989018227
-1.7021276595744679	49.88893106418301
-1.6921151439299118	50.367530932880896
-1.6821026282853566	50.6679278378017
-1.6720901126408005	50.88741031294902
-1.6620775969962454	51.12198554300835
-1.6520650813516893	51.342564899070396
-1.642052565707134	51.67086184452438
-1.632040050062578	51.938732622230184
-1.622027534418022	52.01411033491492
-1.6120150187734668	52.037435468414415
-1.6020025031289107	52.03079853581067
-1.5919899874843555	51.99870317089405
-1.5819774718397994	51.99403096567924
-1.5719649561952442	52.07853178415481
-1.5619524405506882	52.157844057017904
-1.551939924906132	52.2301543394923
-1.541927409261577	52.225048927117534
-1.5319148936170208	52.165801904796716
-1.5219023779724656	52.0959900420387
-1.5118898623279096	52.05380921674233
-1.5018773466833544	51.987371652088676
-1.4918648310387983	51.90806212542798
-1.4818523153942422	51.89214202548822
-1.471839799749687	51.913314550131346
-1.461827284105131	52.00724785466947
-1.4518147684605758	52.09734262901068
-1.4418022528160197	52.03007151770774
-1.4317897371714645	51.86227740725588
-1.4217772215269084	51.695460968102154
-1.4117647058823524	51.5182606432628
-1.4017521902377972	51.384111502659145
-1.391739674593241	51.16424913873642
-1.381727158948686	50.945748033706515
-1.3717146433041298	50.90944878883133
-1.3617021276595747	51.03483579905607
-1.3516896120150186	51.156881889808744
-1.3416770963704625	51.201317543674
-1.3316645807259073	51.28571629540242
-1.3216520650813512	51.47567128894451
-1.311639549436796	51.56637719302761
-1.30162703379224	51.588894864957304
-1.2916145181476848	51.68957351841317
-1.2816020025031287	51.71580651459029
-1.2715894868585726	51.615078169669246
-1.2615769712140175	51.47125362427377
-1.2515644555694614	51.40742724411472
-1.2415519399249062	51.42533733708264
-1.2315394242803501	51.44074050628703
-1.221526908635795	51.40922571528152
-1.2115143929912389	51.31788285284252
-1.2015018773466828	51.1549280946572
-1.1914893617021276	51.11111219846651
-1.1814768460575715	51.04355209754457
-1.1714643304130163	50.94007620161444
-1.1614518147684603	50.79253170303421
-1.151439299123905	50.6107987864301
-1.141426783479349	50.375600847647554
-1.131414267834793	50.178488380979786
-1.1214017521902377	50.04894677567384
-1.1113892365456817	49.96463196553501
-1.1013767209011265	49.84024635672068
-1.0913642052565704	49.67720137686382
-1.0813516896120152	49.497216056897734
-1.0713391739674591	49.45394368223839
-1.061326658322903	49.44912635526953
-1.0513141426783479	49.36727517315113
-1.0413016270337918	49.2229894243386
-1.0312891113892366	49.02615502549882
-1.0212765957446805	48.774475235996775
-1.0112640801001254	48.38145011538705
-1.0012515644555693	47.882081391998376
-0.9912390488110132	47.37374469117634
-0.981226533166458	46.78623356876004
-0.971214017521902	46.182796271774265
-0.9612015018773468	45.68898811878708
-0.9511889862327907	45.16050195060869
-0.9411764705882355	44.67978662044966
-0.9311639549436794	44.315421624120646
-0.9211514392991234	43.98379066307745
-0.9111389236545682	43.664947727041366
-0.9011264080100121	43.2913078654918
-0.8911138923654569	42.79675533417099
-0.8811013767209008	42.181479738021274
-0.8710888610763456	41.40013357490939
-0.8610763454317896	40.65519029674536
-0.8510638297872335	40.17012094864901
-0.8410513141426783	39.8056340363706
-0.8310387984981222	39.44574620789461
-0.821026282853567	39.28689516222013
-0.811013767209011	39.10933345948851
-0.8010012515644558	38.98172202584641
-0.7909887359198997	38.87907919536628
-0.7809762202753436	38.772518634996224
-0.7709637046307884	38.78983774090241
-0.7609511889862324	38.866756701426446
-0.7509386733416772	39.01802865157207
-0.7409261576971211	39.228212751324364
-0.7309136420525659	39.39143531452622
-0.7209011264080099	39.540474607857085
-0.7108886107634538	39.85383347252946
-0.7008760951188986	40.166291043214486
-0.6908635794743425	40.36231433087589
-0.6808510638297873	40.4532918649716
-0.6708385481852313	40.57120276352088
-0.6608260325406761	40.54450666429388
-0.65081351689612	40.40022606351811
-0.6408010012515639	40.346615549800255
-0.6307884856070087	40.28413708880394
-0.6207759699624527	40.168183063611515
-0.6107634543178975	40.14355163355352
-0.6007509386733414	40.15518721630608
-0.5907384230287862	39.99129978767078
-0.5807259073842301	39.684024449254494
-0.5707133917396741	39.31425489187838
-0.5607008760951189	38.944747477785036
-0.5506883604505628	38.62693605920405
-0.5406758448060076	38.44860479388988
-0.5306633291614515	38.40137752450292
-0.5206508135168963	38.38966053890928
-0.5106382978723403	38.41846714025
-0.5006257822277842	38.454118097588825
-0.490613266583229	38.482978988890295
-0.48060075093867294	38.280149535875836
-0.47058823529411775	38.103941346596294
-0.4605757196495617	38.023156986544954
-0.4505632040050065	38.03578020107455
-0.4405506883604504	38.17777974391661
-0.43053817271589434	38.33426790718117
-0.42052565707133915	38.36117573772664
-0.4105131414267831	38.232195458307466
-0.4005006257822279	38.1315954844162
-0.3904881101376718	38.116773692238596
-0.38047559449311663	38.046834608482094
-0.37046307884856056	37.87926341780534
-0.3604505632040045	37.61981396396482
-0.3504380475594493	37.30468803455555
-0.3404255319148932	36.892797470447995
-0.33041301627033803	36.481031674217206
-0.32040050062578196	36.26541443234552
-0.3103879849812259	36.192261796636174
-0.3003754693366707	36.09543963612111
-0.2903629536921146	36.10469255235256
-0.28035043804755944	36.154079092947846
-0.27033792240300336	36.17439660877422
-0.2603254067584482	36.18490744879691
-0.2503128911138921	36.25275933778702
-0.24030037546933602	36.28854617912556
-0.23028785982478084	36.221393473589124
-0.22027534418022476	36.105363560538436
-0.21026282853566958	35.89282182591953
-0.2002503128911135	35.60820086284299
-0.19023779724655832	35.338326033703424
-0.18022528160200224	35.0470652682734
-0.17021276595744617	34.81199023123241
-0.16020025031289098	34.6544301993757
-0.1501877346683349	34.50147420448948
-0.14017521902377972	34.33022211791318
-0.13016270337922364	34.16964181944277
-0.12015018773466846	33.9864315723361
-0.11013767209011238	33.773247154099046
-0.10012515644555631	33.492362527877376
-0.09011264080100112	33.01606500352751
-0.08010012515644505	32.333652328510176
-0.07008760951188986	31.66377082188935
-0.060075093867333784	31.158398758248634
-0.0500625782227786	30.82792427952342
-0.04005006257822252	30.595025986217106
-0.030037546933666448	30.312164996507725
-0.02002503128911126	29.902006780843678
-0.010012515644555187	29.390776721728134
0.0	28.813948508958802
