-8.0	1.7511410897506758
-7.989987484355444	1.8219176819425038
-7.979974968710889	1.8818320380028852
-7.969962453066333	1.9221813787344255
-7.9599499374217775	1.9380276458500325
-7.949937421777221	1.933346046441446
-7.939924906132666	1.922513069700448
-7.92991239048811	1.9250490798036712
-7.919899874843554	1.9555254215148712
-7.909887359198999	2.015820862170145
-7.899874843554443	2.0962716061839615
-7.889862327909888	2.184797269935258
-7.8798498122653315	2.2755997600064792
-7.869837296620776	2.369360524444811
-7.85982478097622	2.4654721018663337
-7.849812265331664	2.555237305372141
-7.839799749687109	2.623762105253387
-7.829787234042553	2.658549773355734
-7.819774718397998	2.656284192684873
-7.809762202753442	2.6233161492243466
-7.7997496871088865	2.572952674760961
-7.78973717146433	2.523366407992612
-7.779724655819774	2.494830658065627
-7.769712140175219	2.503220562708829
-7.759699624530663	2.5517225252021305
-7.749687108886108	2.628017266074247
-7.739674593241552	2.71196431876677
-7.729662077596997	2.7894848317641054
-7.719649561952441	2.861378961601724
-7.7096370463078845	2.939432980078017
-7.699624530663329	3.033357662775951
-7.689612015018773	3.139671962118107
-7.679599499374218	3.2408999184750016
-7.669586983729662	3.314794421700923
-7.659574468085107	3.347341256561574
-7.649561952440551	3.342564712038
-7.639549436795995	3.3236744293437233
-7.629536921151439	3.323340711686777
-7.619524405506883	3.3676489486032337
-7.609511889862328	3.4645735031186917
-7.599499374217772	3.6050523240306744
-7.589486858573217	3.773026663228539
-7.579474342928661	3.952997250332333
-7.569461827284105	4.129388885577036
-7.55944931163955	4.28364791694782
-7.5494367959949935	4.397613248191596
-7.539424280350438	4.462979894371478
-7.529411764705882	4.488131453457691
-7.519399249061326	4.4947542596305565
-7.509386733416771	4.505476123800746
-7.499374217772215	4.5317110279723956
-7.48936170212766	4.571146935888267
-7.479349186483104	4.616296607491764
-7.4693366708385485	4.665480822553084
-7.459324155193992	4.724892159351653
-7.449311639549437	4.7992908678735215
-7.439299123904881	4.881907838392223
-7.429286608260325	4.956601014287511
-7.41927409261577	5.012116009053237
-7.409261576971214	5.053606953025354
-7.399249061326659	5.098400591022781
-7.3892365456821025	5.15957789630982
-7.3792240300375465	5.232999000260734
-7.369211514392991	5.2990254577018785
-7.359198998748435	5.336688073831457
-7.34918648310388	5.338964764087779
-7.339173967459324	5.318501027751721
-7.329161451814769	5.300166307802581
-7.319148936170213	5.30494810180557
-7.3091364205256575	5.335324027380492
-7.299123904881101	5.3726496696800075
-7.289111389236545	5.38981881568797
-7.27909887359199	5.370523862295034
-7.269086357947434	5.320466978248494
-7.259073842302879	5.262932501768359
-7.249061326658323	5.224000838800681
-7.239048811013767	5.218448460993501
-7.2290362953692116	5.243583317982973
-7.2190237797246555	5.282180281225728
-7.2090112640801	5.311798469418559
-7.198998748435544	5.315225179166968
-7.188986232790989	5.2862587387331486
-7.178973717146433	5.228754251050607
-7.168961201501878	5.152237625320871
-7.158948685857322	5.068539120688311
-7.148936170212766	4.990272559813722
-7.13892365456821	4.929063169286007
-7.128911138923654	4.892252133516586
-7.118898623279099	4.879137542419734
-7.108886107634543	4.879346828022784
-7.098873591989987	4.876190589461723
-7.088861076345432	4.855526020962231
-7.078848560700876	4.815531331357339
-7.068836045056321	4.769627640620978
-7.0588235294117645	4.738804433522467
-7.048811013767209	4.738152222705917
-7.038798498122653	4.767162574814152
-7.028785982478098	4.810367449382692
-7.018773466833542	4.847528273170713
-7.008760951188986	4.866326861223887
-6.998748435544431	4.868963545891432
-6.988735919899875	4.8680960016307555
-6.9787234042553195	4.874810676835567
-6.968710888610763	4.887115634982187
-6.958698372966207	4.887569882850498
-6.948685857321652	4.852598655907482
-6.938673341677096	4.768194311868033
-6.928660826032541	4.642739603582218
-6.918648310387985	4.508911839214282
-6.908635794743429	4.411111537781
-6.8986232790988735	4.382529942958995
-6.888610763454318	4.425175708423632
-6.878598247809762	4.508013373441443
-6.868585732165206	4.585961380598769
-6.858573216520651	4.625183921394072
-6.848560700876095	4.616040229533391
-6.83854818523154	4.56823691956055
-6.828535669586984	4.497802156420796
-6.818523153942428	4.417846565210437
-6.808510638297872	4.336942379991443
-6.798498122653316	4.261721652606482
-6.788485607008761	4.199005756693569
-6.778473091364205	4.154738232228952
-6.768460575719649	4.129994730698751
-6.758448060075094	4.117906425031758
-6.748435544430539	4.106186061222554
-6.7384230287859825	4.084991149430073
-6.7284105131414265	4.053529030536021
-6.718397997496871	4.01924930191747
-6.708385481852315	3.9906517964216914
-6.69837296620776	3.9701400148481927
-6.688360450563204	3.9520262163249877
-6.678347934918648	3.9261556333097634
-6.668335419274093	3.884246993760137
-6.658322903629537	3.825093339309427
-6.648310387984981	3.755926830176302
-6.638297872340425	3.689519967204411
-6.628285356695869	3.6382654437702704
-6.618272841051314	3.6074223610172225
-6.608260325406759	3.5909741499556964
-6.598247809762203	3.573704771676865
-6.588235294117647	3.539545897350401
-6.578222778473092	3.480837822395969
-6.5682102628285355	3.401821733197681
-6.55819774718398	3.314599275993939
-6.548185231539424	3.2318637707453726
-6.538172715894868	3.161954859611719
-6.528160200250313	3.108090783477436
-6.518147684605757	3.069616154739285
-6.508135168961202	3.042684621220869
-6.498122653316646	3.0205033846655955
-6.4881101376720896	2.9949686091444003
-6.478097622027534	2.9595898993055023
-6.468085106382979	2.91104677678944
-6.458072590738423	2.8480971193071762
-6.448060075093867	2.7703423210374236
-6.438047559449312	2.6796085319793863
-6.428035043804756	2.5825679881824093
-6.418022528160201	2.4905533126927524
-6.4080100125156445	2.414921341278486
-6.397997496871088	2.3605865985756447
-6.387984981226533	2.3221528154998174
-6.377972465581977	2.28571197673807
-6.367959949937422	2.2358127779579955
-6.357947434292866	2.1630694584141614
-6.34793491864831	2.0671992531620087
-6.337922403003755	1.9546852304486457
-6.3279098873591995	1.8347276098863385
-6.317897371714643	1.7162211524587794
-6.307884856070087	1.6052248893115082
-6.297872340425532	1.5028775389546731
-6.287859824780976	1.4061642764808282
-6.277847309136421	1.3123598384323474
-6.267834793491865	1.2235170572773566
-6.257822277847309	1.1466880429134803
-6.2478097622027535	1.0898193533032468
-6.2377972465581975	1.0568116947895705
-6.227784730913642	1.0446093361879494
-6.217772215269086	1.0430217698498028
-6.20775969962453	1.0373464422283005
-6.197747183979975	1.0136637009887504
-6.18773466833542	0.9648909278507776
-6.177722152690864	0.8938210668304722
-6.167709637046308	0.8106431533992684
-6.157697121401752	0.7266913665764634
-6.147684605757196	0.6492476193951852
-6.137672090112641	0.5808089820481906
-6.127659574468085	0.5218201404535365
-6.117647058823529	0.47307613866840453
-6.107634543178974	0.43540136084150477
-6.097622027534418	0.40777499741131307
-6.0876095118898625	0.38677390851559124
-6.0775969962453065	0.36849824938119075
-6.06758448060075	0.3512744803266697
-6.057571964956195	0.3365007354164497
-6.04755944931164	0.326673003245093
-6.037546933667084	0.3221034916118987
-6.027534418022528	0.3191086469338854
-6.017521902377973	0.31160877352732747
-6.007509386733417	0.29544343268514367
-5.997496871088861	0.2720475375085828
-5.987484355444305	0.24809655822446075
-5.977471839799749	0.2310490061250149
-5.967459324155194	0.22422068012474858
-5.957446808510639	0.22525986742067872
-5.947434292866083	0.228525252111266
-5.937421777221527	0.22866598584190873
-5.927409261576971	0.222713286978858
-5.9173967459324155	0.21029462902069512
-5.90738423028786	0.19312709449532714
-5.897371714643304	0.17442129877018925
-5.887359198998748	0.1577666422355954
-5.877346683354192	0.14539198445322787
-5.867334167709637	0.13698767912007653
-5.857321652065082	0.13038654258802454
-5.847309136420526	0.12365827682153595
-5.83729662077597	0.1166081847335853
-5.827284105131414	0.11033054145803936
-5.817271589486858	0.10562518808782138
-5.807259073842303	0.10222939406012702
-5.797246558197747	0.09974527340675632
-5.787234042553191	0.09918167472701878
-5.777221526908636	0.10331528433440017
-5.767209011264081	0.1151971132093962
-5.7571964956195245	0.13577469864489075
-5.747183979974968	0.16234240650318674
-5.737171464330412	0.18913763680433002
-5.727158948685857	0.2101680709659045
-5.717146433041302	0.22262469206530883
-5.707133917396746	0.22827009792196928
-5.69712140175219	0.2316144884381883
-5.687108886107635	0.23671200618494437
-5.677096370463079	0.24563845437520304
-5.667083854818523	0.25947308884575165
-5.657071339173967	0.2796251944339534
-5.647058823529411	0.3072985981835713
-5.637046307884856	0.3416445903805505
-5.627033792240301	0.37914365311418596
-5.617021276595745	0.4155137871735275
-5.607008760951189	0.44849799793940753
-5.596996245306633	0.47878041577238134
-5.5869837296620775	0.508358140869102
-5.576971214017522	0.5386002355864629
-5.566958698372966	0.5705596793936855
-5.55694618272841	0.6071498264051616
-5.546933667083855	0.6537233191258043
-5.536921151439299	0.7145554777946147
-5.526908635794744	0.7876707878954425
-5.516896120150188	0.8636934691255609
-5.5068836045056315	0.9311144297149977
-5.496871088861076	0.9836334574449586
-5.486858573216521	1.0229658975036424
-5.476846057571965	1.0552679084540963
-5.466833541927409	1.0853585263281897
-5.456821026282853	1.113854359642288
-5.446808510638298	1.1384278608497296
-5.4367959949937426	1.1566496245247788
-5.4267834793491865	1.167682082127718
-5.41677096370463	1.1724677443707918
-5.406758448060075	1.1738215946622066
-5.396745932415519	1.1770702574947545
-5.386733416770964	1.1897177661209999
-5.376720901126408	1.2183002284635553
-5.366708385481852	1.263557180563697
-5.356695869837297	1.3180344619257345
-5.346683354192741	1.3689076368415765
-5.336670838548185	1.404211763918577
-5.326658322903629	1.418165351605822
-5.316645807259073	1.4130015053303902
-5.306633291614518	1.3974077803096776
-5.296620775969963	1.3825970480651455
-5.286608260325407	1.3773507539924423
-5.276595744680851	1.3844179454836967
-5.2665832290362955	1.4007168261209852
-5.256570713391739	1.4210838599526832
-5.246558197747184	1.4420047290236635
-5.236545682102628	1.4620012546345749
-5.226533166458072	1.479395760660774
-5.216520650813517	1.4912042379937887
-5.206508135168962	1.495111960557141
-5.196495619524406	1.4922319163397353
-5.18648310387985	1.4870413133109004
-5.1764705882352935	1.4839639625094307
-5.166458072590738	1.4837222097239278
-5.156445556946183	1.4829335317688046
-5.146433041301627	1.4774090840486358
-5.136420525657071	1.4661164693073676
-5.126408010012516	1.451941644182616
-5.11639549436796	1.43837831120472
-5.1063829787234045	1.4256659415533026
-5.0963704630788484	1.4108114496433173
-5.086357947434292	1.3914845755391456
-5.076345431789737	1.3690175942986553
-5.066332916145182	1.3469512198228586
-5.056320400500626	1.3271206618572147
-5.04630788485607	1.3078338086388837
-5.036295369211514	1.2858613061486273
-5.026282853566959	1.2601250264159398
-5.016270337922403	1.233738989169116
-5.006257822277847	1.212358568027514
-4.996245306633291	1.1997405306216473
-4.986232790988735	1.194234803031051
-4.97622027534418	1.1894666528043165
-4.966207759699625	1.1784711617330492
-4.956195244055069	1.1574971218465318
-4.946182728410513	1.1268539578601762
-4.9361702127659575	1.0892319811140638
-4.926157697121402	1.0473296176049374
-4.916145181476846	1.002262935594915
-4.90613266583229	0.9535730935801967
-4.896120150187734	0.9007209974561986
-4.886107634543179	0.8446375368275145
-4.876095118898624	0.7876983987173016
-4.866082603254068	0.7324051824830589
-4.8560700876095115	0.6807708181069914
-4.8460575719649555	0.6350765735184747
-4.8360450563204	0.5980278129892365
-4.826032540675845	0.5707715869643231
-4.816020025031289	0.5506035337132891
-4.806007509386733	0.5315194930441042
-4.795994993742178	0.50782424818824
-4.785982478097623	0.4775290751522334
-4.7759699624530665	0.44252616103156
-4.76595744680851	0.4059795272285841
-4.755944931163954	0.3699542001437957
-4.745932415519399	0.33535001767591227
-4.735919899874844	0.3031640476087195
-4.725907384230288	0.2747179742170607
-4.715894868585732	0.2503542281501523
-4.705882352941176	0.2285865877232966
-4.6958698372966206	0.2072884422088416
-4.685857321652065	0.18571709080572424
-4.675844806007509	0.1649035309636909
-4.665832290362953	0.1459868965615421
-4.655819774718398	0.1286508607974408
-4.645807259073843	0.11153357200919722
-4.635794743429287	0.09394001368051261
-4.625782227784731	0.07680003825145268
-4.615769712140175	0.06200104849122249
-4.605757196495619	0.051006320500056816
-4.595744680851064	0.04398207757511467
-4.585732165206508	0.039808184465469534
-4.575719649561952	0.03668540647892903
-4.565707133917396	0.03296194671198901
-4.555694618272841	0.027857133782567635
-4.545682102628286	0.021766889683804826
-4.53566958698373	0.015975472300853916
-4.5256570713391735	0.011931833183523841
-4.515644555694618	0.010522570607032258
-4.505632040050063	0.011721638120540973
-4.495619524405507	0.014682986535931817
-4.485607008760951	0.018083322233608843
-4.475594493116395	0.020521591432455636
-4.46558197747184	0.020924975878991565
-4.4555694618272845	0.018929850059650113
-4.4455569461827285	0.015053204553037762
-4.435544430538172	0.010441268250062499
-4.425531914893616	0.006277799138363883
-4.415519399249061	0.0032563158401366183
-4.405506883604506	0.001452162038179561
-4.39549436795995	0.0005554263796072026
-4.385481852315394	0.00018190432795207613
-4.375469336670839	5.095378154423006e-05
-4.365456821026283	1.2198138923513998e-05
-4.355444305381727	2.494388419192038e-06
-4.345431789737171	4.3553647797119863e-07
-4.335419274092615	6.491647023201784e-08
-4.32540675844806	8.25777635243126e-09
-4.315394242803505	8.963451254157222e-10
-4.305381727158949	8.300978312543809e-11
-4.295369211514393	6.5579952550232374e-12
-4.285356695869837	4.419287097044628e-13
-4.275344180225281	2.5399679627182735e-14
-4.265331664580726	1.2449674529075124e-15
-4.25531914893617	5.2035895129182984e-17
-4.245306633291614	1.8545018263468304e-18
-4.235294117647059	5.63503792277873e-20
-4.225281602002504	1.4597550604543322e-21
-4.215269086357948	3.2236429495702314e-23
-4.2052565707133915	6.068339016916363e-25
-4.1952440550688355	9.736945075407418e-27
-4.18523153942428	1.3316233714906274e-28
-4.175219023779725	1.5521133897615931e-30
-4.165206508135169	1.541799926877143e-32
-4.155193992490613	1.305196472956982e-34
-4.145181476846057	9.415628129734752e-37
-4.135168961201502	5.78804471394743e-39
-4.1251564455569465	3.031856083289377e-41
-4.11514392991239	1.3532112277414698e-43
-4.105131414267834	5.146242356092333e-46
-4.095118898623279	1.667519426935177e-48
-4.085106382978723	4.603593580553201e-51
-4.075093867334168	1.0828261906338665e-53
-4.065081351689612	2.1699382242953196e-56
-4.055068836045056	3.7047145384206334e-59
-4.045056320400501	5.388569937637376e-62
-4.035043804755945	6.677239955934669e-65
-4.025031289111389	7.048862213957473e-68
-4.015018773466833	6.339194571251141e-71
-4.005006257822277	4.856653436071299e-74
-3.994993742177722	3.1697391719560907e-77
-3.9849812265331668	1.762337778353223e-80
-3.9749687108886107	8.346995906774621e-84
-3.9649561952440546	3.397428167425869e-87
-3.9549436795994994	8.07930515017936e-86
-3.9449311639549434	1.8750914136187334e-82
-3.934918648310388	3.706943269604586e-79
-3.924906132665832	6.242352268926287e-76
-3.914893617021277	8.954048562285729e-73
-3.904881101376721	1.0940305677880952e-69
-3.8948685857321648	1.1386186854063298e-66
-3.8848560700876096	1.009406263820606e-63
-3.8748435544430535	7.622413823957926e-61
-3.8648310387984983	4.902954801733299e-58
-3.8548185231539422	2.6863469052311563e-55
-3.844806007509387	1.2537332379055058e-52
-3.834793491864831	4.984103165714506e-50
-3.824780976220275	1.687748559181316e-47
-3.8147684605757197	4.8681876252808473e-45
-3.8047559449311636	1.1960950967828585e-42
-3.7947434292866085	2.5032426666163316e-40
-3.7847309136420524	4.4625082975491986e-38
-3.774718397997497	6.776320898218706e-36
-3.764705882352941	8.764915594399503e-34
-3.754693366708385	9.656958473390277e-32
-3.74468085106383	9.06299727921042e-30
-3.734668335419274	7.2450637230865715e-28
-3.7246558197747186	4.933458365048915e-26
-3.7146433041301625	2.8615389536049e-24
-3.7046307884856065	1.4137963609869359e-22
-3.6946182728410513	5.949947968613809e-21
-3.684605757196495	2.132940637978203e-19
-3.67459324155194	6.513043274417255e-18
-3.664580725907384	1.6940618234304636e-16
-3.6545682102628287	3.7533190314161846e-15
-3.6445556946182727	7.083436968382693e-14
-3.6345431789737166	1.1387207504380843e-12
-3.6245306633291614	1.5593332820816106e-11
-3.6145181476846053	1.8189284248642206e-10
-3.60450563204005	1.8074152061352737e-09
-3.594493116395494	1.5299729288341246e-08
-3.584480600750939	1.1033739533731281e-07
-3.574468085106383	6.779914669670463e-07
-3.5644555694618267	3.550342606441718e-06
-3.5544430538172715	1.584882086452367e-05
-3.5444305381727155	6.0343395628236404e-05
-3.5344180225281603	0.00019612852487991734
-3.524405506883604	0.0005449305043659783
-3.514392991239049	0.0012972584868466187
-3.504380475594493	0.00265583233143296
-3.494367959949937	0.004703328608801159
-3.4843554443053817	0.007270903232215533
-3.4743429286608256	0.00994830794979797
-3.4643304130162704	0.012298082315178488
-3.4543178973717144	0.014156358912061661
-3.444305381727159	0.015817859257802647
-3.434292866082603	0.017977040708281378
-3.424280350438047	0.021397749325282208
-3.414267834793492	0.026405303066565397
-3.4042553191489358	0.03254650213809697
-3.3942428035043806	0.03887862456676236
-3.3842302878598245	0.04486697467645741
-3.3742177722152693	0.05109810245339852
-3.3642052565707132	0.05899812247190489
-3.354192740926157	0.06977097302724528
-3.344180225281602	0.08365973661764219
-3.334167709637046	0.10020439707703904
-3.3241551939924907	0.11892019962332832
-3.3141426783479346	0.1393820914660998
-3.3041301627033794	0.16068058845472558
-3.2941176470588234	0.1813057463198144
-3.2841051314142673	0.20017465285724886
-3.274092615769712	0.21802570068833582
-3.264080100125156	0.23752936021135132
-3.254067584480601	0.2613625668192765
-3.2440550688360448	0.28953165133257525
-3.2340425531914896	0.3185062441399389
-3.2240300375469335	0.3435590966353642
-3.2140175219023774	0.3626467508475941
-3.2040050062578223	0.3783912775348719
-3.193992490613266	0.3965442269543822
-3.183979974968711	0.42264110016423306
-3.173967459324155	0.45945213165010496
-3.1639549436795997	0.506085287696735
-3.1539424280350437	0.5583825688156506
-3.1439299123904876	0.6106328969245434
-3.1339173967459324	0.6583516860676776
-3.1239048811013763	0.7002789055804094
-3.113892365456821	0.7376912589741667
-3.103879849812265	0.7719852865208867
-3.09386733416771	0.8036173091967146
-3.083854818523154	0.8333157000894088
-3.0738423028785977	0.8628942181285556
-3.0638297872340425	0.8935999737282491
-3.0538172715894865	0.9239304969106058
-3.0438047559449313	0.9499775212227357
-3.033792240300375	0.968129816151905
-3.02377972465582	0.9775901712352802
-3.013767209011264	0.9811331321081548
-3.003754693366708	0.9837602343761462
-2.9937421777221527	0.9892404639057103
-2.9837296620775966	0.9963388582432879
-2.9737171464330414	0.9987370921051116
-2.9637046307884853	0.990551168381248
-2.95369211514393	0.973254960933359
-2.943679599499374	0.956821715606688
-2.933667083854818	0.952759548146125
-2.923654568210263	0.9649419131814688
-2.9136420525657067	0.9866876524865128
-2.9036295369211516	1.0064244894420056
-2.8936170212765955	1.0162089302329702
-2.8836045056320403	1.0158907450067967
-2.873591989987484	1.0111230227299681
-2.863579474342928	1.0086375487255963
-2.853566958698373	1.012445330279784
-2.843554443053817	1.0221599340260026
-2.8335419274092617	1.0334482791966366
-2.8235294117647056	1.040643575766475
-2.8135168961201504	1.0405816286647107
-2.8035043804755944	1.0350200050854497
-2.7934918648310383	1.0292556071825945
-2.783479349186483	1.0276515015992682
-2.773466833541927	1.0298420197045206
-2.763454317897372	1.0309700633748717
-2.7534418022528158	1.025686497560613
-2.7434292866082606	1.0125380748801058
-2.7334167709637045	0.9955604126436747
-2.7234042553191484	0.9823563686113155
-2.7133917396745932	0.9800006562841151
-2.703379224030037	0.9909209696252816
-2.693366708385482	1.0111341863843841
-2.683354192740926	1.0324144503929915
-2.6733416770963707	1.0472698991427545
-2.6633291614518146	1.052929492151412
-2.6533166458072586	1.0513438578651149
-2.6433041301627034	1.0461128816015803
-2.6332916145181473	1.039743394399336
-2.623279098873592	1.0332337651706698
-2.613266583229036	1.0271991197652766
-2.603254067584481	1.0227998685982098
-2.593241551939925	1.0215986854808514
-2.5832290362953687	1.0245001693170614
-2.5732165206508135	1.0305665214269855
-2.5632040050062574	1.0368225453768984
-2.5531914893617023	1.0396477607876475
-2.543178973717146	1.0369482680250193
-2.533166458072591	1.0293817018919516
-2.523153942428035	1.0196221758550532
-2.513141426783479	1.0103184983762883
-2.5031289111389237	1.0024900827918704
-2.4931163954943676	0.9957504263850143
-2.4831038798498124	0.9901170511529515
-2.4730913642052563	0.9875211725653071
-2.463078848560701	0.9911521312056442
-2.453066332916145	1.0027521154794876
-2.443053817271589	1.0200940335212054
-2.433041301627034	1.0370196671871854
-2.4230287859824777	1.046422960261793
-2.4130162703379225	1.0442497463616554
-2.4030037546933665	1.03182614923837
-2.3929912390488113	1.0149895186935394
-2.382978723404255	1.0005636607491475
-2.372966207759699	0.9923211198590631
-2.362953692115144	0.9888206180248929
-2.352941176470588	0.9844000046587993
-2.3429286608260327	0.9727479862187492
-2.3329161451814766	0.9506466122059536
-2.3229036295369214	0.9189859661027043
-2.3128911138923653	0.8803286108839423
-2.3028785982478093	0.8358544369364947
-2.292866082603254	0.7853540947847917
-2.282853566958698	0.7303201726904885
-2.272841051314143	0.6761370498278663
-2.2628285356695867	0.6299706075951875
-2.2528160200250316	0.595714889816356
-2.2428035043804755	0.5708549158714001
-2.2327909887359194	0.5484934165617205
-2.2227784730913642	0.5228308198527498
-2.212765957446808	0.4931997460003336
-2.202753441802253	0.463383560238358
-2.192740926157697	0.43750779130183787
-2.1827284105131417	0.41666952745629876
-2.1727158948685856	0.3990598388999756
-2.1627033792240296	0.38253814187983454
-2.1526908635794744	0.3665685648974549
-2.1426783479349183	0.35191055629138335
-2.132665832290363	0.3391773693397985
-2.122653316645807	0.3280664799550899
-2.112640801001252	0.31751827111777065
-2.1026282853566958	0.3059677012988519
-2.0926157697121397	0.2916918132462478
-2.0826032540675845	0.27406443136578906
-2.0725907384230284	0.25521564696283144
-2.0625782227784732	0.23988713051820446
-2.052565707133917	0.23248250561978417
-2.042553191489362	0.2336772199841686
-2.032540675844806	0.2399736079005667
-2.02252816020025	0.24660750930062936
-2.0125156445556946	0.2509506536332999
-2.0025031289111386	0.2536687941700495
-1.9924906132665834	0.2573908234882626
-1.9824780976220273	0.2644121902951182
-1.9724655819774712	0.2750645965691843
-1.962453066332916	0.2877718591927366
-1.95244055068836	0.3008218391126278
-1.9424280350438048	0.31448373073058994
-1.9324155193992487	0.33149907817784957
-1.9224030037546935	0.3554412320670849
-1.9123904881101375	0.3886141398053722
-1.9023779724655814	0.4312349812876466
-1.8923654568210262	0.48161440094114616
-1.8823529411764701	0.5360290109331076
-1.872340425531915	0.588468257945664
-1.8623279098873589	0.6319691795212378
-1.8523153942428037	0.6620596548373796
-1.8423028785982476	0.6799157741783183
-1.8322903629536915	0.6919479241421231
-1.8222778473091363	0.7054887929972915
-1.8122653316645803	0.7242243496197748
-1.802252816020025	0.7473210777676628
-1.792240300375469	0.7721797797468142
-1.7822277847309138	0.7970767827314121
-1.7722152690863577	0.8209865466200318
-1.7622027534418017	0.842022876258942
-1.7521902377972465	0.857740991301307
-1.7421777221526904	0.8677592822976932
-1.7321652065081352	0.8755422658480587
-1.7221526908635791	0.8865073097084472
-1.712140175219024	0.9035753120882367
-1.7021276595744679	0.9242485709147892
-1.6921151439299118	0.9421377521855587
-1.6821026282853566	0.9518862894110599
-1.6720901126408005	0.9532679314967599
-1.6620775969962454	0.9506705098987556
-1.6520650813516893	0.9482400801373526
-1.642052565707134	0.9451552565439343
-1.632040050062578	0.9355338122024301
-1.622027534418022	0.9131926550065778
-1.6120150187734668	0.8773814839203317
-1.6020025031289107	0.835343490863503
-1.5919899874843555	0.8002270250458113
-1.5819774718397994	0.7855486964412726
-1.5719649561952442	0.7988002507660615
-1.5619524405506882	0.8371880320280172
-1.551939924906132	0.8878701383529448
-1.541927409261577	0.93306512865925
-1.5319148936170208	0.9577988949050198
-1.5219023779724656	0.95648611885008
-1.5118898623279096	0.934948440545764
-1.5018773466833544	0.9067736904106865
-1.4918648310387983	0.8862884162585073
-1.4818523153942422	0.8825424002376017
-1.471839799749687	0.897204449608348
-1.461827284105131	0.9255707642317376
-1.4518147684605758	0.9584424455360231
-1.4418022528160197	0.9845017094179211
-1.4317897371714645	0.9940896417949113
-1.4217772215269084	0.9835193588820446
-1.4117647058823524	0.9570185634886222
-1.4017521902377972	0.9245069205761782
-1.391739674593241	0.8968178952324711
-1.381727158948686	0.8818428862618908
-1.3717146433041298	0.8833223493824007
-1.3617021276595747	0.9009077823412474
-1.3516896120150186	0.9297821739742719
-1.3416770963704625	0.960875902231567
-1.3316645807259073	0.9839996401859036
-1.3216520650813512	0.9931562586937214
-1.311639549436796	0.9896492031932634
-1.30162703379224	0.9798268019587791
-1.2916145181476848	0.9695334970002499
-1.2816020025031287	0.9603493773468041
-1.2715894868585726	0.9503085130346937
-1.2615769712140175	0.9374370128783196
-1.2515644555694614	0.9227016929728922
-1.2415519399249062	0.9102287547676141
-1.2315394242803501	0.9049383343778314
-1.221526908635795	0.9097115734764827
-1.2115143929912389	0.9245663741280752
-1.2015018773466828	0.948015864850425
-1.1914893617021276	0.977974437246363
-1.1814768460575715	1.0103439065804998
-1.1714643304130163	1.0374049116188506
-1.1614518147684603	1.049690021598782
-1.151439299123905	1.0411953141856076
-1.141426783479349	1.0133357147422675
-1.131414267834793	0.9739246434378975
-1.1214017521902377	0.9325665332649274
-1.1113892365456817	0.8969598764738559
-1.1013767209011265	0.8725745456451495
-1.0913642052565704	0.863924068008711
-1.0813516896120152	0.8740245943628754
-1.0713391739674591	0.9012962662439379
-1.061326658322903	0.9371966702095206
-1.0513141426783479	0.968595971963474
-1.0413016270337918	0.9848520931352077
-1.0312891113892366	0.9845563463528995
-1.0212765957446805	0.9763151042698093
-1.0112640801001254	0.9727202061382575
-1.0012515644555693	0.9822735912299856
-0.9912390488110132	1.0050867784202182
-0.981226533166458	1.0341508441234042
-0.971214017521902	1.0595057487165056
-0.9612015018773468	1.0719829718905416
-0.9511889862327907	1.0655927221179122
-0.9411764705882355	1.0392890110303326
-0.9311639549436794	0.9981330362373078
-0.9211514392991234	0.9525808530361952
-0.9111389236545682	0.9149616553391727
-0.9011264080100121	0.8942732602700365
-0.8911138923654569	0.8922692776416677
-0.8811013767209008	0.9033718165618222
-0.8710888610763456	0.9182686792616384
-0.8610763454317896	0.9287214994166457
-0.8510638297872335	0.9312285110336743
-0.8410513141426783	0.9285707294189742
-0.8310387984981222	0.9286612681606442
-0.821026282853567	0.940256135769354
-0.811013767209011	0.9671519677192949
-0.8010012515644558	1.0050573318543286
-0.7909887359198997	1.0443020517546795
-0.7809762202753436	1.0766727438489756
-0.7709637046307884	1.1008528309749381
-0.7609511889862324	1.1222138418407224
-0.7509386733416772	1.147563601435034
-0.7409261576971211	1.179295118789322
-0.7309136420525659	1.213331116937892
-0.7209011264080099	1.2419612327925116
-0.7108886107634538	1.2589697127430934
-0.7008760951188986	1.2632375531990494
-0.6908635794743425	1.2589114669572044
-0.6808510638297873	1.252974172281071
-0.6708385481852313	1.2521246577563985
-0.6608260325406761	1.2604216746041854
-0.65081351689612	1.2785993663449082
-0.6408010012515639	1.305346118713293
-0.6307884856070087	1.3395524610088494
-0.6207759699624527	1.3814984094069414
-0.6107634543178975	1.4316039781421397
-0.6007509386733414	1.4874524835007017
-0.5907384230287862	1.541638873339869
-0.5807259073842301	1.583099061829591
-0.5707133917396741	1.602368964967365
-0.5607008760951189	1.5977867361900593
-0.5506883604505628	1.5779385039337355
-0.5406758448060076	1.5578444137502951
-0.5306633291614515	1.5509304135571216
-0.5206508135168963	1.5619005889172686
-0.5106382978723403	1.585088186421504
-0.5006257822277842	1.6093834683448633
-0.490613266583229	1.6264395250833974
-0.48060075093867294	1.6362373727998978
-0.47058823529411775	1.6457439942801788
-0.4605757196495617	1.6619243863613906
-0.4505632040050065	1.685207779168833
-0.4405506883604504	1.7088581435049868
-0.43053817271589434	1.7241658497833967
-0.42052565707133915	1.7266646908134144
-0.4105131414267831	1.7188900835126213
-0.4005006257822279	1.708876026566349
-0.3904881101376718	1.7062473731130328
-0.38047559449311663	1.7178295028826076
-0.37046307884856056	1.7441175266848543
-0.3604505632040045	1.778235904069628
-0.3504380475594493	1.8088668750758587
-0.3404255319148932	1.8263590273998822
-0.33041301627033803	1.8282753632727697
-0.32040050062578196	1.8204278683886728
-0.3103879849812259	1.812759418094067
-0.3003754693366707	1.8131804361140424
-0.2903629536921146	1.8235705737975818
-0.28035043804755944	1.8403013678675548
-0.27033792240300336	1.8582940384552877
-0.2603254067584482	1.8751483095822148
-0.2503128911138921	1.8924243119368154
-0.24030037546933602	1.9138990763104702
-0.23028785982478084	1.9423284833591707
-0.22027534418022476	1.976169497236037
-0.21026282853566958	2.0079325090066615
-0.2002503128911135	2.0263303558679695
-0.19023779724655832	2.0226857983408615
-0.18022528160200224	1.998110921813714
-0.17021276595744617	1.965564696616048
-0.16020025031289098	1.9435306901903
-0.1501877346683349	1.9447001155313786
-0.14017521902377972	1.9679278938842149
-0.13016270337922364	1.9995978841073319
-0.12015018773466846	2.0229951712407654
-0.11013767209011238	2.02856193850996
-0.10012515644555631	2.018493890415778
-0.09011264080100112	2.0038409612355683
-0.08010012515644505	1.996861437436243
-0.07008760951188986	2.003744618292122
-0.060075093867333784	2.022191061305602
-0.0500625782227786	2.044753071614567
-0.04005006257822252	2.0647319079438575
-0.030037546933666448	2.080364431503236
-0.02002503128911126	2.095474269876737
-0.010012515644555187	2.117409378902074
0.0	2.1533634160338573
